17.000000 188.341902 24.961809 -0.265022 0.450998 0.000000 0.000000 0.000000 1.000000 0.000000 0.000000
17.000000 188.352111 24.756553 -0.292931 0.523153 0.000000 0.000000 0.000000 1.000000 0.000000 0.000000
17.000000 188.362110 24.675276 -0.275557 0.622352 0.000000 0.000000 0.000000 1.000000 0.000000 0.000000
17.000000 188.372156 24.479299 -0.274146 0.724673 0.000000 0.000000 0.000000 1.000000 0.000000 0.000000
17.000000 188.381956 24.348491 -0.265141 0.817145 0.000000 0.000000 0.000000 1.000000 0.000000 0.000000
17.000000 188.391944 24.165216 -0.265468 0.908597 0.000000 0.000000 0.000000 1.000000 0.000000 0.000000
17.000000 188.401974 24.080208 -0.259965 0.972846 0.000000 0.000000 0.000000 1.000000 0.000000 0.000000
17.000000 188.410451 22.968357 -0.413410 1.128340 0.000000 0.000000 0.000000 1.000000 0.000000 0.000000
17.000000 188.412095 23.916143 -0.247703 1.065022 0.000000 0.000000 0.000000 1.000000 0.000000 0.000000
17.000000 188.420266 22.915296 -0.415666 1.210210 0.000000 0.000000 0.000000 1.000000 0.000000 0.000000
17.000000 188.421948 23.825987 -0.258570 1.130725 0.000000 0.000000 0.000000 1.000000 0.000000 0.000000
17.000000 188.430361 22.769857 -0.393315 1.271303 0.000000 0.000000 0.000000 1.000000 0.000000 0.000000
17.000000 188.431975 23.598380 -0.250632 1.231679 0.000000 0.000000 0.000000 1.000000 0.000000 0.000000
17.000000 188.440292 22.661984 -0.383274 1.352630 0.000000 0.000000 0.000000 1.000000 0.000000 0.000000
17.000000 188.441930 23.440199 -0.245059 1.321767 0.000000 0.000000 0.000000 1.000000 0.000000 0.000000
17.000000 188.450370 22.552939 -0.380972 1.425725 0.000000 0.000000 0.000000 1.000000 0.000000 0.000000
17.000000 188.452014 23.334116 -0.236892 1.399350 0.000000 0.000000 0.000000 1.000000 0.000000 0.000000
17.000000 188.460445 22.453132 -0.375398 1.495644 0.000000 0.000000 0.000000 1.000000 0.000000 0.000000
17.000000 188.462017 23.201097 -0.238324 1.475288 0.000000 0.000000 0.000000 1.000000 0.000000 0.000000
17.000000 188.470625 22.350952 -0.379187 1.558300 0.000000 0.000000 0.000000 1.000000 0.000000 0.000000
17.000000 188.472111 23.147153 -0.232094 1.533541 0.000000 0.000000 0.000000 1.000000 0.000000 0.000000
17.000000 188.480317 22.218573 -0.360736 1.636829 0.000000 0.000000 0.000000 1.000000 0.000000 0.000000
17.000000 188.481922 22.933430 -0.220645 1.624772 0.000000 0.000000 0.000000 1.000000 0.000000 0.000000
17.000000 188.490545 22.112330 -0.351913 1.707216 0.000000 0.000000 0.000000 1.000000 0.000000 0.000000
17.000000 188.492112 22.805092 -0.216152 1.698654 0.000000 0.000000 0.000000 1.000000 0.000000 0.000000
17.000000 188.500372 22.000034 -0.347349 1.772096 0.000000 0.000000 0.000000 1.000000 0.000000 0.000000
17.000000 188.502156 22.665972 -0.213265 1.767357 0.000000 0.000000 0.000000 1.000000 0.000000 0.000000
17.000000 188.510475 21.880340 -0.338558 1.835598 0.000000 0.000000 0.000000 1.000000 0.000000 0.000000
17.000000 188.512098 22.501011 -0.215406 1.837924 0.000000 0.000000 0.000000 1.000000 0.000000 0.000000
17.000000 188.520321 21.776032 -0.346290 1.893250 0.000000 0.000000 0.000000 1.000000 0.000000 0.000000
17.000000 188.522057 22.455927 -0.206931 1.890249 0.000000 0.000000 0.000000 1.000000 0.000000 0.000000
17.000000 188.532064 22.280395 -0.204656 1.969725 0.000000 0.000000 0.000000 1.000000 0.000000 0.000000
17.000000 188.542062 22.126789 -0.202849 2.037845 0.000000 0.000000 0.000000 1.000000 0.000000 0.000000
17.000000 188.552074 21.982555 -0.199379 2.108410 0.000000 0.000000 0.000000 1.000000 0.000000 0.000000
17.000000 188.562084 21.869273 -0.194130 2.162588 0.000000 0.000000 0.000000 1.000000 0.000000 0.000000
17.000000 188.572032 21.678008 -0.215699 2.223313 0.000000 0.000000 0.000000 1.000000 0.000000 0.000000
17.000000 188.580415 21.104951 -0.302250 2.263385 0.000000 0.000000 0.000000 1.000000 0.000000 0.000000
17.000000 188.582137 21.584533 -0.193211 2.289152 0.000000 0.000000 0.000000 1.000000 0.000000 0.000000
17.000000 188.589365 20.111861 -0.027562 2.214781 0.000000 0.000000 0.000000 1.000000 0.000000 0.000000
17.000000 188.592071 21.455461 -0.189573 2.352351 0.000000 0.000000 0.000000 1.000000 0.000000 0.000000
17.000000 188.599391 19.981758 -0.019819 2.276069 0.000000 0.000000 0.000000 1.000000 0.000000 0.000000
17.000000 188.602262 21.312189 -0.191232 2.407983 0.000000 0.000000 0.000000 1.000000 0.000000 0.000000
17.000000 188.609384 19.842104 -0.004470 2.330151 0.000000 0.000000 0.000000 1.000000 0.000000 0.000000
17.000000 188.612207 21.154737 -0.189449 2.469090 0.000000 0.000000 0.000000 1.000000 0.000000 0.000000
17.000000 188.619651 19.725904 -0.007439 2.390887 0.000000 0.000000 0.000000 1.000000 0.000000 0.000000
17.000000 188.622192 21.145833 -0.177867 2.505314 0.000000 0.000000 0.000000 1.000000 0.000000 0.000000
17.000000 188.629551 19.602816 -0.004422 2.445802 0.000000 0.000000 0.000000 1.000000 0.000000 0.000000
17.000000 188.632179 20.916984 -0.178205 2.583569 0.000000 0.000000 0.000000 1.000000 0.000000 0.000000
17.000000 188.640504 19.975672 -0.438824 2.596224 0.000000 0.000000 0.000000 1.000000 0.000000 0.000000
17.000000 188.642103 20.828792 -0.166409 2.628953 0.000000 0.000000 0.000000 1.000000 0.000000 0.000000
17.000000 188.649485 19.369674 -0.002385 2.546115 0.000000 0.000000 0.000000 1.000000 0.000000 0.000000
17.000000 188.652075 20.701523 -0.163739 2.684001 0.000000 0.000000 0.000000 1.000000 0.000000 0.000000
17.000000 188.659403 19.218215 0.007111 2.602866 0.000000 0.000000 0.000000 1.000000 0.000000 0.000000
17.000000 188.662128 20.561134 -0.166909 2.738716 0.000000 0.000000 0.000000 1.000000 0.000000 0.000000
17.000000 188.669517 19.103255 0.006055 2.651597 0.000000 0.000000 0.000000 1.000000 0.000000 0.000000
17.000000 188.672124 20.458948 -0.166843 2.774427 0.000000 0.000000 0.000000 1.000000 0.000000 0.000000
17.000000 188.679615 18.986703 0.013810 2.708160 0.000000 0.000000 0.000000 1.000000 0.000000 0.000000
17.000000 188.682041 20.277977 -0.166206 2.834902 0.000000 0.000000 0.000000 1.000000 0.000000 0.000000
17.000000 188.689358 18.860182 0.011777 2.754680 0.000000 0.000000 0.000000 1.000000 0.000000 0.000000
17.000000 188.692115 20.141396 -0.167943 2.886003 0.000000 0.000000 0.000000 1.000000 0.000000 0.000000
17.000000 188.699373 18.731348 0.017399 2.803005 0.000000 0.000000 0.000000 1.000000 0.000000 0.000000
17.000000 188.702138 20.030032 -0.156862 2.929200 0.000000 0.000000 0.000000 1.000000 0.000000 0.000000
17.000000 188.709294 18.606886 0.022467 2.844539 0.000000 0.000000 0.000000 1.000000 0.000000 0.000000
17.000000 188.712285 19.903820 -0.157792 2.978876 0.000000 0.000000 0.000000 1.000000 0.000000 0.000000
17.000000 188.719253 18.472098 0.028582 2.890152 0.000000 0.000000 0.000000 1.000000 0.000000 0.000000
17.000000 188.722153 19.773034 -0.150799 3.009930 0.000000 0.000000 0.000000 1.000000 0.000000 0.000000
17.000000 188.729324 18.370800 0.023487 2.935927 0.000000 0.000000 0.000000 1.000000 0.000000 0.000000
17.000000 188.732094 19.681495 -0.143214 3.060955 0.000000 0.000000 0.000000 1.000000 0.000000 0.000000
17.000000 188.739516 18.238228 0.028087 2.979982 0.000000 0.000000 0.000000 1.000000 0.000000 0.000000
17.000000 188.742106 19.540181 -0.146241 3.104716 0.000000 0.000000 0.000000 1.000000 0.000000 0.000000
17.000000 188.749346 18.129262 0.027114 3.020221 0.000000 0.000000 0.000000 1.000000 0.000000 0.000000
17.000000 188.752106 19.411615 -0.144829 3.146321 0.000000 0.000000 0.000000 1.000000 0.000000 0.000000
17.000000 188.759420 17.986843 0.035327 3.059446 0.000000 0.000000 0.000000 1.000000 0.000000 0.000000
17.000000 188.762072 19.266578 -0.149166 3.184494 0.000000 0.000000 0.000000 1.000000 0.000000 0.000000
17.000000 188.769384 17.879665 0.032821 3.109865 0.000000 0.000000 0.000000 1.000000 0.000000 0.000000
17.000000 188.772096 19.181627 -0.152960 3.209105 0.000000 0.000000 0.000000 1.000000 0.000000 0.000000
17.000000 188.779449 17.755718 0.040734 3.145399 0.000000 0.000000 0.000000 1.000000 0.000000 0.000000
17.000000 188.782122 19.038589 -0.141855 3.259085 0.000000 0.000000 0.000000 1.000000 0.000000 0.000000
17.000000 188.789391 17.647735 0.034919 3.187195 0.000000 0.000000 0.000000 1.000000 0.000000 0.000000
17.000000 188.792331 18.907198 -0.137413 3.294689 0.000000 0.000000 0.000000 1.000000 0.000000 0.000000
17.000000 188.799485 17.507135 0.046299 3.222671 0.000000 0.000000 0.000000 1.000000 0.000000 0.000000
17.000000 188.802125 18.767767 -0.142108 3.330980 0.000000 0.000000 0.000000 1.000000 0.000000 0.000000
17.000000 188.809338 17.403163 0.040245 3.252173 0.000000 0.000000 0.000000 1.000000 0.000000 0.000000
17.000000 188.812234 18.682672 -0.135265 3.360004 0.000000 0.000000 0.000000 1.000000 0.000000 0.000000
17.000000 188.819432 17.282872 0.038692 3.292060 0.000000 0.000000 0.000000 1.000000 0.000000 0.000000
17.000000 188.822304 18.548195 -0.152590 3.390683 0.000000 0.000000 0.000000 1.000000 0.000000 0.000000
17.000000 188.829379 17.148834 0.044670 3.324279 0.000000 0.000000 0.000000 1.000000 0.000000 0.000000
17.000000 188.832327 18.450116 -0.120026 3.406006 0.000000 0.000000 0.000000 1.000000 0.000000 0.000000
17.000000 188.839517 17.005318 0.060519 3.344305 0.000000 0.000000 0.000000 1.000000 0.000000 0.000000
17.000000 188.842305 18.323776 -0.124610 3.430991 0.000000 0.000000 0.000000 1.000000 0.000000 0.000000
17.000000 188.852069 18.130806 -0.137097 3.460813 0.000000 0.000000 0.000000 1.000000 0.000000 0.000000
17.000000 188.862095 18.062793 -0.122435 3.478957 0.000000 0.000000 0.000000 1.000000 0.000000 0.000000
17.000000 188.872159 17.832183 -0.142792 3.519393 0.000000 0.000000 0.000000 1.000000 0.000000 0.000000
17.000000 188.878700 17.700670 -0.148597 3.587989 0.000000 0.000000 0.000000 1.000000 0.000000 0.000000
17.000000 188.880583 17.662926 -0.164150 3.518961 0.000000 0.000000 0.000000 1.000000 0.000000 0.000000
17.000000 188.882143 17.802317 -0.123222 3.538527 0.000000 0.000000 0.000000 1.000000 0.000000 0.000000
17.000000 188.892111 17.677154 -0.111769 3.551227 0.000000 0.000000 0.000000 1.000000 0.000000 0.000000
17.000000 188.902247 17.529708 -0.129000 3.586366 0.000000 0.000000 0.000000 1.000000 0.000000 0.000000
17.000000 188.912190 17.473780 -0.111503 3.608872 0.000000 0.000000 0.000000 1.000000 0.000000 0.000000
17.000000 188.918747 17.140542 -0.117196 3.673588 0.000000 0.000000 0.000000 1.000000 0.000000 0.000000
17.000000 188.922181 17.317931 -0.121486 3.612024 0.000000 0.000000 0.000000 1.000000 0.000000 0.000000
17.000000 188.932329 17.207454 -0.114344 3.646148 0.000000 0.000000 0.000000 1.000000 0.000000 0.000000
17.000000 188.942230 17.110782 -0.094987 3.675402 0.000000 0.000000 0.000000 1.000000 0.000000 0.000000
17.000000 188.950665 16.864328 -0.140865 3.678424 0.000000 0.000000 0.000000 1.000000 0.000000 0.000000
17.000000 188.952250 16.985857 -0.101618 3.692615 0.000000 0.000000 0.000000 1.000000 0.000000 0.000000
17.000000 188.972192 16.742760 -0.101827 3.729808 0.000000 0.000000 0.000000 1.000000 0.000000 0.000000
17.000000 188.988806 16.462328 -0.146946 3.745560 0.000000 0.000000 0.000000 1.000000 0.000000 0.000000
17.000000 188.992248 16.504021 -0.099744 3.768646 0.000000 0.000000 0.000000 1.000000 0.000000 0.000000
17.000000 189.002174 16.379185 -0.100280 3.782010 0.000000 0.000000 0.000000 1.000000 0.000000 0.000000
17.000000 189.012188 16.220799 -0.118354 3.799628 0.000000 0.000000 0.000000 1.000000 0.000000 0.000000
17.000000 189.022143 16.150307 -0.101270 3.801349 0.000000 0.000000 0.000000 1.000000 0.000000 0.000000
17.000000 189.032121 16.034835 -0.101356 3.809895 0.000000 0.000000 0.000000 1.000000 0.000000 0.000000
17.000000 189.042173 15.924270 -0.095332 3.817445 0.000000 0.000000 0.000000 1.000000 0.000000 0.000000
17.000000 189.052163 15.831652 -0.090674 3.836631 0.000000 0.000000 0.000000 1.000000 0.000000 0.000000
17.000000 189.062187 15.704402 -0.090597 3.840687 0.000000 0.000000 0.000000 1.000000 0.000000 0.000000
17.000000 189.072198 15.631803 -0.084709 3.839649 0.000000 0.000000 0.000000 1.000000 0.000000 0.000000
17.000000 189.082166 15.504048 -0.082147 3.827735 0.000000 0.000000 0.000000 1.000000 0.000000 0.000000
17.000000 189.092211 15.377657 -0.075692 3.851120 0.000000 0.000000 0.000000 1.000000 0.000000 0.000000
17.000000 189.102150 15.274650 -0.078138 3.834625 0.000000 0.000000 0.000000 1.000000 0.000000 0.000000
17.000000 189.122203 15.028294 -0.077049 3.851528 0.000000 0.000000 0.000000 1.000000 0.000000 0.000000
17.000000 189.130704 14.832648 -0.109739 3.838227 0.000000 0.000000 0.000000 1.000000 0.000000 0.000000
17.000000 189.132273 14.922131 -0.078071 3.838265 0.000000 0.000000 0.000000 1.000000 0.000000 0.000000
17.000000 189.142346 14.804854 -0.073736 3.823668 0.000000 0.000000 0.000000 1.000000 0.000000 0.000000
17.000000 189.149097 14.436861 -0.069118 3.871222 0.000000 0.000000 0.000000 1.000000 0.000000 0.000000
17.000000 189.160628 14.507416 -0.102319 3.829257 0.000000 0.000000 0.000000 1.000000 0.000000 0.000000
17.000000 189.162195 14.620062 -0.063499 3.814275 0.000000 0.000000 0.000000 1.000000 0.000000 0.000000
17.000000 189.182241 14.390018 -0.059610 3.800849 0.000000 0.000000 0.000000 1.000000 0.000000 0.000000
17.000000 189.192285 14.299782 -0.055466 3.794716 0.000000 0.000000 0.000000 1.000000 0.000000 0.000000
17.000000 189.202265 14.135125 -0.066819 3.786505 0.000000 0.000000 0.000000 1.000000 0.000000 0.000000
17.000000 189.212290 14.025366 -0.049930 3.770964 0.000000 0.000000 0.000000 1.000000 0.000000 0.000000
17.000000 189.222233 13.929885 -0.074850 3.770475 0.000000 0.000000 0.000000 1.000000 0.000000 0.000000
17.000000 189.232235 13.831233 -0.054685 3.750279 0.000000 0.000000 0.000000 1.000000 0.000000 0.000000
17.000000 189.242210 13.688945 -0.055562 3.742191 0.000000 0.000000 0.000000 1.000000 0.000000 0.000000
17.000000 189.252275 13.577807 -0.059663 3.730018 0.000000 0.000000 0.000000 1.000000 0.000000 0.000000
17.000000 189.262394 13.488910 -0.041416 3.724820 0.000000 0.000000 0.000000 1.000000 0.000000 0.000000
17.000000 189.272275 13.371422 -0.043140 3.701703 0.000000 0.000000 0.000000 1.000000 0.000000 0.000000
17.000000 189.279687 12.072946 0.090484 3.692341 0.000000 0.000000 0.000000 1.000000 0.000000 0.000000
17.000000 189.282315 13.281393 -0.036772 3.695850 0.000000 0.000000 0.000000 1.000000 0.000000 0.000000
17.000000 189.289565 12.080439 0.061003 3.690885 0.000000 0.000000 0.000000 1.000000 0.000000 0.000000
17.000000 189.292289 13.180715 -0.034066 3.685839 0.000000 0.000000 0.000000 1.000000 0.000000 0.000000
17.000000 189.299708 11.977265 0.063241 3.676097 0.000000 0.000000 0.000000 1.000000 0.000000 0.000000
17.000000 189.302293 13.059405 -0.031642 3.676473 0.000000 0.000000 0.000000 1.000000 0.000000 0.000000
17.000000 189.309633 11.843366 0.068364 3.657598 0.000000 0.000000 0.000000 1.000000 0.000000 0.000000
17.000000 189.312287 12.950063 -0.033683 3.655298 0.000000 0.000000 0.000000 1.000000 0.000000 0.000000
17.000000 189.319738 11.826842 0.046083 3.650155 0.000000 0.000000 0.000000 1.000000 0.000000 0.000000
17.000000 189.322249 12.894087 -0.030918 3.631834 0.000000 0.000000 0.000000 1.000000 0.000000 0.000000
17.000000 189.329643 11.646740 0.069219 3.625074 0.000000 0.000000 0.000000 1.000000 0.000000 0.000000
17.000000 189.332379 12.715718 -0.028249 3.615288 0.000000 0.000000 0.000000 1.000000 0.000000 0.000000
17.000000 189.339736 11.568055 0.066249 3.611396 0.000000 0.000000 0.000000 1.000000 0.000000 0.000000
17.000000 189.342270 12.622450 -0.022408 3.588855 0.000000 0.000000 0.000000 1.000000 0.000000 0.000000
17.000000 189.349616 11.468754 0.060178 3.585955 0.000000 0.000000 0.000000 1.000000 0.000000 0.000000
17.000000 189.352254 12.496894 -0.027450 3.567959 0.000000 0.000000 0.000000 1.000000 0.000000 0.000000
17.000000 189.359718 11.347660 0.071360 3.565323 0.000000 0.000000 0.000000 1.000000 0.000000 0.000000
17.000000 189.362273 12.418491 -0.023179 3.541101 0.000000 0.000000 0.000000 1.000000 0.000000 0.000000
17.000000 189.369704 11.252476 0.069456 3.547381 0.000000 0.000000 0.000000 1.000000 0.000000 0.000000
17.000000 189.372274 12.300061 -0.015377 3.505403 0.000000 0.000000 0.000000 1.000000 0.000000 0.000000
17.000000 189.379745 11.135615 0.080614 3.525429 0.000000 0.000000 0.000000 1.000000 0.000000 0.000000
17.000000 189.382308 12.213125 -0.014087 3.486192 0.000000 0.000000 0.000000 1.000000 0.000000 0.000000
17.000000 189.389681 11.080454 0.056983 3.506312 0.000000 0.000000 0.000000 1.000000 0.000000 0.000000
17.000000 189.392369 12.086679 -0.013162 3.459674 0.000000 0.000000 0.000000 1.000000 0.000000 0.000000
17.000000 189.399747 10.968078 0.060512 3.478653 0.000000 0.000000 0.000000 1.000000 0.000000 0.000000
17.000000 189.402305 11.994000 -0.010274 3.430386 0.000000 0.000000 0.000000 1.000000 0.000000 0.000000
17.000000 189.409778 10.915827 0.039808 3.450337 0.000000 0.000000 0.000000 1.000000 0.000000 0.000000
17.000000 189.412314 11.876433 -0.011233 3.404300 0.000000 0.000000 0.000000 1.000000 0.000000 0.000000
17.000000 189.419876 10.790772 0.048415 3.421124 0.000000 0.000000 0.000000 1.000000 0.000000 0.000000
17.000000 189.422323 11.841358 -0.003905 3.362974 0.000000 0.000000 0.000000 1.000000 0.000000 0.000000
17.000000 189.429685 10.635528 0.074932 3.388805 0.000000 0.000000 0.000000 1.000000 0.000000 0.000000
17.000000 189.432303 11.677665 -0.003247 3.341036 0.000000 0.000000 0.000000 1.000000 0.000000 0.000000
17.000000 189.439748 10.546074 0.064384 3.352653 0.000000 0.000000 0.000000 1.000000 0.000000 0.000000
17.000000 189.442272 11.587976 -0.005339 3.310089 0.000000 0.000000 0.000000 1.000000 0.000000 0.000000
17.000000 189.449752 10.487043 0.053973 3.325648 0.000000 0.000000 0.000000 1.000000 0.000000 0.000000
17.000000 189.452352 11.483042 0.004561 3.273888 0.000000 0.000000 0.000000 1.000000 0.000000 0.000000
17.000000 189.459772 10.371101 0.065583 3.297116 0.000000 0.000000 0.000000 1.000000 0.000000 0.000000
17.000000 189.462331 11.350640 -0.003448 3.244848 0.000000 0.000000 0.000000 1.000000 0.000000 0.000000
17.000000 189.469770 10.284977 0.053702 3.264327 0.000000 0.000000 0.000000 1.000000 0.000000 0.000000
17.000000 189.472411 11.271782 -0.011483 3.200946 0.000000 0.000000 0.000000 1.000000 0.000000 0.000000
17.000000 189.479770 10.147697 0.073199 3.222602 0.000000 0.000000 0.000000 1.000000 0.000000 0.000000
17.000000 189.482612 11.169536 0.004200 3.172895 0.000000 0.000000 0.000000 1.000000 0.000000 0.000000
17.000000 189.489795 10.165646 0.019480 3.198537 0.000000 0.000000 0.000000 1.000000 0.000000 0.000000
17.000000 189.492394 11.058750 0.003396 3.138654 0.000000 0.000000 0.000000 1.000000 0.000000 0.000000
17.000000 189.499840 9.926987 0.079164 3.150328 0.000000 0.000000 0.000000 1.000000 0.000000 0.000000
17.000000 189.502323 10.958720 0.005282 3.096278 0.000000 0.000000 0.000000 1.000000 0.000000 0.000000
17.000000 189.509736 9.858373 0.065013 3.119834 0.000000 0.000000 0.000000 1.000000 0.000000 0.000000
17.000000 189.512413 10.839468 0.006286 3.057411 0.000000 0.000000 0.000000 1.000000 0.000000 0.000000
17.000000 189.520029 9.773452 0.055852 3.082371 0.000000 0.000000 0.000000 1.000000 0.000000 0.000000
17.000000 189.522318 10.781207 0.008702 3.011365 0.000000 0.000000 0.000000 1.000000 0.000000 0.000000
17.000000 189.529801 9.726764 0.042659 3.044336 0.000000 0.000000 0.000000 1.000000 0.000000 0.000000
17.000000 189.532334 10.645633 0.011665 2.974622 0.000000 0.000000 0.000000 1.000000 0.000000 0.000000
17.000000 189.539783 9.657163 0.029003 3.002470 0.000000 0.000000 0.000000 1.000000 0.000000 0.000000
17.000000 189.542325 10.566071 0.014164 2.936717 0.000000 0.000000 0.000000 1.000000 0.000000 0.000000
17.000000 189.549778 9.558647 0.032296 2.962681 0.000000 0.000000 0.000000 1.000000 0.000000 0.000000
17.000000 189.552357 10.451767 0.016374 2.899707 0.000000 0.000000 0.000000 1.000000 0.000000 0.000000
17.000000 189.559999 9.468991 0.027551 2.916334 0.000000 0.000000 0.000000 1.000000 0.000000 0.000000
17.000000 189.562362 10.348687 0.018355 2.852932 0.000000 0.000000 0.000000 1.000000 0.000000 0.000000
17.000000 189.569710 9.340548 0.030312 2.874739 0.000000 0.000000 0.000000 1.000000 0.000000 0.000000
17.000000 189.572402 10.307354 0.025016 2.798162 0.000000 0.000000 0.000000 1.000000 0.000000 0.000000
17.000000 189.579823 9.254544 0.034237 2.830972 0.000000 0.000000 0.000000 1.000000 0.000000 0.000000
17.000000 189.582385 10.154750 0.018392 2.761461 0.000000 0.000000 0.000000 1.000000 0.000000 0.000000
17.000000 189.589727 9.122314 0.049746 2.788659 0.000000 0.000000 0.000000 1.000000 0.000000 0.000000
17.000000 189.592400 10.051936 0.022567 2.708278 0.000000 0.000000 0.000000 1.000000 0.000000 0.000000
17.000000 189.599864 9.045137 0.042932 2.741377 0.000000 0.000000 0.000000 1.000000 0.000000 0.000000
17.000000 189.602407 9.950168 0.020793 2.663456 0.000000 0.000000 0.000000 1.000000 0.000000 0.000000
17.000000 189.609757 8.954547 0.035600 2.694975 0.000000 0.000000 0.000000 1.000000 0.000000 0.000000
17.000000 189.612441 9.851844 0.022103 2.614626 0.000000 0.000000 0.000000 1.000000 0.000000 0.000000
17.000000 189.619886 8.891926 0.026082 2.649780 0.000000 0.000000 0.000000 1.000000 0.000000 0.000000
17.000000 189.622378 9.738778 0.015863 2.553884 0.000000 0.000000 0.000000 1.000000 0.000000 0.000000
17.000000 189.629766 8.823697 0.015839 2.607527 0.000000 0.000000 0.000000 1.000000 0.000000 0.000000
17.000000 189.632410 9.652646 0.025983 2.512493 0.000000 0.000000 0.000000 1.000000 0.000000 0.000000
17.000000 189.639791 8.742864 0.015662 2.558335 0.000000 0.000000 0.000000 1.000000 0.000000 0.000000
17.000000 189.642487 9.555915 0.027103 2.465819 0.000000 0.000000 0.000000 1.000000 0.000000 0.000000
17.000000 189.649822 8.556901 0.045560 2.502882 0.000000 0.000000 0.000000 1.000000 0.000000 0.000000
17.000000 189.652415 9.451139 0.027595 2.416304 0.000000 0.000000 0.000000 1.000000 0.000000 0.000000
17.000000 189.659962 8.471972 0.042103 2.450561 0.000000 0.000000 0.000000 1.000000 0.000000 0.000000
17.000000 189.662350 9.355121 0.027938 2.360340 0.000000 0.000000 0.000000 1.000000 0.000000 0.000000
17.000000 189.669750 8.463458 0.011723 2.408733 0.000000 0.000000 0.000000 1.000000 0.000000 0.000000
17.000000 189.672439 9.292439 0.038009 2.300897 0.000000 0.000000 0.000000 1.000000 0.000000 0.000000
17.000000 189.679862 8.281379 0.040789 2.354129 0.000000 0.000000 0.000000 1.000000 0.000000 0.000000
17.000000 189.682430 9.178668 0.039455 2.238376 0.000000 0.000000 0.000000 1.000000 0.000000 0.000000
17.000000 189.689749 8.212515 0.036710 2.296982 0.000000 0.000000 0.000000 1.000000 0.000000 0.000000
17.000000 189.692472 9.086750 0.046897 2.182487 0.000000 0.000000 0.000000 1.000000 0.000000 0.000000
17.000000 189.699956 8.102301 0.043431 2.237372 0.000000 0.000000 0.000000 1.000000 0.000000 0.000000
17.000000 189.702421 8.967570 0.040615 2.137497 0.000000 0.000000 0.000000 1.000000 0.000000 0.000000
17.000000 189.709837 8.111105 0.004646 2.191203 0.000000 0.000000 0.000000 1.000000 0.000000 0.000000
17.000000 189.712421 8.861831 0.043653 2.085850 0.000000 0.000000 0.000000 1.000000 0.000000 0.000000
17.000000 189.719896 8.022582 0.000465 2.130624 0.000000 0.000000 0.000000 1.000000 0.000000 0.000000
17.000000 189.722626 8.766771 0.043889 2.021768 0.000000 0.000000 0.000000 1.000000 0.000000 0.000000
17.000000 189.729809 7.871415 0.028650 2.065783 0.000000 0.000000 0.000000 1.000000 0.000000 0.000000
17.000000 189.732605 8.679905 0.047149 1.962804 0.000000 0.000000 0.000000 1.000000 0.000000 0.000000
17.000000 189.740125 7.734705 0.046202 2.000842 0.000000 0.000000 0.000000 1.000000 0.000000 0.000000
17.000000 189.742841 8.578696 0.056094 1.904844 0.000000 0.000000 0.000000 1.000000 0.000000 0.000000
17.000000 189.749891 7.847252 -0.029573 1.965757 0.000000 0.000000 0.000000 1.000000 0.000000 0.000000
17.000000 189.752576 8.487190 0.056872 1.846520 0.000000 0.000000 0.000000 1.000000 0.000000 0.000000
17.000000 189.759979 7.604452 0.024519 1.885558 0.000000 0.000000 0.000000 1.000000 0.000000 0.000000
17.000000 189.762614 8.390495 0.058688 1.789969 0.000000 0.000000 0.000000 1.000000 0.000000 0.000000
17.000000 189.769955 7.585100 -0.003107 1.827940 0.000000 0.000000 0.000000 1.000000 0.000000 0.000000
17.000000 189.772484 8.267825 0.051634 1.728853 0.000000 0.000000 0.000000 1.000000 0.000000 0.000000
17.000000 189.780044 7.605105 -0.044218 1.780714 0.000000 0.000000 0.000000 1.000000 0.000000 0.000000
17.000000 189.782600 8.182049 0.059533 1.669721 0.000000 0.000000 0.000000 1.000000 0.000000 0.000000
17.000000 189.789945 7.362064 0.016738 1.698491 0.000000 0.000000 0.000000 1.000000 0.000000 0.000000
17.000000 189.792555 8.085216 0.064557 1.606300 0.000000 0.000000 0.000000 1.000000 0.000000 0.000000
17.000000 189.799993 7.331607 -0.007488 1.636668 0.000000 0.000000 0.000000 1.000000 0.000000 0.000000
17.000000 189.802615 8.004743 0.064836 1.534733 0.000000 0.000000 0.000000 1.000000 0.000000 0.000000
17.000000 189.809925 7.177569 0.014420 1.563949 0.000000 0.000000 0.000000 1.000000 0.000000 0.000000
17.000000 189.812562 7.905681 0.069557 1.474285 0.000000 0.000000 0.000000 1.000000 0.000000 0.000000
17.000000 189.820004 7.120950 0.006400 1.506112 0.000000 0.000000 0.000000 1.000000 0.000000 0.000000
17.000000 189.822693 7.841977 0.075493 1.400226 0.000000 0.000000 0.000000 1.000000 0.000000 0.000000
17.000000 189.829870 7.079758 -0.012653 1.444050 0.000000 0.000000 0.000000 1.000000 0.000000 0.000000
17.000000 189.832467 7.721608 0.074042 1.340141 0.000000 0.000000 0.000000 1.000000 0.000000 0.000000
17.000000 189.839997 6.981559 -0.001433 1.376132 0.000000 0.000000 0.000000 1.000000 0.000000 0.000000
17.000000 189.842692 7.619866 0.079717 1.273600 0.000000 0.000000 0.000000 1.000000 0.000000 0.000000
17.000000 189.849922 6.896692 -0.004266 1.311362 0.000000 0.000000 0.000000 1.000000 0.000000 0.000000
17.000000 189.852552 7.541822 0.084250 1.206533 0.000000 0.000000 0.000000 1.000000 0.000000 0.000000
17.000000 189.860031 6.789632 0.001509 1.238795 0.000000 0.000000 0.000000 1.000000 0.000000 0.000000
17.000000 189.862671 7.447277 0.084135 1.133006 0.000000 0.000000 0.000000 1.000000 0.000000 0.000000
17.000000 189.869926 6.688963 0.004338 1.163239 0.000000 0.000000 0.000000 1.000000 0.000000 0.000000
17.000000 189.872685 7.331786 0.081518 1.063826 0.000000 0.000000 0.000000 1.000000 0.000000 0.000000
17.000000 189.880075 6.662523 -0.011631 1.107766 0.000000 0.000000 0.000000 1.000000 0.000000 0.000000
17.000000 189.882757 7.235963 0.082211 0.993296 0.000000 0.000000 0.000000 1.000000 0.000000 0.000000
17.000000 189.889910 6.548993 -0.004072 1.045353 0.000000 0.000000 0.000000 1.000000 0.000000 0.000000
17.000000 189.892610 7.153096 0.084015 0.916538 0.000000 0.000000 0.000000 1.000000 0.000000 0.000000
17.000000 189.900011 6.575337 -0.054329 0.982651 0.000000 0.000000 0.000000 1.000000 0.000000 0.000000
17.000000 189.902733 7.055881 0.088607 0.847318 0.000000 0.000000 0.000000 1.000000 0.000000 0.000000
17.000000 189.909996 6.403014 -0.014460 0.893538 0.000000 0.000000 0.000000 1.000000 0.000000 0.000000
17.000000 189.912559 6.968116 0.091449 0.771666 0.000000 0.000000 0.000000 1.000000 0.000000 0.000000
17.000000 189.920036 6.270015 0.001038 0.808371 0.000000 0.000000 0.000000 1.000000 0.000000 0.000000
17.000000 189.922698 6.873275 0.090587 0.695400 0.000000 0.000000 0.000000 1.000000 0.000000 0.000000
17.000000 189.929935 6.237972 -0.021891 0.742106 0.000000 0.000000 0.000000 1.000000 0.000000 0.000000
17.000000 189.932631 6.781297 0.095294 0.625246 0.000000 0.000000 0.000000 1.000000 0.000000 0.000000
17.000000 189.940123 6.121064 -0.005268 0.661065 0.000000 0.000000 0.000000 1.000000 0.000000 0.000000
17.000000 189.942804 6.682232 0.097832 0.550236 0.000000 0.000000 0.000000 1.000000 0.000000 0.000000
17.000000 189.949970 6.025663 -0.004282 0.589419 0.000000 0.000000 0.000000 1.000000 0.000000 0.000000
17.000000 189.952588 6.600755 0.100678 0.472349 0.000000 0.000000 0.000000 1.000000 0.000000 0.000000
17.000000 189.960012 6.067453 -0.051323 0.529228 0.000000 0.000000 0.000000 1.000000 0.000000 0.000000
17.000000 189.962685 6.517014 0.103829 0.392437 0.000000 0.000000 0.000000 1.000000 0.000000 0.000000
17.000000 189.970038 5.892277 -0.020417 0.437847 0.000000 0.000000 0.000000 1.000000 0.000000 0.000000
17.000000 189.972607 6.414729 0.106961 0.312803 0.000000 0.000000 0.000000 1.000000 0.000000 0.000000
17.000000 189.980043 5.867382 -0.039164 0.355740 0.000000 0.000000 0.000000 1.000000 0.000000 0.000000
17.000000 189.982726 6.334094 0.108579 0.233654 0.000000 0.000000 0.000000 1.000000 0.000000 0.000000
17.000000 189.989980 5.705217 -0.018308 0.271606 0.000000 0.000000 0.000000 1.000000 0.000000 0.000000
17.000000 189.992630 6.249679 0.110867 0.151399 0.000000 0.000000 0.000000 1.000000 0.000000 0.000000
17.000000 190.000034 5.674936 -0.024334 0.192925 0.000000 0.000000 0.000000 1.000000 0.000000 0.000000
17.000000 190.002743 6.153376 0.109391 0.072368 0.000000 0.000000 0.000000 1.000000 0.000000 0.000000
17.000000 190.009939 5.571772 -0.023390 0.118078 0.000000 0.000000 0.000000 1.000000 0.000000 0.000000
17.000000 190.012706 6.064487 0.109150 0.020298 0.000000 0.000000 0.000000 1.000000 0.000000 0.000000
17.000000 190.020045 5.530240 -0.028157 0.164708 0.000000 0.000000 0.000000 1.000000 0.000000 0.000000
17.000000 190.022650 6.011720 0.103663 0.079768 0.000000 0.000000 0.000000 1.000000 0.000000 0.000000
17.000000 190.030073 5.501732 -0.039539 0.236525 0.000000 0.000000 0.000000 1.000000 0.000000 0.000000
17.000000 190.032623 5.984467 0.111469 0.137491 0.000000 0.000000 0.000000 1.000000 0.000000 0.000000
17.000000 190.039989 5.543599 -0.067725 0.304567 0.000000 0.000000 0.000000 1.000000 0.000000 0.000000
17.000000 190.042461 5.931386 0.102113 0.196263 0.000000 0.000000 0.000000 1.000000 0.000000 0.000000
17.000000 190.050096 5.494445 -0.069886 0.363065 0.000000 0.000000 0.000000 1.000000 0.000000 0.000000
17.000000 190.052608 5.890671 0.100974 0.252779 0.000000 0.000000 0.000000 1.000000 0.000000 0.000000
17.000000 190.059884 5.380130 -0.046722 0.419735 0.000000 0.000000 0.000000 1.000000 0.000000 0.000000
17.000000 190.062635 5.841065 0.099695 0.310433 0.000000 0.000000 0.000000 1.000000 0.000000 0.000000
17.000000 190.069999 5.435593 -0.088386 0.484177 0.000000 0.000000 0.000000 1.000000 0.000000 0.000000
17.000000 190.072535 5.815198 0.097828 0.356778 0.000000 0.000000 0.000000 1.000000 0.000000 0.000000
17.000000 190.079937 5.347855 -0.075055 0.533906 0.000000 0.000000 0.000000 1.000000 0.000000 0.000000
17.000000 190.082583 5.749894 0.091082 0.419788 0.000000 0.000000 0.000000 1.000000 0.000000 0.000000
17.000000 190.089882 5.361737 -0.101455 0.596949 0.000000 0.000000 0.000000 1.000000 0.000000 0.000000
17.000000 190.092682 5.706123 0.086615 0.469892 0.000000 0.000000 0.000000 1.000000 0.000000 0.000000
17.000000 190.099960 5.356375 -0.113624 0.655736 0.000000 0.000000 0.000000 1.000000 0.000000 0.000000
17.000000 190.102650 5.649441 0.083911 0.525814 0.000000 0.000000 0.000000 1.000000 0.000000 0.000000
17.000000 190.109926 5.143120 -0.054112 0.679451 0.000000 0.000000 0.000000 1.000000 0.000000 0.000000
17.000000 190.112507 5.607848 0.079691 0.576190 0.000000 0.000000 0.000000 1.000000 0.000000 0.000000
17.000000 190.120090 5.092567 -0.055438 0.727063 0.000000 0.000000 0.000000 1.000000 0.000000 0.000000
17.000000 190.122570 5.573909 0.082470 0.619865 0.000000 0.000000 0.000000 1.000000 0.000000 0.000000
17.000000 190.129917 5.041309 -0.060746 0.781450 0.000000 0.000000 0.000000 1.000000 0.000000 0.000000
17.000000 190.132626 5.528743 0.080686 0.668411 0.000000 0.000000 0.000000 1.000000 0.000000 0.000000
17.000000 190.140132 5.080457 -0.083712 0.843676 0.000000 0.000000 0.000000 1.000000 0.000000 0.000000
17.000000 190.142716 5.482491 0.077620 0.714383 0.000000 0.000000 0.000000 1.000000 0.000000 0.000000
17.000000 190.150016 5.083621 -0.102723 0.890389 0.000000 0.000000 0.000000 1.000000 0.000000 0.000000
17.000000 190.152534 5.437778 0.073046 0.762545 0.000000 0.000000 0.000000 1.000000 0.000000 0.000000
17.000000 190.160061 5.029208 -0.101809 0.932516 0.000000 0.000000 0.000000 1.000000 0.000000 0.000000
17.000000 190.162721 5.392994 0.073682 0.808486 0.000000 0.000000 0.000000 1.000000 0.000000 0.000000
17.000000 190.170038 4.910852 -0.082409 0.968267 0.000000 0.000000 0.000000 1.000000 0.000000 0.000000
17.000000 190.172881 5.348037 0.065685 0.850642 0.000000 0.000000 0.000000 1.000000 0.000000 0.000000
17.000000 190.180113 4.888141 -0.098640 1.011308 0.000000 0.000000 0.000000 1.000000 0.000000 0.000000
17.000000 190.182784 5.300124 0.068069 0.892098 0.000000 0.000000 0.000000 1.000000 0.000000 0.000000
17.000000 190.190037 4.857173 -0.098423 1.044341 0.000000 0.000000 0.000000 1.000000 0.000000 0.000000
17.000000 190.192844 5.264163 0.067197 0.931014 0.000000 0.000000 0.000000 1.000000 0.000000 0.000000
17.000000 190.200088 4.767160 -0.087162 1.078050 0.000000 0.000000 0.000000 1.000000 0.000000 0.000000
17.000000 190.202994 5.219836 0.063193 0.972164 0.000000 0.000000 0.000000 1.000000 0.000000 0.000000
17.000000 190.210003 4.798017 -0.116350 1.131149 0.000000 0.000000 0.000000 1.000000 0.000000 0.000000
17.000000 190.212842 5.176230 0.061394 1.013297 0.000000 0.000000 0.000000 1.000000 0.000000 0.000000
17.000000 190.220133 4.740046 -0.117352 1.175177 0.000000 0.000000 0.000000 1.000000 0.000000 0.000000
17.000000 190.222853 5.119421 0.054052 1.049406 0.000000 0.000000 0.000000 1.000000 0.000000 0.000000
17.000000 190.230004 4.677647 -0.108770 1.214108 0.000000 0.000000 0.000000 1.000000 0.000000 0.000000
17.000000 190.232672 5.078583 0.051350 1.087269 0.000000 0.000000 0.000000 1.000000 0.000000 0.000000
17.000000 190.240074 4.624874 -0.107822 1.250586 0.000000 0.000000 0.000000 1.000000 0.000000 0.000000
17.000000 190.242844 5.032175 0.051557 1.124773 0.000000 0.000000 0.000000 1.000000 0.000000 0.000000
17.000000 190.250008 4.663690 -0.138381 1.288015 0.000000 0.000000 0.000000 1.000000 0.000000 0.000000
17.000000 190.252704 4.998059 0.051443 1.154986 0.000000 0.000000 0.000000 1.000000 0.000000 0.000000
17.000000 190.260172 4.485332 -0.101379 1.301866 0.000000 0.000000 0.000000 1.000000 0.000000 0.000000
17.000000 190.262799 4.941327 0.045035 1.189811 0.000000 0.000000 0.000000 1.000000 0.000000 0.000000
17.000000 190.270024 4.529702 -0.127058 1.344031 0.000000 0.000000 0.000000 1.000000 0.000000 0.000000
17.000000 190.272720 4.897119 0.046119 1.225741 0.000000 0.000000 0.000000 1.000000 0.000000 0.000000
17.000000 190.280191 4.379379 -0.101513 1.373706 0.000000 0.000000 0.000000 1.000000 0.000000 0.000000
17.000000 190.282826 4.864144 0.047307 1.253214 0.000000 0.000000 0.000000 1.000000 0.000000 0.000000
17.000000 190.290062 4.524965 -0.156846 1.433053 0.000000 0.000000 0.000000 1.000000 0.000000 0.000000
17.000000 190.292708 4.813474 0.040293 1.285109 0.000000 0.000000 0.000000 1.000000 0.000000 0.000000
17.000000 190.300166 4.371973 -0.122521 1.448824 0.000000 0.000000 0.000000 1.000000 0.000000 0.000000
17.000000 190.302852 4.773598 0.041520 1.311697 0.000000 0.000000 0.000000 1.000000 0.000000 0.000000
17.000000 190.310091 4.309609 -0.125397 1.482225 0.000000 0.000000 0.000000 1.000000 0.000000 0.000000
17.000000 190.312794 4.736841 0.041749 1.340799 0.000000 0.000000 0.000000 1.000000 0.000000 0.000000
17.000000 190.320123 4.344039 -0.152673 1.513878 0.000000 0.000000 0.000000 1.000000 0.000000 0.000000
17.000000 190.322984 4.698894 0.033992 1.360440 0.000000 0.000000 0.000000 1.000000 0.000000 0.000000
17.000000 190.330080 4.295998 -0.152007 1.545013 0.000000 0.000000 0.000000 1.000000 0.000000 0.000000
17.000000 190.332847 4.645500 0.032445 1.394139 0.000000 0.000000 0.000000 1.000000 0.000000 0.000000
17.000000 190.340091 4.307733 -0.168649 1.577706 0.000000 0.000000 0.000000 1.000000 0.000000 0.000000
17.000000 190.342984 4.599207 0.026535 1.419527 0.000000 0.000000 0.000000 1.000000 0.000000 0.000000
17.000000 190.350303 4.246529 -0.164829 1.602134 0.000000 0.000000 0.000000 1.000000 0.000000 0.000000
17.000000 190.352742 4.547180 0.024246 1.444676 0.000000 0.000000 0.000000 1.000000 0.000000 0.000000
17.000000 190.360129 4.206425 -0.172086 1.629301 0.000000 0.000000 0.000000 1.000000 0.000000 0.000000
17.000000 190.362831 4.509161 0.025847 1.464592 0.000000 0.000000 0.000000 1.000000 0.000000 0.000000
17.000000 190.370030 4.180226 -0.180079 1.655641 0.000000 0.000000 0.000000 1.000000 0.000000 0.000000
17.000000 190.372749 4.464788 0.021819 1.481695 0.000000 0.000000 0.000000 1.000000 0.000000 0.000000
17.000000 190.380108 3.977903 -0.132074 1.651863 0.000000 0.000000 0.000000 1.000000 0.000000 0.000000
17.000000 190.382958 4.425429 0.020019 1.506023 0.000000 0.000000 0.000000 1.000000 0.000000 0.000000
17.000000 190.390089 4.078594 -0.177369 1.695222 0.000000 0.000000 0.000000 1.000000 0.000000 0.000000
17.000000 190.392848 4.373531 0.017487 1.527447 0.000000 0.000000 0.000000 1.000000 0.000000 0.000000
17.000000 190.400127 4.055116 -0.186697 1.723680 0.000000 0.000000 0.000000 1.000000 0.000000 0.000000
17.000000 190.403090 4.323134 0.009828 1.545391 0.000000 0.000000 0.000000 1.000000 0.000000 0.000000
17.000000 190.410122 4.018245 -0.192422 1.739354 0.000000 0.000000 0.000000 1.000000 0.000000 0.000000
17.000000 190.412827 4.295647 0.011069 1.561042 0.000000 0.000000 0.000000 1.000000 0.000000 0.000000
17.000000 190.420231 4.008560 -0.200888 1.755540 0.000000 0.000000 0.000000 1.000000 0.000000 0.000000
17.000000 190.422833 4.260800 0.010154 1.569505 0.000000 0.000000 0.000000 1.000000 0.000000 0.000000
17.000000 190.430154 3.959304 -0.204483 1.775270 0.000000 0.000000 0.000000 1.000000 0.000000 0.000000
17.000000 190.432733 4.203579 0.005930 1.593107 0.000000 0.000000 0.000000 1.000000 0.000000 0.000000
17.000000 190.440226 3.922157 -0.205887 1.793377 0.000000 0.000000 0.000000 1.000000 0.000000 0.000000
17.000000 190.442798 4.159398 0.002935 1.607770 0.000000 0.000000 0.000000 1.000000 0.000000 0.000000
17.000000 190.450081 3.874936 -0.209523 1.806955 0.000000 0.000000 0.000000 1.000000 0.000000 0.000000
17.000000 190.452760 4.112665 -0.001888 1.621991 0.000000 0.000000 0.000000 1.000000 0.000000 0.000000
17.000000 190.460135 3.852585 -0.213652 1.816328 0.000000 0.000000 0.000000 1.000000 0.000000 0.000000
17.000000 190.462878 4.072299 -0.000666 1.632921 0.000000 0.000000 0.000000 1.000000 0.000000 0.000000
17.000000 190.470284 3.812165 -0.220839 1.831022 0.000000 0.000000 0.000000 1.000000 0.000000 0.000000
17.000000 190.472730 4.033486 -0.000680 1.641309 0.000000 0.000000 0.000000 1.000000 0.000000 0.000000
17.000000 190.480133 3.661672 -0.188490 1.822773 0.000000 0.000000 0.000000 1.000000 0.000000 0.000000
17.000000 190.482937 3.991467 -0.001819 1.654261 0.000000 0.000000 0.000000 1.000000 0.000000 0.000000
17.000000 190.490237 3.678741 -0.206678 1.842986 0.000000 0.000000 0.000000 1.000000 0.000000 0.000000
17.000000 190.492852 3.949373 -0.005202 1.661365 0.000000 0.000000 0.000000 1.000000 0.000000 0.000000
17.000000 190.500375 3.637365 -0.214440 1.856447 0.000000 0.000000 0.000000 1.000000 0.000000 0.000000
17.000000 190.502949 3.902798 -0.010288 1.672646 0.000000 0.000000 0.000000 1.000000 0.000000 0.000000
17.000000 190.510149 3.601290 -0.217224 1.862508 0.000000 0.000000 0.000000 1.000000 0.000000 0.000000
17.000000 190.512855 3.862971 -0.009171 1.678384 0.000000 0.000000 0.000000 1.000000 0.000000 0.000000
17.000000 190.520166 3.563487 -0.222795 1.861532 0.000000 0.000000 0.000000 1.000000 0.000000 0.000000
17.000000 190.522952 3.830874 -0.016248 1.681490 0.000000 0.000000 0.000000 1.000000 0.000000 0.000000
17.000000 190.530287 3.553750 -0.230942 1.877838 0.000000 0.000000 0.000000 1.000000 0.000000 0.000000
17.000000 190.532943 3.773283 -0.019807 1.692178 0.000000 0.000000 0.000000 1.000000 0.000000 0.000000
17.000000 190.540380 3.522362 -0.237797 1.890003 0.000000 0.000000 0.000000 1.000000 0.000000 0.000000
17.000000 190.542890 3.731717 -0.021304 1.695418 0.000000 0.000000 0.000000 1.000000 0.000000 0.000000
17.000000 190.550208 3.420914 -0.224081 1.879866 0.000000 0.000000 0.000000 1.000000 0.000000 0.000000
17.000000 190.552937 3.688212 -0.022426 1.698955 0.000000 0.000000 0.000000 1.000000 0.000000 0.000000
17.000000 190.560236 3.393739 -0.232843 1.886288 0.000000 0.000000 0.000000 1.000000 0.000000 0.000000
17.000000 190.563095 3.651194 -0.025347 1.703130 0.000000 0.000000 0.000000 1.000000 0.000000 0.000000
17.000000 190.570193 3.437896 -0.251968 1.892368 0.000000 0.000000 0.000000 1.000000 0.000000 0.000000
17.000000 190.573013 3.599674 -0.035123 1.702104 0.000000 0.000000 0.000000 1.000000 0.000000 0.000000
17.000000 190.580260 3.386388 -0.255961 1.901502 0.000000 0.000000 0.000000 1.000000 0.000000 0.000000
17.000000 190.583091 3.559049 -0.031169 1.703184 0.000000 0.000000 0.000000 1.000000 0.000000 0.000000
17.000000 190.590253 3.342778 -0.257946 1.893417 0.000000 0.000000 0.000000 1.000000 0.000000 0.000000
17.000000 190.592825 3.521308 -0.029982 1.700768 0.000000 0.000000 0.000000 1.000000 0.000000 0.000000
17.000000 190.600263 3.300175 -0.260239 1.892867 0.000000 0.000000 0.000000 1.000000 0.000000 0.000000
17.000000 190.603021 3.480284 -0.033087 1.699957 0.000000 0.000000 0.000000 1.000000 0.000000 0.000000
17.000000 190.610161 3.233587 -0.258306 1.888364 0.000000 0.000000 0.000000 1.000000 0.000000 0.000000
17.000000 190.612835 3.433908 -0.039246 1.696029 0.000000 0.000000 0.000000 1.000000 0.000000 0.000000
17.000000 190.620256 3.255279 -0.269907 1.891599 0.000000 0.000000 0.000000 1.000000 0.000000 0.000000
17.000000 190.623012 3.389330 -0.043538 1.685611 0.000000 0.000000 0.000000 1.000000 0.000000 0.000000
17.000000 190.630150 3.176473 -0.267803 1.880639 0.000000 0.000000 0.000000 1.000000 0.000000 0.000000
17.000000 190.632977 3.350366 -0.045668 1.686551 0.000000 0.000000 0.000000 1.000000 0.000000 0.000000
17.000000 190.640259 3.142176 -0.271443 1.875951 0.000000 0.000000 0.000000 1.000000 0.000000 0.000000
17.000000 190.642998 3.314414 -0.047091 1.676606 0.000000 0.000000 0.000000 1.000000 0.000000 0.000000
17.000000 190.650123 3.079718 -0.269657 1.868067 0.000000 0.000000 0.000000 1.000000 0.000000 0.000000
17.000000 190.652892 3.280172 -0.052048 1.671820 0.000000 0.000000 0.000000 1.000000 0.000000 0.000000
17.000000 190.660264 3.036168 -0.266032 1.849095 0.000000 0.000000 0.000000 1.000000 0.000000 0.000000
17.000000 190.663018 3.234591 -0.052228 1.655927 0.000000 0.000000 0.000000 1.000000 0.000000 0.000000
17.000000 190.670204 3.117128 -0.308775 1.859330 0.000000 0.000000 0.000000 1.000000 0.000000 0.000000
17.000000 190.672870 3.207566 -0.061229 1.642836 0.000000 0.000000 0.000000 1.000000 0.000000 0.000000
17.000000 190.680193 3.040281 -0.295231 1.855854 0.000000 0.000000 0.000000 1.000000 0.000000 0.000000
17.000000 190.690209 2.981395 -0.292968 1.840690 0.000000 0.000000 0.000000 1.000000 0.000000 0.000000
17.000000 190.700394 2.887376 -0.282752 1.815207 0.000000 0.000000 0.000000 1.000000 0.000000 0.000000
17.000000 190.710232 2.983020 -0.326893 1.813820 0.000000 0.000000 0.000000 1.000000 0.000000 0.000000
17.000000 190.720363 2.871031 -0.304708 1.797423 0.000000 0.000000 0.000000 1.000000 0.000000 0.000000
17.000000 190.730194 2.875252 -0.318713 1.789138 0.000000 0.000000 0.000000 1.000000 0.000000 0.000000
17.000000 190.740314 2.931474 -0.345873 1.774140 0.000000 0.000000 0.000000 1.000000 0.000000 0.000000
17.000000 190.749553 2.008840 -0.144846 1.777968 0.000000 0.000000 0.000000 1.000000 0.000000 0.000000
17.000000 190.750235 2.727243 -0.309822 1.736809 0.000000 0.000000 0.000000 1.000000 0.000000 0.000000
17.000000 190.759484 1.934576 -0.139526 1.770945 0.000000 0.000000 0.000000 1.000000 0.000000 0.000000
17.000000 190.760319 2.692037 -0.307286 1.728174 0.000000 0.000000 0.000000 1.000000 0.000000 0.000000
17.000000 190.769595 1.888961 -0.152571 1.757880 0.000000 0.000000 0.000000 1.000000 0.000000 0.000000
17.000000 190.770222 2.788993 -0.349059 1.718164 0.000000 0.000000 0.000000 1.000000 0.000000 0.000000
17.000000 190.779502 1.859832 -0.154311 1.736182 0.000000 0.000000 0.000000 1.000000 0.000000 0.000000
17.000000 190.780328 2.711254 -0.342178 1.700456 0.000000 0.000000 0.000000 1.000000 0.000000 0.000000
17.000000 190.789577 1.844589 -0.166688 1.711166 0.000000 0.000000 0.000000 1.000000 0.000000 0.000000
17.000000 190.790210 2.735190 -0.365136 1.683462 0.000000 0.000000 0.000000 1.000000 0.000000 0.000000
17.000000 190.799514 1.821743 -0.169111 1.687347 0.000000 0.000000 0.000000 1.000000 0.000000 0.000000
17.000000 190.800316 2.696218 -0.366430 1.658008 0.000000 0.000000 0.000000 1.000000 0.000000 0.000000
17.000000 190.809608 1.775277 -0.163822 1.674047 0.000000 0.000000 0.000000 1.000000 0.000000 0.000000
17.000000 190.810281 2.621712 -0.358668 1.637611 0.000000 0.000000 0.000000 1.000000 0.000000 0.000000
17.000000 190.819511 1.755874 -0.167384 1.647195 0.000000 0.000000 0.000000 1.000000 0.000000 0.000000
17.000000 190.820362 2.603616 -0.362233 1.612008 0.000000 0.000000 0.000000 1.000000 0.000000 0.000000
17.000000 190.829779 1.719050 -0.167186 1.625879 0.000000 0.000000 0.000000 1.000000 0.000000 0.000000
17.000000 190.830276 2.569316 -0.365043 1.588377 0.000000 0.000000 0.000000 1.000000 0.000000 0.000000
17.000000 190.839556 1.727293 -0.179633 1.588021 0.000000 0.000000 0.000000 1.000000 0.000000 0.000000
17.000000 190.840343 2.581290 -0.384433 1.556967 0.000000 0.000000 0.000000 1.000000 0.000000 0.000000
17.000000 190.849657 1.676520 -0.182337 1.568393 0.000000 0.000000 0.000000 1.000000 0.000000 0.000000
17.000000 190.850244 2.530352 -0.387373 1.540141 0.000000 0.000000 0.000000 1.000000 0.000000 0.000000
17.000000 190.859615 1.656831 -0.184979 1.538247 0.000000 0.000000 0.000000 1.000000 0.000000 0.000000
17.000000 190.860399 2.497603 -0.389094 1.510834 0.000000 0.000000 0.000000 1.000000 0.000000 0.000000
17.000000 190.869692 1.643505 -0.197965 1.504285 0.000000 0.000000 0.000000 1.000000 0.000000 0.000000
17.000000 190.870261 2.535480 -0.415417 1.481464 0.000000 0.000000 0.000000 1.000000 0.000000 0.000000
17.000000 190.872961 1.888914 -0.173967 1.334850 0.000000 0.000000 0.000000 1.000000 0.000000 0.000000
17.000000 190.879518 1.611140 -0.197543 1.476460 0.000000 0.000000 0.000000 1.000000 0.000000 0.000000
17.000000 190.880305 2.500010 -0.413908 1.453603 0.000000 0.000000 0.000000 1.000000 0.000000 0.000000
17.000000 190.890333 1.878722 -0.184573 1.288459 0.000000 0.000000 0.000000 1.000000 0.000000 0.000000
17.000000 190.890339 2.492507 -0.426606 1.428842 0.000000 0.000000 0.000000 1.000000 0.000000 0.000000
17.000000 190.900349 1.564414 -0.206879 1.413284 0.000000 0.000000 0.000000 1.000000 0.000000 0.000000
17.000000 190.900382 2.492233 -0.437159 1.395907 0.000000 0.000000 0.000000 1.000000 0.000000 0.000000
17.000000 190.909743 1.567775 -0.204648 1.374858 0.000000 0.000000 0.000000 1.000000 0.000000 0.000000
17.000000 190.910360 2.349402 -0.415311 1.349630 0.000000 0.000000 0.000000 1.000000 0.000000 0.000000
17.000000 190.919660 1.538751 -0.205150 1.342521 0.000000 0.000000 0.000000 1.000000 0.000000 0.000000
17.000000 190.920385 2.351596 -0.423134 1.317773 0.000000 0.000000 0.000000 1.000000 0.000000 0.000000
17.000000 190.929734 1.551826 -0.209367 1.295304 0.000000 0.000000 0.000000 1.000000 0.000000 0.000000
17.000000 190.930368 2.257295 -0.415566 1.267757 0.000000 0.000000 0.000000 1.000000 0.000000 0.000000
17.000000 190.939760 1.492173 -0.216715 1.272827 0.000000 0.000000 0.000000 1.000000 0.000000 0.000000
17.000000 190.940418 2.288439 -0.435858 1.251070 0.000000 0.000000 0.000000 1.000000 0.000000 0.000000
17.000000 190.949563 1.484198 -0.218989 1.228901 0.000000 0.000000 0.000000 1.000000 0.000000 0.000000
17.000000 190.950314 2.249542 -0.438238 1.208593 0.000000 0.000000 0.000000 1.000000 0.000000 0.000000
17.000000 190.959621 1.456614 -0.234872 1.194814 0.000000 0.000000 0.000000 1.000000 0.000000 0.000000
17.000000 190.960544 2.336095 -0.477728 1.184509 0.000000 0.000000 0.000000 1.000000 0.000000 0.000000
17.000000 190.970419 2.173120 -0.443009 1.132235 0.000000 0.000000 0.000000 1.000000 0.000000 0.000000
17.000000 190.980579 2.145427 -0.444676 1.091396 0.000000 0.000000 0.000000 1.000000 0.000000 0.000000
17.000000 190.990510 2.177671 -0.470453 1.055538 0.000000 0.000000 0.000000 1.000000 0.000000 0.000000
17.000000 191.000382 2.086724 -0.458633 1.012364 0.000000 0.000000 0.000000 1.000000 0.000000 0.000000
17.000000 191.010257 2.012195 -0.442682 0.962231 0.000000 0.000000 0.000000 1.000000 0.000000 0.000000
17.000000 191.030278 2.087477 -0.490327 0.891465 0.000000 0.000000 0.000000 1.000000 0.000000 0.000000
17.000000 191.040401 2.033102 -0.491702 0.836761 0.000000 0.000000 0.000000 1.000000 0.000000 0.000000
17.000000 191.050375 2.159623 -0.531905 0.819550 0.000000 0.000000 0.000000 1.000000 0.000000 0.000000
17.000000 191.060435 1.947576 -0.489123 0.739649 0.000000 0.000000 0.000000 1.000000 0.000000 0.000000
17.000000 191.070355 2.028937 -0.524069 0.702794 0.000000 0.000000 0.000000 1.000000 0.000000 0.000000
17.000000 191.080446 1.862697 -0.489738 0.645395 0.000000 0.000000 0.000000 1.000000 0.000000 0.000000
17.000000 191.090466 1.903103 -0.503502 0.603560 0.000000 0.000000 0.000000 1.000000 0.000000 0.000000
17.000000 191.100427 1.806474 -0.478663 0.546936 0.000000 0.000000 0.000000 1.000000 0.000000 0.000000
17.000000 191.110360 1.892213 -0.526566 0.509533 0.000000 0.000000 0.000000 1.000000 0.000000 0.000000
17.000000 191.120560 1.952810 -0.554519 0.486461 0.000000 0.000000 0.000000 1.000000 0.000000 0.000000
17.000000 191.130398 1.970825 -0.565907 0.435259 0.000000 0.000000 0.000000 1.000000 0.000000 0.000000
17.000000 191.140470 1.817693 -0.534562 0.362288 0.000000 0.000000 0.000000 1.000000 0.000000 0.000000
17.000000 191.150413 1.803862 -0.555075 0.315497 0.000000 0.000000 0.000000 1.000000 0.000000 0.000000
17.000000 191.160501 1.832296 -0.568980 0.364959 0.000000 0.000000 0.000000 1.000000 0.000000 0.000000
17.000000 191.170487 1.818387 -0.567756 0.397883 0.000000 0.000000 0.000000 1.000000 0.000000 0.000000
17.000000 191.180461 1.716637 -0.554761 0.435712 0.000000 0.000000 0.000000 1.000000 0.000000 0.000000
17.000000 191.190400 1.647223 -0.548649 0.458088 0.000000 0.000000 0.000000 1.000000 0.000000 0.000000
17.000000 191.210460 1.548922 -0.552982 0.520686 0.000000 0.000000 0.000000 1.000000 0.000000 0.000000
17.000000 191.220526 1.495052 -0.554059 0.558360 0.000000 0.000000 0.000000 1.000000 0.000000 0.000000
17.000000 191.230412 1.484898 -0.567175 0.592363 0.000000 0.000000 0.000000 1.000000 0.000000 0.000000
17.000000 191.240490 1.374516 -0.548991 0.611349 0.000000 0.000000 0.000000 1.000000 0.000000 0.000000
17.000000 191.250393 1.276332 -0.537618 0.629295 0.000000 0.000000 0.000000 1.000000 0.000000 0.000000
17.000000 191.260442 1.411801 -0.573037 0.692555 0.000000 0.000000 0.000000 1.000000 0.000000 0.000000
17.000000 191.270409 1.443837 -0.587775 0.728137 0.000000 0.000000 0.000000 1.000000 0.000000 0.000000
17.000000 191.280451 1.322778 -0.577371 0.752321 0.000000 0.000000 0.000000 1.000000 0.000000 0.000000
17.000000 191.290420 1.417844 -0.610775 0.794830 0.000000 0.000000 0.000000 1.000000 0.000000 0.000000
17.000000 191.300549 1.348670 -0.601932 0.812325 0.000000 0.000000 0.000000 1.000000 0.000000 0.000000
17.000000 191.310593 1.183831 -0.574732 0.824024 0.000000 0.000000 0.000000 1.000000 0.000000 0.000000
17.000000 191.320698 1.409798 -0.629787 0.876149 0.000000 0.000000 0.000000 1.000000 0.000000 0.000000
17.000000 191.329865 1.763380 -0.696503 0.940417 0.000000 0.000000 0.000000 1.000000 0.000000 0.000000
17.000000 191.330473 1.279432 -0.620953 0.897873 0.000000 0.000000 0.000000 1.000000 0.000000 0.000000
17.000000 191.340574 1.213592 -0.618663 0.911914 0.000000 0.000000 0.000000 1.000000 0.000000 0.000000
17.000000 191.350461 1.117725 -0.607879 0.929237 0.000000 0.000000 0.000000 1.000000 0.000000 0.000000
17.000000 191.360597 1.203038 -0.635000 0.965331 0.000000 0.000000 0.000000 1.000000 0.000000 0.000000
17.000000 191.370522 1.216271 -0.646925 0.992605 0.000000 0.000000 0.000000 1.000000 0.000000 0.000000
17.000000 191.380639 1.078753 -0.633549 1.003148 0.000000 0.000000 0.000000 1.000000 0.000000 0.000000
17.000000 191.390546 1.303312 -0.680005 1.054475 0.000000 0.000000 0.000000 1.000000 0.000000 0.000000
17.000000 191.400661 2.076053 -0.820117 1.197817 0.000000 0.000000 0.000000 1.000000 0.000000 0.000000
17.000000 191.410568 0.911482 -0.631350 1.030614 0.000000 0.000000 0.000000 1.000000 0.000000 0.000000
17.000000 191.420686 1.081878 -0.667643 1.071132 0.000000 0.000000 0.000000 1.000000 0.000000 0.000000
17.000000 191.430592 1.022572 -0.671026 1.089327 0.000000 0.000000 0.000000 1.000000 0.000000 0.000000
17.000000 191.440657 0.976311 -0.668647 1.099261 0.000000 0.000000 0.000000 1.000000 0.000000 0.000000
17.000000 191.450655 0.945327 -0.676758 1.111707 0.000000 0.000000 0.000000 1.000000 0.000000 0.000000
17.000000 191.460736 0.821519 -0.659543 1.106248 0.000000 0.000000 0.000000 1.000000 0.000000 0.000000
17.000000 191.470638 0.860871 -0.666482 1.122509 0.000000 0.000000 0.000000 1.000000 0.000000 0.000000
17.000000 191.480731 0.706064 -0.655223 1.118714 0.000000 0.000000 0.000000 1.000000 0.000000 0.000000
17.000000 191.490704 0.531175 -0.632056 1.115696 0.000000 0.000000 0.000000 1.000000 0.000000 0.000000
17.000000 191.500698 0.378451 -0.615298 1.106126 0.000000 0.000000 0.000000 1.000000 0.000000 0.000000
17.000000 191.510578 0.490935 -0.643528 1.129277 0.000000 0.000000 0.000000 1.000000 0.000000 0.000000
17.000000 191.520767 0.525694 -0.668112 1.133506 0.000000 0.000000 0.000000 1.000000 0.000000 0.000000
17.000000 191.530549 0.353432 -0.637390 1.126472 0.000000 0.000000 0.000000 1.000000 0.000000 0.000000
17.000000 191.540823 0.266268 -0.633932 1.119466 0.000000 0.000000 0.000000 1.000000 0.000000 0.000000
17.000000 191.550587 0.154042 -0.615040 1.110886 0.000000 0.000000 0.000000 1.000000 0.000000 0.000000
17.000000 191.560588 0.113885 -0.626517 1.111892 0.000000 0.000000 0.000000 1.000000 0.000000 0.000000
17.000000 191.570565 0.197506 -0.641478 1.120124 0.000000 0.000000 0.000000 1.000000 0.000000 0.000000
17.000000 191.579910 0.363853 -0.675502 1.141074 0.000000 0.000000 0.000000 1.000000 0.000000 0.000000
17.000000 191.580697 -0.048690 -0.614453 1.098025 0.000000 0.000000 0.000000 1.000000 0.000000 0.000000
17.000000 191.590665 -0.281865 -0.578233 1.070671 0.000000 0.000000 0.000000 1.000000 0.000000 0.000000
17.000000 191.600678 -0.503530 -0.545158 1.045899 0.000000 0.000000 0.000000 1.000000 0.000000 0.000000
17.000000 191.610552 -0.537803 -0.550219 1.047027 0.000000 0.000000 0.000000 1.000000 0.000000 0.000000
17.000000 191.620584 -0.420749 -0.571704 1.060992 0.000000 0.000000 0.000000 1.000000 0.000000 0.000000
17.000000 191.630749 -0.795121 -0.520010 1.004102 0.000000 0.000000 0.000000 1.000000 0.000000 0.000000
17.000000 191.640668 -0.889172 -0.512424 0.986520 0.000000 0.000000 0.000000 1.000000 0.000000 0.000000
17.000000 191.650611 -1.322727 -0.442277 0.939335 0.000000 0.000000 0.000000 1.000000 0.000000 0.000000
17.000000 191.660717 -0.994366 -0.511894 0.956350 0.000000 0.000000 0.000000 1.000000 0.000000 0.000000
17.000000 191.670598 -1.267390 -0.469517 0.922830 0.000000 0.000000 0.000000 1.000000 0.000000 0.000000
17.000000 191.680710 -0.787606 -0.563112 0.962448 0.000000 0.000000 0.000000 1.000000 0.000000 0.000000
17.000000 191.690571 -1.464699 -0.446817 0.884075 0.000000 0.000000 0.000000 1.000000 0.000000 0.000000
17.000000 191.700633 -1.122915 -0.523130 0.901989 0.000000 0.000000 0.000000 1.000000 0.000000 0.000000
17.000000 191.710690 -1.244265 -0.512933 0.883511 0.000000 0.000000 0.000000 1.000000 0.000000 0.000000
17.000000 191.720795 -1.653451 -0.449822 0.818664 0.000000 0.000000 0.000000 1.000000 0.000000 0.000000
17.000000 191.730610 -1.445834 -0.489538 0.827756 0.000000 0.000000 0.000000 1.000000 0.000000 0.000000
17.000000 191.740704 -1.709861 -0.449793 0.779338 0.000000 0.000000 0.000000 1.000000 0.000000 0.000000
17.000000 191.750649 -1.475150 -0.503804 0.786754 0.000000 0.000000 0.000000 1.000000 0.000000 0.000000
17.000000 191.760767 -1.772624 -0.450288 0.734725 0.000000 0.000000 0.000000 1.000000 0.000000 0.000000
17.000000 191.770738 -1.846116 -0.458372 0.701725 0.000000 0.000000 0.000000 1.000000 0.000000 0.000000
17.000000 191.780813 -1.572558 -0.523673 0.716618 0.000000 0.000000 0.000000 1.000000 0.000000 0.000000
17.000000 191.790865 -1.622252 -0.515403 0.684572 0.000000 0.000000 0.000000 1.000000 0.000000 0.000000
17.000000 191.800820 -1.866367 -0.474481 0.639936 0.000000 0.000000 0.000000 1.000000 0.000000 0.000000
17.000000 191.810801 -1.505025 -0.564700 0.654646 0.000000 0.000000 0.000000 1.000000 0.000000 0.000000
17.000000 191.820724 -1.506696 -0.576095 0.638040 0.000000 0.000000 0.000000 1.000000 0.000000 0.000000
17.000000 191.830611 -1.695509 -0.543798 0.580568 0.000000 0.000000 0.000000 1.000000 0.000000 0.000000
17.000000 191.840902 -1.840860 -0.530039 0.535759 0.000000 0.000000 0.000000 1.000000 0.000000 0.000000
17.000000 191.850713 -1.691587 -0.563658 0.535284 0.000000 0.000000 0.000000 1.000000 0.000000 0.000000
17.000000 191.860754 -1.932023 -0.531115 0.469751 0.000000 0.000000 0.000000 1.000000 0.000000 0.000000
17.000000 191.870696 -1.862281 -0.546604 0.441416 0.000000 0.000000 0.000000 1.000000 0.000000 0.000000
17.000000 191.880690 -2.002456 -0.539505 0.404797 0.000000 0.000000 0.000000 1.000000 0.000000 0.000000
17.000000 191.890688 -1.889244 -0.560092 0.389548 0.000000 0.000000 0.000000 1.000000 0.000000 0.000000
17.000000 191.900783 -2.036422 -0.531354 0.332077 0.000000 0.000000 0.000000 1.000000 0.000000 0.000000
17.000000 191.910650 -1.802323 -0.585525 0.328510 0.000000 0.000000 0.000000 1.000000 0.000000 0.000000
17.000000 191.920696 -2.107801 -0.541595 0.260828 0.000000 0.000000 0.000000 1.000000 0.000000 0.000000
17.000000 191.930003 -1.607969 -0.633886 0.303258 0.000000 0.000000 0.000000 1.000000 0.000000 0.000000
17.000000 191.930604 -1.914194 -0.588893 0.245772 0.000000 0.000000 0.000000 1.000000 0.000000 0.000000
17.000000 191.939992 -1.666750 -0.634491 0.266852 0.000000 0.000000 0.000000 1.000000 0.000000 0.000000
17.000000 191.940667 -2.071316 -0.579663 0.193547 0.000000 0.000000 0.000000 1.000000 0.000000 0.000000
17.000000 191.950024 -1.935054 -0.595120 0.200166 0.000000 0.000000 0.000000 1.000000 0.000000 0.000000
17.000000 191.950735 -2.089542 -0.575930 0.172245 0.000000 0.000000 0.000000 1.000000 0.000000 0.000000
17.000000 191.960700 -2.108783 -0.568517 0.199432 0.000000 0.000000 0.000000 1.000000 0.000000 0.000000
17.000000 191.970666 -2.545065 -0.526528 0.169136 0.000000 0.000000 0.000000 1.000000 0.000000 0.000000
