4.000000 43.618740 25.217816 -0.218289 0.286051 0.000000 0.000000 0.000000 1.000000 0.000000 0.000000
4.000000 43.635798 25.065328 -0.220079 0.443481 0.000000 0.000000 0.000000 1.000000 0.000000 0.000000
4.000000 43.645866 24.887195 -0.225317 0.528399 0.000000 0.000000 0.000000 1.000000 0.000000 0.000000
4.000000 43.655831 24.782040 -0.205601 0.619902 0.000000 0.000000 0.000000 1.000000 0.000000 0.000000
4.000000 43.665911 24.549976 -0.207232 0.738543 0.000000 0.000000 0.000000 1.000000 0.000000 0.000000
4.000000 43.675810 24.342885 -0.190552 0.823682 0.000000 0.000000 0.000000 1.000000 0.000000 0.000000
4.000000 43.685844 24.208716 -0.179747 0.892903 0.000000 0.000000 0.000000 1.000000 0.000000 0.000000
4.000000 43.695630 24.127925 -0.167684 0.973012 0.000000 0.000000 0.000000 1.000000 0.000000 0.000000
4.000000 43.699958 22.984373 -0.322206 1.120706 0.000000 0.000000 0.000000 1.000000 0.000000 0.000000
4.000000 43.705752 23.075963 -0.190352 1.326943 0.000000 0.000000 0.000000 1.000000 0.000000 0.000000
4.000000 43.709899 22.886703 -0.303757 1.196928 0.000000 0.000000 0.000000 1.000000 0.000000 0.000000
4.000000 43.715575 23.001476 -0.187810 1.407444 0.000000 0.000000 0.000000 1.000000 0.000000 0.000000
4.000000 43.719876 22.777982 -0.294206 1.271561 0.000000 0.000000 0.000000 1.000000 0.000000 0.000000
4.000000 43.725718 22.895336 -0.176147 1.484964 0.000000 0.000000 0.000000 1.000000 0.000000 0.000000
4.000000 43.729879 22.676218 -0.277047 1.352046 0.000000 0.000000 0.000000 1.000000 0.000000 0.000000
4.000000 43.735659 22.778594 -0.158131 1.552103 0.000000 0.000000 0.000000 1.000000 0.000000 0.000000
4.000000 43.739946 22.562215 -0.263061 1.423847 0.000000 0.000000 0.000000 1.000000 0.000000 0.000000
4.000000 43.745732 22.670652 -0.151596 1.622953 0.000000 0.000000 0.000000 1.000000 0.000000 0.000000
4.000000 43.749778 22.460810 -0.258131 1.491504 0.000000 0.000000 0.000000 1.000000 0.000000 0.000000
4.000000 43.755654 22.559684 -0.141485 1.685858 0.000000 0.000000 0.000000 1.000000 0.000000 0.000000
4.000000 43.759947 22.349189 -0.241077 1.566423 0.000000 0.000000 0.000000 1.000000 0.000000 0.000000
4.000000 43.765795 22.443027 -0.130203 1.753143 0.000000 0.000000 0.000000 1.000000 0.000000 0.000000
4.000000 43.769791 22.226872 -0.227212 1.633181 0.000000 0.000000 0.000000 1.000000 0.000000 0.000000
4.000000 43.775644 22.318080 -0.118599 1.816689 0.000000 0.000000 0.000000 1.000000 0.000000 0.000000
4.000000 43.779984 22.126863 -0.216148 1.706287 0.000000 0.000000 0.000000 1.000000 0.000000 0.000000
4.000000 43.785789 22.226431 -0.111296 1.890896 0.000000 0.000000 0.000000 1.000000 0.000000 0.000000
4.000000 43.789852 22.007711 -0.201145 1.767042 0.000000 0.000000 0.000000 1.000000 0.000000 0.000000
4.000000 43.795658 22.106575 -0.097126 1.951711 0.000000 0.000000 0.000000 1.000000 0.000000 0.000000
4.000000 43.799892 21.890227 -0.186823 1.827966 0.000000 0.000000 0.000000 1.000000 0.000000 0.000000
4.000000 43.805773 21.994637 -0.089320 2.010178 0.000000 0.000000 0.000000 1.000000 0.000000 0.000000
4.000000 43.810063 21.788876 -0.171674 1.894465 0.000000 0.000000 0.000000 1.000000 0.000000 0.000000
4.000000 43.815647 21.898004 -0.077884 2.076238 0.000000 0.000000 0.000000 1.000000 0.000000 0.000000
4.000000 43.819908 21.680630 -0.159633 1.956026 0.000000 0.000000 0.000000 1.000000 0.000000 0.000000
4.000000 43.829952 21.584697 -0.152948 2.018204 0.000000 0.000000 0.000000 1.000000 0.000000 0.000000
4.000000 43.839978 21.456188 -0.132769 2.079596 0.000000 0.000000 0.000000 1.000000 0.000000 0.000000
4.000000 43.849991 21.342299 -0.121115 2.139282 0.000000 0.000000 0.000000 1.000000 0.000000 0.000000
4.000000 43.859896 21.223446 -0.107472 2.196643 0.000000 0.000000 0.000000 1.000000 0.000000 0.000000
4.000000 43.865818 21.332810 -0.026116 2.368054 0.000000 0.000000 0.000000 1.000000 0.000000 0.000000
4.000000 43.869864 21.118418 -0.097539 2.257898 0.000000 0.000000 0.000000 1.000000 0.000000 0.000000
4.000000 43.880064 21.001849 -0.082800 2.312495 0.000000 0.000000 0.000000 1.000000 0.000000 0.000000
4.000000 43.889856 20.900213 -0.072704 2.369269 0.000000 0.000000 0.000000 1.000000 0.000000 0.000000
4.000000 43.892813 19.912897 0.242408 2.255716 0.000000 0.000000 0.000000 1.000000 0.000000 0.000000
4.000000 43.895663 20.208033 0.013438 2.496140 0.000000 0.000000 0.000000 1.000000 0.000000 0.000000
4.000000 43.900068 20.771143 -0.063697 2.423685 0.000000 0.000000 0.000000 1.000000 0.000000 0.000000
4.000000 43.902906 19.862712 0.222110 2.331843 0.000000 0.000000 0.000000 1.000000 0.000000 0.000000
4.000000 43.910018 20.671960 -0.048483 2.478436 0.000000 0.000000 0.000000 1.000000 0.000000 0.000000
4.000000 43.912897 19.728901 0.245147 2.381646 0.000000 0.000000 0.000000 1.000000 0.000000 0.000000
4.000000 43.915707 20.015848 0.023614 2.603618 0.000000 0.000000 0.000000 1.000000 0.000000 0.000000
4.000000 43.920105 20.548887 -0.034999 2.528878 0.000000 0.000000 0.000000 1.000000 0.000000 0.000000
4.000000 43.922770 19.600678 0.257679 2.439018 0.000000 0.000000 0.000000 1.000000 0.000000 0.000000
4.000000 43.929937 20.435426 -0.025938 2.581825 0.000000 0.000000 0.000000 1.000000 0.000000 0.000000
4.000000 43.932649 19.488784 0.259732 2.496698 0.000000 0.000000 0.000000 1.000000 0.000000 0.000000
4.000000 43.940045 20.319419 -0.018925 2.627296 0.000000 0.000000 0.000000 1.000000 0.000000 0.000000
4.000000 43.942830 19.374114 0.258508 2.549965 0.000000 0.000000 0.000000 1.000000 0.000000 0.000000
4.000000 43.945793 19.621009 0.071758 2.763688 0.000000 0.000000 0.000000 1.000000 0.000000 0.000000
4.000000 43.949939 20.223221 0.001751 2.680633 0.000000 0.000000 0.000000 1.000000 0.000000 0.000000
4.000000 43.952787 19.212963 0.295065 2.591931 0.000000 0.000000 0.000000 1.000000 0.000000 0.000000
4.000000 43.960057 20.106063 0.013917 2.724282 0.000000 0.000000 0.000000 1.000000 0.000000 0.000000
4.000000 43.962813 19.109192 0.302216 2.644291 0.000000 0.000000 0.000000 1.000000 0.000000 0.000000
4.000000 43.970021 19.983069 0.022251 2.771285 0.000000 0.000000 0.000000 1.000000 0.000000 0.000000
4.000000 43.972776 18.989352 0.304186 2.692960 0.000000 0.000000 0.000000 1.000000 0.000000 0.000000
4.000000 43.975839 19.264005 0.099140 2.897198 0.000000 0.000000 0.000000 1.000000 0.000000 0.000000
4.000000 43.979999 19.872542 0.028019 2.809586 0.000000 0.000000 0.000000 1.000000 0.000000 0.000000
4.000000 43.982885 18.854501 0.316945 2.743076 0.000000 0.000000 0.000000 1.000000 0.000000 0.000000
4.000000 43.990096 19.742188 0.045032 2.868797 0.000000 0.000000 0.000000 1.000000 0.000000 0.000000
4.000000 43.992847 18.742938 0.322130 2.795980 0.000000 0.000000 0.000000 1.000000 0.000000 0.000000
4.000000 43.995741 19.009528 0.126499 2.988733 0.000000 0.000000 0.000000 1.000000 0.000000 0.000000
4.000000 44.000103 19.626871 0.054343 2.914306 0.000000 0.000000 0.000000 1.000000 0.000000 0.000000
4.000000 44.002993 18.614421 0.330545 2.841521 0.000000 0.000000 0.000000 1.000000 0.000000 0.000000
4.000000 44.009965 19.515035 0.067818 2.952608 0.000000 0.000000 0.000000 1.000000 0.000000 0.000000
4.000000 44.012921 18.486591 0.347092 2.880368 0.000000 0.000000 0.000000 1.000000 0.000000 0.000000
4.000000 44.015779 18.760980 0.149293 3.069614 0.000000 0.000000 0.000000 1.000000 0.000000 0.000000
4.000000 44.020101 19.389142 0.075256 2.995913 0.000000 0.000000 0.000000 1.000000 0.000000 0.000000
4.000000 44.022936 18.368567 0.347468 2.928803 0.000000 0.000000 0.000000 1.000000 0.000000 0.000000
4.000000 44.030028 19.296079 0.082933 3.036125 0.000000 0.000000 0.000000 1.000000 0.000000 0.000000
4.000000 44.032909 18.254341 0.358786 2.971919 0.000000 0.000000 0.000000 1.000000 0.000000 0.000000
4.000000 44.040146 19.173214 0.094623 3.071841 0.000000 0.000000 0.000000 1.000000 0.000000 0.000000
4.000000 44.043038 18.130876 0.367898 3.013272 0.000000 0.000000 0.000000 1.000000 0.000000 0.000000
4.000000 44.050049 19.062118 0.113632 3.112822 0.000000 0.000000 0.000000 1.000000 0.000000 0.000000
4.000000 44.052899 17.999569 0.389052 3.053870 0.000000 0.000000 0.000000 1.000000 0.000000 0.000000
4.000000 44.055900 18.272791 0.193273 3.232041 0.000000 0.000000 0.000000 1.000000 0.000000 0.000000
4.000000 44.060160 18.930925 0.119678 3.152334 0.000000 0.000000 0.000000 1.000000 0.000000 0.000000
4.000000 44.063090 17.904661 0.383431 3.094714 0.000000 0.000000 0.000000 1.000000 0.000000 0.000000
4.000000 44.070121 18.829987 0.128943 3.188118 0.000000 0.000000 0.000000 1.000000 0.000000 0.000000
4.000000 44.073016 17.751399 0.405026 3.127244 0.000000 0.000000 0.000000 1.000000 0.000000 0.000000
4.000000 44.075785 18.046628 0.197175 3.292835 0.000000 0.000000 0.000000 1.000000 0.000000 0.000000
4.000000 44.080198 18.728073 0.143324 3.225107 0.000000 0.000000 0.000000 1.000000 0.000000 0.000000
4.000000 44.082975 17.627762 0.422715 3.160919 0.000000 0.000000 0.000000 1.000000 0.000000 0.000000
4.000000 44.090145 18.618712 0.153451 3.259410 0.000000 0.000000 0.000000 1.000000 0.000000 0.000000
4.000000 44.092854 17.490025 0.438018 3.196312 0.000000 0.000000 0.000000 1.000000 0.000000 0.000000
4.000000 44.095825 17.813287 0.212705 3.359820 0.000000 0.000000 0.000000 1.000000 0.000000 0.000000
4.000000 44.100122 18.491336 0.169925 3.294956 0.000000 0.000000 0.000000 1.000000 0.000000 0.000000
4.000000 44.102982 17.345039 0.459403 3.224374 0.000000 0.000000 0.000000 1.000000 0.000000 0.000000
4.000000 44.110193 18.388396 0.172178 3.330900 0.000000 0.000000 0.000000 1.000000 0.000000 0.000000
4.000000 44.120242 18.276643 0.180350 3.358456 0.000000 0.000000 0.000000 1.000000 0.000000 0.000000
4.000000 44.130083 18.133305 0.193296 3.377669 0.000000 0.000000 0.000000 1.000000 0.000000 0.000000
4.000000 44.135823 18.091783 0.244215 3.474622 0.000000 0.000000 0.000000 1.000000 0.000000 0.000000
4.000000 44.140301 18.028344 0.204934 3.413990 0.000000 0.000000 0.000000 1.000000 0.000000 0.000000
4.000000 44.150156 17.903606 0.216335 3.431014 0.000000 0.000000 0.000000 1.000000 0.000000 0.000000
4.000000 44.155829 17.847307 0.269716 3.522810 0.000000 0.000000 0.000000 1.000000 0.000000 0.000000
4.000000 44.160151 17.797685 0.223353 3.459398 0.000000 0.000000 0.000000 1.000000 0.000000 0.000000
4.000000 44.165918 17.709561 0.279238 3.542705 0.000000 0.000000 0.000000 1.000000 0.000000 0.000000
4.000000 44.170054 17.684319 0.232130 3.490885 0.000000 0.000000 0.000000 1.000000 0.000000 0.000000
4.000000 44.180118 17.498144 0.253935 3.505929 0.000000 0.000000 0.000000 1.000000 0.000000 0.000000
4.000000 44.190124 17.463230 0.249547 3.535354 0.000000 0.000000 0.000000 1.000000 0.000000 0.000000
4.000000 44.200183 17.304882 0.260343 3.556631 0.000000 0.000000 0.000000 1.000000 0.000000 0.000000
4.000000 44.210056 17.221934 0.270320 3.583313 0.000000 0.000000 0.000000 1.000000 0.000000 0.000000
4.000000 44.220163 17.070683 0.284616 3.600394 0.000000 0.000000 0.000000 1.000000 0.000000 0.000000
4.000000 44.230042 16.949270 0.284196 3.630727 0.000000 0.000000 0.000000 1.000000 0.000000 0.000000
4.000000 44.240295 16.855240 0.292156 3.648457 0.000000 0.000000 0.000000 1.000000 0.000000 0.000000
4.000000 44.245993 16.684548 0.355743 3.716484 0.000000 0.000000 0.000000 1.000000 0.000000 0.000000
4.000000 44.250075 16.739689 0.310455 3.660985 0.000000 0.000000 0.000000 1.000000 0.000000 0.000000
4.000000 44.260192 16.634255 0.318724 3.684215 0.000000 0.000000 0.000000 1.000000 0.000000 0.000000
4.000000 44.270229 16.511553 0.322395 3.703644 0.000000 0.000000 0.000000 1.000000 0.000000 0.000000
4.000000 44.280349 16.400024 0.336692 3.720928 0.000000 0.000000 0.000000 1.000000 0.000000 0.000000
4.000000 44.320311 15.962459 0.365895 3.749939 0.000000 0.000000 0.000000 1.000000 0.000000 0.000000
4.000000 44.350106 15.643777 0.396343 3.792278 0.000000 0.000000 0.000000 1.000000 0.000000 0.000000
4.000000 44.360260 15.502859 0.403832 3.790392 0.000000 0.000000 0.000000 1.000000 0.000000 0.000000
4.000000 44.370121 15.400877 0.418712 3.791029 0.000000 0.000000 0.000000 1.000000 0.000000 0.000000
4.000000 44.390175 15.136238 0.443450 3.816556 0.000000 0.000000 0.000000 1.000000 0.000000 0.000000
4.000000 44.410150 14.939109 0.455213 3.821416 0.000000 0.000000 0.000000 1.000000 0.000000 0.000000
4.000000 44.420242 14.839495 0.466311 3.820627 0.000000 0.000000 0.000000 1.000000 0.000000 0.000000
4.000000 44.430174 14.722491 0.468356 3.812600 0.000000 0.000000 0.000000 1.000000 0.000000 0.000000
4.000000 44.440218 14.625313 0.473015 3.819124 0.000000 0.000000 0.000000 1.000000 0.000000 0.000000
4.000000 44.450216 14.509435 0.484045 3.811644 0.000000 0.000000 0.000000 1.000000 0.000000 0.000000
4.000000 44.460567 14.394900 0.491874 3.800006 0.000000 0.000000 0.000000 1.000000 0.000000 0.000000
4.000000 44.470226 14.271814 0.503952 3.800167 0.000000 0.000000 0.000000 1.000000 0.000000 0.000000
4.000000 44.480249 14.160052 0.508508 3.804676 0.000000 0.000000 0.000000 1.000000 0.000000 0.000000
4.000000 44.490191 14.037274 0.518496 3.790415 0.000000 0.000000 0.000000 1.000000 0.000000 0.000000
4.000000 44.500324 13.944548 0.518397 3.786161 0.000000 0.000000 0.000000 1.000000 0.000000 0.000000
4.000000 44.508998 14.002611 0.594900 3.749654 0.000000 0.000000 0.000000 1.000000 0.000000 0.000000
4.000000 44.510206 13.849865 0.531470 3.777187 0.000000 0.000000 0.000000 1.000000 0.000000 0.000000
4.000000 44.520261 13.734630 0.542965 3.771729 0.000000 0.000000 0.000000 1.000000 0.000000 0.000000
4.000000 44.530359 13.656807 0.539245 3.760376 0.000000 0.000000 0.000000 1.000000 0.000000 0.000000
4.000000 44.540270 13.517181 0.555861 3.755918 0.000000 0.000000 0.000000 1.000000 0.000000 0.000000
4.000000 44.550251 13.398453 0.566841 3.753306 0.000000 0.000000 0.000000 1.000000 0.000000 0.000000
4.000000 44.560254 13.292515 0.572498 3.737265 0.000000 0.000000 0.000000 1.000000 0.000000 0.000000
4.000000 44.570213 13.190764 0.575283 3.729130 0.000000 0.000000 0.000000 1.000000 0.000000 0.000000
4.000000 44.580212 13.094134 0.587319 3.715534 0.000000 0.000000 0.000000 1.000000 0.000000 0.000000
4.000000 44.590223 12.968979 0.595153 3.700789 0.000000 0.000000 0.000000 1.000000 0.000000 0.000000
4.000000 44.600321 12.869639 0.601384 3.684048 0.000000 0.000000 0.000000 1.000000 0.000000 0.000000
4.000000 44.610246 12.761188 0.612164 3.669999 0.000000 0.000000 0.000000 1.000000 0.000000 0.000000
4.000000 44.620413 12.664803 0.624018 3.657196 0.000000 0.000000 0.000000 1.000000 0.000000 0.000000
4.000000 44.630214 12.555076 0.627818 3.629126 0.000000 0.000000 0.000000 1.000000 0.000000 0.000000
4.000000 44.633149 11.470322 0.841035 3.576958 0.000000 0.000000 0.000000 1.000000 0.000000 0.000000
4.000000 44.636013 11.817401 0.665989 3.587868 0.000000 0.000000 0.000000 1.000000 0.000000 0.000000
4.000000 44.640341 12.430873 0.640015 3.614348 0.000000 0.000000 0.000000 1.000000 0.000000 0.000000
4.000000 44.643087 11.344742 0.851103 3.561838 0.000000 0.000000 0.000000 1.000000 0.000000 0.000000
4.000000 44.650402 12.333393 0.645776 3.593999 0.000000 0.000000 0.000000 1.000000 0.000000 0.000000
4.000000 44.653064 11.260362 0.854423 3.545340 0.000000 0.000000 0.000000 1.000000 0.000000 0.000000
4.000000 44.660385 12.226288 0.651501 3.572239 0.000000 0.000000 0.000000 1.000000 0.000000 0.000000
4.000000 44.663127 11.231828 0.845559 3.530362 0.000000 0.000000 0.000000 1.000000 0.000000 0.000000
4.000000 44.670305 12.122082 0.661146 3.544472 0.000000 0.000000 0.000000 1.000000 0.000000 0.000000
4.000000 44.673107 11.087318 0.861797 3.496322 0.000000 0.000000 0.000000 1.000000 0.000000 0.000000
4.000000 44.680387 12.030978 0.662656 3.509321 0.000000 0.000000 0.000000 1.000000 0.000000 0.000000
4.000000 44.683223 10.987056 0.865534 3.475841 0.000000 0.000000 0.000000 1.000000 0.000000 0.000000
4.000000 44.690187 11.899887 0.656285 3.498203 0.000000 0.000000 0.000000 1.000000 0.000000 0.000000
4.000000 44.693103 10.959556 0.836483 3.462097 0.000000 0.000000 0.000000 1.000000 0.000000 0.000000
4.000000 44.700283 11.794904 0.680977 3.465758 0.000000 0.000000 0.000000 1.000000 0.000000 0.000000
4.000000 44.703206 10.788238 0.873925 3.422603 0.000000 0.000000 0.000000 1.000000 0.000000 0.000000
4.000000 44.710244 11.683153 0.685971 3.437122 0.000000 0.000000 0.000000 1.000000 0.000000 0.000000
4.000000 44.713050 10.699960 0.873768 3.395269 0.000000 0.000000 0.000000 1.000000 0.000000 0.000000
4.000000 44.720331 11.583702 0.691581 3.408715 0.000000 0.000000 0.000000 1.000000 0.000000 0.000000
4.000000 44.723263 10.592834 0.880943 3.367334 0.000000 0.000000 0.000000 1.000000 0.000000 0.000000
4.000000 44.730314 11.479943 0.697684 3.368785 0.000000 0.000000 0.000000 1.000000 0.000000 0.000000
4.000000 44.733106 10.498498 0.886015 3.333357 0.000000 0.000000 0.000000 1.000000 0.000000 0.000000
4.000000 44.740334 11.370126 0.708938 3.348761 0.000000 0.000000 0.000000 1.000000 0.000000 0.000000
4.000000 44.743199 10.378191 0.898628 3.304402 0.000000 0.000000 0.000000 1.000000 0.000000 0.000000
4.000000 44.750265 11.263917 0.713916 3.319366 0.000000 0.000000 0.000000 1.000000 0.000000 0.000000
4.000000 44.753145 10.294425 0.899267 3.272674 0.000000 0.000000 0.000000 1.000000 0.000000 0.000000
4.000000 44.760284 11.155798 0.716891 3.284971 0.000000 0.000000 0.000000 1.000000 0.000000 0.000000
4.000000 44.763383 10.216484 0.896570 3.242970 0.000000 0.000000 0.000000 1.000000 0.000000 0.000000
4.000000 44.770257 11.059014 0.725253 3.253406 0.000000 0.000000 0.000000 1.000000 0.000000 0.000000
4.000000 44.773167 10.108418 0.906246 3.207262 0.000000 0.000000 0.000000 1.000000 0.000000 0.000000
4.000000 44.776078 10.389179 0.770090 3.206283 0.000000 0.000000 0.000000 1.000000 0.000000 0.000000
4.000000 44.780351 10.967813 0.724775 3.212463 0.000000 0.000000 0.000000 1.000000 0.000000 0.000000
4.000000 44.783128 10.020156 0.907646 3.173616 0.000000 0.000000 0.000000 1.000000 0.000000 0.000000
4.000000 44.790275 10.824482 0.725848 3.186666 0.000000 0.000000 0.000000 1.000000 0.000000 0.000000
4.000000 44.793166 9.967725 0.889452 3.142072 0.000000 0.000000 0.000000 1.000000 0.000000 0.000000
4.000000 44.800403 10.711416 0.727832 3.149886 0.000000 0.000000 0.000000 1.000000 0.000000 0.000000
4.000000 44.803203 9.869319 0.888910 3.105481 0.000000 0.000000 0.000000 1.000000 0.000000 0.000000
4.000000 44.810281 10.602718 0.736440 3.113508 0.000000 0.000000 0.000000 1.000000 0.000000 0.000000
4.000000 44.813179 9.805983 0.888438 3.067536 0.000000 0.000000 0.000000 1.000000 0.000000 0.000000
4.000000 44.820325 10.522196 0.752286 3.074291 0.000000 0.000000 0.000000 1.000000 0.000000 0.000000
4.000000 44.823267 9.626958 0.922323 3.023553 0.000000 0.000000 0.000000 1.000000 0.000000 0.000000
4.000000 44.830261 10.422599 0.744773 3.036709 0.000000 0.000000 0.000000 1.000000 0.000000 0.000000
4.000000 44.833135 9.589193 0.902929 2.986374 0.000000 0.000000 0.000000 1.000000 0.000000 0.000000
4.000000 44.840538 10.300441 0.753762 2.999410 0.000000 0.000000 0.000000 1.000000 0.000000 0.000000
4.000000 44.843252 9.493803 0.907084 2.946828 0.000000 0.000000 0.000000 1.000000 0.000000 0.000000
4.000000 44.850463 10.217461 0.778933 2.953517 0.000000 0.000000 0.000000 1.000000 0.000000 0.000000
4.000000 44.853135 9.311945 0.951180 2.896998 0.000000 0.000000 0.000000 1.000000 0.000000 0.000000
4.000000 44.860291 10.115014 0.777497 2.904124 0.000000 0.000000 0.000000 1.000000 0.000000 0.000000
4.000000 44.863247 9.288142 0.935221 2.849978 0.000000 0.000000 0.000000 1.000000 0.000000 0.000000
4.000000 44.870451 10.038568 0.792073 2.869187 0.000000 0.000000 0.000000 1.000000 0.000000 0.000000
4.000000 44.873157 9.126259 0.966067 2.810217 0.000000 0.000000 0.000000 1.000000 0.000000 0.000000
4.000000 44.880409 9.917975 0.780896 2.813300 0.000000 0.000000 0.000000 1.000000 0.000000 0.000000
4.000000 44.883197 9.082182 0.941569 2.766078 0.000000 0.000000 0.000000 1.000000 0.000000 0.000000
4.000000 44.890402 9.816375 0.795203 2.775039 0.000000 0.000000 0.000000 1.000000 0.000000 0.000000
4.000000 44.893193 8.964560 0.957062 2.719216 0.000000 0.000000 0.000000 1.000000 0.000000 0.000000
4.000000 44.900664 9.713635 0.802345 2.727145 0.000000 0.000000 0.000000 1.000000 0.000000 0.000000
4.000000 44.903177 8.863603 0.963559 2.669542 0.000000 0.000000 0.000000 1.000000 0.000000 0.000000
4.000000 44.910533 9.599585 0.798149 2.677602 0.000000 0.000000 0.000000 1.000000 0.000000 0.000000
4.000000 44.913187 8.826921 0.947283 2.629484 0.000000 0.000000 0.000000 1.000000 0.000000 0.000000
4.000000 44.920487 9.509484 0.810872 2.630339 0.000000 0.000000 0.000000 1.000000 0.000000 0.000000
4.000000 44.923288 8.710051 0.964889 2.578739 0.000000 0.000000 0.000000 1.000000 0.000000 0.000000
4.000000 44.930480 9.418527 0.814269 2.579772 0.000000 0.000000 0.000000 1.000000 0.000000 0.000000
4.000000 44.933122 8.594637 0.974029 2.527899 0.000000 0.000000 0.000000 1.000000 0.000000 0.000000
4.000000 44.940500 9.274590 0.805830 2.538206 0.000000 0.000000 0.000000 1.000000 0.000000 0.000000
4.000000 44.943299 8.573101 0.942876 2.486856 0.000000 0.000000 0.000000 1.000000 0.000000 0.000000
4.000000 44.950582 9.184190 0.813860 2.493545 0.000000 0.000000 0.000000 1.000000 0.000000 0.000000
4.000000 44.953170 8.500543 0.946649 2.439578 0.000000 0.000000 0.000000 1.000000 0.000000 0.000000
4.000000 44.960613 9.077716 0.818384 2.439623 0.000000 0.000000 0.000000 1.000000 0.000000 0.000000
4.000000 44.963236 8.451942 0.941377 2.386141 0.000000 0.000000 0.000000 1.000000 0.000000 0.000000
4.000000 44.970385 8.989547 0.822838 2.382783 0.000000 0.000000 0.000000 1.000000 0.000000 0.000000
4.000000 44.973179 8.310330 0.956823 2.332353 0.000000 0.000000 0.000000 1.000000 0.000000 0.000000
4.000000 44.980341 8.895925 0.825587 2.335284 0.000000 0.000000 0.000000 1.000000 0.000000 0.000000
4.000000 44.983304 8.215312 0.959204 2.276520 0.000000 0.000000 0.000000 1.000000 0.000000 0.000000
4.000000 44.990341 8.783932 0.836876 2.285086 0.000000 0.000000 0.000000 1.000000 0.000000 0.000000
4.000000 44.993211 8.120065 0.966487 2.222421 0.000000 0.000000 0.000000 1.000000 0.000000 0.000000
4.000000 45.000434 8.677090 0.833913 2.224889 0.000000 0.000000 0.000000 1.000000 0.000000 0.000000
4.000000 45.003334 8.069964 0.956460 2.173786 0.000000 0.000000 0.000000 1.000000 0.000000 0.000000
4.000000 45.006238 8.183218 0.912406 2.148789 0.000000 0.000000 0.000000 1.000000 0.000000 0.000000
4.000000 45.010385 8.595905 0.850602 2.163737 0.000000 0.000000 0.000000 1.000000 0.000000 0.000000
4.000000 45.013217 7.910748 0.984790 2.098662 0.000000 0.000000 0.000000 1.000000 0.000000 0.000000
4.000000 45.020482 8.503191 0.860274 2.107825 0.000000 0.000000 0.000000 1.000000 0.000000 0.000000
4.000000 45.023320 7.844723 0.991459 2.050543 0.000000 0.000000 0.000000 1.000000 0.000000 0.000000
4.000000 45.030364 8.399567 0.867534 2.048333 0.000000 0.000000 0.000000 1.000000 0.000000 0.000000
4.000000 45.033193 7.750664 0.994204 1.981673 0.000000 0.000000 0.000000 1.000000 0.000000 0.000000
4.000000 45.040393 8.300449 0.867337 1.990658 0.000000 0.000000 0.000000 1.000000 0.000000 0.000000
4.000000 45.043292 7.655198 0.994944 1.926763 0.000000 0.000000 0.000000 1.000000 0.000000 0.000000
4.000000 45.050457 8.190638 0.863801 1.921602 0.000000 0.000000 0.000000 1.000000 0.000000 0.000000
4.000000 45.053345 7.599904 0.982037 1.865558 0.000000 0.000000 0.000000 1.000000 0.000000 0.000000
4.000000 45.060446 8.080830 0.865242 1.877257 0.000000 0.000000 0.000000 1.000000 0.000000 0.000000
4.000000 45.063514 7.601899 0.961267 1.812406 0.000000 0.000000 0.000000 1.000000 0.000000 0.000000
4.000000 45.070469 8.000707 0.877723 1.808519 0.000000 0.000000 0.000000 1.000000 0.000000 0.000000
4.000000 45.073287 7.455935 0.986779 1.744817 0.000000 0.000000 0.000000 1.000000 0.000000 0.000000
4.000000 45.080432 7.894929 0.875014 1.739334 0.000000 0.000000 0.000000 1.000000 0.000000 0.000000
4.000000 45.083366 7.382661 0.981222 1.682714 0.000000 0.000000 0.000000 1.000000 0.000000 0.000000
4.000000 45.090449 7.827370 0.886410 1.675398 0.000000 0.000000 0.000000 1.000000 0.000000 0.000000
4.000000 45.093241 7.244589 1.002297 1.609153 0.000000 0.000000 0.000000 1.000000 0.000000 0.000000
4.000000 45.100575 7.704683 0.896040 1.619122 0.000000 0.000000 0.000000 1.000000 0.000000 0.000000
4.000000 45.103302 7.175390 0.997316 1.542512 0.000000 0.000000 0.000000 1.000000 0.000000 0.000000
4.000000 45.110442 7.624741 0.909071 1.565016 0.000000 0.000000 0.000000 1.000000 0.000000 0.000000
4.000000 45.113235 7.041808 1.022655 1.481175 0.000000 0.000000 0.000000 1.000000 0.000000 0.000000
4.000000 45.116248 7.195818 0.977251 1.475212 0.000000 0.000000 0.000000 1.000000 0.000000 0.000000
4.000000 45.120539 7.527899 0.916199 1.491915 0.000000 0.000000 0.000000 1.000000 0.000000 0.000000
4.000000 45.123378 6.965815 1.026558 1.412090 0.000000 0.000000 0.000000 1.000000 0.000000 0.000000
4.000000 45.130376 7.436380 0.909682 1.423946 0.000000 0.000000 0.000000 1.000000 0.000000 0.000000
4.000000 45.133276 6.934233 1.009191 1.346966 0.000000 0.000000 0.000000 1.000000 0.000000 0.000000
4.000000 45.140657 7.336545 0.926126 1.360107 0.000000 0.000000 0.000000 1.000000 0.000000 0.000000
4.000000 45.143332 6.790987 1.033081 1.273731 0.000000 0.000000 0.000000 1.000000 0.000000 0.000000
4.000000 45.150564 7.211720 0.919067 1.288495 0.000000 0.000000 0.000000 1.000000 0.000000 0.000000
4.000000 45.153327 6.736496 1.016858 1.215349 0.000000 0.000000 0.000000 1.000000 0.000000 0.000000
4.000000 45.160530 7.143152 0.928222 1.226224 0.000000 0.000000 0.000000 1.000000 0.000000 0.000000
4.000000 45.163362 6.705031 1.018007 1.150130 0.000000 0.000000 0.000000 1.000000 0.000000 0.000000
4.000000 45.170537 7.045610 0.945703 1.158546 0.000000 0.000000 0.000000 1.000000 0.000000 0.000000
4.000000 45.173280 6.555591 1.045954 1.080636 0.000000 0.000000 0.000000 1.000000 0.000000 0.000000
4.000000 45.180527 6.927212 0.933352 1.083216 0.000000 0.000000 0.000000 1.000000 0.000000 0.000000
4.000000 45.183357 6.525787 1.020763 1.021684 0.000000 0.000000 0.000000 1.000000 0.000000 0.000000
4.000000 45.190614 6.861512 0.951947 1.014686 0.000000 0.000000 0.000000 1.000000 0.000000 0.000000
4.000000 45.193256 6.363678 1.053792 0.933717 0.000000 0.000000 0.000000 1.000000 0.000000 0.000000
4.000000 45.200603 6.741946 0.936447 0.946079 0.000000 0.000000 0.000000 1.000000 0.000000 0.000000
4.000000 45.203372 6.399421 1.010096 0.878329 0.000000 0.000000 0.000000 1.000000 0.000000 0.000000
4.000000 45.210603 6.651515 0.945464 0.872840 0.000000 0.000000 0.000000 1.000000 0.000000 0.000000
4.000000 45.213267 6.264343 1.026495 0.793106 0.000000 0.000000 0.000000 1.000000 0.000000 0.000000
4.000000 45.220731 6.571230 0.949760 0.795577 0.000000 0.000000 0.000000 1.000000 0.000000 0.000000
4.000000 45.223375 6.204933 1.027658 0.725188 0.000000 0.000000 0.000000 1.000000 0.000000 0.000000
4.000000 45.230544 6.487180 0.954478 0.713749 0.000000 0.000000 0.000000 1.000000 0.000000 0.000000
4.000000 45.233294 6.089745 1.041545 0.644519 0.000000 0.000000 0.000000 1.000000 0.000000 0.000000
4.000000 45.240624 6.383413 0.963867 0.645331 0.000000 0.000000 0.000000 1.000000 0.000000 0.000000
4.000000 45.243373 6.027437 1.039992 0.571463 0.000000 0.000000 0.000000 1.000000 0.000000 0.000000
4.000000 45.250508 6.302832 0.978066 0.564497 0.000000 0.000000 0.000000 1.000000 0.000000 0.000000
4.000000 45.253402 5.877561 1.065741 0.481044 0.000000 0.000000 0.000000 1.000000 0.000000 0.000000
4.000000 45.260649 6.195713 0.964246 0.489591 0.000000 0.000000 0.000000 1.000000 0.000000 0.000000
4.000000 45.263386 5.919601 1.025694 0.421289 0.000000 0.000000 0.000000 1.000000 0.000000 0.000000
4.000000 45.270512 6.120216 0.983383 0.406682 0.000000 0.000000 0.000000 1.000000 0.000000 0.000000
4.000000 45.273280 5.756210 1.059064 0.325970 0.000000 0.000000 0.000000 1.000000 0.000000 0.000000
4.000000 45.280582 6.034028 0.984178 0.320594 0.000000 0.000000 0.000000 1.000000 0.000000 0.000000
4.000000 45.283405 5.650582 1.068675 0.244876 0.000000 0.000000 0.000000 1.000000 0.000000 0.000000
4.000000 45.290534 5.928537 0.978802 0.250361 0.000000 0.000000 0.000000 1.000000 0.000000 0.000000
4.000000 45.293292 5.681569 1.034920 0.185894 0.000000 0.000000 0.000000 1.000000 0.000000 0.000000
4.000000 45.300623 5.826456 0.983813 0.174334 0.000000 0.000000 0.000000 1.000000 0.000000 0.000000
4.000000 45.303373 5.616687 1.036132 0.131279 0.000000 0.000000 0.000000 1.000000 0.000000 0.000000
4.000000 45.310453 5.781474 0.986666 0.215176 0.000000 0.000000 0.000000 1.000000 0.000000 0.000000
4.000000 45.313292 5.546362 1.045581 0.176118 0.000000 0.000000 0.000000 1.000000 0.000000 0.000000
4.000000 45.320663 5.741228 0.989941 0.274052 0.000000 0.000000 0.000000 1.000000 0.000000 0.000000
4.000000 45.323382 5.442603 1.059328 0.229143 0.000000 0.000000 0.000000 1.000000 0.000000 0.000000
4.000000 45.330659 5.707358 1.001196 0.332194 0.000000 0.000000 0.000000 1.000000 0.000000 0.000000
4.000000 45.333334 5.382787 1.077418 0.283697 0.000000 0.000000 0.000000 1.000000 0.000000 0.000000
4.000000 45.336266 5.527020 1.075934 0.313450 0.000000 0.000000 0.000000 1.000000 0.000000 0.000000
4.000000 45.340693 5.655365 0.992279 0.392573 0.000000 0.000000 0.000000 1.000000 0.000000 0.000000
4.000000 45.343395 5.383763 1.056959 0.350055 0.000000 0.000000 0.000000 1.000000 0.000000 0.000000
4.000000 45.350637 5.599188 0.992685 0.451119 0.000000 0.000000 0.000000 1.000000 0.000000 0.000000
4.000000 45.353485 5.351005 1.054237 0.410700 0.000000 0.000000 0.000000 1.000000 0.000000 0.000000
4.000000 45.360612 5.548604 0.987048 0.508365 0.000000 0.000000 0.000000 1.000000 0.000000 0.000000
4.000000 45.363398 5.381080 1.035332 0.481913 0.000000 0.000000 0.000000 1.000000 0.000000 0.000000
4.000000 45.370516 5.507127 0.987067 0.561472 0.000000 0.000000 0.000000 1.000000 0.000000 0.000000
4.000000 45.373361 5.307243 1.040616 0.527645 0.000000 0.000000 0.000000 1.000000 0.000000 0.000000
4.000000 45.380648 5.522284 1.039611 0.608413 0.000000 0.000000 0.000000 1.000000 0.000000 0.000000
4.000000 45.383421 4.981868 1.153363 0.535737 0.000000 0.000000 0.000000 1.000000 0.000000 0.000000
4.000000 45.390598 5.416679 0.993007 0.666620 0.000000 0.000000 0.000000 1.000000 0.000000 0.000000
4.000000 45.393317 5.213625 1.045857 0.632887 0.000000 0.000000 0.000000 1.000000 0.000000 0.000000
4.000000 45.400630 5.376076 0.993438 0.718055 0.000000 0.000000 0.000000 1.000000 0.000000 0.000000
4.000000 45.403474 5.159300 1.047955 0.680783 0.000000 0.000000 0.000000 1.000000 0.000000 0.000000
4.000000 45.410626 5.350259 1.011540 0.756421 0.000000 0.000000 0.000000 1.000000 0.000000 0.000000
4.000000 45.413359 5.018904 1.083343 0.707955 0.000000 0.000000 0.000000 1.000000 0.000000 0.000000
4.000000 45.420704 5.340001 1.045341 0.803881 0.000000 0.000000 0.000000 1.000000 0.000000 0.000000
4.000000 45.423437 4.832097 1.148638 0.739608 0.000000 0.000000 0.000000 1.000000 0.000000 0.000000
4.000000 45.430605 5.266674 1.017928 0.854096 0.000000 0.000000 0.000000 1.000000 0.000000 0.000000
4.000000 45.433326 4.953246 1.089059 0.811413 0.000000 0.000000 0.000000 1.000000 0.000000 0.000000
4.000000 45.440613 5.213263 1.017924 0.903217 0.000000 0.000000 0.000000 1.000000 0.000000 0.000000
4.000000 45.443443 4.934719 1.082011 0.863258 0.000000 0.000000 0.000000 1.000000 0.000000 0.000000
4.000000 45.446488 4.985086 1.100371 0.859565 0.000000 0.000000 0.000000 1.000000 0.000000 0.000000
4.000000 45.450564 5.197599 1.034020 0.950619 0.000000 0.000000 0.000000 1.000000 0.000000 0.000000
4.000000 45.453519 4.777021 1.121952 0.890819 0.000000 0.000000 0.000000 1.000000 0.000000 0.000000
4.000000 45.460632 5.151206 1.038831 0.981817 0.000000 0.000000 0.000000 1.000000 0.000000 0.000000
4.000000 45.463476 4.748313 1.119488 0.911442 0.000000 0.000000 0.000000 1.000000 0.000000 0.000000
4.000000 45.470486 5.105420 1.036347 1.024891 0.000000 0.000000 0.000000 1.000000 0.000000 0.000000
4.000000 45.473399 4.716976 1.114983 0.964802 0.000000 0.000000 0.000000 1.000000 0.000000 0.000000
4.000000 45.480636 5.059874 1.032632 1.067038 0.000000 0.000000 0.000000 1.000000 0.000000 0.000000
4.000000 45.483479 4.693876 1.107997 1.012123 0.000000 0.000000 0.000000 1.000000 0.000000 0.000000
4.000000 45.486512 4.803793 1.102743 1.013130 0.000000 0.000000 0.000000 1.000000 0.000000 0.000000
4.000000 45.490670 5.028516 1.053411 1.111446 0.000000 0.000000 0.000000 1.000000 0.000000 0.000000
4.000000 45.493412 4.536494 1.149320 1.039989 0.000000 0.000000 0.000000 1.000000 0.000000 0.000000
4.000000 45.500669 4.980315 1.047221 1.145952 0.000000 0.000000 0.000000 1.000000 0.000000 0.000000
4.000000 45.503429 4.527788 1.134571 1.081347 0.000000 0.000000 0.000000 1.000000 0.000000 0.000000
4.000000 45.510563 4.956303 1.067210 1.187685 0.000000 0.000000 0.000000 1.000000 0.000000 0.000000
4.000000 45.513411 4.393554 1.174454 1.114617 0.000000 0.000000 0.000000 1.000000 0.000000 0.000000
4.000000 45.520658 4.887489 1.043112 1.222066 0.000000 0.000000 0.000000 1.000000 0.000000 0.000000
4.000000 45.523442 4.483317 1.122505 1.164951 0.000000 0.000000 0.000000 1.000000 0.000000 0.000000
4.000000 45.530763 4.861994 1.060967 1.261628 0.000000 0.000000 0.000000 1.000000 0.000000 0.000000
4.000000 45.533373 4.310359 1.168765 1.194946 0.000000 0.000000 0.000000 1.000000 0.000000 0.000000
4.000000 45.540931 4.806194 1.064237 1.296085 0.000000 0.000000 0.000000 1.000000 0.000000 0.000000
4.000000 45.543478 4.315935 1.158168 1.229968 0.000000 0.000000 0.000000 1.000000 0.000000 0.000000
4.000000 45.550572 4.772025 1.067865 1.330309 0.000000 0.000000 0.000000 1.000000 0.000000 0.000000
4.000000 45.553384 4.246658 1.168713 1.265556 0.000000 0.000000 0.000000 1.000000 0.000000 0.000000
4.000000 45.560601 4.740439 1.073960 1.362626 0.000000 0.000000 0.000000 1.000000 0.000000 0.000000
4.000000 45.563565 4.190991 1.178735 1.298279 0.000000 0.000000 0.000000 1.000000 0.000000 0.000000
4.000000 45.570638 4.660648 1.046244 1.401787 0.000000 0.000000 0.000000 1.000000 0.000000 0.000000
4.000000 45.573435 4.293276 1.120471 1.352180 0.000000 0.000000 0.000000 1.000000 0.000000 0.000000
4.000000 45.580641 4.639434 1.055886 1.423298 0.000000 0.000000 0.000000 1.000000 0.000000 0.000000
4.000000 45.583518 4.188234 1.144705 1.372323 0.000000 0.000000 0.000000 1.000000 0.000000 0.000000
4.000000 45.590633 4.607679 1.082066 1.458408 0.000000 0.000000 0.000000 1.000000 0.000000 0.000000
4.000000 45.593423 4.058604 1.185933 1.393978 0.000000 0.000000 0.000000 1.000000 0.000000 0.000000
4.000000 45.600762 4.551600 1.064798 1.482669 0.000000 0.000000 0.000000 1.000000 0.000000 0.000000
4.000000 45.603517 4.096597 1.151075 1.425974 0.000000 0.000000 0.000000 1.000000 0.000000 0.000000
4.000000 45.610639 4.518806 1.067466 1.519655 0.000000 0.000000 0.000000 1.000000 0.000000 0.000000
4.000000 45.613440 4.035606 1.158310 1.457499 0.000000 0.000000 0.000000 1.000000 0.000000 0.000000
4.000000 45.620606 4.446736 1.035670 1.542857 0.000000 0.000000 0.000000 1.000000 0.000000 0.000000
4.000000 45.623840 4.156844 1.096528 1.503434 0.000000 0.000000 0.000000 1.000000 0.000000 0.000000
4.000000 45.630584 4.428682 1.056239 1.558920 0.000000 0.000000 0.000000 1.000000 0.000000 0.000000
4.000000 45.633478 4.021499 1.134984 1.510973 0.000000 0.000000 0.000000 1.000000 0.000000 0.000000
4.000000 45.640718 4.416093 1.063893 1.585975 0.000000 0.000000 0.000000 1.000000 0.000000 0.000000
4.000000 45.643565 3.931022 1.158843 1.539759 0.000000 0.000000 0.000000 1.000000 0.000000 0.000000
4.000000 45.653540 3.889653 1.155746 1.566525 0.000000 0.000000 0.000000 1.000000 0.000000 0.000000
4.000000 45.663864 3.885454 1.151635 1.589222 0.000000 0.000000 0.000000 1.000000 0.000000 0.000000
4.000000 45.673573 3.791510 1.161964 1.609689 0.000000 0.000000 0.000000 1.000000 0.000000 0.000000
4.000000 45.683591 3.774012 1.153352 1.628992 0.000000 0.000000 0.000000 1.000000 0.000000 0.000000
4.000000 45.693503 3.799071 1.127292 1.654539 0.000000 0.000000 0.000000 1.000000 0.000000 0.000000
4.000000 45.703607 3.761041 1.128339 1.673156 0.000000 0.000000 0.000000 1.000000 0.000000 0.000000
4.000000 45.713513 3.752087 1.121576 1.694011 0.000000 0.000000 0.000000 1.000000 0.000000 0.000000
4.000000 45.723658 3.665277 1.138071 1.704396 0.000000 0.000000 0.000000 1.000000 0.000000 0.000000
4.000000 45.733535 3.630315 1.135879 1.718953 0.000000 0.000000 0.000000 1.000000 0.000000 0.000000
4.000000 45.743638 3.615994 1.123310 1.744119 0.000000 0.000000 0.000000 1.000000 0.000000 0.000000
4.000000 45.753553 3.500598 1.156420 1.743225 0.000000 0.000000 0.000000 1.000000 0.000000 0.000000
4.000000 45.763695 3.619349 1.113990 1.765438 0.000000 0.000000 0.000000 1.000000 0.000000 0.000000
4.000000 45.773458 3.440053 1.154624 1.766585 0.000000 0.000000 0.000000 1.000000 0.000000 0.000000
4.000000 45.783490 3.437691 1.142421 1.779519 0.000000 0.000000 0.000000 1.000000 0.000000 0.000000
4.000000 45.793486 3.354072 1.152096 1.784119 0.000000 0.000000 0.000000 1.000000 0.000000 0.000000
4.000000 45.803604 3.373644 1.127211 1.801797 0.000000 0.000000 0.000000 1.000000 0.000000 0.000000
4.000000 45.813524 3.255630 1.161028 1.796934 0.000000 0.000000 0.000000 1.000000 0.000000 0.000000
4.000000 45.823619 3.345087 1.116800 1.814858 0.000000 0.000000 0.000000 1.000000 0.000000 0.000000
4.000000 45.833637 3.228261 1.145465 1.811072 0.000000 0.000000 0.000000 1.000000 0.000000 0.000000
4.000000 45.843630 3.156500 1.153757 1.816277 0.000000 0.000000 0.000000 1.000000 0.000000 0.000000
4.000000 45.853618 3.113224 1.157026 1.816263 0.000000 0.000000 0.000000 1.000000 0.000000 0.000000
4.000000 45.863686 3.164623 1.123846 1.822280 0.000000 0.000000 0.000000 1.000000 0.000000 0.000000
4.000000 45.873591 3.067182 1.141602 1.816867 0.000000 0.000000 0.000000 1.000000 0.000000 0.000000
4.000000 45.883692 3.019316 1.149604 1.817672 0.000000 0.000000 0.000000 1.000000 0.000000 0.000000
4.000000 45.893524 2.891987 1.178987 1.795069 0.000000 0.000000 0.000000 1.000000 0.000000 0.000000
4.000000 45.903553 3.012910 1.128740 1.812376 0.000000 0.000000 0.000000 1.000000 0.000000 0.000000
4.000000 45.913646 2.906626 1.152138 1.805777 0.000000 0.000000 0.000000 1.000000 0.000000 0.000000
4.000000 45.923722 2.893562 1.141352 1.800291 0.000000 0.000000 0.000000 1.000000 0.000000 0.000000
4.000000 45.933626 2.858393 1.134120 1.795893 0.000000 0.000000 0.000000 1.000000 0.000000 0.000000
4.000000 45.936554 2.776147 1.165139 1.720755 0.000000 0.000000 0.000000 1.000000 0.000000 0.000000
4.000000 45.943698 2.882195 1.123264 1.790631 0.000000 0.000000 0.000000 1.000000 0.000000 0.000000
4.000000 45.953647 2.814462 1.128357 1.780652 0.000000 0.000000 0.000000 1.000000 0.000000 0.000000
4.000000 45.963723 2.689773 1.163814 1.764632 0.000000 0.000000 0.000000 1.000000 0.000000 0.000000
4.000000 45.973655 2.640049 1.167639 1.748532 0.000000 0.000000 0.000000 1.000000 0.000000 0.000000
4.000000 45.983812 2.684124 1.137545 1.749097 0.000000 0.000000 0.000000 1.000000 0.000000 0.000000
4.000000 45.993671 2.686957 1.126351 1.738785 0.000000 0.000000 0.000000 1.000000 0.000000 0.000000
4.000000 45.996613 2.558228 1.173812 1.652713 0.000000 0.000000 0.000000 1.000000 0.000000 0.000000
4.000000 46.003729 2.641948 1.127379 1.726324 0.000000 0.000000 0.000000 1.000000 0.000000 0.000000
4.000000 46.013645 2.387813 1.207362 1.683560 0.000000 0.000000 0.000000 1.000000 0.000000 0.000000
4.000000 46.023650 2.520816 1.146474 1.695781 0.000000 0.000000 0.000000 1.000000 0.000000 0.000000
4.000000 46.033684 2.395942 1.178489 1.665110 0.000000 0.000000 0.000000 1.000000 0.000000 0.000000
4.000000 46.036591 2.397355 1.178034 1.591458 0.000000 0.000000 0.000000 1.000000 0.000000 0.000000
4.000000 46.043711 2.312121 1.192348 1.642493 0.000000 0.000000 0.000000 1.000000 0.000000 0.000000
4.000000 46.053644 2.400192 1.150505 1.631173 0.000000 0.000000 0.000000 1.000000 0.000000 0.000000
4.000000 46.063712 2.380186 1.145528 1.612406 0.000000 0.000000 0.000000 1.000000 0.000000 0.000000
4.000000 46.073730 2.357251 1.141114 1.594240 0.000000 0.000000 0.000000 1.000000 0.000000 0.000000
4.000000 46.083712 2.263295 1.169789 1.558595 0.000000 0.000000 0.000000 1.000000 0.000000 0.000000
4.000000 46.093744 2.171092 1.186629 1.538629 0.000000 0.000000 0.000000 1.000000 0.000000 0.000000
4.000000 46.103748 2.285444 1.131846 1.527756 0.000000 0.000000 0.000000 1.000000 0.000000 0.000000
4.000000 46.113784 2.124043 1.174514 1.489088 0.000000 0.000000 0.000000 1.000000 0.000000 0.000000
4.000000 46.123645 2.224987 1.128670 1.473481 0.000000 0.000000 0.000000 1.000000 0.000000 0.000000
4.000000 46.126678 2.074244 1.188383 1.389219 0.000000 0.000000 0.000000 1.000000 0.000000 0.000000
4.000000 46.133599 2.121402 1.150570 1.440878 0.000000 0.000000 0.000000 1.000000 0.000000 0.000000
4.000000 46.143605 2.090073 1.145817 1.411629 0.000000 0.000000 0.000000 1.000000 0.000000 0.000000
4.000000 46.153696 2.020538 1.161301 1.379767 0.000000 0.000000 0.000000 1.000000 0.000000 0.000000
4.000000 46.156712 1.966065 1.185275 1.301349 0.000000 0.000000 0.000000 1.000000 0.000000 0.000000
4.000000 46.163795 1.968268 1.164568 1.347580 0.000000 0.000000 0.000000 1.000000 0.000000 0.000000
4.000000 46.173821 2.090410 1.108189 1.331483 0.000000 0.000000 0.000000 1.000000 0.000000 0.000000
4.000000 46.176730 1.894195 1.190463 1.248094 0.000000 0.000000 0.000000 1.000000 0.000000 0.000000
4.000000 46.183890 2.043511 1.114755 1.295975 0.000000 0.000000 0.000000 1.000000 0.000000 0.000000
4.000000 46.193674 2.012614 1.111589 1.262366 0.000000 0.000000 0.000000 1.000000 0.000000 0.000000
4.000000 46.203735 1.961494 1.113743 1.222419 0.000000 0.000000 0.000000 1.000000 0.000000 0.000000
4.000000 46.206742 1.793522 1.191461 1.145752 0.000000 0.000000 0.000000 1.000000 0.000000 0.000000
4.000000 46.213732 1.961020 1.106769 1.192170 0.000000 0.000000 0.000000 1.000000 0.000000 0.000000
4.000000 46.223896 1.795637 1.151067 1.142432 0.000000 0.000000 0.000000 1.000000 0.000000 0.000000
4.000000 46.233662 1.827443 1.134755 1.114797 0.000000 0.000000 0.000000 1.000000 0.000000 0.000000
4.000000 46.243737 1.747282 1.147918 1.066988 0.000000 0.000000 0.000000 1.000000 0.000000 0.000000
4.000000 46.253909 1.655650 1.165869 1.015121 0.000000 0.000000 0.000000 1.000000 0.000000 0.000000
4.000000 46.263872 1.809289 1.099281 1.003692 0.000000 0.000000 0.000000 1.000000 0.000000 0.000000
4.000000 46.273798 1.648003 1.147744 0.937290 0.000000 0.000000 0.000000 1.000000 0.000000 0.000000
4.000000 46.283724 1.580399 1.155373 0.898983 0.000000 0.000000 0.000000 1.000000 0.000000 0.000000
4.000000 46.293801 1.463848 1.174290 0.838723 0.000000 0.000000 0.000000 1.000000 0.000000 0.000000
4.000000 46.303724 1.499437 1.154530 0.814274 0.000000 0.000000 0.000000 1.000000 0.000000 0.000000
4.000000 46.310966 1.421129 1.171905 0.781315 0.000000 0.000000 0.000000 1.000000 0.000000 0.000000
4.000000 46.313775 1.493794 1.152583 0.766403 0.000000 0.000000 0.000000 1.000000 0.000000 0.000000
4.000000 46.320936 1.440543 1.161195 0.737895 0.000000 0.000000 0.000000 1.000000 0.000000 0.000000
4.000000 46.323779 1.455448 1.150950 0.718932 0.000000 0.000000 0.000000 1.000000 0.000000 0.000000
4.000000 46.330889 1.355027 1.174186 0.679193 0.000000 0.000000 0.000000 1.000000 0.000000 0.000000
4.000000 46.333845 1.359977 1.166736 0.659944 0.000000 0.000000 0.000000 1.000000 0.000000 0.000000
4.000000 46.341037 1.323170 1.171895 0.637016 0.000000 0.000000 0.000000 1.000000 0.000000 0.000000
4.000000 46.343757 1.369625 1.156611 0.619530 0.000000 0.000000 0.000000 1.000000 0.000000 0.000000
4.000000 46.350989 1.315084 1.166192 0.592236 0.000000 0.000000 0.000000 1.000000 0.000000 0.000000
4.000000 46.353859 1.369598 1.150529 0.579114 0.000000 0.000000 0.000000 1.000000 0.000000 0.000000
4.000000 46.361035 1.309678 1.161747 0.551103 0.000000 0.000000 0.000000 1.000000 0.000000 0.000000
4.000000 46.363832 1.393188 1.138238 0.535233 0.000000 0.000000 0.000000 1.000000 0.000000 0.000000
4.000000 46.370985 1.297855 1.159206 0.500214 0.000000 0.000000 0.000000 1.000000 0.000000 0.000000
4.000000 46.373886 1.349099 1.143495 0.488007 0.000000 0.000000 0.000000 1.000000 0.000000 0.000000
4.000000 46.381005 1.325492 1.134641 0.448682 0.000000 0.000000 0.000000 1.000000 0.000000 0.000000
4.000000 46.383832 1.343345 1.124058 0.427618 0.000000 0.000000 0.000000 1.000000 0.000000 0.000000
4.000000 46.391013 1.258837 1.150189 0.409779 0.000000 0.000000 0.000000 1.000000 0.000000 0.000000
4.000000 46.393816 1.318527 1.131804 0.396479 0.000000 0.000000 0.000000 1.000000 0.000000 0.000000
4.000000 46.401016 1.375354 1.096831 0.376041 0.000000 0.000000 0.000000 1.000000 0.000000 0.000000
4.000000 46.403888 1.426604 1.078238 0.358106 0.000000 0.000000 0.000000 1.000000 0.000000 0.000000
4.000000 46.410943 1.367359 1.085717 0.326490 0.000000 0.000000 0.000000 1.000000 0.000000 0.000000
4.000000 46.413852 1.445009 1.064011 0.314408 0.000000 0.000000 0.000000 1.000000 0.000000 0.000000
4.000000 46.421016 1.353230 1.083262 0.279670 0.000000 0.000000 0.000000 1.000000 0.000000 0.000000
4.000000 46.423879 1.388454 1.067311 0.261689 0.000000 0.000000 0.000000 1.000000 0.000000 0.000000
4.000000 46.430932 1.441217 1.048461 0.268198 0.000000 0.000000 0.000000 1.000000 0.000000 0.000000
4.000000 46.433900 1.331292 1.070138 0.264226 0.000000 0.000000 0.000000 1.000000 0.000000 0.000000
4.000000 46.441155 1.399641 1.058666 0.292351 0.000000 0.000000 0.000000 1.000000 0.000000 0.000000
4.000000 46.443854 1.211556 1.096769 0.287564 0.000000 0.000000 0.000000 1.000000 0.000000 0.000000
4.000000 46.451037 1.332653 1.069272 0.327434 0.000000 0.000000 0.000000 1.000000 0.000000 0.000000
4.000000 46.454069 1.101679 1.113037 0.316288 0.000000 0.000000 0.000000 1.000000 0.000000 0.000000
4.000000 46.461101 1.268148 1.070697 0.363303 0.000000 0.000000 0.000000 1.000000 0.000000 0.000000
4.000000 46.463938 1.132506 1.100069 0.363996 0.000000 0.000000 0.000000 1.000000 0.000000 0.000000
4.000000 46.471032 1.017870 1.149314 0.368526 0.000000 0.000000 0.000000 1.000000 0.000000 0.000000
4.000000 46.491054 1.037568 1.127408 0.446807 0.000000 0.000000 0.000000 1.000000 0.000000 0.000000
4.000000 46.493938 0.910397 1.149769 0.435985 0.000000 0.000000 0.000000 1.000000 0.000000 0.000000
4.000000 46.501042 1.001433 1.131440 0.467761 0.000000 0.000000 0.000000 1.000000 0.000000 0.000000
4.000000 46.503847 0.854994 1.167198 0.482597 0.000000 0.000000 0.000000 1.000000 0.000000 0.000000
4.000000 46.511003 0.893554 1.159817 0.501227 0.000000 0.000000 0.000000 1.000000 0.000000 0.000000
4.000000 46.513954 0.769676 1.182484 0.500539 0.000000 0.000000 0.000000 1.000000 0.000000 0.000000
4.000000 46.520954 0.948011 1.131538 0.544415 0.000000 0.000000 0.000000 1.000000 0.000000 0.000000
4.000000 46.523883 0.796053 1.160165 0.545574 0.000000 0.000000 0.000000 1.000000 0.000000 0.000000
4.000000 46.530955 0.821826 1.159542 0.570697 0.000000 0.000000 0.000000 1.000000 0.000000 0.000000
4.000000 46.533875 0.671221 1.184588 0.558636 0.000000 0.000000 0.000000 1.000000 0.000000 0.000000
4.000000 46.541131 0.854048 1.129673 0.594015 0.000000 0.000000 0.000000 1.000000 0.000000 0.000000
4.000000 46.553855 0.492752 1.218280 0.606038 0.000000 0.000000 0.000000 1.000000 0.000000 0.000000
4.000000 46.561095 0.479775 1.225809 0.618949 0.000000 0.000000 0.000000 1.000000 0.000000 0.000000
4.000000 46.563908 0.413181 1.237334 0.625279 0.000000 0.000000 0.000000 1.000000 0.000000 0.000000
4.000000 46.570974 0.552172 1.198964 0.666417 0.000000 0.000000 0.000000 1.000000 0.000000 0.000000
4.000000 46.573948 0.464580 1.214883 0.669466 0.000000 0.000000 0.000000 1.000000 0.000000 0.000000
4.000000 46.581098 0.467785 1.216564 0.681200 0.000000 0.000000 0.000000 1.000000 0.000000 0.000000
4.000000 46.584007 0.389174 1.230014 0.684160 0.000000 0.000000 0.000000 1.000000 0.000000 0.000000
4.000000 46.591067 0.399030 1.229092 0.696939 0.000000 0.000000 0.000000 1.000000 0.000000 0.000000
4.000000 46.594056 0.294081 1.245911 0.698170 0.000000 0.000000 0.000000 1.000000 0.000000 0.000000
4.000000 46.601151 0.351139 1.230626 0.723441 0.000000 0.000000 0.000000 1.000000 0.000000 0.000000
4.000000 46.603820 0.261639 1.244924 0.723673 0.000000 0.000000 0.000000 1.000000 0.000000 0.000000
4.000000 46.611042 0.253694 1.249074 0.736690 0.000000 0.000000 0.000000 1.000000 0.000000 0.000000
4.000000 46.613835 0.190620 1.258600 0.739966 0.000000 0.000000 0.000000 1.000000 0.000000 0.000000
4.000000 46.621083 0.274979 1.234189 0.766335 0.000000 0.000000 0.000000 1.000000 0.000000 0.000000
4.000000 46.623950 0.162564 1.251578 0.767273 0.000000 0.000000 0.000000 1.000000 0.000000 0.000000
4.000000 46.630978 0.135994 1.260726 0.778796 0.000000 0.000000 0.000000 1.000000 0.000000 0.000000
4.000000 46.633956 0.129252 1.259955 0.794379 0.000000 0.000000 0.000000 1.000000 0.000000 0.000000
4.000000 46.641230 0.270247 1.217531 0.828244 0.000000 0.000000 0.000000 1.000000 0.000000 0.000000
4.000000 46.643953 0.182194 1.231060 0.830899 0.000000 0.000000 0.000000 1.000000 0.000000 0.000000
4.000000 46.651136 0.191358 1.228541 0.836458 0.000000 0.000000 0.000000 1.000000 0.000000 0.000000
4.000000 46.653973 0.128745 1.237848 0.834738 0.000000 0.000000 0.000000 1.000000 0.000000 0.000000
4.000000 46.661231 -0.010675 1.281339 0.837584 0.000000 0.000000 0.000000 1.000000 0.000000 0.000000
4.000000 46.664020 0.059011 1.269012 0.850470 0.000000 0.000000 0.000000 1.000000 0.000000 0.000000
4.000000 46.671164 0.071335 1.265445 0.859976 0.000000 0.000000 0.000000 1.000000 0.000000 0.000000
4.000000 46.673965 -0.139843 1.299371 0.839468 0.000000 0.000000 0.000000 1.000000 0.000000 0.000000
4.000000 46.681317 -0.080314 1.280556 0.855896 0.000000 0.000000 0.000000 1.000000 0.000000 0.000000
4.000000 46.684192 -0.077322 1.274831 0.877519 0.000000 0.000000 0.000000 1.000000 0.000000 0.000000
4.000000 46.691138 -0.307598 1.344501 0.864933 0.000000 0.000000 0.000000 1.000000 0.000000 0.000000
4.000000 46.693957 -0.279203 1.335365 0.880948 0.000000 0.000000 0.000000 1.000000 0.000000 0.000000
4.000000 46.701183 -0.199815 1.310325 0.890917 0.000000 0.000000 0.000000 1.000000 0.000000 0.000000
4.000000 46.703988 -0.295130 1.326308 0.876051 0.000000 0.000000 0.000000 1.000000 0.000000 0.000000
4.000000 46.711162 -0.289697 1.321609 0.893060 0.000000 0.000000 0.000000 1.000000 0.000000 0.000000
4.000000 46.714011 -0.266570 1.311962 0.911797 0.000000 0.000000 0.000000 1.000000 0.000000 0.000000
4.000000 46.721224 -0.189349 1.287391 0.924968 0.000000 0.000000 0.000000 1.000000 0.000000 0.000000
4.000000 46.724210 -0.328429 1.306371 0.916522 0.000000 0.000000 0.000000 1.000000 0.000000 0.000000
4.000000 46.731161 -0.321050 1.302170 0.927602 0.000000 0.000000 0.000000 1.000000 0.000000 0.000000
4.000000 46.733986 -0.382488 1.308695 0.928138 0.000000 0.000000 0.000000 1.000000 0.000000 0.000000
4.000000 46.741144 -0.254279 1.267156 0.952394 0.000000 0.000000 0.000000 1.000000 0.000000 0.000000
4.000000 46.744026 -0.337557 1.277650 0.949602 0.000000 0.000000 0.000000 1.000000 0.000000 0.000000
4.000000 46.751155 -0.391733 1.293750 0.947169 0.000000 0.000000 0.000000 1.000000 0.000000 0.000000
4.000000 46.753987 -0.434147 1.296172 0.952344 0.000000 0.000000 0.000000 1.000000 0.000000 0.000000
4.000000 46.761230 -0.402749 1.283994 0.966501 0.000000 0.000000 0.000000 1.000000 0.000000 0.000000
4.000000 46.763985 -0.507728 1.297387 0.960056 0.000000 0.000000 0.000000 1.000000 0.000000 0.000000
4.000000 46.771158 -0.698454 1.357535 0.938858 0.000000 0.000000 0.000000 1.000000 0.000000 0.000000
4.000000 46.774134 -0.789489 1.369035 0.931367 0.000000 0.000000 0.000000 1.000000 0.000000 0.000000
4.000000 46.781207 -0.701399 1.337725 0.950475 0.000000 0.000000 0.000000 1.000000 0.000000 0.000000
4.000000 46.784011 -0.725575 1.338619 0.952571 0.000000 0.000000 0.000000 1.000000 0.000000 0.000000
4.000000 46.791226 -0.744600 1.343648 0.953148 0.000000 0.000000 0.000000 1.000000 0.000000 0.000000
4.000000 46.794023 -0.781315 1.346105 0.954144 0.000000 0.000000 0.000000 1.000000 0.000000 0.000000
4.000000 46.801235 -0.820507 1.358612 0.949723 0.000000 0.000000 0.000000 1.000000 0.000000 0.000000
4.000000 46.803962 -0.594726 1.331587 0.964509 0.000000 0.000000 0.000000 1.000000 0.000000 0.000000
4.000000 46.811209 -0.644309 1.347894 0.956454 0.000000 0.000000 0.000000 1.000000 0.000000 0.000000
4.000000 46.813992 -0.889604 1.375774 0.942081 0.000000 0.000000 0.000000 1.000000 0.000000 0.000000
4.000000 46.821294 -0.926594 1.383059 0.949017 0.000000 0.000000 0.000000 1.000000 0.000000 0.000000
4.000000 46.823984 -0.999013 1.390661 0.944909 0.000000 0.000000 0.000000 1.000000 0.000000 0.000000
4.000000 46.831218 -0.854151 1.342806 0.964879 0.000000 0.000000 0.000000 1.000000 0.000000 0.000000
4.000000 46.833905 -0.962166 1.355975 0.955882 0.000000 0.000000 0.000000 1.000000 0.000000 0.000000
4.000000 46.841276 -0.987290 1.368186 0.943068 0.000000 0.000000 0.000000 1.000000 0.000000 0.000000
4.000000 46.844019 -1.012609 1.372456 0.938616 0.000000 0.000000 0.000000 1.000000 0.000000 0.000000
4.000000 46.851223 -1.138076 1.405976 0.939473 0.000000 0.000000 0.000000 1.000000 0.000000 0.000000
4.000000 46.853922 -1.204811 1.410885 0.938154 0.000000 0.000000 0.000000 1.000000 0.000000 0.000000
4.000000 46.861284 -1.147516 1.393146 0.942962 0.000000 0.000000 0.000000 1.000000 0.000000 0.000000
4.000000 46.863975 -1.184056 1.398380 0.938299 0.000000 0.000000 0.000000 1.000000 0.000000 0.000000
4.000000 46.871337 -1.127742 1.382305 0.940033 0.000000 0.000000 0.000000 1.000000 0.000000 0.000000
4.000000 46.873915 -1.179893 1.393874 0.926701 0.000000 0.000000 0.000000 1.000000 0.000000 0.000000
4.000000 46.881213 -1.234458 1.407575 0.927850 0.000000 0.000000 0.000000 1.000000 0.000000 0.000000
4.000000 46.883882 -1.352594 1.424061 0.913495 0.000000 0.000000 0.000000 1.000000 0.000000 0.000000
4.000000 46.891159 -1.313865 1.415099 0.911581 0.000000 0.000000 0.000000 1.000000 0.000000 0.000000
4.000000 46.893969 -1.322004 1.415381 0.911817 0.000000 0.000000 0.000000 1.000000 0.000000 0.000000
4.000000 46.901261 -1.324930 1.417201 0.909851 0.000000 0.000000 0.000000 1.000000 0.000000 0.000000
4.000000 46.903927 -1.283866 1.436284 0.884473 0.000000 0.000000 0.000000 1.000000 0.000000 0.000000
4.000000 46.911295 -1.066881 1.369116 0.907801 0.000000 0.000000 0.000000 1.000000 0.000000 0.000000
4.000000 46.913970 -1.247645 1.375695 0.909865 0.000000 0.000000 0.000000 1.000000 0.000000 0.000000
4.000000 46.921238 -1.431645 1.429566 0.898180 0.000000 0.000000 0.000000 1.000000 0.000000 0.000000
4.000000 46.923940 -1.403529 1.444451 0.881567 0.000000 0.000000 0.000000 1.000000 0.000000 0.000000
4.000000 46.931250 -1.268561 1.410426 0.885112 0.000000 0.000000 0.000000 1.000000 0.000000 0.000000
4.000000 46.934101 -1.540243 1.437431 0.864383 0.000000 0.000000 0.000000 1.000000 0.000000 0.000000
4.000000 46.941257 -1.542365 1.440222 0.860863 0.000000 0.000000 0.000000 1.000000 0.000000 0.000000
4.000000 46.943980 -1.559905 1.446357 0.853968 0.000000 0.000000 0.000000 1.000000 0.000000 0.000000
4.000000 46.951434 -1.606531 1.467493 0.839340 0.000000 0.000000 0.000000 1.000000 0.000000 0.000000
4.000000 46.953969 -1.736566 1.484188 0.824253 0.000000 0.000000 0.000000 1.000000 0.000000 0.000000
4.000000 46.961267 -1.549104 1.427823 0.837052 0.000000 0.000000 0.000000 1.000000 0.000000 0.000000
4.000000 46.964052 -1.601040 1.438823 0.824582 0.000000 0.000000 0.000000 1.000000 0.000000 0.000000
4.000000 46.971212 -1.566584 1.427444 0.828767 0.000000 0.000000 0.000000 1.000000 0.000000 0.000000
4.000000 46.974048 -1.643333 1.441717 0.813788 0.000000 0.000000 0.000000 1.000000 0.000000 0.000000
4.000000 46.981413 -1.587836 1.428437 0.812254 0.000000 0.000000 0.000000 1.000000 0.000000 0.000000
4.000000 46.984016 -1.743683 1.455011 0.784816 0.000000 0.000000 0.000000 1.000000 0.000000 0.000000
4.000000 46.991237 -1.445841 1.363507 0.810377 0.000000 0.000000 0.000000 1.000000 0.000000 0.000000
4.000000 46.994173 -1.542360 1.383430 0.788857 0.000000 0.000000 0.000000 1.000000 0.000000 0.000000
4.000000 47.001246 -1.774514 1.462593 0.756603 0.000000 0.000000 0.000000 1.000000 0.000000 0.000000
4.000000 47.004008 -1.887352 1.479356 0.739831 0.000000 0.000000 0.000000 1.000000 0.000000 0.000000
4.000000 47.011179 -1.838612 1.470044 0.734759 0.000000 0.000000 0.000000 1.000000 0.000000 0.000000
4.000000 47.014117 -1.896234 1.484792 0.717440 0.000000 0.000000 0.000000 1.000000 0.000000 0.000000
4.000000 47.021257 -1.840840 1.469816 0.718966 0.000000 0.000000 0.000000 1.000000 0.000000 0.000000
4.000000 47.024092 -1.960100 1.492185 0.694996 0.000000 0.000000 0.000000 1.000000 0.000000 0.000000
4.000000 47.031192 -1.769852 1.434470 0.710523 0.000000 0.000000 0.000000 1.000000 0.000000 0.000000
4.000000 47.034123 -1.874117 1.456275 0.687173 0.000000 0.000000 0.000000 1.000000 0.000000 0.000000
4.000000 47.041313 -1.582917 1.374221 0.701945 0.000000 0.000000 0.000000 1.000000 0.000000 0.000000
4.000000 47.044137 -1.642020 1.388526 0.685312 0.000000 0.000000 0.000000 1.000000 0.000000 0.000000
4.000000 47.051279 -1.961662 1.493413 0.646962 0.000000 0.000000 0.000000 1.000000 0.000000 0.000000
4.000000 47.054332 -2.073866 1.512856 0.626242 0.000000 0.000000 0.000000 1.000000 0.000000 0.000000
4.000000 47.061266 -1.862611 1.453929 0.635354 0.000000 0.000000 0.000000 1.000000 0.000000 0.000000
4.000000 47.064115 -1.938318 1.469166 0.617852 0.000000 0.000000 0.000000 1.000000 0.000000 0.000000
4.000000 47.071237 -1.965222 1.479131 0.612866 0.000000 0.000000 0.000000 1.000000 0.000000 0.000000
4.000000 47.074075 -2.106745 1.507403 0.581751 0.000000 0.000000 0.000000 1.000000 0.000000 0.000000
4.000000 47.081270 -1.928623 1.460195 0.586707 0.000000 0.000000 0.000000 1.000000 0.000000 0.000000
4.000000 47.084026 -2.084221 1.488251 0.555628 0.000000 0.000000 0.000000 1.000000 0.000000 0.000000
4.000000 47.091260 -1.616289 1.340644 0.604451 0.000000 0.000000 0.000000 1.000000 0.000000 0.000000
4.000000 47.094105 -1.759247 1.368184 0.574643 0.000000 0.000000 0.000000 1.000000 0.000000 0.000000
4.000000 47.101219 -2.020592 1.466795 0.523584 0.000000 0.000000 0.000000 1.000000 0.000000 0.000000
4.000000 47.104115 -2.216298 1.498113 0.488607 0.000000 0.000000 0.000000 1.000000 0.000000 0.000000
4.000000 47.111217 -1.972070 1.425399 0.506965 0.000000 0.000000 0.000000 1.000000 0.000000 0.000000
4.000000 47.114175 -1.977697 1.440654 0.486792 0.000000 0.000000 0.000000 1.000000 0.000000 0.000000
4.000000 47.121284 -1.769717 1.382998 0.497507 0.000000 0.000000 0.000000 1.000000 0.000000 0.000000
4.000000 47.124124 -1.929098 1.411024 0.465961 0.000000 0.000000 0.000000 1.000000 0.000000 0.000000
4.000000 47.131219 -1.857187 1.393661 0.465966 0.000000 0.000000 0.000000 1.000000 0.000000 0.000000
4.000000 47.134360 -1.993105 1.420032 0.435979 0.000000 0.000000 0.000000 1.000000 0.000000 0.000000
4.000000 47.141245 -1.825099 1.379044 0.436095 0.000000 0.000000 0.000000 1.000000 0.000000 0.000000
4.000000 47.144190 -2.019123 1.415473 0.393167 0.000000 0.000000 0.000000 1.000000 0.000000 0.000000
4.000000 47.151337 -1.916241 1.391836 0.391005 0.000000 0.000000 0.000000 1.000000 0.000000 0.000000
4.000000 47.194285 -2.252109 1.460726 0.207421 0.000000 0.000000 0.000000 1.000000 0.000000 0.000000
4.000000 47.201318 -2.106340 1.425258 0.209744 0.000000 0.000000 0.000000 1.000000 0.000000 0.000000
