3.000000 52.572607 25.523618 -0.214116 0.262135 0.000000 0.000000 0.000000 1.000000 0.000000 0.000000
3.000000 52.596196 25.038083 -0.312239 0.458249 0.000000 0.000000 0.000000 1.000000 0.000000 0.000000
3.000000 52.606182 24.928440 -0.335094 0.535858 0.000000 0.000000 0.000000 1.000000 0.000000 0.000000
3.000000 52.616099 24.753875 -0.358145 0.637265 0.000000 0.000000 0.000000 1.000000 0.000000 0.000000
3.000000 52.626113 24.596306 -0.380097 0.763959 0.000000 0.000000 0.000000 1.000000 0.000000 0.000000
3.000000 52.636201 24.421918 -0.410739 0.849171 0.000000 0.000000 0.000000 1.000000 0.000000 0.000000
3.000000 52.646074 24.223226 -0.427139 0.939201 0.000000 0.000000 0.000000 1.000000 0.000000 0.000000
3.000000 52.656162 24.125121 -0.424050 1.008293 0.000000 0.000000 0.000000 1.000000 0.000000 0.000000
3.000000 52.659587 23.054372 -0.425265 1.295226 0.000000 0.000000 0.000000 1.000000 0.000000 0.000000
3.000000 52.666050 23.904870 -0.457267 1.107072 0.000000 0.000000 0.000000 1.000000 0.000000 0.000000
3.000000 52.669461 23.022624 -0.460080 1.376693 0.000000 0.000000 0.000000 1.000000 0.000000 0.000000
3.000000 52.676256 23.784751 -0.457407 1.183031 0.000000 0.000000 0.000000 1.000000 0.000000 0.000000
3.000000 52.679562 22.897705 -0.462899 1.438969 0.000000 0.000000 0.000000 1.000000 0.000000 0.000000
3.000000 52.686179 23.648271 -0.470270 1.265161 0.000000 0.000000 0.000000 1.000000 0.000000 0.000000
3.000000 52.689542 22.806847 -0.477518 1.514307 0.000000 0.000000 0.000000 1.000000 0.000000 0.000000
3.000000 52.696217 23.528263 -0.469926 1.343366 0.000000 0.000000 0.000000 1.000000 0.000000 0.000000
3.000000 52.699579 22.700128 -0.485151 1.584862 0.000000 0.000000 0.000000 1.000000 0.000000 0.000000
3.000000 52.706078 23.311580 -0.506173 1.424889 0.000000 0.000000 0.000000 1.000000 0.000000 0.000000
3.000000 52.709483 22.617986 -0.511992 1.654433 0.000000 0.000000 0.000000 1.000000 0.000000 0.000000
3.000000 52.716242 23.255571 -0.497975 1.492761 0.000000 0.000000 0.000000 1.000000 0.000000 0.000000
3.000000 52.719565 22.493823 -0.513180 1.720301 0.000000 0.000000 0.000000 1.000000 0.000000 0.000000
3.000000 52.726109 23.093170 -0.517364 1.564488 0.000000 0.000000 0.000000 1.000000 0.000000 0.000000
3.000000 52.729504 22.387036 -0.528064 1.787872 0.000000 0.000000 0.000000 1.000000 0.000000 0.000000
3.000000 52.736179 22.989216 -0.523576 1.636935 0.000000 0.000000 0.000000 1.000000 0.000000 0.000000
3.000000 52.739646 22.275898 -0.537412 1.849835 0.000000 0.000000 0.000000 1.000000 0.000000 0.000000
3.000000 52.746081 22.859082 -0.537324 1.703730 0.000000 0.000000 0.000000 1.000000 0.000000 0.000000
3.000000 52.749532 22.192867 -0.552885 1.915981 0.000000 0.000000 0.000000 1.000000 0.000000 0.000000
3.000000 52.756195 22.722393 -0.547883 1.773148 0.000000 0.000000 0.000000 1.000000 0.000000 0.000000
3.000000 52.759760 22.067973 -0.562449 1.971250 0.000000 0.000000 0.000000 1.000000 0.000000 0.000000
3.000000 52.766109 22.571826 -0.566518 1.842207 0.000000 0.000000 0.000000 1.000000 0.000000 0.000000
3.000000 52.769665 21.977363 -0.578396 2.040732 0.000000 0.000000 0.000000 1.000000 0.000000 0.000000
3.000000 52.776208 22.433163 -0.576419 1.910489 0.000000 0.000000 0.000000 1.000000 0.000000 0.000000
3.000000 52.779549 21.880726 -0.587858 2.097283 0.000000 0.000000 0.000000 1.000000 0.000000 0.000000
3.000000 52.786263 22.306156 -0.587910 1.967474 0.000000 0.000000 0.000000 1.000000 0.000000 0.000000
3.000000 52.789601 21.767610 -0.598677 2.151593 0.000000 0.000000 0.000000 1.000000 0.000000 0.000000
3.000000 52.796187 22.205521 -0.606989 2.028733 0.000000 0.000000 0.000000 1.000000 0.000000 0.000000
3.000000 52.799454 21.680128 -0.616671 2.212130 0.000000 0.000000 0.000000 1.000000 0.000000 0.000000
3.000000 52.806126 22.033556 -0.617944 2.099634 0.000000 0.000000 0.000000 1.000000 0.000000 0.000000
3.000000 52.809452 21.569142 -0.633440 2.272436 0.000000 0.000000 0.000000 1.000000 0.000000 0.000000
3.000000 52.813126 21.015839 -0.887101 2.129195 0.000000 0.000000 0.000000 1.000000 0.000000 0.000000
3.000000 52.816205 20.839897 -0.655525 2.253209 0.000000 0.000000 0.000000 1.000000 0.000000 0.000000
3.000000 52.819579 21.456614 -0.644712 2.324539 0.000000 0.000000 0.000000 1.000000 0.000000 0.000000
3.000000 52.823001 20.899014 -0.892582 2.186058 0.000000 0.000000 0.000000 1.000000 0.000000 0.000000
3.000000 52.826154 20.721618 -0.664215 2.309008 0.000000 0.000000 0.000000 1.000000 0.000000 0.000000
3.000000 52.829534 21.355280 -0.656114 2.378469 0.000000 0.000000 0.000000 1.000000 0.000000 0.000000
3.000000 52.833145 20.782082 -0.902938 2.243457 0.000000 0.000000 0.000000 1.000000 0.000000 0.000000
3.000000 52.839540 21.256813 -0.672756 2.433987 0.000000 0.000000 0.000000 1.000000 0.000000 0.000000
3.000000 52.842964 20.672246 -0.913055 2.295119 0.000000 0.000000 0.000000 1.000000 0.000000 0.000000
3.000000 52.849518 21.143434 -0.685883 2.482648 0.000000 0.000000 0.000000 1.000000 0.000000 0.000000
3.000000 52.853116 20.549710 -0.925920 2.353010 0.000000 0.000000 0.000000 1.000000 0.000000 0.000000
3.000000 52.859551 21.042179 -0.696018 2.531134 0.000000 0.000000 0.000000 1.000000 0.000000 0.000000
3.000000 52.863056 20.428028 -0.939721 2.405850 0.000000 0.000000 0.000000 1.000000 0.000000 0.000000
3.000000 52.869591 20.928402 -0.703880 2.580045 0.000000 0.000000 0.000000 1.000000 0.000000 0.000000
3.000000 52.873079 20.310835 -0.947982 2.455124 0.000000 0.000000 0.000000 1.000000 0.000000 0.000000
3.000000 52.879607 20.842130 -0.722735 2.633855 0.000000 0.000000 0.000000 1.000000 0.000000 0.000000
3.000000 52.883072 20.192696 -0.959848 2.507393 0.000000 0.000000 0.000000 1.000000 0.000000 0.000000
3.000000 52.889577 20.764570 -0.748414 2.678362 0.000000 0.000000 0.000000 1.000000 0.000000 0.000000
3.000000 52.893094 20.087557 -0.969882 2.557239 0.000000 0.000000 0.000000 1.000000 0.000000 0.000000
3.000000 52.899519 20.631409 -0.749672 2.723342 0.000000 0.000000 0.000000 1.000000 0.000000 0.000000
3.000000 52.903179 19.958358 -0.985885 2.598355 0.000000 0.000000 0.000000 1.000000 0.000000 0.000000
3.000000 52.909564 20.576835 -0.761371 2.769948 0.000000 0.000000 0.000000 1.000000 0.000000 0.000000
3.000000 52.913288 19.848753 -0.990468 2.649660 0.000000 0.000000 0.000000 1.000000 0.000000 0.000000
3.000000 52.919595 20.440662 -0.774364 2.811212 0.000000 0.000000 0.000000 1.000000 0.000000 0.000000
3.000000 52.923277 19.725292 -1.004327 2.694334 0.000000 0.000000 0.000000 1.000000 0.000000 0.000000
3.000000 52.926105 19.507555 -0.783841 2.803235 0.000000 0.000000 0.000000 1.000000 0.000000 0.000000
3.000000 52.929561 20.335799 -0.788675 2.860927 0.000000 0.000000 0.000000 1.000000 0.000000 0.000000
3.000000 52.933169 19.617172 -1.019236 2.742643 0.000000 0.000000 0.000000 1.000000 0.000000 0.000000
3.000000 52.939715 20.257766 -0.807578 2.905288 0.000000 0.000000 0.000000 1.000000 0.000000 0.000000
3.000000 52.943195 19.497764 -1.028397 2.785185 0.000000 0.000000 0.000000 1.000000 0.000000 0.000000
3.000000 52.949635 20.114796 -0.811163 2.938281 0.000000 0.000000 0.000000 1.000000 0.000000 0.000000
3.000000 52.953320 19.390002 -1.042380 2.830071 0.000000 0.000000 0.000000 1.000000 0.000000 0.000000
3.000000 52.959807 20.029293 -0.826022 2.986065 0.000000 0.000000 0.000000 1.000000 0.000000 0.000000
3.000000 52.963146 19.261315 -1.043145 2.874269 0.000000 0.000000 0.000000 1.000000 0.000000 0.000000
3.000000 52.969885 19.910901 -0.836343 3.022742 0.000000 0.000000 0.000000 1.000000 0.000000 0.000000
3.000000 52.973156 19.152034 -1.057012 2.911264 0.000000 0.000000 0.000000 1.000000 0.000000 0.000000
3.000000 52.979660 19.804992 -0.850617 3.058257 0.000000 0.000000 0.000000 1.000000 0.000000 0.000000
3.000000 52.983285 19.024568 -1.068925 2.951458 0.000000 0.000000 0.000000 1.000000 0.000000 0.000000
3.000000 52.989758 19.718094 -0.865994 3.098887 0.000000 0.000000 0.000000 1.000000 0.000000 0.000000
3.000000 52.999670 19.648254 -0.883687 3.134379 0.000000 0.000000 0.000000 1.000000 0.000000 0.000000
3.000000 53.003072 18.796970 -1.092023 3.024855 0.000000 0.000000 0.000000 1.000000 0.000000 0.000000
3.000000 53.009709 19.494636 -0.889483 3.164469 0.000000 0.000000 0.000000 1.000000 0.000000 0.000000
3.000000 53.013255 18.681593 -1.104036 3.064570 0.000000 0.000000 0.000000 1.000000 0.000000 0.000000
3.000000 53.019630 19.393065 -0.900780 3.197908 0.000000 0.000000 0.000000 1.000000 0.000000 0.000000
3.000000 53.023129 18.575073 -1.116995 3.103384 0.000000 0.000000 0.000000 1.000000 0.000000 0.000000
3.000000 53.029685 19.281283 -0.913677 3.234199 0.000000 0.000000 0.000000 1.000000 0.000000 0.000000
3.000000 53.033302 18.453574 -1.125826 3.134254 0.000000 0.000000 0.000000 1.000000 0.000000 0.000000
3.000000 53.039798 19.183869 -0.924741 3.260567 0.000000 0.000000 0.000000 1.000000 0.000000 0.000000
3.000000 53.043006 18.354833 -1.134460 3.165996 0.000000 0.000000 0.000000 1.000000 0.000000 0.000000
3.000000 53.049756 19.176912 -0.954604 3.300891 0.000000 0.000000 0.000000 1.000000 0.000000 0.000000
3.000000 53.053117 18.229224 -1.148747 3.202111 0.000000 0.000000 0.000000 1.000000 0.000000 0.000000
3.000000 53.059804 19.049137 -0.965223 3.329716 0.000000 0.000000 0.000000 1.000000 0.000000 0.000000
3.000000 53.063036 18.125631 -1.165538 3.232486 0.000000 0.000000 0.000000 1.000000 0.000000 0.000000
3.000000 53.069825 18.834283 -0.965042 3.354462 0.000000 0.000000 0.000000 1.000000 0.000000 0.000000
3.000000 53.073133 18.013013 -1.176534 3.262175 0.000000 0.000000 0.000000 1.000000 0.000000 0.000000
3.000000 53.079674 18.781628 -0.983305 3.378843 0.000000 0.000000 0.000000 1.000000 0.000000 0.000000
3.000000 53.083050 17.897980 -1.188861 3.286501 0.000000 0.000000 0.000000 1.000000 0.000000 0.000000
3.000000 53.089731 18.655937 -0.991753 3.412814 0.000000 0.000000 0.000000 1.000000 0.000000 0.000000
3.000000 53.093183 17.809510 -1.207379 3.319067 0.000000 0.000000 0.000000 1.000000 0.000000 0.000000
3.000000 53.099750 18.568782 -1.006911 3.431640 0.000000 0.000000 0.000000 1.000000 0.000000 0.000000
3.000000 53.103049 17.668416 -1.205023 3.338040 0.000000 0.000000 0.000000 1.000000 0.000000 0.000000
3.000000 53.109759 18.380948 -1.016624 3.452896 0.000000 0.000000 0.000000 1.000000 0.000000 0.000000
3.000000 53.113213 17.566530 -1.219425 3.365873 0.000000 0.000000 0.000000 1.000000 0.000000 0.000000
3.000000 53.119581 18.242475 -1.029696 3.473791 0.000000 0.000000 0.000000 1.000000 0.000000 0.000000
3.000000 53.123077 17.444136 -1.230107 3.389741 0.000000 0.000000 0.000000 1.000000 0.000000 0.000000
3.000000 53.129621 18.096224 -1.032189 3.490547 0.000000 0.000000 0.000000 1.000000 0.000000 0.000000
3.000000 53.133232 17.329877 -1.239154 3.405936 0.000000 0.000000 0.000000 1.000000 0.000000 0.000000
3.000000 53.139622 18.024275 -1.048769 3.504933 0.000000 0.000000 0.000000 1.000000 0.000000 0.000000
3.000000 53.143166 17.226313 -1.254395 3.422326 0.000000 0.000000 0.000000 1.000000 0.000000 0.000000
3.000000 53.149685 17.842621 -1.052589 3.529668 0.000000 0.000000 0.000000 1.000000 0.000000 0.000000
3.000000 53.153168 17.110266 -1.257585 3.448171 0.000000 0.000000 0.000000 1.000000 0.000000 0.000000
3.000000 53.159761 17.578800 -1.060759 3.554174 0.000000 0.000000 0.000000 1.000000 0.000000 0.000000
3.000000 53.163147 16.990343 -1.274405 3.467458 0.000000 0.000000 0.000000 1.000000 0.000000 0.000000
3.000000 53.169779 17.585464 -1.076933 3.567890 0.000000 0.000000 0.000000 1.000000 0.000000 0.000000
3.000000 53.173176 16.882353 -1.283914 3.483112 0.000000 0.000000 0.000000 1.000000 0.000000 0.000000
3.000000 53.179860 17.261325 -1.072809 3.576927 0.000000 0.000000 0.000000 1.000000 0.000000 0.000000
3.000000 53.182747 17.319407 -1.100587 3.511934 0.000000 0.000000 0.000000 1.000000 0.000000 0.000000
3.000000 53.183091 16.774383 -1.297944 3.500028 0.000000 0.000000 0.000000 1.000000 0.000000 0.000000
3.000000 53.189692 17.139149 -1.089610 3.597217 0.000000 0.000000 0.000000 1.000000 0.000000 0.000000
3.000000 53.193222 16.679936 -1.311203 3.518455 0.000000 0.000000 0.000000 1.000000 0.000000 0.000000
3.000000 53.203166 16.565612 -1.316858 3.536644 0.000000 0.000000 0.000000 1.000000 0.000000 0.000000
3.000000 53.209631 17.059555 -1.120263 3.622489 0.000000 0.000000 0.000000 1.000000 0.000000 0.000000
3.000000 53.213268 16.451657 -1.331283 3.550510 0.000000 0.000000 0.000000 1.000000 0.000000 0.000000
3.000000 53.219734 16.847750 -1.121188 3.635389 0.000000 0.000000 0.000000 1.000000 0.000000 0.000000
3.000000 53.223169 16.339931 -1.337961 3.562752 0.000000 0.000000 0.000000 1.000000 0.000000 0.000000
3.000000 53.229662 16.787009 -1.140291 3.649512 0.000000 0.000000 0.000000 1.000000 0.000000 0.000000
3.000000 53.233335 16.230550 -1.351893 3.578439 0.000000 0.000000 0.000000 1.000000 0.000000 0.000000
3.000000 53.239635 16.586987 -1.144186 3.656925 0.000000 0.000000 0.000000 1.000000 0.000000 0.000000
3.000000 53.243337 16.129551 -1.367663 3.591856 0.000000 0.000000 0.000000 1.000000 0.000000 0.000000
3.000000 53.249632 16.422578 -1.150380 3.667101 0.000000 0.000000 0.000000 1.000000 0.000000 0.000000
3.000000 53.253462 15.998064 -1.365700 3.599239 0.000000 0.000000 0.000000 1.000000 0.000000 0.000000
3.000000 53.259727 16.337298 -1.169508 3.683553 0.000000 0.000000 0.000000 1.000000 0.000000 0.000000
3.000000 53.263399 15.887023 -1.382349 3.609300 0.000000 0.000000 0.000000 1.000000 0.000000 0.000000
3.000000 53.270055 16.197232 -1.179652 3.691925 0.000000 0.000000 0.000000 1.000000 0.000000 0.000000
3.000000 53.273452 15.787631 -1.395183 3.615732 0.000000 0.000000 0.000000 1.000000 0.000000 0.000000
3.000000 53.279785 16.115829 -1.192415 3.701862 0.000000 0.000000 0.000000 1.000000 0.000000 0.000000
3.000000 53.282895 16.194710 -1.213599 3.641599 0.000000 0.000000 0.000000 1.000000 0.000000 0.000000
3.000000 53.283131 15.675823 -1.406037 3.625419 0.000000 0.000000 0.000000 1.000000 0.000000 0.000000
3.000000 53.289828 15.982231 -1.203992 3.708357 0.000000 0.000000 0.000000 1.000000 0.000000 0.000000
3.000000 53.293402 15.574981 -1.416012 3.625414 0.000000 0.000000 0.000000 1.000000 0.000000 0.000000
3.000000 53.299736 15.777998 -1.220650 3.706467 0.000000 0.000000 0.000000 1.000000 0.000000 0.000000
3.000000 53.302963 15.955456 -1.237860 3.659991 0.000000 0.000000 0.000000 1.000000 0.000000 0.000000
3.000000 53.303339 15.462326 -1.422490 3.641599 0.000000 0.000000 0.000000 1.000000 0.000000 0.000000
3.000000 53.309734 15.646892 -1.211437 3.710087 0.000000 0.000000 0.000000 1.000000 0.000000 0.000000
3.000000 53.313516 15.367156 -1.445710 3.647601 0.000000 0.000000 0.000000 1.000000 0.000000 0.000000
3.000000 53.319746 15.366098 -1.215038 3.714068 0.000000 0.000000 0.000000 1.000000 0.000000 0.000000
3.000000 53.322872 15.757160 -1.267046 3.669674 0.000000 0.000000 0.000000 1.000000 0.000000 0.000000
3.000000 53.323271 15.260027 -1.454547 3.649876 0.000000 0.000000 0.000000 1.000000 0.000000 0.000000
3.000000 53.329801 15.193810 -1.221522 3.719362 0.000000 0.000000 0.000000 1.000000 0.000000 0.000000
3.000000 53.333383 15.153374 -1.459449 3.649695 0.000000 0.000000 0.000000 1.000000 0.000000 0.000000
3.000000 53.339861 15.070563 -1.229868 3.718337 0.000000 0.000000 0.000000 1.000000 0.000000 0.000000
3.000000 53.343204 15.042099 -1.467122 3.643491 0.000000 0.000000 0.000000 1.000000 0.000000 0.000000
3.000000 53.349636 14.909012 -1.242815 3.721156 0.000000 0.000000 0.000000 1.000000 0.000000 0.000000
3.000000 53.353285 14.932826 -1.487181 3.655764 0.000000 0.000000 0.000000 1.000000 0.000000 0.000000
3.000000 53.359817 14.815286 -1.261311 3.718288 0.000000 0.000000 0.000000 1.000000 0.000000 0.000000
3.000000 53.363230 14.832894 -1.492795 3.657087 0.000000 0.000000 0.000000 1.000000 0.000000 0.000000
3.000000 53.369747 14.685151 -1.271462 3.716917 0.000000 0.000000 0.000000 1.000000 0.000000 0.000000
3.000000 53.372855 15.200008 -1.323936 3.682252 0.000000 0.000000 0.000000 1.000000 0.000000 0.000000
3.000000 53.373302 14.720810 -1.508215 3.659024 0.000000 0.000000 0.000000 1.000000 0.000000 0.000000
3.000000 53.379842 14.456828 -1.277164 3.715956 0.000000 0.000000 0.000000 1.000000 0.000000 0.000000
3.000000 53.383281 14.618696 -1.514364 3.653379 0.000000 0.000000 0.000000 1.000000 0.000000 0.000000
3.000000 53.389815 14.353802 -1.289899 3.710095 0.000000 0.000000 0.000000 1.000000 0.000000 0.000000
3.000000 53.393376 14.529363 -1.526856 3.644186 0.000000 0.000000 0.000000 1.000000 0.000000 0.000000
3.000000 53.399849 14.206242 -1.300554 3.707905 0.000000 0.000000 0.000000 1.000000 0.000000 0.000000
3.000000 53.403384 14.401718 -1.537685 3.644273 0.000000 0.000000 0.000000 1.000000 0.000000 0.000000
3.000000 53.409750 14.074501 -1.305862 3.699945 0.000000 0.000000 0.000000 1.000000 0.000000 0.000000
3.000000 53.413340 14.299124 -1.549020 3.643017 0.000000 0.000000 0.000000 1.000000 0.000000 0.000000
3.000000 53.419757 13.972368 -1.323147 3.701916 0.000000 0.000000 0.000000 1.000000 0.000000 0.000000
3.000000 53.423277 14.198244 -1.564880 3.641771 0.000000 0.000000 0.000000 1.000000 0.000000 0.000000
3.000000 53.429807 13.848397 -1.328250 3.697393 0.000000 0.000000 0.000000 1.000000 0.000000 0.000000
3.000000 53.433416 14.086340 -1.572508 3.633891 0.000000 0.000000 0.000000 1.000000 0.000000 0.000000
3.000000 53.439796 13.713001 -1.340170 3.690844 0.000000 0.000000 0.000000 1.000000 0.000000 0.000000
3.000000 53.443236 13.975866 -1.579967 3.626143 0.000000 0.000000 0.000000 1.000000 0.000000 0.000000
3.000000 53.449817 13.600911 -1.354632 3.681116 0.000000 0.000000 0.000000 1.000000 0.000000 0.000000
3.000000 53.453386 13.887466 -1.595554 3.622028 0.000000 0.000000 0.000000 1.000000 0.000000 0.000000
3.000000 53.459747 13.624865 -1.374865 3.671508 0.000000 0.000000 0.000000 1.000000 0.000000 0.000000
3.000000 53.463272 13.767992 -1.600467 3.614542 0.000000 0.000000 0.000000 1.000000 0.000000 0.000000
3.000000 53.469742 13.461510 -1.376965 3.668501 0.000000 0.000000 0.000000 1.000000 0.000000 0.000000
3.000000 53.473331 13.677912 -1.609248 3.599825 0.000000 0.000000 0.000000 1.000000 0.000000 0.000000
3.000000 53.479759 13.266516 -1.392887 3.654284 0.000000 0.000000 0.000000 1.000000 0.000000 0.000000
3.000000 53.483367 13.572848 -1.630040 3.586659 0.000000 0.000000 0.000000 1.000000 0.000000 0.000000
3.000000 53.489786 13.108800 -1.393673 3.645260 0.000000 0.000000 0.000000 1.000000 0.000000 0.000000
3.000000 53.493396 13.475410 -1.636176 3.565217 0.000000 0.000000 0.000000 1.000000 0.000000 0.000000
3.000000 53.499766 13.045855 -1.409837 3.631930 0.000000 0.000000 0.000000 1.000000 0.000000 0.000000
3.000000 53.503215 13.720130 -1.488866 3.608510 0.000000 0.000000 0.000000 1.000000 0.000000 0.000000
3.000000 53.509795 12.961986 -1.417702 3.616931 0.000000 0.000000 0.000000 1.000000 0.000000 0.000000
3.000000 53.513406 13.259530 -1.658118 3.534739 0.000000 0.000000 0.000000 1.000000 0.000000 0.000000
3.000000 53.519788 12.764414 -1.426087 3.600680 0.000000 0.000000 0.000000 1.000000 0.000000 0.000000
3.000000 53.523121 13.502832 -1.512715 3.579093 0.000000 0.000000 0.000000 1.000000 0.000000 0.000000
3.000000 53.523302 13.151577 -1.665727 3.523102 0.000000 0.000000 0.000000 1.000000 0.000000 0.000000
3.000000 53.529749 12.608863 -1.436914 3.583469 0.000000 0.000000 0.000000 1.000000 0.000000 0.000000
3.000000 53.533437 13.060369 -1.675025 3.513851 0.000000 0.000000 0.000000 1.000000 0.000000 0.000000
3.000000 53.539848 12.493324 -1.447127 3.565594 0.000000 0.000000 0.000000 1.000000 0.000000 0.000000
3.000000 53.543308 12.986386 -1.692847 3.495240 0.000000 0.000000 0.000000 1.000000 0.000000 0.000000
3.000000 53.549785 12.426384 -1.464856 3.546933 0.000000 0.000000 0.000000 1.000000 0.000000 0.000000
3.000000 53.553376 12.848255 -1.698148 3.476655 0.000000 0.000000 0.000000 1.000000 0.000000 0.000000
3.000000 53.559782 12.274555 -1.459229 3.523062 0.000000 0.000000 0.000000 1.000000 0.000000 0.000000
3.000000 53.563299 12.754650 -1.706744 3.457874 0.000000 0.000000 0.000000 1.000000 0.000000 0.000000
3.000000 53.569776 12.157286 -1.481611 3.505796 0.000000 0.000000 0.000000 1.000000 0.000000 0.000000
3.000000 53.573456 12.641123 -1.720583 3.436710 0.000000 0.000000 0.000000 1.000000 0.000000 0.000000
3.000000 53.579825 12.046313 -1.496408 3.482997 0.000000 0.000000 0.000000 1.000000 0.000000 0.000000
3.000000 53.583363 12.554237 -1.733500 3.412174 0.000000 0.000000 0.000000 1.000000 0.000000 0.000000
3.000000 53.589804 11.903038 -1.506740 3.461163 0.000000 0.000000 0.000000 1.000000 0.000000 0.000000
3.000000 53.593405 12.487405 -1.742442 3.385414 0.000000 0.000000 0.000000 1.000000 0.000000 0.000000
3.000000 53.599814 11.866141 -1.524981 3.439466 0.000000 0.000000 0.000000 1.000000 0.000000 0.000000
3.000000 53.603378 12.342200 -1.755543 3.367124 0.000000 0.000000 0.000000 1.000000 0.000000 0.000000
3.000000 53.609812 11.715095 -1.526181 3.415600 0.000000 0.000000 0.000000 1.000000 0.000000 0.000000
3.000000 53.613518 12.250143 -1.760487 3.343379 0.000000 0.000000 0.000000 1.000000 0.000000 0.000000
3.000000 53.619879 11.645943 -1.548205 3.385910 0.000000 0.000000 0.000000 1.000000 0.000000 0.000000
3.000000 53.623381 12.144344 -1.777020 3.317335 0.000000 0.000000 0.000000 1.000000 0.000000 0.000000
3.000000 53.630037 11.521422 -1.555471 3.363101 0.000000 0.000000 0.000000 1.000000 0.000000 0.000000
3.000000 53.633435 12.045576 -1.785114 3.289305 0.000000 0.000000 0.000000 1.000000 0.000000 0.000000
3.000000 53.639968 11.415857 -1.570029 3.331478 0.000000 0.000000 0.000000 1.000000 0.000000 0.000000
3.000000 53.643441 11.980161 -1.802176 3.262464 0.000000 0.000000 0.000000 1.000000 0.000000 0.000000
3.000000 53.650050 11.350848 -1.583462 3.308154 0.000000 0.000000 0.000000 1.000000 0.000000 0.000000
3.000000 53.653505 11.835245 -1.808439 3.233035 0.000000 0.000000 0.000000 1.000000 0.000000 0.000000
3.000000 53.659884 11.225070 -1.587117 3.281995 0.000000 0.000000 0.000000 1.000000 0.000000 0.000000
3.000000 53.663426 11.732766 -1.819334 3.204309 0.000000 0.000000 0.000000 1.000000 0.000000 0.000000
3.000000 53.670033 11.150783 -1.602928 3.247145 0.000000 0.000000 0.000000 1.000000 0.000000 0.000000
3.000000 53.673467 11.643719 -1.824246 3.172096 0.000000 0.000000 0.000000 1.000000 0.000000 0.000000
3.000000 53.680082 11.045618 -1.616217 3.218346 0.000000 0.000000 0.000000 1.000000 0.000000 0.000000
3.000000 53.683421 11.543366 -1.838816 3.141691 0.000000 0.000000 0.000000 1.000000 0.000000 0.000000
3.000000 53.689849 11.009719 -1.636559 3.187860 0.000000 0.000000 0.000000 1.000000 0.000000 0.000000
3.000000 53.693526 11.477892 -1.846808 3.099159 0.000000 0.000000 0.000000 1.000000 0.000000 0.000000
3.000000 53.699874 10.882018 -1.643303 3.155446 0.000000 0.000000 0.000000 1.000000 0.000000 0.000000
3.000000 53.703488 11.338878 -1.863289 3.076050 0.000000 0.000000 0.000000 1.000000 0.000000 0.000000
3.000000 53.709818 10.768720 -1.649119 3.126472 0.000000 0.000000 0.000000 1.000000 0.000000 0.000000
3.000000 53.713567 11.248042 -1.875069 3.041838 0.000000 0.000000 0.000000 1.000000 0.000000 0.000000
3.000000 53.719911 10.671800 -1.662881 3.088888 0.000000 0.000000 0.000000 1.000000 0.000000 0.000000
3.000000 53.723451 11.133771 -1.885534 3.006112 0.000000 0.000000 0.000000 1.000000 0.000000 0.000000
3.000000 53.729996 10.606652 -1.680023 3.051855 0.000000 0.000000 0.000000 1.000000 0.000000 0.000000
3.000000 53.733538 11.050117 -1.891629 2.969243 0.000000 0.000000 0.000000 1.000000 0.000000 0.000000
3.000000 53.739909 10.504199 -1.692505 3.017636 0.000000 0.000000 0.000000 1.000000 0.000000 0.000000
3.000000 53.743571 10.955315 -1.899124 2.929004 0.000000 0.000000 0.000000 1.000000 0.000000 0.000000
3.000000 53.749896 10.443409 -1.711283 2.978927 0.000000 0.000000 0.000000 1.000000 0.000000 0.000000
3.000000 53.753533 10.857137 -1.912679 2.896357 0.000000 0.000000 0.000000 1.000000 0.000000 0.000000
3.000000 53.759958 10.309247 -1.709300 2.939855 0.000000 0.000000 0.000000 1.000000 0.000000 0.000000
3.000000 53.763367 10.781336 -1.927120 2.862454 0.000000 0.000000 0.000000 1.000000 0.000000 0.000000
3.000000 53.769875 10.277442 -1.734724 2.904532 0.000000 0.000000 0.000000 1.000000 0.000000 0.000000
3.000000 53.773514 10.666570 -1.938222 2.820807 0.000000 0.000000 0.000000 1.000000 0.000000 0.000000
3.000000 53.779884 10.192675 -1.750271 2.866529 0.000000 0.000000 0.000000 1.000000 0.000000 0.000000
3.000000 53.783427 10.564197 -1.950480 2.783055 0.000000 0.000000 0.000000 1.000000 0.000000 0.000000
3.000000 53.790011 10.092976 -1.759404 2.822946 0.000000 0.000000 0.000000 1.000000 0.000000 0.000000
3.000000 53.793541 10.505586 -1.960383 2.722522 0.000000 0.000000 0.000000 1.000000 0.000000 0.000000
3.000000 53.799896 9.978417 -1.767937 2.781049 0.000000 0.000000 0.000000 1.000000 0.000000 0.000000
3.000000 53.803481 10.378006 -1.973730 2.696336 0.000000 0.000000 0.000000 1.000000 0.000000 0.000000
3.000000 53.809883 9.894926 -1.774448 2.733482 0.000000 0.000000 0.000000 1.000000 0.000000 0.000000
3.000000 53.813548 10.270736 -1.983630 2.648266 0.000000 0.000000 0.000000 1.000000 0.000000 0.000000
3.000000 53.819888 9.789067 -1.796329 2.694400 0.000000 0.000000 0.000000 1.000000 0.000000 0.000000
3.000000 53.823551 10.199308 -1.992721 2.604256 0.000000 0.000000 0.000000 1.000000 0.000000 0.000000
3.000000 53.829999 9.673539 -1.803038 2.651340 0.000000 0.000000 0.000000 1.000000 0.000000 0.000000
3.000000 53.833566 10.097354 -2.006121 2.556658 0.000000 0.000000 0.000000 1.000000 0.000000 0.000000
3.000000 53.839870 9.632993 -1.817358 2.597563 0.000000 0.000000 0.000000 1.000000 0.000000 0.000000
3.000000 53.843482 10.029276 -2.018126 2.510260 0.000000 0.000000 0.000000 1.000000 0.000000 0.000000
3.000000 53.850040 9.545088 -1.837015 2.552408 0.000000 0.000000 0.000000 1.000000 0.000000 0.000000
3.000000 53.853585 9.908613 -2.021612 2.465763 0.000000 0.000000 0.000000 1.000000 0.000000 0.000000
3.000000 53.859909 9.443898 -1.846830 2.504797 0.000000 0.000000 0.000000 1.000000 0.000000 0.000000
3.000000 53.863443 9.815449 -2.043080 2.413711 0.000000 0.000000 0.000000 1.000000 0.000000 0.000000
3.000000 53.870014 9.372743 -1.862265 2.456654 0.000000 0.000000 0.000000 1.000000 0.000000 0.000000
3.000000 53.873587 9.729172 -2.044325 2.372005 0.000000 0.000000 0.000000 1.000000 0.000000 0.000000
3.000000 53.879905 9.303568 -1.872704 2.409008 0.000000 0.000000 0.000000 1.000000 0.000000 0.000000
3.000000 53.883481 9.617278 -2.062037 2.321292 0.000000 0.000000 0.000000 1.000000 0.000000 0.000000
3.000000 53.890040 9.200140 -1.879884 2.366845 0.000000 0.000000 0.000000 1.000000 0.000000 0.000000
3.000000 53.893532 9.551867 -2.064420 2.268427 0.000000 0.000000 0.000000 1.000000 0.000000 0.000000
3.000000 53.899918 9.172611 -1.900791 2.309300 0.000000 0.000000 0.000000 1.000000 0.000000 0.000000
3.000000 53.903443 9.433901 -2.076367 2.220207 0.000000 0.000000 0.000000 1.000000 0.000000 0.000000
3.000000 53.910033 9.049272 -1.900104 2.261358 0.000000 0.000000 0.000000 1.000000 0.000000 0.000000
3.000000 53.913519 9.339693 -2.085468 2.167750 0.000000 0.000000 0.000000 1.000000 0.000000 0.000000
3.000000 53.919924 8.957914 -1.909253 2.205594 0.000000 0.000000 0.000000 1.000000 0.000000 0.000000
3.000000 53.923531 9.243970 -2.096379 2.112626 0.000000 0.000000 0.000000 1.000000 0.000000 0.000000
3.000000 53.930038 8.865645 -1.925769 2.152321 0.000000 0.000000 0.000000 1.000000 0.000000 0.000000
3.000000 53.933520 9.165032 -2.106584 2.061280 0.000000 0.000000 0.000000 1.000000 0.000000 0.000000
3.000000 53.939957 8.821792 -1.939978 2.096110 0.000000 0.000000 0.000000 1.000000 0.000000 0.000000
3.000000 53.943561 9.069308 -2.115578 2.004452 0.000000 0.000000 0.000000 1.000000 0.000000 0.000000
3.000000 53.950043 8.765058 -1.953317 2.038121 0.000000 0.000000 0.000000 1.000000 0.000000 0.000000
3.000000 53.953604 8.977725 -2.130273 1.943850 0.000000 0.000000 0.000000 1.000000 0.000000 0.000000
3.000000 53.959928 8.651913 -1.961647 1.981065 0.000000 0.000000 0.000000 1.000000 0.000000 0.000000
3.000000 53.963603 8.884744 -2.137078 1.891911 0.000000 0.000000 0.000000 1.000000 0.000000 0.000000
3.000000 53.970095 8.548812 -1.975841 1.934974 0.000000 0.000000 0.000000 1.000000 0.000000 0.000000
3.000000 53.973540 8.799533 -2.147832 1.829851 0.000000 0.000000 0.000000 1.000000 0.000000 0.000000
3.000000 53.979985 8.456259 -1.986397 1.880979 0.000000 0.000000 0.000000 1.000000 0.000000 0.000000
3.000000 53.983552 8.699278 -2.157641 1.770323 0.000000 0.000000 0.000000 1.000000 0.000000 0.000000
3.000000 53.990053 8.380858 -1.997986 1.817354 0.000000 0.000000 0.000000 1.000000 0.000000 0.000000
3.000000 53.993553 8.618721 -2.163573 1.701570 0.000000 0.000000 0.000000 1.000000 0.000000 0.000000
3.000000 53.999960 8.317711 -2.007964 1.742598 0.000000 0.000000 0.000000 1.000000 0.000000 0.000000
3.000000 54.003558 8.523847 -2.175748 1.654598 0.000000 0.000000 0.000000 1.000000 0.000000 0.000000
3.000000 54.010067 8.288352 -2.028628 1.689058 0.000000 0.000000 0.000000 1.000000 0.000000 0.000000
3.000000 54.013899 8.419519 -2.186555 1.593200 0.000000 0.000000 0.000000 1.000000 0.000000 0.000000
3.000000 54.019993 8.190138 -2.038185 1.632990 0.000000 0.000000 0.000000 1.000000 0.000000 0.000000
3.000000 54.023556 8.339206 -2.198176 1.529855 0.000000 0.000000 0.000000 1.000000 0.000000 0.000000
3.000000 54.030083 8.102300 -2.054343 1.574586 0.000000 0.000000 0.000000 1.000000 0.000000 0.000000
3.000000 54.033680 8.249415 -2.205778 1.469771 0.000000 0.000000 0.000000 1.000000 0.000000 0.000000
3.000000 54.039973 8.052168 -2.064680 1.500702 0.000000 0.000000 0.000000 1.000000 0.000000 0.000000
3.000000 54.043518 8.181140 -2.218814 1.393992 0.000000 0.000000 0.000000 1.000000 0.000000 0.000000
3.000000 54.050083 7.905760 -2.069051 1.447537 0.000000 0.000000 0.000000 1.000000 0.000000 0.000000
3.000000 54.053608 8.063285 -2.227417 1.337740 0.000000 0.000000 0.000000 1.000000 0.000000 0.000000
3.000000 54.060067 7.829970 -2.082389 1.387207 0.000000 0.000000 0.000000 1.000000 0.000000 0.000000
3.000000 54.063605 7.975643 -2.232889 1.271726 0.000000 0.000000 0.000000 1.000000 0.000000 0.000000
3.000000 54.070109 7.780797 -2.101818 1.319090 0.000000 0.000000 0.000000 1.000000 0.000000 0.000000
3.000000 54.073642 7.888225 -2.246276 1.214427 0.000000 0.000000 0.000000 1.000000 0.000000 0.000000
3.000000 54.080002 7.697533 -2.116448 1.253633 0.000000 0.000000 0.000000 1.000000 0.000000 0.000000
3.000000 54.083554 7.796858 -2.256008 1.147603 0.000000 0.000000 0.000000 1.000000 0.000000 0.000000
3.000000 54.090102 7.611282 -2.119875 1.185895 0.000000 0.000000 0.000000 1.000000 0.000000 0.000000
3.000000 54.093778 7.733728 -2.265325 1.065216 0.000000 0.000000 0.000000 1.000000 0.000000 0.000000
3.000000 54.100009 7.532939 -2.135264 1.118173 0.000000 0.000000 0.000000 1.000000 0.000000 0.000000
3.000000 54.103609 7.617103 -2.278213 1.007955 0.000000 0.000000 0.000000 1.000000 0.000000 0.000000
3.000000 54.110108 7.489277 -2.153227 1.040461 0.000000 0.000000 0.000000 1.000000 0.000000 0.000000
3.000000 54.113848 7.531952 -2.286296 0.938806 0.000000 0.000000 0.000000 1.000000 0.000000 0.000000
3.000000 54.119972 7.398321 -2.164890 0.976223 0.000000 0.000000 0.000000 1.000000 0.000000 0.000000
3.000000 54.123579 7.442040 -2.297408 0.867588 0.000000 0.000000 0.000000 1.000000 0.000000 0.000000
3.000000 54.130133 7.322109 -2.178417 0.905432 0.000000 0.000000 0.000000 1.000000 0.000000 0.000000
3.000000 54.133618 7.354854 -2.308332 0.795259 0.000000 0.000000 0.000000 1.000000 0.000000 0.000000
3.000000 54.140030 7.226108 -2.185413 0.834851 0.000000 0.000000 0.000000 1.000000 0.000000 0.000000
3.000000 54.143683 7.275185 -2.318141 0.712984 0.000000 0.000000 0.000000 1.000000 0.000000 0.000000
3.000000 54.150166 7.156685 -2.203173 0.764515 0.000000 0.000000 0.000000 1.000000 0.000000 0.000000
3.000000 54.153848 7.177776 -2.327065 0.650404 0.000000 0.000000 0.000000 1.000000 0.000000 0.000000
3.000000 54.160141 7.087876 -2.209587 0.686661 0.000000 0.000000 0.000000 1.000000 0.000000 0.000000
3.000000 54.163586 7.089171 -2.335564 0.576667 0.000000 0.000000 0.000000 1.000000 0.000000 0.000000
3.000000 54.170262 7.005628 -2.223508 0.613411 0.000000 0.000000 0.000000 1.000000 0.000000 0.000000
3.000000 54.173831 7.000782 -2.349010 0.503063 0.000000 0.000000 0.000000 1.000000 0.000000 0.000000
3.000000 54.180042 6.935385 -2.232117 0.536354 0.000000 0.000000 0.000000 1.000000 0.000000 0.000000
3.000000 54.183623 6.912539 -2.355243 0.425585 0.000000 0.000000 0.000000 1.000000 0.000000 0.000000
3.000000 54.190196 6.865972 -2.246368 0.459427 0.000000 0.000000 0.000000 1.000000 0.000000 0.000000
3.000000 54.193710 6.843181 -2.363309 0.346020 0.000000 0.000000 0.000000 1.000000 0.000000 0.000000
3.000000 54.200024 6.763737 -2.253917 0.391725 0.000000 0.000000 0.000000 1.000000 0.000000 0.000000
3.000000 54.203709 6.747874 -2.371250 0.271361 0.000000 0.000000 0.000000 1.000000 0.000000 0.000000
3.000000 54.210214 6.691079 -2.264984 0.312913 0.000000 0.000000 0.000000 1.000000 0.000000 0.000000
3.000000 54.213747 6.657683 -2.381597 0.196415 0.000000 0.000000 0.000000 1.000000 0.000000 0.000000
3.000000 54.220220 6.596484 -2.271132 0.238205 0.000000 0.000000 0.000000 1.000000 0.000000 0.000000
3.000000 54.223654 6.563410 -2.397532 0.120000 0.000000 0.000000 0.000000 1.000000 0.000000 0.000000
3.000000 54.230249 6.490862 -2.282090 0.174910 0.000000 0.000000 0.000000 1.000000 0.000000 0.000000
3.000000 54.233827 6.507695 -2.401544 0.118023 0.000000 0.000000 0.000000 1.000000 0.000000 0.000000
3.000000 54.240100 6.411426 -2.287168 0.230712 0.000000 0.000000 0.000000 1.000000 0.000000 0.000000
3.000000 54.243910 6.451595 -2.411100 0.165273 0.000000 0.000000 0.000000 1.000000 0.000000 0.000000
3.000000 54.250263 6.360159 -2.295341 0.290452 0.000000 0.000000 0.000000 1.000000 0.000000 0.000000
3.000000 54.253685 6.419748 -2.411579 0.236390 0.000000 0.000000 0.000000 1.000000 0.000000 0.000000
3.000000 54.260144 6.289336 -2.294572 0.353846 0.000000 0.000000 0.000000 1.000000 0.000000 0.000000
3.000000 54.263522 6.366509 -2.419203 0.290695 0.000000 0.000000 0.000000 1.000000 0.000000 0.000000
3.000000 54.270272 6.252444 -2.304324 0.402570 0.000000 0.000000 0.000000 1.000000 0.000000 0.000000
3.000000 54.273642 6.316740 -2.427006 0.348458 0.000000 0.000000 0.000000 1.000000 0.000000 0.000000
3.000000 54.280156 6.216852 -2.315655 0.456814 0.000000 0.000000 0.000000 1.000000 0.000000 0.000000
3.000000 54.283611 6.267264 -2.433805 0.401893 0.000000 0.000000 0.000000 1.000000 0.000000 0.000000
3.000000 54.290251 6.167350 -2.329106 0.513502 0.000000 0.000000 0.000000 1.000000 0.000000 0.000000
3.000000 54.293730 6.231421 -2.445650 0.451575 0.000000 0.000000 0.000000 1.000000 0.000000 0.000000
3.000000 54.300173 6.109810 -2.336331 0.567901 0.000000 0.000000 0.000000 1.000000 0.000000 0.000000
3.000000 54.303613 6.165182 -2.449658 0.511106 0.000000 0.000000 0.000000 1.000000 0.000000 0.000000
3.000000 54.310237 6.054389 -2.340869 0.620121 0.000000 0.000000 0.000000 1.000000 0.000000 0.000000
3.000000 54.313711 6.116345 -2.454270 0.562038 0.000000 0.000000 0.000000 1.000000 0.000000 0.000000
3.000000 54.320196 6.016962 -2.353492 0.670437 0.000000 0.000000 0.000000 1.000000 0.000000 0.000000
3.000000 54.323627 6.069797 -2.460309 0.609763 0.000000 0.000000 0.000000 1.000000 0.000000 0.000000
3.000000 54.330332 5.957694 -2.349173 0.715922 0.000000 0.000000 0.000000 1.000000 0.000000 0.000000
3.000000 54.333612 6.022469 -2.470778 0.662082 0.000000 0.000000 0.000000 1.000000 0.000000 0.000000
3.000000 54.340158 5.883378 -2.347820 0.771708 0.000000 0.000000 0.000000 1.000000 0.000000 0.000000
3.000000 54.343594 5.987969 -2.480359 0.705524 0.000000 0.000000 0.000000 1.000000 0.000000 0.000000
3.000000 54.350271 5.875142 -2.373090 0.813936 0.000000 0.000000 0.000000 1.000000 0.000000 0.000000
3.000000 54.353670 5.923724 -2.483273 0.755239 0.000000 0.000000 0.000000 1.000000 0.000000 0.000000
3.000000 54.360239 5.836061 -2.382379 0.858058 0.000000 0.000000 0.000000 1.000000 0.000000 0.000000
3.000000 54.363589 5.881062 -2.488560 0.801442 0.000000 0.000000 0.000000 1.000000 0.000000 0.000000
3.000000 54.370352 5.712864 -2.364452 0.914696 0.000000 0.000000 0.000000 1.000000 0.000000 0.000000
3.000000 54.373710 5.829970 -2.495264 0.846409 0.000000 0.000000 0.000000 1.000000 0.000000 0.000000
3.000000 54.380249 5.655905 -2.367642 0.960848 0.000000 0.000000 0.000000 1.000000 0.000000 0.000000
3.000000 54.383595 5.796431 -2.496838 0.885999 0.000000 0.000000 0.000000 1.000000 0.000000 0.000000
3.000000 54.390318 5.642375 -2.381868 0.996021 0.000000 0.000000 0.000000 1.000000 0.000000 0.000000
3.000000 54.393697 5.757000 -2.509132 0.919543 0.000000 0.000000 0.000000 1.000000 0.000000 0.000000
3.000000 54.400290 5.577803 -2.386218 1.039803 0.000000 0.000000 0.000000 1.000000 0.000000 0.000000
3.000000 54.403668 5.716257 -2.498920 0.962667 0.000000 0.000000 0.000000 1.000000 0.000000 0.000000
3.000000 54.410204 5.578774 -2.405802 1.067590 0.000000 0.000000 0.000000 1.000000 0.000000 0.000000
3.000000 54.413260 5.451703 -2.586593 1.122128 0.000000 0.000000 0.000000 1.000000 0.000000 0.000000
3.000000 54.413691 5.672850 -2.506157 1.000227 0.000000 0.000000 0.000000 1.000000 0.000000 0.000000
3.000000 54.420234 5.491914 -2.397694 1.115389 0.000000 0.000000 0.000000 1.000000 0.000000 0.000000
3.000000 54.423283 5.412285 -2.581712 1.166464 0.000000 0.000000 0.000000 1.000000 0.000000 0.000000
3.000000 54.423623 5.609484 -2.521692 1.043382 0.000000 0.000000 0.000000 1.000000 0.000000 0.000000
3.000000 54.430319 5.440979 -2.403219 1.154890 0.000000 0.000000 0.000000 1.000000 0.000000 0.000000
3.000000 54.433364 5.366597 -2.590045 1.205573 0.000000 0.000000 0.000000 1.000000 0.000000 0.000000
3.000000 54.433757 5.583436 -2.523008 1.071340 0.000000 0.000000 0.000000 1.000000 0.000000 0.000000
3.000000 54.440217 5.402343 -2.413438 1.190223 0.000000 0.000000 0.000000 1.000000 0.000000 0.000000
3.000000 54.443337 5.319271 -2.603020 1.242639 0.000000 0.000000 0.000000 1.000000 0.000000 0.000000
3.000000 54.450261 5.354223 -2.421813 1.225964 0.000000 0.000000 0.000000 1.000000 0.000000 0.000000
3.000000 54.453266 5.259982 -2.607513 1.281413 0.000000 0.000000 0.000000 1.000000 0.000000 0.000000
3.000000 54.460342 5.311205 -2.429887 1.260082 0.000000 0.000000 0.000000 1.000000 0.000000 0.000000
3.000000 54.463495 5.204389 -2.617606 1.316096 0.000000 0.000000 0.000000 1.000000 0.000000 0.000000
3.000000 54.470246 5.257164 -2.433203 1.294030 0.000000 0.000000 0.000000 1.000000 0.000000 0.000000
3.000000 54.473454 5.161338 -2.623386 1.351195 0.000000 0.000000 0.000000 1.000000 0.000000 0.000000
3.000000 54.480217 5.222447 -2.442966 1.327975 0.000000 0.000000 0.000000 1.000000 0.000000 0.000000
3.000000 54.483442 5.110508 -2.631199 1.386670 0.000000 0.000000 0.000000 1.000000 0.000000 0.000000
3.000000 54.490271 5.252130 -2.464255 1.337807 0.000000 0.000000 0.000000 1.000000 0.000000 0.000000
3.000000 54.493406 5.068561 -2.651367 1.403559 0.000000 0.000000 0.000000 1.000000 0.000000 0.000000
3.000000 54.500173 5.140769 -2.459573 1.386276 0.000000 0.000000 0.000000 1.000000 0.000000 0.000000
3.000000 54.503429 5.006877 -2.650771 1.450500 0.000000 0.000000 0.000000 1.000000 0.000000 0.000000
3.000000 54.510370 5.085860 -2.460998 1.418334 0.000000 0.000000 0.000000 1.000000 0.000000 0.000000
3.000000 54.513312 4.965726 -2.652292 1.476971 0.000000 0.000000 0.000000 1.000000 0.000000 0.000000
3.000000 54.520241 5.034713 -2.468684 1.445814 0.000000 0.000000 0.000000 1.000000 0.000000 0.000000
3.000000 54.523541 4.912371 -2.663637 1.505785 0.000000 0.000000 0.000000 1.000000 0.000000 0.000000
3.000000 54.530305 5.023865 -2.485101 1.472660 0.000000 0.000000 0.000000 1.000000 0.000000 0.000000
3.000000 54.533288 4.834545 -2.683556 1.538735 0.000000 0.000000 0.000000 1.000000 0.000000 0.000000
3.000000 54.540254 4.981893 -2.494806 1.496232 0.000000 0.000000 0.000000 1.000000 0.000000 0.000000
3.000000 54.543555 4.795355 -2.692821 1.562072 0.000000 0.000000 0.000000 1.000000 0.000000 0.000000
3.000000 54.550347 4.949422 -2.504329 1.519252 0.000000 0.000000 0.000000 1.000000 0.000000 0.000000
3.000000 54.553435 4.753226 -2.700875 1.590397 0.000000 0.000000 0.000000 1.000000 0.000000 0.000000
3.000000 54.560310 4.872147 -2.504402 1.551281 0.000000 0.000000 0.000000 1.000000 0.000000 0.000000
3.000000 54.563618 4.699013 -2.703723 1.619511 0.000000 0.000000 0.000000 1.000000 0.000000 0.000000
3.000000 54.570444 4.878997 -2.519035 1.567401 0.000000 0.000000 0.000000 1.000000 0.000000 0.000000
3.000000 54.573293 4.651216 -2.716805 1.636691 0.000000 0.000000 0.000000 1.000000 0.000000 0.000000
3.000000 54.580330 4.796028 -2.518627 1.593078 0.000000 0.000000 0.000000 1.000000 0.000000 0.000000
3.000000 54.583363 4.603815 -2.721115 1.664955 0.000000 0.000000 0.000000 1.000000 0.000000 0.000000
3.000000 54.590366 4.755883 -2.533536 1.619576 0.000000 0.000000 0.000000 1.000000 0.000000 0.000000
3.000000 54.593308 4.533181 -2.739685 1.690819 0.000000 0.000000 0.000000 1.000000 0.000000 0.000000
3.000000 54.600275 4.725675 -2.541920 1.636639 0.000000 0.000000 0.000000 1.000000 0.000000 0.000000
3.000000 54.603429 4.484658 -2.746475 1.711687 0.000000 0.000000 0.000000 1.000000 0.000000 0.000000
3.000000 54.610377 4.664538 -2.544721 1.660379 0.000000 0.000000 0.000000 1.000000 0.000000 0.000000
3.000000 54.613306 4.442880 -2.753707 1.734756 0.000000 0.000000 0.000000 1.000000 0.000000 0.000000
3.000000 54.620395 4.609100 -2.549887 1.680917 0.000000 0.000000 0.000000 1.000000 0.000000 0.000000
3.000000 54.623585 4.381431 -2.760358 1.756222 0.000000 0.000000 0.000000 1.000000 0.000000 0.000000
3.000000 54.630380 4.581434 -2.555005 1.688870 0.000000 0.000000 0.000000 1.000000 0.000000 0.000000
3.000000 54.633330 4.355453 -2.759141 1.763872 0.000000 0.000000 0.000000 1.000000 0.000000 0.000000
3.000000 54.640391 4.526116 -2.559602 1.701616 0.000000 0.000000 0.000000 1.000000 0.000000 0.000000
3.000000 54.643477 4.324096 -2.762862 1.773040 0.000000 0.000000 0.000000 1.000000 0.000000 0.000000
3.000000 54.650452 4.464586 -2.560058 1.725929 0.000000 0.000000 0.000000 1.000000 0.000000 0.000000
3.000000 54.653349 4.262591 -2.768194 1.799431 0.000000 0.000000 0.000000 1.000000 0.000000 0.000000
3.000000 54.660355 4.485727 -2.582462 1.726399 0.000000 0.000000 0.000000 1.000000 0.000000 0.000000
3.000000 54.663482 4.209212 -2.788396 1.805175 0.000000 0.000000 0.000000 1.000000 0.000000 0.000000
3.000000 54.670530 4.391098 -2.574474 1.750589 0.000000 0.000000 0.000000 1.000000 0.000000 0.000000
3.000000 54.673324 4.166803 -2.785451 1.825914 0.000000 0.000000 0.000000 1.000000 0.000000 0.000000
3.000000 54.680328 4.329608 -2.576314 1.764371 0.000000 0.000000 0.000000 1.000000 0.000000 0.000000
3.000000 54.683458 4.129055 -2.785894 1.838356 0.000000 0.000000 0.000000 1.000000 0.000000 0.000000
3.000000 54.690418 4.357107 -2.601982 1.762226 0.000000 0.000000 0.000000 1.000000 0.000000 0.000000
3.000000 54.693353 4.070867 -2.810638 1.839261 0.000000 0.000000 0.000000 1.000000 0.000000 0.000000
3.000000 54.700357 4.307492 -2.609952 1.770360 0.000000 0.000000 0.000000 1.000000 0.000000 0.000000
3.000000 54.703438 4.025931 -2.816387 1.852113 0.000000 0.000000 0.000000 1.000000 0.000000 0.000000
3.000000 54.710533 4.353620 -2.659187 1.792361 0.000000 0.000000 0.000000 1.000000 0.000000 0.000000
3.000000 54.713400 3.868809 -2.887424 1.892617 0.000000 0.000000 0.000000 1.000000 0.000000 0.000000
3.000000 54.720361 4.239749 -2.630131 1.790700 0.000000 0.000000 0.000000 1.000000 0.000000 0.000000
3.000000 54.723478 3.958936 -2.831803 1.833103 0.000000 0.000000 0.000000 1.000000 0.000000 0.000000
3.000000 54.730412 4.185497 -2.632523 1.796164 0.000000 0.000000 0.000000 1.000000 0.000000 0.000000
3.000000 54.733349 3.868313 -2.843899 1.881910 0.000000 0.000000 0.000000 1.000000 0.000000 0.000000
3.000000 54.740377 4.130588 -2.644692 1.799226 0.000000 0.000000 0.000000 1.000000 0.000000 0.000000
3.000000 54.743415 3.815478 -2.856528 1.884973 0.000000 0.000000 0.000000 1.000000 0.000000 0.000000
3.000000 54.750326 4.097196 -2.640025 1.803696 0.000000 0.000000 0.000000 1.000000 0.000000 0.000000
3.000000 54.753370 3.794175 -2.847140 1.887205 0.000000 0.000000 0.000000 1.000000 0.000000 0.000000
3.000000 54.760335 4.095068 -2.663883 1.803157 0.000000 0.000000 0.000000 1.000000 0.000000 0.000000
3.000000 54.763433 3.707477 -2.880537 1.896234 0.000000 0.000000 0.000000 1.000000 0.000000 0.000000
3.000000 54.770509 4.058011 -2.671471 1.805268 0.000000 0.000000 0.000000 1.000000 0.000000 0.000000
3.000000 54.773286 3.670237 -2.885111 1.897247 0.000000 0.000000 0.000000 1.000000 0.000000 0.000000
3.000000 54.780415 3.963802 -2.657734 1.810133 0.000000 0.000000 0.000000 1.000000 0.000000 0.000000
3.000000 54.783422 3.647189 -2.871705 1.894760 0.000000 0.000000 0.000000 1.000000 0.000000 0.000000
3.000000 54.790412 3.899667 -2.658833 1.813831 0.000000 0.000000 0.000000 1.000000 0.000000 0.000000
3.000000 54.793389 3.613477 -2.872474 1.893921 0.000000 0.000000 0.000000 1.000000 0.000000 0.000000
3.000000 54.800289 3.918406 -2.686657 1.809863 0.000000 0.000000 0.000000 1.000000 0.000000 0.000000
3.000000 54.803431 3.527876 -2.903531 1.901853 0.000000 0.000000 0.000000 1.000000 0.000000 0.000000
3.000000 54.810414 3.866639 -2.689083 1.806593 0.000000 0.000000 0.000000 1.000000 0.000000 0.000000
3.000000 54.813427 3.494647 -2.905618 1.896286 0.000000 0.000000 0.000000 1.000000 0.000000 0.000000
3.000000 54.820360 3.806763 -2.689283 1.804867 0.000000 0.000000 0.000000 1.000000 0.000000 0.000000
3.000000 54.823456 3.450564 -2.908479 1.893920 0.000000 0.000000 0.000000 1.000000 0.000000 0.000000
3.000000 54.830533 3.804026 -2.712113 1.797420 0.000000 0.000000 0.000000 1.000000 0.000000 0.000000
3.000000 54.833407 3.389209 -2.930584 1.893013 0.000000 0.000000 0.000000 1.000000 0.000000 0.000000
3.000000 54.840406 3.762378 -2.715021 1.794815 0.000000 0.000000 0.000000 1.000000 0.000000 0.000000
3.000000 54.843465 3.348607 -2.936628 1.889039 0.000000 0.000000 0.000000 1.000000 0.000000 0.000000
3.000000 54.847094 3.977297 -2.582689 1.584787 0.000000 0.000000 0.000000 1.000000 0.000000 0.000000
3.000000 54.850370 3.746462 -2.727621 1.784576 0.000000 0.000000 0.000000 1.000000 0.000000 0.000000
3.000000 54.853572 3.295755 -2.949218 1.883836 0.000000 0.000000 0.000000 1.000000 0.000000 0.000000
3.000000 54.860394 3.676055 -2.727859 1.777159 0.000000 0.000000 0.000000 1.000000 0.000000 0.000000
3.000000 54.863487 3.266983 -2.947323 1.873157 0.000000 0.000000 0.000000 1.000000 0.000000 0.000000
3.000000 54.870438 3.633786 -2.737255 1.772348 0.000000 0.000000 0.000000 1.000000 0.000000 0.000000
3.000000 54.873415 3.203237 -2.960851 1.868707 0.000000 0.000000 0.000000 1.000000 0.000000 0.000000
3.000000 54.880591 3.597311 -2.744213 1.763291 0.000000 0.000000 0.000000 1.000000 0.000000 0.000000
3.000000 54.883510 3.166789 -2.966921 1.860107 0.000000 0.000000 0.000000 1.000000 0.000000 0.000000
3.000000 54.890626 3.554892 -2.751433 1.754761 0.000000 0.000000 0.000000 1.000000 0.000000 0.000000
3.000000 54.893474 3.122023 -2.972574 1.848714 0.000000 0.000000 0.000000 1.000000 0.000000 0.000000
3.000000 54.900292 3.536442 -2.764075 1.737865 0.000000 0.000000 0.000000 1.000000 0.000000 0.000000
3.000000 54.903439 3.069995 -2.984505 1.839100 0.000000 0.000000 0.000000 1.000000 0.000000 0.000000
3.000000 54.910607 3.479293 -2.763207 1.722513 0.000000 0.000000 0.000000 1.000000 0.000000 0.000000
3.000000 54.913419 3.039895 -2.984710 1.822633 0.000000 0.000000 0.000000 1.000000 0.000000 0.000000
3.000000 54.920561 3.456590 -2.780764 1.712173 0.000000 0.000000 0.000000 1.000000 0.000000 0.000000
3.000000 54.923462 2.970743 -3.006345 1.812334 0.000000 0.000000 0.000000 1.000000 0.000000 0.000000
3.000000 54.930567 3.429926 -2.789046 1.694622 0.000000 0.000000 0.000000 1.000000 0.000000 0.000000
3.000000 54.933459 2.927695 -3.014522 1.798858 0.000000 0.000000 0.000000 1.000000 0.000000 0.000000
3.000000 54.940545 3.380057 -2.798088 1.680874 0.000000 0.000000 0.000000 1.000000 0.000000 0.000000
3.000000 54.943490 2.876076 -3.021779 1.784983 0.000000 0.000000 0.000000 1.000000 0.000000 0.000000
3.000000 54.950684 3.351598 -2.804526 1.663527 0.000000 0.000000 0.000000 1.000000 0.000000 0.000000
3.000000 54.953453 2.829453 -3.033145 1.771899 0.000000 0.000000 0.000000 1.000000 0.000000 0.000000
3.000000 54.960501 3.294030 -2.809170 1.649803 0.000000 0.000000 0.000000 1.000000 0.000000 0.000000
3.000000 54.963681 2.792830 -3.038630 1.753517 0.000000 0.000000 0.000000 1.000000 0.000000 0.000000
3.000000 54.970607 3.242466 -2.806651 1.626159 0.000000 0.000000 0.000000 1.000000 0.000000 0.000000
3.000000 54.973546 2.775049 -3.031197 1.723950 0.000000 0.000000 0.000000 1.000000 0.000000 0.000000
3.000000 54.980620 3.213905 -2.818317 1.609150 0.000000 0.000000 0.000000 1.000000 0.000000 0.000000
3.000000 54.983566 2.724977 -3.044816 1.713008 0.000000 0.000000 0.000000 1.000000 0.000000 0.000000
3.000000 54.990469 3.176780 -2.835559 1.589217 0.000000 0.000000 0.000000 1.000000 0.000000 0.000000
3.000000 54.993496 2.661622 -3.065882 1.696912 0.000000 0.000000 0.000000 1.000000 0.000000 0.000000
3.000000 55.000519 3.139739 -2.837362 1.568861 0.000000 0.000000 0.000000 1.000000 0.000000 0.000000
3.000000 55.003678 2.610818 -3.071778 1.676006 0.000000 0.000000 0.000000 1.000000 0.000000 0.000000
3.000000 55.010783 3.104881 -2.847243 1.545140 0.000000 0.000000 0.000000 1.000000 0.000000 0.000000
3.000000 55.013518 2.570933 -3.077554 1.653812 0.000000 0.000000 0.000000 1.000000 0.000000 0.000000
3.000000 55.020458 3.052763 -2.847915 1.523090 0.000000 0.000000 0.000000 1.000000 0.000000 0.000000
3.000000 55.023607 2.536556 -3.079838 1.629684 0.000000 0.000000 0.000000 1.000000 0.000000 0.000000
3.000000 55.030482 3.017077 -2.851857 1.495332 0.000000 0.000000 0.000000 1.000000 0.000000 0.000000
3.000000 55.033637 2.500783 -3.079250 1.600786 0.000000 0.000000 0.000000 1.000000 0.000000 0.000000
3.000000 55.040402 2.996359 -2.871363 1.468465 0.000000 0.000000 0.000000 1.000000 0.000000 0.000000
3.000000 55.043637 2.438715 -3.102720 1.576999 0.000000 0.000000 0.000000 1.000000 0.000000 0.000000
3.000000 55.050449 2.952229 -2.876086 1.444447 0.000000 0.000000 0.000000 1.000000 0.000000 0.000000
3.000000 55.053525 2.395202 -3.108972 1.555504 0.000000 0.000000 0.000000 1.000000 0.000000 0.000000
3.000000 55.060449 2.875090 -2.861831 1.413089 0.000000 0.000000 0.000000 1.000000 0.000000 0.000000
3.000000 55.063631 2.399059 -3.084216 1.513745 0.000000 0.000000 0.000000 1.000000 0.000000 0.000000
3.000000 55.070483 2.888652 -2.898567 1.386786 0.000000 0.000000 0.000000 1.000000 0.000000 0.000000
3.000000 55.073547 2.303564 -3.130796 1.502845 0.000000 0.000000 0.000000 1.000000 0.000000 0.000000
3.000000 55.080447 2.807855 -2.888268 1.369107 0.000000 0.000000 0.000000 1.000000 0.000000 0.000000
3.000000 55.083659 2.295516 -3.108718 1.464442 0.000000 0.000000 0.000000 1.000000 0.000000 0.000000
3.000000 55.090492 2.787414 -2.895738 1.328320 0.000000 0.000000 0.000000 1.000000 0.000000 0.000000
3.000000 55.093569 2.232039 -3.125193 1.432356 0.000000 0.000000 0.000000 1.000000 0.000000 0.000000
3.000000 55.100445 2.741833 -2.901194 1.295906 0.000000 0.000000 0.000000 1.000000 0.000000 0.000000
3.000000 55.103728 2.205418 -3.130538 1.400173 0.000000 0.000000 0.000000 1.000000 0.000000 0.000000
3.000000 55.110473 2.723596 -2.913837 1.250958 0.000000 0.000000 0.000000 1.000000 0.000000 0.000000
3.000000 55.113678 2.173534 -3.136787 1.361680 0.000000 0.000000 0.000000 1.000000 0.000000 0.000000
3.000000 55.120652 2.631179 -2.900775 1.234217 0.000000 0.000000 0.000000 1.000000 0.000000 0.000000
3.000000 55.123651 2.135963 -3.129947 1.337434 0.000000 0.000000 0.000000 1.000000 0.000000 0.000000
3.000000 55.130561 2.624830 -2.922313 1.188407 0.000000 0.000000 0.000000 1.000000 0.000000 0.000000
3.000000 55.133619 2.079188 -3.150255 1.297584 0.000000 0.000000 0.000000 1.000000 0.000000 0.000000
3.000000 55.140491 2.563983 -2.916392 1.164065 0.000000 0.000000 0.000000 1.000000 0.000000 0.000000
3.000000 55.143716 2.034660 -3.147565 1.267587 0.000000 0.000000 0.000000 1.000000 0.000000 0.000000
3.000000 55.150617 2.521157 -2.922546 1.129149 0.000000 0.000000 0.000000 1.000000 0.000000 0.000000
3.000000 55.153695 2.007571 -3.153819 1.231613 0.000000 0.000000 0.000000 1.000000 0.000000 0.000000
3.000000 55.160569 2.490014 -2.930130 1.091609 0.000000 0.000000 0.000000 1.000000 0.000000 0.000000
3.000000 55.163768 1.963724 -3.162062 1.196079 0.000000 0.000000 0.000000 1.000000 0.000000 0.000000
3.000000 55.170528 2.478214 -2.936527 1.051615 0.000000 0.000000 0.000000 1.000000 0.000000 0.000000
3.000000 55.173606 1.919014 -3.171758 1.155840 0.000000 0.000000 0.000000 1.000000 0.000000 0.000000
3.000000 55.183643 1.884651 -3.180512 1.106028 0.000000 0.000000 0.000000 1.000000 0.000000 0.000000
3.000000 55.193727 1.850509 -3.180542 1.073194 0.000000 0.000000 0.000000 1.000000 0.000000 0.000000
3.000000 55.203678 1.797138 -3.200452 1.034052 0.000000 0.000000 0.000000 1.000000 0.000000 0.000000
3.000000 55.213588 1.759579 -3.203126 0.993196 0.000000 0.000000 0.000000 1.000000 0.000000 0.000000
