31.000000 290.010883 24.851912 -0.346769 0.462731 0.000000 0.000000 0.000000 1.000000 0.000000 0.000000
31.000000 290.020937 24.827608 -0.340779 0.501640 0.000000 0.000000 0.000000 1.000000 0.000000 0.000000
31.000000 290.030962 24.639686 -0.366018 0.612027 0.000000 0.000000 0.000000 1.000000 0.000000 0.000000
31.000000 290.041003 24.478345 -0.375285 0.720479 0.000000 0.000000 0.000000 1.000000 0.000000 0.000000
31.000000 290.050923 24.288552 -0.394438 0.827165 0.000000 0.000000 0.000000 1.000000 0.000000 0.000000
31.000000 290.060905 24.162334 -0.396554 0.893938 0.000000 0.000000 0.000000 1.000000 0.000000 0.000000
31.000000 290.070974 23.792605 -0.400612 0.995609 0.000000 0.000000 0.000000 1.000000 0.000000 0.000000
31.000000 290.076894 22.961965 -0.551319 1.110968 0.000000 0.000000 0.000000 1.000000 0.000000 0.000000
31.000000 290.080964 23.060917 -0.429916 1.309324 0.000000 0.000000 0.000000 1.000000 0.000000 0.000000
31.000000 290.086837 22.851641 -0.555886 1.177249 0.000000 0.000000 0.000000 1.000000 0.000000 0.000000
31.000000 290.090925 22.965299 -0.436422 1.385281 0.000000 0.000000 0.000000 1.000000 0.000000 0.000000
31.000000 290.096906 22.699503 -0.532976 1.245029 0.000000 0.000000 0.000000 1.000000 0.000000 0.000000
31.000000 290.100923 22.869582 -0.442100 1.459932 0.000000 0.000000 0.000000 1.000000 0.000000 0.000000
31.000000 290.107023 22.576632 -0.528304 1.315287 0.000000 0.000000 0.000000 1.000000 0.000000 0.000000
31.000000 290.110959 22.769106 -0.447174 1.532151 0.000000 0.000000 0.000000 1.000000 0.000000 0.000000
31.000000 290.117204 22.574988 -0.567067 1.427329 0.000000 0.000000 0.000000 1.000000 0.000000 0.000000
31.000000 290.120976 22.667476 -0.457695 1.600274 0.000000 0.000000 0.000000 1.000000 0.000000 0.000000
31.000000 290.127046 22.476150 -0.568584 1.500239 0.000000 0.000000 0.000000 1.000000 0.000000 0.000000
31.000000 290.131021 22.571097 -0.468144 1.667666 0.000000 0.000000 0.000000 1.000000 0.000000 0.000000
31.000000 290.137153 22.253697 -0.542714 1.523062 0.000000 0.000000 0.000000 1.000000 0.000000 0.000000
31.000000 290.140979 22.453757 -0.471813 1.728992 0.000000 0.000000 0.000000 1.000000 0.000000 0.000000
31.000000 290.146837 22.156316 -0.552071 1.589801 0.000000 0.000000 0.000000 1.000000 0.000000 0.000000
31.000000 290.150932 22.359949 -0.498413 1.785087 0.000000 0.000000 0.000000 1.000000 0.000000 0.000000
31.000000 290.157100 22.047839 -0.556877 1.655469 0.000000 0.000000 0.000000 1.000000 0.000000 0.000000
31.000000 290.160945 22.254461 -0.491787 1.856565 0.000000 0.000000 0.000000 1.000000 0.000000 0.000000
31.000000 290.166878 21.939970 -0.562601 1.720617 0.000000 0.000000 0.000000 1.000000 0.000000 0.000000
31.000000 290.171049 22.150608 -0.499476 1.919801 0.000000 0.000000 0.000000 1.000000 0.000000 0.000000
31.000000 290.177118 21.822074 -0.566075 1.781239 0.000000 0.000000 0.000000 1.000000 0.000000 0.000000
31.000000 290.180985 22.028563 -0.502858 1.973881 0.000000 0.000000 0.000000 1.000000 0.000000 0.000000
31.000000 290.186866 21.759946 -0.598966 1.835955 0.000000 0.000000 0.000000 1.000000 0.000000 0.000000
31.000000 290.191087 21.928595 -0.515253 2.033680 0.000000 0.000000 0.000000 1.000000 0.000000 0.000000
31.000000 290.196873 21.617736 -0.577273 1.906014 0.000000 0.000000 0.000000 1.000000 0.000000 0.000000
31.000000 290.201040 21.836258 -0.530345 2.089729 0.000000 0.000000 0.000000 1.000000 0.000000 0.000000
31.000000 290.207023 21.515230 -0.585066 1.966520 0.000000 0.000000 0.000000 1.000000 0.000000 0.000000
31.000000 290.211024 21.739684 -0.540259 2.149991 0.000000 0.000000 0.000000 1.000000 0.000000 0.000000
31.000000 290.216883 21.394736 -0.588720 2.026452 0.000000 0.000000 0.000000 1.000000 0.000000 0.000000
31.000000 290.220969 21.606683 -0.536980 2.203517 0.000000 0.000000 0.000000 1.000000 0.000000 0.000000
31.000000 290.228512 20.411700 -0.322649 1.953468 0.000000 0.000000 0.000000 1.000000 0.000000 0.000000
31.000000 290.231233 20.736015 -0.553973 2.203421 0.000000 0.000000 0.000000 1.000000 0.000000 0.000000
31.000000 290.238482 20.340451 -0.342841 2.023652 0.000000 0.000000 0.000000 1.000000 0.000000 0.000000
31.000000 290.241181 20.644026 -0.557540 2.255718 0.000000 0.000000 0.000000 1.000000 0.000000 0.000000
31.000000 290.248407 20.214914 -0.350072 2.081553 0.000000 0.000000 0.000000 1.000000 0.000000 0.000000
31.000000 290.251202 20.516671 -0.562176 2.310996 0.000000 0.000000 0.000000 1.000000 0.000000 0.000000
31.000000 290.258392 20.090296 -0.357950 2.136587 0.000000 0.000000 0.000000 1.000000 0.000000 0.000000
31.000000 290.261224 20.394674 -0.568737 2.365194 0.000000 0.000000 0.000000 1.000000 0.000000 0.000000
31.000000 290.268304 19.970017 -0.367123 2.198140 0.000000 0.000000 0.000000 1.000000 0.000000 0.000000
31.000000 290.271244 20.268412 -0.576299 2.419177 0.000000 0.000000 0.000000 1.000000 0.000000 0.000000
31.000000 290.278497 19.839851 -0.374222 2.245360 0.000000 0.000000 0.000000 1.000000 0.000000 0.000000
31.000000 290.281209 20.145784 -0.584196 2.466487 0.000000 0.000000 0.000000 1.000000 0.000000 0.000000
31.000000 290.288355 19.709551 -0.378303 2.298761 0.000000 0.000000 0.000000 1.000000 0.000000 0.000000
31.000000 290.291115 20.020548 -0.591286 2.516300 0.000000 0.000000 0.000000 1.000000 0.000000 0.000000
31.000000 290.298386 19.572755 -0.374880 2.346358 0.000000 0.000000 0.000000 1.000000 0.000000 0.000000
31.000000 290.301229 19.894311 -0.595700 2.562278 0.000000 0.000000 0.000000 1.000000 0.000000 0.000000
31.000000 290.308371 19.470266 -0.385323 2.399334 0.000000 0.000000 0.000000 1.000000 0.000000 0.000000
31.000000 290.311252 19.792222 -0.602254 2.607352 0.000000 0.000000 0.000000 1.000000 0.000000 0.000000
31.000000 290.318460 19.332006 -0.398003 2.448197 0.000000 0.000000 0.000000 1.000000 0.000000 0.000000
31.000000 290.321419 19.649808 -0.611584 2.655012 0.000000 0.000000 0.000000 1.000000 0.000000 0.000000
31.000000 290.328346 19.209110 -0.404999 2.483439 0.000000 0.000000 0.000000 1.000000 0.000000 0.000000
31.000000 290.331116 19.525589 -0.614243 2.695213 0.000000 0.000000 0.000000 1.000000 0.000000 0.000000
31.000000 290.338464 19.100274 -0.415646 2.541363 0.000000 0.000000 0.000000 1.000000 0.000000 0.000000
31.000000 290.341459 19.415520 -0.622284 2.744140 0.000000 0.000000 0.000000 1.000000 0.000000 0.000000
31.000000 290.348362 18.975165 -0.420294 2.582259 0.000000 0.000000 0.000000 1.000000 0.000000 0.000000
31.000000 290.351227 19.286992 -0.623330 2.779386 0.000000 0.000000 0.000000 1.000000 0.000000 0.000000
31.000000 290.358567 18.850153 -0.428740 2.629808 0.000000 0.000000 0.000000 1.000000 0.000000 0.000000
31.000000 290.361280 19.193930 -0.655767 2.825762 0.000000 0.000000 0.000000 1.000000 0.000000 0.000000
31.000000 290.368372 18.755366 -0.449138 2.678679 0.000000 0.000000 0.000000 1.000000 0.000000 0.000000
31.000000 290.371267 19.055666 -0.638684 2.865837 0.000000 0.000000 0.000000 1.000000 0.000000 0.000000
31.000000 290.378433 18.605367 -0.438122 2.711752 0.000000 0.000000 0.000000 1.000000 0.000000 0.000000
31.000000 290.381258 18.934969 -0.648982 2.900447 0.000000 0.000000 0.000000 1.000000 0.000000 0.000000
31.000000 290.388337 18.497331 -0.458449 2.761766 0.000000 0.000000 0.000000 1.000000 0.000000 0.000000
31.000000 290.391277 18.809145 -0.654113 2.943370 0.000000 0.000000 0.000000 1.000000 0.000000 0.000000
31.000000 290.398387 18.384537 -0.469393 2.801581 0.000000 0.000000 0.000000 1.000000 0.000000 0.000000
31.000000 290.401301 18.687249 -0.656483 2.978210 0.000000 0.000000 0.000000 1.000000 0.000000 0.000000
31.000000 290.408320 18.248853 -0.472799 2.833805 0.000000 0.000000 0.000000 1.000000 0.000000 0.000000
31.000000 290.411129 18.569138 -0.670204 3.003454 0.000000 0.000000 0.000000 1.000000 0.000000 0.000000
31.000000 290.418406 18.136103 -0.483089 2.874781 0.000000 0.000000 0.000000 1.000000 0.000000 0.000000
31.000000 290.421166 18.453701 -0.676762 3.043010 0.000000 0.000000 0.000000 1.000000 0.000000 0.000000
31.000000 290.428348 18.015613 -0.489725 2.908996 0.000000 0.000000 0.000000 1.000000 0.000000 0.000000
31.000000 290.431187 18.333713 -0.681861 3.076751 0.000000 0.000000 0.000000 1.000000 0.000000 0.000000
31.000000 290.438447 17.886272 -0.493938 2.941287 0.000000 0.000000 0.000000 1.000000 0.000000 0.000000
31.000000 290.441189 18.203392 -0.684854 3.110260 0.000000 0.000000 0.000000 1.000000 0.000000 0.000000
31.000000 290.448375 17.787982 -0.511189 2.978302 0.000000 0.000000 0.000000 1.000000 0.000000 0.000000
31.000000 290.451286 18.098471 -0.696354 3.143546 0.000000 0.000000 0.000000 1.000000 0.000000 0.000000
31.000000 290.458580 17.662074 -0.514638 3.007028 0.000000 0.000000 0.000000 1.000000 0.000000 0.000000
31.000000 290.461410 18.000137 -0.716747 3.169817 0.000000 0.000000 0.000000 1.000000 0.000000 0.000000
31.000000 290.468388 17.536812 -0.518606 3.054263 0.000000 0.000000 0.000000 1.000000 0.000000 0.000000
31.000000 290.471279 17.860834 -0.710261 3.206310 0.000000 0.000000 0.000000 1.000000 0.000000 0.000000
31.000000 290.478403 17.423128 -0.528958 3.082107 0.000000 0.000000 0.000000 1.000000 0.000000 0.000000
31.000000 290.481317 17.729274 -0.707225 3.230955 0.000000 0.000000 0.000000 1.000000 0.000000 0.000000
31.000000 290.488376 17.313048 -0.544437 3.113417 0.000000 0.000000 0.000000 1.000000 0.000000 0.000000
31.000000 290.491368 17.617349 -0.721492 3.258303 0.000000 0.000000 0.000000 1.000000 0.000000 0.000000
31.000000 290.498466 17.204272 -0.552907 3.141098 0.000000 0.000000 0.000000 1.000000 0.000000 0.000000
31.000000 290.501430 17.501564 -0.721653 3.284571 0.000000 0.000000 0.000000 1.000000 0.000000 0.000000
31.000000 290.508626 17.097582 -0.569257 3.167805 0.000000 0.000000 0.000000 1.000000 0.000000 0.000000
31.000000 290.511283 17.417886 -0.750072 3.302051 0.000000 0.000000 0.000000 1.000000 0.000000 0.000000
31.000000 290.518586 16.967213 -0.567863 3.200146 0.000000 0.000000 0.000000 1.000000 0.000000 0.000000
31.000000 290.521291 17.280141 -0.744842 3.333134 0.000000 0.000000 0.000000 1.000000 0.000000 0.000000
31.000000 290.528471 16.840497 -0.570838 3.227604 0.000000 0.000000 0.000000 1.000000 0.000000 0.000000
31.000000 290.531425 17.154019 -0.746820 3.355565 0.000000 0.000000 0.000000 1.000000 0.000000 0.000000
31.000000 290.538551 16.752350 -0.590407 3.254325 0.000000 0.000000 0.000000 1.000000 0.000000 0.000000
31.000000 290.541239 17.056651 -0.760937 3.376536 0.000000 0.000000 0.000000 1.000000 0.000000 0.000000
31.000000 290.548454 16.625529 -0.596384 3.278670 0.000000 0.000000 0.000000 1.000000 0.000000 0.000000
31.000000 290.551167 16.929741 -0.763720 3.399654 0.000000 0.000000 0.000000 1.000000 0.000000 0.000000
31.000000 290.558704 16.501464 -0.602400 3.298754 0.000000 0.000000 0.000000 1.000000 0.000000 0.000000
31.000000 290.561488 16.824531 -0.781073 3.417344 0.000000 0.000000 0.000000 1.000000 0.000000 0.000000
31.000000 290.568378 16.378039 -0.607642 3.317177 0.000000 0.000000 0.000000 1.000000 0.000000 0.000000
31.000000 290.571219 16.686505 -0.775207 3.434614 0.000000 0.000000 0.000000 1.000000 0.000000 0.000000
31.000000 290.578532 16.278561 -0.624772 3.340011 0.000000 0.000000 0.000000 1.000000 0.000000 0.000000
31.000000 290.581238 16.582682 -0.788939 3.447601 0.000000 0.000000 0.000000 1.000000 0.000000 0.000000
31.000000 290.588435 16.190774 -0.639036 3.362807 0.000000 0.000000 0.000000 1.000000 0.000000 0.000000
31.000000 290.591224 16.481604 -0.792912 3.468898 0.000000 0.000000 0.000000 1.000000 0.000000 0.000000
31.000000 290.598497 16.021806 -0.624598 3.382264 0.000000 0.000000 0.000000 1.000000 0.000000 0.000000
31.000000 290.601229 16.350076 -0.800244 3.478917 0.000000 0.000000 0.000000 1.000000 0.000000 0.000000
31.000000 290.608468 15.962200 -0.657967 3.401310 0.000000 0.000000 0.000000 1.000000 0.000000 0.000000
31.000000 290.611276 16.245482 -0.805808 3.491766 0.000000 0.000000 0.000000 1.000000 0.000000 0.000000
31.000000 290.618535 15.828051 -0.662744 3.413424 0.000000 0.000000 0.000000 1.000000 0.000000 0.000000
31.000000 290.621258 16.111737 -0.810615 3.505747 0.000000 0.000000 0.000000 1.000000 0.000000 0.000000
31.000000 290.628484 15.698349 -0.655236 3.431163 0.000000 0.000000 0.000000 1.000000 0.000000 0.000000
31.000000 290.631328 16.000793 -0.812773 3.511016 0.000000 0.000000 0.000000 1.000000 0.000000 0.000000
31.000000 290.638554 15.627381 -0.683540 3.446591 0.000000 0.000000 0.000000 1.000000 0.000000 0.000000
31.000000 290.641476 15.914560 -0.832696 3.520208 0.000000 0.000000 0.000000 1.000000 0.000000 0.000000
31.000000 290.648417 15.521031 -0.697087 3.459844 0.000000 0.000000 0.000000 1.000000 0.000000 0.000000
31.000000 290.651305 15.784237 -0.830502 3.534903 0.000000 0.000000 0.000000 1.000000 0.000000 0.000000
31.000000 290.658529 15.408053 -0.707500 3.465868 0.000000 0.000000 0.000000 1.000000 0.000000 0.000000
31.000000 290.661261 15.702089 -0.856468 3.535735 0.000000 0.000000 0.000000 1.000000 0.000000 0.000000
31.000000 290.668421 15.283240 -0.707411 3.479230 0.000000 0.000000 0.000000 1.000000 0.000000 0.000000
31.000000 290.671416 15.541386 -0.836296 3.548096 0.000000 0.000000 0.000000 1.000000 0.000000 0.000000
31.000000 290.678572 15.178060 -0.721073 3.489879 0.000000 0.000000 0.000000 1.000000 0.000000 0.000000
31.000000 290.681461 15.441209 -0.852411 3.554996 0.000000 0.000000 0.000000 1.000000 0.000000 0.000000
31.000000 290.688510 15.068956 -0.727674 3.497164 0.000000 0.000000 0.000000 1.000000 0.000000 0.000000
31.000000 290.691362 15.319847 -0.850671 3.562905 0.000000 0.000000 0.000000 1.000000 0.000000 0.000000
31.000000 290.698549 14.963742 -0.739790 3.507403 0.000000 0.000000 0.000000 1.000000 0.000000 0.000000
31.000000 290.701275 15.216734 -0.863488 3.564618 0.000000 0.000000 0.000000 1.000000 0.000000 0.000000
31.000000 290.708484 14.871085 -0.748123 3.507488 0.000000 0.000000 0.000000 1.000000 0.000000 0.000000
31.000000 290.711357 15.114109 -0.864131 3.564487 0.000000 0.000000 0.000000 1.000000 0.000000 0.000000
31.000000 290.718602 14.757482 -0.758356 3.518381 0.000000 0.000000 0.000000 1.000000 0.000000 0.000000
31.000000 290.721441 14.997784 -0.873212 3.571866 0.000000 0.000000 0.000000 1.000000 0.000000 0.000000
31.000000 290.728466 14.628396 -0.762517 3.521810 0.000000 0.000000 0.000000 1.000000 0.000000 0.000000
31.000000 290.731382 14.867439 -0.875929 3.574070 0.000000 0.000000 0.000000 1.000000 0.000000 0.000000
31.000000 290.738588 14.520298 -0.770997 3.528349 0.000000 0.000000 0.000000 1.000000 0.000000 0.000000
31.000000 290.741464 14.757562 -0.882342 3.577777 0.000000 0.000000 0.000000 1.000000 0.000000 0.000000
31.000000 290.748490 14.401152 -0.765050 3.527152 0.000000 0.000000 0.000000 1.000000 0.000000 0.000000
31.000000 290.751265 14.663867 -0.887384 3.576399 0.000000 0.000000 0.000000 1.000000 0.000000 0.000000
31.000000 290.758535 14.318986 -0.794162 3.522427 0.000000 0.000000 0.000000 1.000000 0.000000 0.000000
31.000000 290.761266 14.548145 -0.897346 3.574920 0.000000 0.000000 0.000000 1.000000 0.000000 0.000000
31.000000 290.768459 14.196424 -0.788082 3.529030 0.000000 0.000000 0.000000 1.000000 0.000000 0.000000
31.000000 290.771358 14.445949 -0.901461 3.577227 0.000000 0.000000 0.000000 1.000000 0.000000 0.000000
31.000000 290.778515 14.091063 -0.803599 3.524551 0.000000 0.000000 0.000000 1.000000 0.000000 0.000000
31.000000 290.781434 14.332802 -0.912462 3.571975 0.000000 0.000000 0.000000 1.000000 0.000000 0.000000
31.000000 290.788509 13.978917 -0.812703 3.524619 0.000000 0.000000 0.000000 1.000000 0.000000 0.000000
31.000000 290.791317 14.213803 -0.916297 3.570533 0.000000 0.000000 0.000000 1.000000 0.000000 0.000000
31.000000 290.798722 13.899072 -0.830147 3.521960 0.000000 0.000000 0.000000 1.000000 0.000000 0.000000
31.000000 290.801435 14.115912 -0.924107 3.564503 0.000000 0.000000 0.000000 1.000000 0.000000 0.000000
31.000000 290.808627 13.754186 -0.821053 3.519764 0.000000 0.000000 0.000000 1.000000 0.000000 0.000000
31.000000 290.811412 14.016677 -0.936159 3.564813 0.000000 0.000000 0.000000 1.000000 0.000000 0.000000
31.000000 290.818578 13.694493 -0.850062 3.512588 0.000000 0.000000 0.000000 1.000000 0.000000 0.000000
31.000000 290.821488 13.885995 -0.929865 3.549280 0.000000 0.000000 0.000000 1.000000 0.000000 0.000000
31.000000 290.828478 13.562128 -0.848768 3.505913 0.000000 0.000000 0.000000 1.000000 0.000000 0.000000
31.000000 290.831301 13.778164 -0.939967 3.540137 0.000000 0.000000 0.000000 1.000000 0.000000 0.000000
31.000000 290.838696 13.470395 -0.860991 3.499797 0.000000 0.000000 0.000000 1.000000 0.000000 0.000000
31.000000 290.841443 13.673810 -0.944960 3.533154 0.000000 0.000000 0.000000 1.000000 0.000000 0.000000
31.000000 290.848593 13.366219 -0.873464 3.491404 0.000000 0.000000 0.000000 1.000000 0.000000 0.000000
31.000000 290.851305 13.551786 -0.947700 3.523419 0.000000 0.000000 0.000000 1.000000 0.000000 0.000000
31.000000 290.858574 13.295764 -0.886263 3.477132 0.000000 0.000000 0.000000 1.000000 0.000000 0.000000
31.000000 290.861284 13.464850 -0.949959 3.506220 0.000000 0.000000 0.000000 1.000000 0.000000 0.000000
31.000000 290.868646 13.154164 -0.888722 3.472830 0.000000 0.000000 0.000000 1.000000 0.000000 0.000000
31.000000 290.871348 13.325752 -0.955308 3.497239 0.000000 0.000000 0.000000 1.000000 0.000000 0.000000
31.000000 290.878607 13.069268 -0.903409 3.461355 0.000000 0.000000 0.000000 1.000000 0.000000 0.000000
31.000000 290.881275 13.222330 -0.960500 3.487498 0.000000 0.000000 0.000000 1.000000 0.000000 0.000000
31.000000 290.888513 12.908754 -0.887123 3.445974 0.000000 0.000000 0.000000 1.000000 0.000000 0.000000
31.000000 290.891330 13.115462 -0.968965 3.472846 0.000000 0.000000 0.000000 1.000000 0.000000 0.000000
31.000000 290.898696 12.846713 -0.908488 3.435932 0.000000 0.000000 0.000000 1.000000 0.000000 0.000000
31.000000 290.901402 13.024841 -0.976775 3.455987 0.000000 0.000000 0.000000 1.000000 0.000000 0.000000
31.000000 290.908627 12.760400 -0.923195 3.415381 0.000000 0.000000 0.000000 1.000000 0.000000 0.000000
31.000000 290.911347 12.930273 -0.983970 3.435634 0.000000 0.000000 0.000000 1.000000 0.000000 0.000000
31.000000 290.918623 12.609819 -0.921125 3.407865 0.000000 0.000000 0.000000 1.000000 0.000000 0.000000
31.000000 290.921439 12.783798 -0.985698 3.423212 0.000000 0.000000 0.000000 1.000000 0.000000 0.000000
31.000000 290.928613 12.563773 -0.951638 3.392282 0.000000 0.000000 0.000000 1.000000 0.000000 0.000000
31.000000 290.931393 12.684056 -0.990676 3.407862 0.000000 0.000000 0.000000 1.000000 0.000000 0.000000
31.000000 290.938656 12.467949 -0.962276 3.373196 0.000000 0.000000 0.000000 1.000000 0.000000 0.000000
31.000000 290.941302 12.582984 -0.998535 3.384337 0.000000 0.000000 0.000000 1.000000 0.000000 0.000000
31.000000 290.948631 12.362198 -0.971523 3.355316 0.000000 0.000000 0.000000 1.000000 0.000000 0.000000
31.000000 290.951325 12.485284 -1.011156 3.364332 0.000000 0.000000 0.000000 1.000000 0.000000 0.000000
31.000000 290.958636 12.212727 -0.954339 3.332741 0.000000 0.000000 0.000000 1.000000 0.000000 0.000000
31.000000 290.961432 12.380926 -1.012178 3.342925 0.000000 0.000000 0.000000 1.000000 0.000000 0.000000
31.000000 290.968525 12.181740 -0.999692 3.319745 0.000000 0.000000 0.000000 1.000000 0.000000 0.000000
31.000000 290.971348 12.262924 -1.019579 3.321391 0.000000 0.000000 0.000000 1.000000 0.000000 0.000000
31.000000 290.978631 12.073797 -0.999483 3.299028 0.000000 0.000000 0.000000 1.000000 0.000000 0.000000
31.000000 290.981470 12.158861 -1.020089 3.301342 0.000000 0.000000 0.000000 1.000000 0.000000 0.000000
31.000000 290.988720 11.953533 -1.005457 3.273599 0.000000 0.000000 0.000000 1.000000 0.000000 0.000000
31.000000 290.991339 12.042667 -1.027617 3.277563 0.000000 0.000000 0.000000 1.000000 0.000000 0.000000
31.000000 290.998542 11.868926 -1.016456 3.250634 0.000000 0.000000 0.000000 1.000000 0.000000 0.000000
31.000000 291.001472 11.942315 -1.033229 3.251185 0.000000 0.000000 0.000000 1.000000 0.000000 0.000000
31.000000 291.008656 11.807874 -1.030822 3.226094 0.000000 0.000000 0.000000 1.000000 0.000000 0.000000
31.000000 291.011544 11.866445 -1.038299 3.223022 0.000000 0.000000 0.000000 1.000000 0.000000 0.000000
31.000000 291.018563 11.692478 -1.044360 3.202994 0.000000 0.000000 0.000000 1.000000 0.000000 0.000000
31.000000 291.021450 11.734873 -1.044336 3.199026 0.000000 0.000000 0.000000 1.000000 0.000000 0.000000
31.000000 291.028726 11.611707 -1.058587 3.178225 0.000000 0.000000 0.000000 1.000000 0.000000 0.000000
31.000000 291.031362 11.630091 -1.049289 3.169325 0.000000 0.000000 0.000000 1.000000 0.000000 0.000000
31.000000 291.038573 11.438674 -1.031524 3.148658 0.000000 0.000000 0.000000 1.000000 0.000000 0.000000
31.000000 291.041405 11.530419 -1.052180 3.141587 0.000000 0.000000 0.000000 1.000000 0.000000 0.000000
31.000000 291.048582 11.313849 -1.034076 3.118870 0.000000 0.000000 0.000000 1.000000 0.000000 0.000000
31.000000 291.051373 11.432534 -1.065456 3.113438 0.000000 0.000000 0.000000 1.000000 0.000000 0.000000
31.000000 291.058778 11.269520 -1.051249 3.087963 0.000000 0.000000 0.000000 1.000000 0.000000 0.000000
31.000000 291.061594 11.365931 -1.070875 3.079771 0.000000 0.000000 0.000000 1.000000 0.000000 0.000000
31.000000 291.068627 11.197056 -1.083348 3.057500 0.000000 0.000000 0.000000 1.000000 0.000000 0.000000
31.000000 291.071408 11.225074 -1.074692 3.052622 0.000000 0.000000 0.000000 1.000000 0.000000 0.000000
31.000000 291.078749 11.147247 -1.101830 3.033991 0.000000 0.000000 0.000000 1.000000 0.000000 0.000000
31.000000 291.081466 11.159103 -1.087357 3.022288 0.000000 0.000000 0.000000 1.000000 0.000000 0.000000
31.000000 291.088662 11.019655 -1.101135 2.997893 0.000000 0.000000 0.000000 1.000000 0.000000 0.000000
31.000000 291.091369 11.027312 -1.084611 2.985223 0.000000 0.000000 0.000000 1.000000 0.000000 0.000000
31.000000 291.098734 10.905985 -1.103996 2.963792 0.000000 0.000000 0.000000 1.000000 0.000000 0.000000
31.000000 291.101412 10.932248 -1.093640 2.955034 0.000000 0.000000 0.000000 1.000000 0.000000 0.000000
31.000000 291.108631 10.815084 -1.112520 2.922992 0.000000 0.000000 0.000000 1.000000 0.000000 0.000000
31.000000 291.111406 10.864649 -1.106053 2.909680 0.000000 0.000000 0.000000 1.000000 0.000000 0.000000
31.000000 291.118710 10.764615 -1.139522 2.898502 0.000000 0.000000 0.000000 1.000000 0.000000 0.000000
31.000000 291.121694 10.740148 -1.105418 2.883312 0.000000 0.000000 0.000000 1.000000 0.000000 0.000000
31.000000 291.128691 10.677404 -1.149212 2.866028 0.000000 0.000000 0.000000 1.000000 0.000000 0.000000
31.000000 291.131487 10.651357 -1.114799 2.846468 0.000000 0.000000 0.000000 1.000000 0.000000 0.000000
31.000000 291.138794 10.587602 -1.155246 2.832435 0.000000 0.000000 0.000000 1.000000 0.000000 0.000000
31.000000 291.141569 10.560783 -1.120806 2.809593 0.000000 0.000000 0.000000 1.000000 0.000000 0.000000
31.000000 291.148670 10.418161 -1.150433 2.777958 0.000000 0.000000 0.000000 1.000000 0.000000 0.000000
31.000000 291.151483 10.458406 -1.137622 2.771050 0.000000 0.000000 0.000000 1.000000 0.000000 0.000000
31.000000 291.158718 10.403328 -1.170607 2.740827 0.000000 0.000000 0.000000 1.000000 0.000000 0.000000
31.000000 291.161502 10.420478 -1.147844 2.726030 0.000000 0.000000 0.000000 1.000000 0.000000 0.000000
31.000000 291.168618 10.307817 -1.188715 2.713262 0.000000 0.000000 0.000000 1.000000 0.000000 0.000000
31.000000 291.171667 10.253513 -1.139394 2.687080 0.000000 0.000000 0.000000 1.000000 0.000000 0.000000
31.000000 291.178712 10.202124 -1.194984 2.673206 0.000000 0.000000 0.000000 1.000000 0.000000 0.000000
31.000000 291.181602 10.154744 -1.147841 2.646047 0.000000 0.000000 0.000000 1.000000 0.000000 0.000000
31.000000 291.188770 10.099348 -1.201899 2.632431 0.000000 0.000000 0.000000 1.000000 0.000000 0.000000
31.000000 291.191586 10.056357 -1.156033 2.606735 0.000000 0.000000 0.000000 1.000000 0.000000 0.000000
31.000000 291.198818 10.016123 -1.209189 2.585705 0.000000 0.000000 0.000000 1.000000 0.000000 0.000000
31.000000 291.201538 9.962704 -1.159826 2.561312 0.000000 0.000000 0.000000 1.000000 0.000000 0.000000
31.000000 291.208657 9.996437 -1.227357 2.551055 0.000000 0.000000 0.000000 1.000000 0.000000 0.000000
31.000000 291.211568 9.923702 -1.172024 2.512982 0.000000 0.000000 0.000000 1.000000 0.000000 0.000000
31.000000 291.218873 9.824165 -1.226078 2.502106 0.000000 0.000000 0.000000 1.000000 0.000000 0.000000
31.000000 291.221709 9.764182 -1.171713 2.470458 0.000000 0.000000 0.000000 1.000000 0.000000 0.000000
31.000000 291.228740 9.746431 -1.237624 2.458632 0.000000 0.000000 0.000000 1.000000 0.000000 0.000000
31.000000 291.231688 9.674850 -1.180579 2.424922 0.000000 0.000000 0.000000 1.000000 0.000000 0.000000
31.000000 291.238860 9.684016 -1.258272 2.414472 0.000000 0.000000 0.000000 1.000000 0.000000 0.000000
31.000000 291.241704 9.581971 -1.186418 2.374547 0.000000 0.000000 0.000000 1.000000 0.000000 0.000000
31.000000 291.248694 9.530307 -1.246760 2.359239 0.000000 0.000000 0.000000 1.000000 0.000000 0.000000
31.000000 291.251619 9.495500 -1.197995 2.330636 0.000000 0.000000 0.000000 1.000000 0.000000 0.000000
31.000000 291.258932 9.503794 -1.267974 2.317961 0.000000 0.000000 0.000000 1.000000 0.000000 0.000000
31.000000 291.261623 9.441101 -1.206895 2.281571 0.000000 0.000000 0.000000 1.000000 0.000000 0.000000
31.000000 291.268939 9.389058 -1.274567 2.264068 0.000000 0.000000 0.000000 1.000000 0.000000 0.000000
31.000000 291.271535 9.332468 -1.211343 2.237067 0.000000 0.000000 0.000000 1.000000 0.000000 0.000000
31.000000 291.278828 9.330889 -1.289873 2.224618 0.000000 0.000000 0.000000 1.000000 0.000000 0.000000
31.000000 291.281685 9.247693 -1.219411 2.187259 0.000000 0.000000 0.000000 1.000000 0.000000 0.000000
31.000000 291.288739 9.243383 -1.299447 2.172421 0.000000 0.000000 0.000000 1.000000 0.000000 0.000000
31.000000 291.291527 9.148422 -1.223626 2.138191 0.000000 0.000000 0.000000 1.000000 0.000000 0.000000
31.000000 291.298863 9.191568 -1.323675 2.122722 0.000000 0.000000 0.000000 1.000000 0.000000 0.000000
31.000000 291.301655 9.046260 -1.224830 2.082175 0.000000 0.000000 0.000000 1.000000 0.000000 0.000000
31.000000 291.308747 9.050525 -1.309782 2.050928 0.000000 0.000000 0.000000 1.000000 0.000000 0.000000
31.000000 291.311562 9.013210 -1.246392 2.018239 0.000000 0.000000 0.000000 1.000000 0.000000 0.000000
31.000000 291.318839 8.954317 -1.316667 2.008307 0.000000 0.000000 0.000000 1.000000 0.000000 0.000000
31.000000 291.321643 8.888897 -1.247601 1.975801 0.000000 0.000000 0.000000 1.000000 0.000000 0.000000
31.000000 291.328810 8.916933 -1.342246 1.954910 0.000000 0.000000 0.000000 1.000000 0.000000 0.000000
31.000000 291.331485 8.805636 -1.252732 1.915991 0.000000 0.000000 0.000000 1.000000 0.000000 0.000000
31.000000 291.338846 8.765383 -1.329242 1.897829 0.000000 0.000000 0.000000 1.000000 0.000000 0.000000
31.000000 291.341765 8.709235 -1.256178 1.862826 0.000000 0.000000 0.000000 1.000000 0.000000 0.000000
31.000000 291.348895 8.702436 -1.347489 1.841928 0.000000 0.000000 0.000000 1.000000 0.000000 0.000000
31.000000 291.351633 8.630537 -1.264569 1.808675 0.000000 0.000000 0.000000 1.000000 0.000000 0.000000
31.000000 291.358897 8.598976 -1.348613 1.778280 0.000000 0.000000 0.000000 1.000000 0.000000 0.000000
31.000000 291.361625 8.551896 -1.274063 1.745144 0.000000 0.000000 0.000000 1.000000 0.000000 0.000000
31.000000 291.368814 8.622608 -1.393939 1.738719 0.000000 0.000000 0.000000 1.000000 0.000000 0.000000
31.000000 291.371532 8.456249 -1.277048 1.689557 0.000000 0.000000 0.000000 1.000000 0.000000 0.000000
31.000000 291.378947 8.458846 -1.373374 1.670802 0.000000 0.000000 0.000000 1.000000 0.000000 0.000000
31.000000 291.381604 8.361320 -1.282779 1.621509 0.000000 0.000000 0.000000 1.000000 0.000000 0.000000
31.000000 291.388802 8.369991 -1.384768 1.603548 0.000000 0.000000 0.000000 1.000000 0.000000 0.000000
31.000000 291.391593 8.314964 -1.298757 1.571230 0.000000 0.000000 0.000000 1.000000 0.000000 0.000000
31.000000 291.398861 8.253008 -1.380627 1.548931 0.000000 0.000000 0.000000 1.000000 0.000000 0.000000
31.000000 291.401654 8.218344 -1.303760 1.513375 0.000000 0.000000 0.000000 1.000000 0.000000 0.000000
31.000000 291.408788 8.266977 -1.420028 1.487848 0.000000 0.000000 0.000000 1.000000 0.000000 0.000000
31.000000 291.411563 8.155343 -1.311276 1.443205 0.000000 0.000000 0.000000 1.000000 0.000000 0.000000
31.000000 291.418992 8.077936 -1.395760 1.419365 0.000000 0.000000 0.000000 1.000000 0.000000 0.000000
31.000000 291.421547 8.057779 -1.318190 1.388084 0.000000 0.000000 0.000000 1.000000 0.000000 0.000000
31.000000 291.428878 8.066176 -1.429258 1.363318 0.000000 0.000000 0.000000 1.000000 0.000000 0.000000
31.000000 291.431563 7.974943 -1.323861 1.323475 0.000000 0.000000 0.000000 1.000000 0.000000 0.000000
31.000000 291.439065 7.947291 -1.424132 1.310577 0.000000 0.000000 0.000000 1.000000 0.000000 0.000000
31.000000 291.441649 7.872553 -1.326496 1.266998 0.000000 0.000000 0.000000 1.000000 0.000000 0.000000
31.000000 291.448886 7.897795 -1.444250 1.243823 0.000000 0.000000 0.000000 1.000000 0.000000 0.000000
31.000000 291.451512 7.810919 -1.340958 1.202307 0.000000 0.000000 0.000000 1.000000 0.000000 0.000000
31.000000 291.458900 7.812783 -1.441074 1.183677 0.000000 0.000000 0.000000 1.000000 0.000000 0.000000
31.000000 291.461701 7.742524 -1.345078 1.130875 0.000000 0.000000 0.000000 1.000000 0.000000 0.000000
31.000000 291.468841 7.714328 -1.456254 1.112944 0.000000 0.000000 0.000000 1.000000 0.000000 0.000000
31.000000 291.471538 7.635358 -1.351625 1.070670 0.000000 0.000000 0.000000 1.000000 0.000000 0.000000
31.000000 291.478969 7.627229 -1.462462 1.051628 0.000000 0.000000 0.000000 1.000000 0.000000 0.000000
31.000000 291.481611 7.565466 -1.362380 1.001617 0.000000 0.000000 0.000000 1.000000 0.000000 0.000000
31.000000 291.488837 7.617894 -1.493794 0.992408 0.000000 0.000000 0.000000 1.000000 0.000000 0.000000
31.000000 291.491607 7.483200 -1.368834 0.934212 0.000000 0.000000 0.000000 1.000000 0.000000 0.000000
31.000000 291.498938 7.501573 -1.490196 0.922041 0.000000 0.000000 0.000000 1.000000 0.000000 0.000000
31.000000 291.501618 7.411361 -1.379968 0.864631 0.000000 0.000000 0.000000 1.000000 0.000000 0.000000
31.000000 291.508942 7.417979 -1.489141 0.848425 0.000000 0.000000 0.000000 1.000000 0.000000 0.000000
31.000000 291.511555 7.345544 -1.383455 0.790045 0.000000 0.000000 0.000000 1.000000 0.000000 0.000000
31.000000 291.518978 7.356093 -1.511762 0.784458 0.000000 0.000000 0.000000 1.000000 0.000000 0.000000
31.000000 291.521610 7.228221 -1.383195 0.730247 0.000000 0.000000 0.000000 1.000000 0.000000 0.000000
31.000000 291.528905 7.260258 -1.518476 0.713306 0.000000 0.000000 0.000000 1.000000 0.000000 0.000000
31.000000 291.531545 7.151657 -1.394577 0.658123 0.000000 0.000000 0.000000 1.000000 0.000000 0.000000
31.000000 291.538925 7.178216 -1.528253 0.638130 0.000000 0.000000 0.000000 1.000000 0.000000 0.000000
31.000000 291.541643 7.080804 -1.402029 0.584175 0.000000 0.000000 0.000000 1.000000 0.000000 0.000000
31.000000 291.548878 7.117538 -1.539007 0.569417 0.000000 0.000000 0.000000 1.000000 0.000000 0.000000
31.000000 291.551570 7.012828 -1.412055 0.510966 0.000000 0.000000 0.000000 1.000000 0.000000 0.000000
31.000000 291.559015 7.001794 -1.543856 0.477219 0.000000 0.000000 0.000000 1.000000 0.000000 0.000000
31.000000 291.561725 6.964074 -1.429642 0.425956 0.000000 0.000000 0.000000 1.000000 0.000000 0.000000
31.000000 291.568872 6.985530 -1.564231 0.420327 0.000000 0.000000 0.000000 1.000000 0.000000 0.000000
31.000000 291.571556 6.858224 -1.425277 0.360430 0.000000 0.000000 0.000000 1.000000 0.000000 0.000000
31.000000 291.579008 6.905846 -1.569277 0.357308 0.000000 0.000000 0.000000 1.000000 0.000000 0.000000
31.000000 291.581646 6.770905 -1.429304 0.288642 0.000000 0.000000 0.000000 1.000000 0.000000 0.000000
31.000000 291.588927 6.839602 -1.594226 0.283002 0.000000 0.000000 0.000000 1.000000 0.000000 0.000000
31.000000 291.591594 6.693423 -1.443218 0.214718 0.000000 0.000000 0.000000 1.000000 0.000000 0.000000
31.000000 291.598981 6.742285 -1.592557 0.198478 0.000000 0.000000 0.000000 1.000000 0.000000 0.000000
31.000000 291.601637 6.621897 -1.448020 0.134971 0.000000 0.000000 0.000000 1.000000 0.000000 0.000000
31.000000 291.608864 6.664515 -1.592624 0.142489 0.000000 0.000000 0.000000 1.000000 0.000000 0.000000
31.000000 291.611642 6.649785 -1.471667 0.102241 0.000000 0.000000 0.000000 1.000000 0.000000 0.000000
31.000000 291.619012 6.620076 -1.597283 0.210578 0.000000 0.000000 0.000000 1.000000 0.000000 0.000000
31.000000 291.621742 6.580338 -1.471083 0.167765 0.000000 0.000000 0.000000 1.000000 0.000000 0.000000
31.000000 291.628961 6.581978 -1.598331 0.281753 0.000000 0.000000 0.000000 1.000000 0.000000 0.000000
31.000000 291.631589 6.514046 -1.469145 0.229483 0.000000 0.000000 0.000000 1.000000 0.000000 0.000000
31.000000 291.638984 6.585818 -1.627969 0.348715 0.000000 0.000000 0.000000 1.000000 0.000000 0.000000
31.000000 291.641724 6.450583 -1.470828 0.287573 0.000000 0.000000 0.000000 1.000000 0.000000 0.000000
31.000000 291.648977 6.404651 -1.589101 0.371730 0.000000 0.000000 0.000000 1.000000 0.000000 0.000000
31.000000 291.651557 6.409925 -1.477897 0.339158 0.000000 0.000000 0.000000 1.000000 0.000000 0.000000
31.000000 291.659111 6.479528 -1.617203 0.455579 0.000000 0.000000 0.000000 1.000000 0.000000 0.000000
31.000000 291.661712 6.373951 -1.477561 0.386682 0.000000 0.000000 0.000000 1.000000 0.000000 0.000000
31.000000 291.669038 6.385546 -1.621437 0.506265 0.000000 0.000000 0.000000 1.000000 0.000000 0.000000
31.000000 291.671632 6.300243 -1.485875 0.446562 0.000000 0.000000 0.000000 1.000000 0.000000 0.000000
31.000000 291.679157 6.298895 -1.619961 0.558559 0.000000 0.000000 0.000000 1.000000 0.000000 0.000000
31.000000 291.681674 6.221396 -1.486132 0.506000 0.000000 0.000000 0.000000 1.000000 0.000000 0.000000
31.000000 291.689012 6.284842 -1.626690 0.615399 0.000000 0.000000 0.000000 1.000000 0.000000 0.000000
31.000000 291.691706 6.184931 -1.488817 0.552802 0.000000 0.000000 0.000000 1.000000 0.000000 0.000000
31.000000 291.699169 6.204099 -1.623261 0.654221 0.000000 0.000000 0.000000 1.000000 0.000000 0.000000
31.000000 291.701725 6.121583 -1.489535 0.601508 0.000000 0.000000 0.000000 1.000000 0.000000 0.000000
31.000000 291.708984 6.295667 -1.656187 0.725629 0.000000 0.000000 0.000000 1.000000 0.000000 0.000000
31.000000 291.711644 6.096934 -1.493350 0.645117 0.000000 0.000000 0.000000 1.000000 0.000000 0.000000
31.000000 291.719068 6.100842 -1.630977 0.757498 0.000000 0.000000 0.000000 1.000000 0.000000 0.000000
31.000000 291.721692 6.009993 -1.496057 0.699868 0.000000 0.000000 0.000000 1.000000 0.000000 0.000000
31.000000 291.728893 6.065521 -1.638119 0.807543 0.000000 0.000000 0.000000 1.000000 0.000000 0.000000
31.000000 291.731683 5.957360 -1.498106 0.745365 0.000000 0.000000 0.000000 1.000000 0.000000 0.000000
31.000000 291.739152 6.028454 -1.641185 0.854155 0.000000 0.000000 0.000000 1.000000 0.000000 0.000000
31.000000 291.741771 5.906497 -1.497783 0.791431 0.000000 0.000000 0.000000 1.000000 0.000000 0.000000
31.000000 291.748951 5.968339 -1.646613 0.905029 0.000000 0.000000 0.000000 1.000000 0.000000 0.000000
31.000000 291.751670 5.841161 -1.502746 0.836822 0.000000 0.000000 0.000000 1.000000 0.000000 0.000000
31.000000 291.759212 6.013123 -1.660576 0.967334 0.000000 0.000000 0.000000 1.000000 0.000000 0.000000
31.000000 291.761753 5.811536 -1.504186 0.875787 0.000000 0.000000 0.000000 1.000000 0.000000 0.000000
31.000000 291.769089 5.967111 -1.673630 1.009254 0.000000 0.000000 0.000000 1.000000 0.000000 0.000000
31.000000 291.771644 5.728938 -1.502345 0.922744 0.000000 0.000000 0.000000 1.000000 0.000000 0.000000
31.000000 291.779205 5.923498 -1.680793 1.047080 0.000000 0.000000 0.000000 1.000000 0.000000 0.000000
31.000000 291.781763 5.694571 -1.510567 0.959590 0.000000 0.000000 0.000000 1.000000 0.000000 0.000000
31.000000 291.789096 5.907405 -1.699963 1.095944 0.000000 0.000000 0.000000 1.000000 0.000000 0.000000
31.000000 291.791654 5.634075 -1.516849 1.000397 0.000000 0.000000 0.000000 1.000000 0.000000 0.000000
31.000000 291.798958 5.754806 -1.670276 1.114559 0.000000 0.000000 0.000000 1.000000 0.000000 0.000000
31.000000 291.801732 5.589478 -1.519220 1.039645 0.000000 0.000000 0.000000 1.000000 0.000000 0.000000
31.000000 291.808936 5.881712 -1.717664 1.159089 0.000000 0.000000 0.000000 1.000000 0.000000 0.000000
31.000000 291.811655 5.592725 -1.532313 1.058279 0.000000 0.000000 0.000000 1.000000 0.000000 0.000000
31.000000 291.819130 5.679681 -1.686829 1.193860 0.000000 0.000000 0.000000 1.000000 0.000000 0.000000
31.000000 291.821826 5.481421 -1.525376 1.109594 0.000000 0.000000 0.000000 1.000000 0.000000 0.000000
31.000000 291.829032 5.767463 -1.727733 1.246833 0.000000 0.000000 0.000000 1.000000 0.000000 0.000000
31.000000 291.831636 5.435358 -1.528325 1.143716 0.000000 0.000000 0.000000 1.000000 0.000000 0.000000
31.000000 291.839072 5.695910 -1.726140 1.279489 0.000000 0.000000 0.000000 1.000000 0.000000 0.000000
31.000000 291.841787 5.373557 -1.530386 1.182040 0.000000 0.000000 0.000000 1.000000 0.000000 0.000000
31.000000 291.848998 5.615096 -1.724328 1.309150 0.000000 0.000000 0.000000 1.000000 0.000000 0.000000
31.000000 291.851692 5.329270 -1.537707 1.213728 0.000000 0.000000 0.000000 1.000000 0.000000 0.000000
31.000000 291.859090 5.596964 -1.729617 1.338823 0.000000 0.000000 0.000000 1.000000 0.000000 0.000000
31.000000 291.861905 5.308768 -1.545452 1.234535 0.000000 0.000000 0.000000 1.000000 0.000000 0.000000
31.000000 291.869093 5.456712 -1.713200 1.367695 0.000000 0.000000 0.000000 1.000000 0.000000 0.000000
31.000000 291.871741 5.208696 -1.539416 1.278117 0.000000 0.000000 0.000000 1.000000 0.000000 0.000000
31.000000 291.879043 5.442931 -1.719117 1.411036 0.000000 0.000000 0.000000 1.000000 0.000000 0.000000
31.000000 291.881818 5.156940 -1.539794 1.307009 0.000000 0.000000 0.000000 1.000000 0.000000 0.000000
31.000000 291.889064 5.508498 -1.761794 1.456845 0.000000 0.000000 0.000000 1.000000 0.000000 0.000000
31.000000 291.891722 5.090884 -1.541837 1.343689 0.000000 0.000000 0.000000 1.000000 0.000000 0.000000
31.000000 291.899041 5.395121 -1.748177 1.473032 0.000000 0.000000 0.000000 1.000000 0.000000 0.000000
31.000000 291.901856 5.038641 -1.545300 1.370255 0.000000 0.000000 0.000000 1.000000 0.000000 0.000000
31.000000 291.909003 5.410491 -1.772609 1.507567 0.000000 0.000000 0.000000 1.000000 0.000000 0.000000
31.000000 291.911746 5.024320 -1.560660 1.385141 0.000000 0.000000 0.000000 1.000000 0.000000 0.000000
31.000000 291.919119 5.348265 -1.767196 1.535817 0.000000 0.000000 0.000000 1.000000 0.000000 0.000000
31.000000 291.921882 4.942583 -1.552664 1.420746 0.000000 0.000000 0.000000 1.000000 0.000000 0.000000
31.000000 291.929072 5.241808 -1.748001 1.566274 0.000000 0.000000 0.000000 1.000000 0.000000 0.000000
31.000000 291.931777 4.878258 -1.550102 1.445285 0.000000 0.000000 0.000000 1.000000 0.000000 0.000000
31.000000 291.939149 5.239165 -1.760203 1.595127 0.000000 0.000000 0.000000 1.000000 0.000000 0.000000
31.000000 291.941866 4.837693 -1.553113 1.468926 0.000000 0.000000 0.000000 1.000000 0.000000 0.000000
31.000000 291.949089 5.098337 -1.742424 1.607905 0.000000 0.000000 0.000000 1.000000 0.000000 0.000000
31.000000 291.951777 4.775378 -1.557090 1.497172 0.000000 0.000000 0.000000 1.000000 0.000000 0.000000
31.000000 291.959114 5.218713 -1.780817 1.642911 0.000000 0.000000 0.000000 1.000000 0.000000 0.000000
31.000000 291.961877 4.758102 -1.562172 1.510195 0.000000 0.000000 0.000000 1.000000 0.000000 0.000000
31.000000 291.969037 4.975973 -1.750483 1.644592 0.000000 0.000000 0.000000 1.000000 0.000000 0.000000
31.000000 291.971995 4.649262 -1.560970 1.541706 0.000000 0.000000 0.000000 1.000000 0.000000 0.000000
31.000000 291.979069 5.003411 -1.768990 1.678790 0.000000 0.000000 0.000000 1.000000 0.000000 0.000000
31.000000 291.982034 4.602996 -1.562752 1.560644 0.000000 0.000000 0.000000 1.000000 0.000000 0.000000
31.000000 291.989088 5.001391 -1.785773 1.704312 0.000000 0.000000 0.000000 1.000000 0.000000 0.000000
31.000000 291.991754 4.557227 -1.566524 1.579927 0.000000 0.000000 0.000000 1.000000 0.000000 0.000000
31.000000 291.999176 4.901890 -1.776745 1.715817 0.000000 0.000000 0.000000 1.000000 0.000000 0.000000
31.000000 292.002025 4.500797 -1.569236 1.597217 0.000000 0.000000 0.000000 1.000000 0.000000 0.000000
31.000000 292.009139 4.992054 -1.803791 1.742855 0.000000 0.000000 0.000000 1.000000 0.000000 0.000000
31.000000 292.011808 4.501242 -1.579255 1.604312 0.000000 0.000000 0.000000 1.000000 0.000000 0.000000
31.000000 292.015306 5.032347 -1.540078 1.546886 0.000000 0.000000 0.000000 1.000000 0.000000 0.000000
31.000000 292.019242 4.883386 -1.807237 1.755588 0.000000 0.000000 0.000000 1.000000 0.000000 0.000000
31.000000 292.021894 4.402198 -1.578013 1.630305 0.000000 0.000000 0.000000 1.000000 0.000000 0.000000
31.000000 292.025394 4.985353 -1.541185 1.560642 0.000000 0.000000 0.000000 1.000000 0.000000 0.000000
31.000000 292.029217 4.811227 -1.801271 1.772968 0.000000 0.000000 0.000000 1.000000 0.000000 0.000000
31.000000 292.031926 4.353405 -1.580030 1.645869 0.000000 0.000000 0.000000 1.000000 0.000000 0.000000
31.000000 292.035325 4.945816 -1.543943 1.573623 0.000000 0.000000 0.000000 1.000000 0.000000 0.000000
31.000000 292.039170 4.790583 -1.810703 1.787658 0.000000 0.000000 0.000000 1.000000 0.000000 0.000000
31.000000 292.042038 4.310185 -1.583571 1.655232 0.000000 0.000000 0.000000 1.000000 0.000000 0.000000
31.000000 292.045337 4.897168 -1.546003 1.586057 0.000000 0.000000 0.000000 1.000000 0.000000 0.000000
31.000000 292.049325 4.723576 -1.808372 1.802170 0.000000 0.000000 0.000000 1.000000 0.000000 0.000000
31.000000 292.051825 4.254727 -1.585335 1.670166 0.000000 0.000000 0.000000 1.000000 0.000000 0.000000
31.000000 292.055285 4.844826 -1.548539 1.599701 0.000000 0.000000 0.000000 1.000000 0.000000 0.000000
31.000000 292.059110 4.703433 -1.810201 1.807496 0.000000 0.000000 0.000000 1.000000 0.000000 0.000000
31.000000 292.062135 4.246131 -1.592492 1.668284 0.000000 0.000000 0.000000 1.000000 0.000000 0.000000
31.000000 292.065378 4.801690 -1.549839 1.607160 0.000000 0.000000 0.000000 1.000000 0.000000 0.000000
31.000000 292.069066 4.637554 -1.822434 1.823939 0.000000 0.000000 0.000000 1.000000 0.000000 0.000000
31.000000 292.071961 4.141947 -1.588771 1.692698 0.000000 0.000000 0.000000 1.000000 0.000000 0.000000
31.000000 292.075340 4.765447 -1.554201 1.612609 0.000000 0.000000 0.000000 1.000000 0.000000 0.000000
31.000000 292.079275 4.613315 -1.830139 1.835277 0.000000 0.000000 0.000000 1.000000 0.000000 0.000000
31.000000 292.082042 4.109226 -1.594803 1.701805 0.000000 0.000000 0.000000 1.000000 0.000000 0.000000
31.000000 292.085409 4.722541 -1.559287 1.623920 0.000000 0.000000 0.000000 1.000000 0.000000 0.000000
31.000000 292.089097 4.598287 -1.839282 1.850927 0.000000 0.000000 0.000000 1.000000 0.000000 0.000000
31.000000 292.092029 4.087663 -1.604861 1.705919 0.000000 0.000000 0.000000 1.000000 0.000000 0.000000
31.000000 292.095289 4.658849 -1.562176 1.639202 0.000000 0.000000 0.000000 1.000000 0.000000 0.000000
31.000000 292.099105 4.533289 -1.841325 1.853687 0.000000 0.000000 0.000000 1.000000 0.000000 0.000000
31.000000 292.101930 4.018978 -1.603500 1.719317 0.000000 0.000000 0.000000 1.000000 0.000000 0.000000
31.000000 292.105418 4.612591 -1.566012 1.644447 0.000000 0.000000 0.000000 1.000000 0.000000 0.000000
31.000000 292.109065 4.580088 -1.858773 1.874792 0.000000 0.000000 0.000000 1.000000 0.000000 0.000000
31.000000 292.111874 3.969998 -1.602113 1.726906 0.000000 0.000000 0.000000 1.000000 0.000000 0.000000
31.000000 292.115491 4.559203 -1.571957 1.650639 0.000000 0.000000 0.000000 1.000000 0.000000 0.000000
31.000000 292.119137 4.516890 -1.856569 1.869174 0.000000 0.000000 0.000000 1.000000 0.000000 0.000000
31.000000 292.121934 3.953474 -1.610379 1.722514 0.000000 0.000000 0.000000 1.000000 0.000000 0.000000
31.000000 292.125469 4.526046 -1.573120 1.653582 0.000000 0.000000 0.000000 1.000000 0.000000 0.000000
31.000000 292.129142 4.516326 -1.861420 1.875946 0.000000 0.000000 0.000000 1.000000 0.000000 0.000000
31.000000 292.131901 3.917988 -1.614104 1.722193 0.000000 0.000000 0.000000 1.000000 0.000000 0.000000
31.000000 292.135345 4.461760 -1.581558 1.658828 0.000000 0.000000 0.000000 1.000000 0.000000 0.000000
31.000000 292.141983 3.865376 -1.611302 1.729682 0.000000 0.000000 0.000000 1.000000 0.000000 0.000000
31.000000 292.145392 4.420811 -1.580574 1.660475 0.000000 0.000000 0.000000 1.000000 0.000000 0.000000
31.000000 292.151810 3.802359 -1.612850 1.734780 0.000000 0.000000 0.000000 1.000000 0.000000 0.000000
31.000000 292.155338 4.376882 -1.583148 1.659829 0.000000 0.000000 0.000000 1.000000 0.000000 0.000000
31.000000 292.159354 4.394059 -1.877801 1.894359 0.000000 0.000000 0.000000 1.000000 0.000000 0.000000
31.000000 292.161971 3.775640 -1.620682 1.732493 0.000000 0.000000 0.000000 1.000000 0.000000 0.000000
31.000000 292.165432 4.335817 -1.582261 1.661465 0.000000 0.000000 0.000000 1.000000 0.000000 0.000000
31.000000 292.169112 4.418178 -1.892007 1.899195 0.000000 0.000000 0.000000 1.000000 0.000000 0.000000
31.000000 292.171820 3.740212 -1.626078 1.729698 0.000000 0.000000 0.000000 1.000000 0.000000 0.000000
31.000000 292.175327 4.279347 -1.593544 1.660472 0.000000 0.000000 0.000000 1.000000 0.000000 0.000000
31.000000 292.179157 4.408414 -1.897003 1.906566 0.000000 0.000000 0.000000 1.000000 0.000000 0.000000
31.000000 292.181913 3.691566 -1.623220 1.731198 0.000000 0.000000 0.000000 1.000000 0.000000 0.000000
31.000000 292.185483 4.238231 -1.593811 1.661143 0.000000 0.000000 0.000000 1.000000 0.000000 0.000000
31.000000 292.189036 4.378436 -1.906894 1.898682 0.000000 0.000000 0.000000 1.000000 0.000000 0.000000
31.000000 292.191843 3.667061 -1.630712 1.723155 0.000000 0.000000 0.000000 1.000000 0.000000 0.000000
31.000000 292.195310 4.195374 -1.593888 1.657563 0.000000 0.000000 0.000000 1.000000 0.000000 0.000000
31.000000 292.199305 4.365598 -1.915724 1.900491 0.000000 0.000000 0.000000 1.000000 0.000000 0.000000
31.000000 292.202017 3.624837 -1.633363 1.719749 0.000000 0.000000 0.000000 1.000000 0.000000 0.000000
31.000000 292.205461 4.148790 -1.597160 1.653097 0.000000 0.000000 0.000000 1.000000 0.000000 0.000000
31.000000 292.209143 4.343807 -1.919127 1.896178 0.000000 0.000000 0.000000 1.000000 0.000000 0.000000
31.000000 292.211966 3.603553 -1.640675 1.711248 0.000000 0.000000 0.000000 1.000000 0.000000 0.000000
31.000000 292.215363 4.099361 -1.602722 1.651711 0.000000 0.000000 0.000000 1.000000 0.000000 0.000000
31.000000 292.219162 4.348316 -1.928507 1.898220 0.000000 0.000000 0.000000 1.000000 0.000000 0.000000
31.000000 292.222005 3.560784 -1.641348 1.703114 0.000000 0.000000 0.000000 1.000000 0.000000 0.000000
31.000000 292.225460 4.056356 -1.605414 1.643525 0.000000 0.000000 0.000000 1.000000 0.000000 0.000000
31.000000 292.229258 4.325873 -1.929715 1.890963 0.000000 0.000000 0.000000 1.000000 0.000000 0.000000
31.000000 292.231845 3.533610 -1.645401 1.694218 0.000000 0.000000 0.000000 1.000000 0.000000 0.000000
31.000000 292.235304 4.008648 -1.610990 1.637213 0.000000 0.000000 0.000000 1.000000 0.000000 0.000000
31.000000 292.241954 3.368767 -1.702600 1.842986 0.000000 0.000000 0.000000 1.000000 0.000000 0.000000
31.000000 292.245389 3.961781 -1.610688 1.630304 0.000000 0.000000 0.000000 1.000000 0.000000 0.000000
31.000000 292.251869 3.336488 -1.708604 1.831915 0.000000 0.000000 0.000000 1.000000 0.000000 0.000000
31.000000 292.255326 3.920247 -1.614586 1.617863 0.000000 0.000000 0.000000 1.000000 0.000000 0.000000
31.000000 292.262007 3.291360 -1.714883 1.825430 0.000000 0.000000 0.000000 1.000000 0.000000 0.000000
31.000000 292.265396 3.865257 -1.618100 1.611255 0.000000 0.000000 0.000000 1.000000 0.000000 0.000000
31.000000 292.271885 3.239710 -1.717317 1.815834 0.000000 0.000000 0.000000 1.000000 0.000000 0.000000
31.000000 292.275355 3.822362 -1.621749 1.598813 0.000000 0.000000 0.000000 1.000000 0.000000 0.000000
31.000000 292.281937 3.188620 -1.719381 1.807464 0.000000 0.000000 0.000000 1.000000 0.000000 0.000000
31.000000 292.285406 3.780835 -1.623163 1.584068 0.000000 0.000000 0.000000 1.000000 0.000000 0.000000
31.000000 292.291894 3.178276 -1.724770 1.791755 0.000000 0.000000 0.000000 1.000000 0.000000 0.000000
31.000000 292.295458 3.740746 -1.624115 1.573964 0.000000 0.000000 0.000000 1.000000 0.000000 0.000000
31.000000 292.302064 3.118913 -1.727674 1.782253 0.000000 0.000000 0.000000 1.000000 0.000000 0.000000
31.000000 292.305513 3.685758 -1.631496 1.561051 0.000000 0.000000 0.000000 1.000000 0.000000 0.000000
31.000000 292.312076 3.059422 -1.728209 1.774745 0.000000 0.000000 0.000000 1.000000 0.000000 0.000000
31.000000 292.315455 3.640247 -1.632483 1.546934 0.000000 0.000000 0.000000 1.000000 0.000000 0.000000
31.000000 292.322004 3.017268 -1.728659 1.757698 0.000000 0.000000 0.000000 1.000000 0.000000 0.000000
31.000000 292.325459 3.597954 -1.634454 1.526956 0.000000 0.000000 0.000000 1.000000 0.000000 0.000000
31.000000 292.332058 3.009579 -1.737898 1.733251 0.000000 0.000000 0.000000 1.000000 0.000000 0.000000
31.000000 292.335411 3.555749 -1.637884 1.511762 0.000000 0.000000 0.000000 1.000000 0.000000 0.000000
31.000000 292.342004 2.940460 -1.736395 1.723117 0.000000 0.000000 0.000000 1.000000 0.000000 0.000000
31.000000 292.345471 3.506554 -1.643054 1.496242 0.000000 0.000000 0.000000 1.000000 0.000000 0.000000
31.000000 292.355397 3.461161 -1.645815 1.478233 0.000000 0.000000 0.000000 1.000000 0.000000 0.000000
31.000000 292.361977 2.871165 -1.749024 1.686583 0.000000 0.000000 0.000000 1.000000 0.000000 0.000000
31.000000 292.365478 3.419263 -1.648000 1.455344 0.000000 0.000000 0.000000 1.000000 0.000000 0.000000
31.000000 292.375446 3.374463 -1.649889 1.434853 0.000000 0.000000 0.000000 1.000000 0.000000 0.000000
31.000000 292.382019 2.787083 -1.755175 1.645234 0.000000 0.000000 0.000000 1.000000 0.000000 0.000000
31.000000 292.385455 3.329515 -1.654215 1.412396 0.000000 0.000000 0.000000 1.000000 0.000000 0.000000
31.000000 292.392050 2.796729 -1.769885 1.613182 0.000000 0.000000 0.000000 1.000000 0.000000 0.000000
31.000000 292.395458 3.284855 -1.657454 1.392198 0.000000 0.000000 0.000000 1.000000 0.000000 0.000000
31.000000 292.402025 2.665487 -1.749890 1.614651 0.000000 0.000000 0.000000 1.000000 0.000000 0.000000
31.000000 292.405564 3.240208 -1.658942 1.366598 0.000000 0.000000 0.000000 1.000000 0.000000 0.000000
31.000000 292.411914 2.666105 -1.769057 1.578520 0.000000 0.000000 0.000000 1.000000 0.000000 0.000000
31.000000 292.415379 3.193127 -1.664997 1.341200 0.000000 0.000000 0.000000 1.000000 0.000000 0.000000
31.000000 292.422003 2.674772 -1.782403 1.542893 0.000000 0.000000 0.000000 1.000000 0.000000 0.000000
31.000000 292.425534 3.149575 -1.665421 1.312142 0.000000 0.000000 0.000000 1.000000 0.000000 0.000000
31.000000 292.432027 2.623401 -1.785376 1.522146 0.000000 0.000000 0.000000 1.000000 0.000000 0.000000
31.000000 292.435463 3.103685 -1.671533 1.290942 0.000000 0.000000 0.000000 1.000000 0.000000 0.000000
31.000000 292.442040 2.584351 -1.785349 1.496234 0.000000 0.000000 0.000000 1.000000 0.000000 0.000000
31.000000 292.445484 3.062012 -1.671192 1.263158 0.000000 0.000000 0.000000 1.000000 0.000000 0.000000
31.000000 292.451913 2.561022 -1.788949 1.461510 0.000000 0.000000 0.000000 1.000000 0.000000 0.000000
31.000000 292.455442 3.026574 -1.672724 1.231441 0.000000 0.000000 0.000000 1.000000 0.000000 0.000000
31.000000 292.462244 2.566878 -1.809031 1.422385 0.000000 0.000000 0.000000 1.000000 0.000000 0.000000
31.000000 292.465487 2.977658 -1.675842 1.200789 0.000000 0.000000 0.000000 1.000000 0.000000 0.000000
31.000000 292.472037 2.520182 -1.808574 1.394373 0.000000 0.000000 0.000000 1.000000 0.000000 0.000000
31.000000 292.475391 2.936175 -1.677609 1.167583 0.000000 0.000000 0.000000 1.000000 0.000000 0.000000
31.000000 292.482240 2.412370 -1.793466 1.382208 0.000000 0.000000 0.000000 1.000000 0.000000 0.000000
31.000000 292.485547 2.893584 -1.681551 1.139163 0.000000 0.000000 0.000000 1.000000 0.000000 0.000000
31.000000 292.492215 2.435827 -1.813127 1.335037 0.000000 0.000000 0.000000 1.000000 0.000000 0.000000
31.000000 292.495482 2.853772 -1.685975 1.101527 0.000000 0.000000 0.000000 1.000000 0.000000 0.000000
31.000000 292.502254 2.401309 -1.816860 1.300653 0.000000 0.000000 0.000000 1.000000 0.000000 0.000000
31.000000 292.505558 2.808310 -1.685896 1.069506 0.000000 0.000000 0.000000 1.000000 0.000000 0.000000
31.000000 292.512045 2.345888 -1.824952 1.264451 0.000000 0.000000 0.000000 1.000000 0.000000 0.000000
31.000000 292.515622 2.752583 -1.695823 1.037520 0.000000 0.000000 0.000000 1.000000 0.000000 0.000000
31.000000 292.522104 2.301754 -1.824510 1.239742 0.000000 0.000000 0.000000 1.000000 0.000000 0.000000
31.000000 292.525573 2.713033 -1.694772 1.003862 0.000000 0.000000 0.000000 1.000000 0.000000 0.000000
31.000000 292.532164 2.236998 -1.814931 1.213002 0.000000 0.000000 0.000000 1.000000 0.000000 0.000000
31.000000 292.535537 2.685655 -1.694007 0.957855 0.000000 0.000000 0.000000 1.000000 0.000000 0.000000
31.000000 292.542050 2.220989 -1.821997 1.169512 0.000000 0.000000 0.000000 1.000000 0.000000 0.000000
31.000000 292.545615 2.636822 -1.695750 0.926154 0.000000 0.000000 0.000000 1.000000 0.000000 0.000000
31.000000 292.552118 2.216198 -1.841442 1.128083 0.000000 0.000000 0.000000 1.000000 0.000000 0.000000
31.000000 292.555545 2.597398 -1.699925 0.885972 0.000000 0.000000 0.000000 1.000000 0.000000 0.000000
31.000000 292.562268 2.158353 -1.834676 1.092606 0.000000 0.000000 0.000000 1.000000 0.000000 0.000000
31.000000 292.565614 2.546066 -1.705756 0.851739 0.000000 0.000000 0.000000 1.000000 0.000000 0.000000
31.000000 292.568042 2.064548 -2.080311 1.119707 0.000000 0.000000 0.000000 1.000000 0.000000 0.000000
31.000000 292.572082 2.171331 -1.860024 1.045594 0.000000 0.000000 0.000000 1.000000 0.000000 0.000000
31.000000 292.575574 2.510431 -1.701182 0.808603 0.000000 0.000000 0.000000 1.000000 0.000000 0.000000
31.000000 292.582298 2.095813 -1.842550 1.009133 0.000000 0.000000 0.000000 1.000000 0.000000 0.000000
31.000000 292.585666 2.469837 -1.705204 0.765829 0.000000 0.000000 0.000000 1.000000 0.000000 0.000000
31.000000 292.592044 2.144362 -1.875791 0.959960 0.000000 0.000000 0.000000 1.000000 0.000000 0.000000
31.000000 292.595572 2.430064 -1.707812 0.730400 0.000000 0.000000 0.000000 1.000000 0.000000 0.000000
31.000000 292.605875 1.907887 -2.076424 0.969547 0.000000 0.000000 0.000000 1.000000 0.000000 0.000000
31.000000 292.615623 1.861312 -2.082068 0.927863 0.000000 0.000000 0.000000 1.000000 0.000000 0.000000
31.000000 292.617948 1.884445 -2.075761 0.901263 0.000000 0.000000 0.000000 1.000000 0.000000 0.000000
31.000000 292.625697 1.825876 -2.086122 0.878624 0.000000 0.000000 0.000000 1.000000 0.000000 0.000000
31.000000 292.635657 1.757249 -2.116158 0.839111 0.000000 0.000000 0.000000 1.000000 0.000000 0.000000
31.000000 292.637922 1.801132 -2.086744 0.808501 0.000000 0.000000 0.000000 1.000000 0.000000 0.000000
31.000000 292.645692 1.743033 -2.096791 0.786485 0.000000 0.000000 0.000000 1.000000 0.000000 0.000000
31.000000 292.655590 1.692991 -2.116262 0.743688 0.000000 0.000000 0.000000 1.000000 0.000000 0.000000
