8.000000 80.616324 25.129738 -0.255588 0.313181 0.000000 0.000000 0.000000 1.000000 0.000000 0.000000
8.000000 80.626303 24.964683 -0.264218 0.419295 0.000000 0.000000 0.000000 1.000000 0.000000 0.000000
8.000000 80.636408 24.899026 -0.257513 0.485268 0.000000 0.000000 0.000000 1.000000 0.000000 0.000000
8.000000 80.646342 24.810492 -0.250793 0.557437 0.000000 0.000000 0.000000 1.000000 0.000000 0.000000
8.000000 80.656352 24.617055 -0.256980 0.682398 0.000000 0.000000 0.000000 1.000000 0.000000 0.000000
8.000000 80.666347 24.439673 -0.244896 0.771273 0.000000 0.000000 0.000000 1.000000 0.000000 0.000000
8.000000 80.676364 24.299424 -0.229576 0.838811 0.000000 0.000000 0.000000 1.000000 0.000000 0.000000
8.000000 80.686363 24.175340 -0.220851 0.913230 0.000000 0.000000 0.000000 1.000000 0.000000 0.000000
8.000000 80.696345 24.022530 -0.220836 0.997867 0.000000 0.000000 0.000000 1.000000 0.000000 0.000000
8.000000 80.704284 22.933019 -0.366484 1.141080 0.000000 0.000000 0.000000 1.000000 0.000000 0.000000
8.000000 80.706389 23.822752 -0.218007 1.079811 0.000000 0.000000 0.000000 1.000000 0.000000 0.000000
8.000000 80.714249 22.827783 -0.354183 1.217162 0.000000 0.000000 0.000000 1.000000 0.000000 0.000000
8.000000 80.716330 23.672860 -0.207998 1.169384 0.000000 0.000000 0.000000 1.000000 0.000000 0.000000
8.000000 80.724187 22.726680 -0.348225 1.290199 0.000000 0.000000 0.000000 1.000000 0.000000 0.000000
8.000000 80.726389 23.548259 -0.204666 1.251401 0.000000 0.000000 0.000000 1.000000 0.000000 0.000000
8.000000 80.734396 22.612704 -0.337335 1.359260 0.000000 0.000000 0.000000 1.000000 0.000000 0.000000
8.000000 80.736397 23.386372 -0.200303 1.333118 0.000000 0.000000 0.000000 1.000000 0.000000 0.000000
8.000000 80.744225 22.528641 -0.338019 1.429393 0.000000 0.000000 0.000000 1.000000 0.000000 0.000000
8.000000 80.746403 23.233599 -0.222355 1.401600 0.000000 0.000000 0.000000 1.000000 0.000000 0.000000
8.000000 80.754333 22.388747 -0.322259 1.499012 0.000000 0.000000 0.000000 1.000000 0.000000 0.000000
8.000000 80.756434 23.116231 -0.188345 1.476241 0.000000 0.000000 0.000000 1.000000 0.000000 0.000000
8.000000 80.764323 22.283919 -0.314657 1.564525 0.000000 0.000000 0.000000 1.000000 0.000000 0.000000
8.000000 80.766370 23.042822 -0.167392 1.543391 0.000000 0.000000 0.000000 1.000000 0.000000 0.000000
8.000000 80.774324 22.174802 -0.300181 1.634835 0.000000 0.000000 0.000000 1.000000 0.000000 0.000000
8.000000 80.776403 22.849949 -0.168874 1.622015 0.000000 0.000000 0.000000 1.000000 0.000000 0.000000
8.000000 80.784267 22.064165 -0.291198 1.698932 0.000000 0.000000 0.000000 1.000000 0.000000 0.000000
8.000000 80.786383 22.771826 -0.147412 1.684656 0.000000 0.000000 0.000000 1.000000 0.000000 0.000000
8.000000 80.794359 21.956073 -0.287634 1.740696 0.000000 0.000000 0.000000 1.000000 0.000000 0.000000
8.000000 80.796375 22.693765 -0.144059 1.728273 0.000000 0.000000 0.000000 1.000000 0.000000 0.000000
8.000000 80.804361 21.844553 -0.273213 1.825300 0.000000 0.000000 0.000000 1.000000 0.000000 0.000000
8.000000 80.806417 22.513739 -0.132868 1.815395 0.000000 0.000000 0.000000 1.000000 0.000000 0.000000
8.000000 80.814364 21.733612 -0.262359 1.886952 0.000000 0.000000 0.000000 1.000000 0.000000 0.000000
8.000000 80.824229 21.626983 -0.255558 1.947403 0.000000 0.000000 0.000000 1.000000 0.000000 0.000000
8.000000 80.834353 21.512318 -0.246797 2.002350 0.000000 0.000000 0.000000 1.000000 0.000000 0.000000
8.000000 80.844219 21.424190 -0.245125 2.061186 0.000000 0.000000 0.000000 1.000000 0.000000 0.000000
8.000000 80.854351 21.303786 -0.224246 2.119679 0.000000 0.000000 0.000000 1.000000 0.000000 0.000000
8.000000 80.864280 21.180044 -0.215696 2.176266 0.000000 0.000000 0.000000 1.000000 0.000000 0.000000
8.000000 80.874337 21.081569 -0.203958 2.232763 0.000000 0.000000 0.000000 1.000000 0.000000 0.000000
8.000000 80.884349 20.953726 -0.200501 2.286320 0.000000 0.000000 0.000000 1.000000 0.000000 0.000000
8.000000 80.893970 19.964641 0.088605 2.222936 0.000000 0.000000 0.000000 1.000000 0.000000 0.000000
8.000000 80.894316 20.449239 -0.361202 2.327120 0.000000 0.000000 0.000000 1.000000 0.000000 0.000000
8.000000 80.904089 19.826071 0.099752 2.275500 0.000000 0.000000 0.000000 1.000000 0.000000 0.000000
8.000000 80.904298 20.319422 -0.351083 2.380690 0.000000 0.000000 0.000000 1.000000 0.000000 0.000000
8.000000 80.914022 19.718175 0.095339 2.334062 0.000000 0.000000 0.000000 1.000000 0.000000 0.000000
8.000000 80.914312 20.201703 -0.341251 2.435785 0.000000 0.000000 0.000000 1.000000 0.000000 0.000000
8.000000 80.924057 19.591813 0.110532 2.384401 0.000000 0.000000 0.000000 1.000000 0.000000 0.000000
8.000000 80.924246 20.090038 -0.333342 2.486846 0.000000 0.000000 0.000000 1.000000 0.000000 0.000000
8.000000 80.933994 19.505535 0.099520 2.444877 0.000000 0.000000 0.000000 1.000000 0.000000 0.000000
8.000000 80.934387 19.980873 -0.321676 2.536339 0.000000 0.000000 0.000000 1.000000 0.000000 0.000000
8.000000 80.944099 19.354892 0.115904 2.487986 0.000000 0.000000 0.000000 1.000000 0.000000 0.000000
8.000000 80.944310 19.867888 -0.334489 2.582427 0.000000 0.000000 0.000000 1.000000 0.000000 0.000000
8.000000 80.954035 19.230435 0.130805 2.533998 0.000000 0.000000 0.000000 1.000000 0.000000 0.000000
8.000000 80.954372 19.736638 -0.307943 2.631510 0.000000 0.000000 0.000000 1.000000 0.000000 0.000000
8.000000 80.964150 19.074194 0.152432 2.574236 0.000000 0.000000 0.000000 1.000000 0.000000 0.000000
8.000000 80.964300 19.608649 -0.303047 2.674645 0.000000 0.000000 0.000000 1.000000 0.000000 0.000000
8.000000 80.974272 18.974646 0.141117 2.630998 0.000000 0.000000 0.000000 1.000000 0.000000 0.000000
8.000000 80.974335 19.491396 -0.294761 2.721524 0.000000 0.000000 0.000000 1.000000 0.000000 0.000000
8.000000 80.984124 18.874485 0.137001 2.671458 0.000000 0.000000 0.000000 1.000000 0.000000 0.000000
8.000000 80.984327 19.380477 -0.287043 2.767995 0.000000 0.000000 0.000000 1.000000 0.000000 0.000000
8.000000 80.994011 18.747107 0.151756 2.719843 0.000000 0.000000 0.000000 1.000000 0.000000 0.000000
8.000000 80.994584 19.269455 -0.282644 2.793227 0.000000 0.000000 0.000000 1.000000 0.000000 0.000000
8.000000 81.004211 18.617151 0.161352 2.761973 0.000000 0.000000 0.000000 1.000000 0.000000 0.000000
8.000000 81.004270 19.148134 -0.273582 2.853683 0.000000 0.000000 0.000000 1.000000 0.000000 0.000000
8.000000 81.014003 18.504222 0.161128 2.805838 0.000000 0.000000 0.000000 1.000000 0.000000 0.000000
8.000000 81.014403 19.032243 -0.267641 2.894033 0.000000 0.000000 0.000000 1.000000 0.000000 0.000000
8.000000 81.024065 18.382028 0.165740 2.843579 0.000000 0.000000 0.000000 1.000000 0.000000 0.000000
8.000000 81.024284 18.914306 -0.260323 2.926515 0.000000 0.000000 0.000000 1.000000 0.000000 0.000000
8.000000 81.033974 18.224781 0.194550 2.882427 0.000000 0.000000 0.000000 1.000000 0.000000 0.000000
8.000000 81.034333 18.792161 -0.252948 2.969884 0.000000 0.000000 0.000000 1.000000 0.000000 0.000000
8.000000 81.044082 18.135061 0.190252 2.927886 0.000000 0.000000 0.000000 1.000000 0.000000 0.000000
8.000000 81.044323 18.700747 -0.253967 3.002884 0.000000 0.000000 0.000000 1.000000 0.000000 0.000000
8.000000 81.054009 18.017679 0.189195 2.958947 0.000000 0.000000 0.000000 1.000000 0.000000 0.000000
8.000000 81.054362 18.566251 -0.237217 3.041110 0.000000 0.000000 0.000000 1.000000 0.000000 0.000000
8.000000 81.064093 17.873453 0.211851 2.993942 0.000000 0.000000 0.000000 1.000000 0.000000 0.000000
8.000000 81.064254 18.448548 -0.230677 3.077975 0.000000 0.000000 0.000000 1.000000 0.000000 0.000000
8.000000 81.073979 17.789225 0.197224 3.035295 0.000000 0.000000 0.000000 1.000000 0.000000 0.000000
8.000000 81.074371 18.341648 -0.224536 3.112853 0.000000 0.000000 0.000000 1.000000 0.000000 0.000000
8.000000 81.084056 17.652312 0.208699 3.070361 0.000000 0.000000 0.000000 1.000000 0.000000 0.000000
8.000000 81.084312 18.217784 -0.218761 3.145085 0.000000 0.000000 0.000000 1.000000 0.000000 0.000000
8.000000 81.094025 17.558561 0.208986 3.103825 0.000000 0.000000 0.000000 1.000000 0.000000 0.000000
8.000000 81.094465 18.134841 -0.222564 3.170773 0.000000 0.000000 0.000000 1.000000 0.000000 0.000000
8.000000 81.104143 17.454711 0.203207 3.141764 0.000000 0.000000 0.000000 1.000000 0.000000 0.000000
8.000000 81.104319 17.999378 -0.200481 3.212870 0.000000 0.000000 0.000000 1.000000 0.000000 0.000000
8.000000 81.114063 17.311047 0.226560 3.169237 0.000000 0.000000 0.000000 1.000000 0.000000 0.000000
8.000000 81.114390 17.890266 -0.198097 3.235385 0.000000 0.000000 0.000000 1.000000 0.000000 0.000000
8.000000 81.124131 17.199390 0.221467 3.198489 0.000000 0.000000 0.000000 1.000000 0.000000 0.000000
8.000000 81.124331 17.773490 -0.195152 3.269401 0.000000 0.000000 0.000000 1.000000 0.000000 0.000000
8.000000 81.134042 17.079102 0.227898 3.228272 0.000000 0.000000 0.000000 1.000000 0.000000 0.000000
8.000000 81.134408 17.657684 -0.185917 3.290115 0.000000 0.000000 0.000000 1.000000 0.000000 0.000000
8.000000 81.144163 16.938558 0.243490 3.248745 0.000000 0.000000 0.000000 1.000000 0.000000 0.000000
8.000000 81.144374 17.570614 -0.203268 3.310968 0.000000 0.000000 0.000000 1.000000 0.000000 0.000000
8.000000 81.153986 16.833162 0.248830 3.278069 0.000000 0.000000 0.000000 1.000000 0.000000 0.000000
8.000000 81.154428 17.434436 -0.174028 3.337304 0.000000 0.000000 0.000000 1.000000 0.000000 0.000000
8.000000 81.164116 16.721772 0.247712 3.303852 0.000000 0.000000 0.000000 1.000000 0.000000 0.000000
8.000000 81.164351 17.315211 -0.165655 3.362679 0.000000 0.000000 0.000000 1.000000 0.000000 0.000000
8.000000 81.174118 16.588139 0.253424 3.324619 0.000000 0.000000 0.000000 1.000000 0.000000 0.000000
8.000000 81.174555 17.194174 -0.163503 3.382847 0.000000 0.000000 0.000000 1.000000 0.000000 0.000000
8.000000 81.184136 16.492632 0.259452 3.340513 0.000000 0.000000 0.000000 1.000000 0.000000 0.000000
8.000000 81.184388 17.102435 -0.155737 3.394104 0.000000 0.000000 0.000000 1.000000 0.000000 0.000000
8.000000 81.194423 17.443089 0.025839 3.421139 0.000000 0.000000 0.000000 1.000000 0.000000 0.000000
8.000000 81.204633 17.348822 0.044904 3.444574 0.000000 0.000000 0.000000 1.000000 0.000000 0.000000
8.000000 81.214462 17.202564 0.040921 3.461868 0.000000 0.000000 0.000000 1.000000 0.000000 0.000000
8.000000 81.224383 17.072447 0.049991 3.475669 0.000000 0.000000 0.000000 1.000000 0.000000 0.000000
8.000000 81.234392 16.974156 0.055310 3.491835 0.000000 0.000000 0.000000 1.000000 0.000000 0.000000
8.000000 81.244438 16.882951 0.054799 3.510761 0.000000 0.000000 0.000000 1.000000 0.000000 0.000000
8.000000 81.254430 16.727623 0.074550 3.517686 0.000000 0.000000 0.000000 1.000000 0.000000 0.000000
8.000000 81.264372 16.619159 0.070757 3.534059 0.000000 0.000000 0.000000 1.000000 0.000000 0.000000
8.000000 81.274464 16.508332 0.080454 3.546908 0.000000 0.000000 0.000000 1.000000 0.000000 0.000000
8.000000 81.284351 16.399646 0.086727 3.560608 0.000000 0.000000 0.000000 1.000000 0.000000 0.000000
8.000000 81.294457 16.288570 0.101421 3.561908 0.000000 0.000000 0.000000 1.000000 0.000000 0.000000
8.000000 81.304403 16.158316 0.100608 3.580528 0.000000 0.000000 0.000000 1.000000 0.000000 0.000000
8.000000 81.314588 16.059240 0.105383 3.589208 0.000000 0.000000 0.000000 1.000000 0.000000 0.000000
8.000000 81.323730 15.785468 0.161180 3.644910 0.000000 0.000000 0.000000 1.000000 0.000000 0.000000
8.000000 81.354553 15.593700 0.134537 3.613925 0.000000 0.000000 0.000000 1.000000 0.000000 0.000000
8.000000 81.364408 15.507781 0.138655 3.624216 0.000000 0.000000 0.000000 1.000000 0.000000 0.000000
8.000000 81.374532 15.383395 0.147547 3.624735 0.000000 0.000000 0.000000 1.000000 0.000000 0.000000
8.000000 81.384509 15.320899 0.136801 3.627305 0.000000 0.000000 0.000000 1.000000 0.000000 0.000000
8.000000 81.394547 15.208475 0.145963 3.624353 0.000000 0.000000 0.000000 1.000000 0.000000 0.000000
8.000000 81.404470 15.072685 0.151149 3.627306 0.000000 0.000000 0.000000 1.000000 0.000000 0.000000
8.000000 81.414540 14.956931 0.158509 3.618793 0.000000 0.000000 0.000000 1.000000 0.000000 0.000000
8.000000 81.424479 14.841125 0.165546 3.624909 0.000000 0.000000 0.000000 1.000000 0.000000 0.000000
8.000000 81.434604 14.712516 0.176698 3.623741 0.000000 0.000000 0.000000 1.000000 0.000000 0.000000
8.000000 81.444517 14.658254 0.175723 3.624116 0.000000 0.000000 0.000000 1.000000 0.000000 0.000000
8.000000 81.454551 14.515735 0.180716 3.616723 0.000000 0.000000 0.000000 1.000000 0.000000 0.000000
8.000000 81.464520 14.394206 0.188088 3.610322 0.000000 0.000000 0.000000 1.000000 0.000000 0.000000
8.000000 81.474340 13.240333 0.392424 3.546797 0.000000 0.000000 0.000000 1.000000 0.000000 0.000000
8.000000 81.474581 13.919301 0.018182 3.572538 0.000000 0.000000 0.000000 1.000000 0.000000 0.000000
8.000000 81.484396 13.160381 0.393383 3.548630 0.000000 0.000000 0.000000 1.000000 0.000000 0.000000
8.000000 81.484483 13.824299 0.028001 3.573206 0.000000 0.000000 0.000000 1.000000 0.000000 0.000000
8.000000 81.494255 13.103198 0.384998 3.542646 0.000000 0.000000 0.000000 1.000000 0.000000 0.000000
8.000000 81.494598 13.733387 0.038810 3.559286 0.000000 0.000000 0.000000 1.000000 0.000000 0.000000
8.000000 81.504442 12.938155 0.404005 3.536399 0.000000 0.000000 0.000000 1.000000 0.000000 0.000000
8.000000 81.504667 13.604673 0.040742 3.560587 0.000000 0.000000 0.000000 1.000000 0.000000 0.000000
8.000000 81.514308 12.867333 0.396618 3.527444 0.000000 0.000000 0.000000 1.000000 0.000000 0.000000
8.000000 81.514625 13.505452 0.050443 3.549624 0.000000 0.000000 0.000000 1.000000 0.000000 0.000000
8.000000 81.524386 12.778958 0.394126 3.513477 0.000000 0.000000 0.000000 1.000000 0.000000 0.000000
8.000000 81.524609 13.398373 0.060132 3.532070 0.000000 0.000000 0.000000 1.000000 0.000000 0.000000
8.000000 81.534341 12.670559 0.399140 3.500889 0.000000 0.000000 0.000000 1.000000 0.000000 0.000000
8.000000 81.534651 13.296386 0.063989 3.517377 0.000000 0.000000 0.000000 1.000000 0.000000 0.000000
8.000000 81.544373 12.619669 0.393812 3.484675 0.000000 0.000000 0.000000 1.000000 0.000000 0.000000
8.000000 81.544591 13.230441 0.066401 3.488924 0.000000 0.000000 0.000000 1.000000 0.000000 0.000000
8.000000 81.554280 12.473466 0.403391 3.479529 0.000000 0.000000 0.000000 1.000000 0.000000 0.000000
8.000000 81.554661 13.087724 0.076461 3.498135 0.000000 0.000000 0.000000 1.000000 0.000000 0.000000
8.000000 81.564400 12.337506 0.419482 3.463769 0.000000 0.000000 0.000000 1.000000 0.000000 0.000000
8.000000 81.564533 12.977129 0.080891 3.483029 0.000000 0.000000 0.000000 1.000000 0.000000 0.000000
8.000000 81.574260 12.300073 0.403536 3.451959 0.000000 0.000000 0.000000 1.000000 0.000000 0.000000
8.000000 81.574649 12.895611 0.089262 3.468233 0.000000 0.000000 0.000000 1.000000 0.000000 0.000000
8.000000 81.584452 12.166857 0.414086 3.431155 0.000000 0.000000 0.000000 1.000000 0.000000 0.000000
8.000000 81.584571 12.768459 0.098685 3.445655 0.000000 0.000000 0.000000 1.000000 0.000000 0.000000
8.000000 81.594378 12.089687 0.420702 3.406348 0.000000 0.000000 0.000000 1.000000 0.000000 0.000000
8.000000 81.594690 12.700591 0.101247 3.415568 0.000000 0.000000 0.000000 1.000000 0.000000 0.000000
8.000000 81.604384 11.984577 0.413384 3.392158 0.000000 0.000000 0.000000 1.000000 0.000000 0.000000
8.000000 81.604596 12.574766 0.107125 3.408457 0.000000 0.000000 0.000000 1.000000 0.000000 0.000000
8.000000 81.614235 11.839602 0.428718 3.368248 0.000000 0.000000 0.000000 1.000000 0.000000 0.000000
8.000000 81.614656 12.458229 0.109677 3.382149 0.000000 0.000000 0.000000 1.000000 0.000000 0.000000
8.000000 81.624510 11.755189 0.426423 3.347009 0.000000 0.000000 0.000000 1.000000 0.000000 0.000000
8.000000 81.624637 12.361860 0.115309 3.361323 0.000000 0.000000 0.000000 1.000000 0.000000 0.000000
8.000000 81.634223 11.644406 0.429857 3.323549 0.000000 0.000000 0.000000 1.000000 0.000000 0.000000
8.000000 81.634796 12.246698 0.122708 3.338458 0.000000 0.000000 0.000000 1.000000 0.000000 0.000000
8.000000 81.644407 11.562801 0.429157 3.294027 0.000000 0.000000 0.000000 1.000000 0.000000 0.000000
8.000000 81.644705 12.167524 0.122325 3.302874 0.000000 0.000000 0.000000 1.000000 0.000000 0.000000
8.000000 81.654310 11.450091 0.435208 3.277105 0.000000 0.000000 0.000000 1.000000 0.000000 0.000000
8.000000 81.654752 12.047258 0.133613 3.291255 0.000000 0.000000 0.000000 1.000000 0.000000 0.000000
8.000000 81.664354 11.371104 0.434370 3.249097 0.000000 0.000000 0.000000 1.000000 0.000000 0.000000
8.000000 81.664620 11.955747 0.140119 3.260180 0.000000 0.000000 0.000000 1.000000 0.000000 0.000000
8.000000 81.674421 11.278475 0.429974 3.222478 0.000000 0.000000 0.000000 1.000000 0.000000 0.000000
8.000000 81.674870 11.855708 0.141692 3.238466 0.000000 0.000000 0.000000 1.000000 0.000000 0.000000
8.000000 81.684471 11.190797 0.435273 3.197227 0.000000 0.000000 0.000000 1.000000 0.000000 0.000000
8.000000 81.684747 11.752654 0.155226 3.208935 0.000000 0.000000 0.000000 1.000000 0.000000 0.000000
8.000000 81.694406 11.137029 0.428386 3.169226 0.000000 0.000000 0.000000 1.000000 0.000000 0.000000
8.000000 81.694665 11.682819 0.155578 3.168303 0.000000 0.000000 0.000000 1.000000 0.000000 0.000000
8.000000 81.704388 10.969894 0.446206 3.136147 0.000000 0.000000 0.000000 1.000000 0.000000 0.000000
8.000000 81.704801 11.549072 0.160755 3.148218 0.000000 0.000000 0.000000 1.000000 0.000000 0.000000
8.000000 81.714383 10.875123 0.447709 3.104809 0.000000 0.000000 0.000000 1.000000 0.000000 0.000000
8.000000 81.714864 11.450353 0.166130 3.116282 0.000000 0.000000 0.000000 1.000000 0.000000 0.000000
8.000000 81.724347 10.795655 0.441466 3.072993 0.000000 0.000000 0.000000 1.000000 0.000000 0.000000
8.000000 81.724780 11.347258 0.172750 3.087118 0.000000 0.000000 0.000000 1.000000 0.000000 0.000000
8.000000 81.734411 10.668755 0.451402 3.039740 0.000000 0.000000 0.000000 1.000000 0.000000 0.000000
8.000000 81.734753 11.243527 0.172752 3.052829 0.000000 0.000000 0.000000 1.000000 0.000000 0.000000
8.000000 81.744586 10.550966 0.467600 2.993649 0.000000 0.000000 0.000000 1.000000 0.000000 0.000000
8.000000 81.744663 11.162874 0.172436 3.007916 0.000000 0.000000 0.000000 1.000000 0.000000 0.000000
8.000000 81.754518 10.481979 0.453294 2.970573 0.000000 0.000000 0.000000 1.000000 0.000000 0.000000
8.000000 81.754781 11.040781 0.185186 2.985902 0.000000 0.000000 0.000000 1.000000 0.000000 0.000000
8.000000 81.764541 10.397721 0.451809 2.936787 0.000000 0.000000 0.000000 1.000000 0.000000 0.000000
8.000000 81.764618 10.943090 0.191297 2.948495 0.000000 0.000000 0.000000 1.000000 0.000000 0.000000
8.000000 81.774413 10.288051 0.457791 2.898493 0.000000 0.000000 0.000000 1.000000 0.000000 0.000000
8.000000 81.774719 10.844832 0.193020 2.909847 0.000000 0.000000 0.000000 1.000000 0.000000 0.000000
8.000000 81.784546 10.159867 0.481075 2.855834 0.000000 0.000000 0.000000 1.000000 0.000000 0.000000
8.000000 81.784598 10.758376 0.197877 2.874506 0.000000 0.000000 0.000000 1.000000 0.000000 0.000000
8.000000 81.794405 10.110107 0.468878 2.818631 0.000000 0.000000 0.000000 1.000000 0.000000 0.000000
8.000000 81.794837 10.662632 0.207688 2.822722 0.000000 0.000000 0.000000 1.000000 0.000000 0.000000
8.000000 81.804445 9.989081 0.475825 2.780702 0.000000 0.000000 0.000000 1.000000 0.000000 0.000000
8.000000 81.804821 10.553416 0.211295 2.797753 0.000000 0.000000 0.000000 1.000000 0.000000 0.000000
8.000000 81.814423 9.899658 0.468876 2.744038 0.000000 0.000000 0.000000 1.000000 0.000000 0.000000
8.000000 81.814730 10.450298 0.211359 2.754098 0.000000 0.000000 0.000000 1.000000 0.000000 0.000000
8.000000 81.824521 9.805356 0.474286 2.699903 0.000000 0.000000 0.000000 1.000000 0.000000 0.000000
8.000000 81.824815 10.354557 0.218094 2.712015 0.000000 0.000000 0.000000 1.000000 0.000000 0.000000
8.000000 81.834427 9.701363 0.484317 2.655077 0.000000 0.000000 0.000000 1.000000 0.000000 0.000000
8.000000 81.834689 10.256898 0.226034 2.668206 0.000000 0.000000 0.000000 1.000000 0.000000 0.000000
8.000000 81.844558 9.668093 0.470979 2.612853 0.000000 0.000000 0.000000 1.000000 0.000000 0.000000
8.000000 81.844634 10.174000 0.237329 2.618800 0.000000 0.000000 0.000000 1.000000 0.000000 0.000000
8.000000 81.854451 9.497362 0.493108 2.570070 0.000000 0.000000 0.000000 1.000000 0.000000 0.000000
8.000000 81.854681 10.060071 0.233142 2.583727 0.000000 0.000000 0.000000 1.000000 0.000000 0.000000
8.000000 81.864478 9.419818 0.489468 2.523945 0.000000 0.000000 0.000000 1.000000 0.000000 0.000000
8.000000 81.864632 9.967494 0.237715 2.536732 0.000000 0.000000 0.000000 1.000000 0.000000 0.000000
8.000000 81.874407 9.280639 0.508999 2.470392 0.000000 0.000000 0.000000 1.000000 0.000000 0.000000
8.000000 81.874734 9.867484 0.239985 2.490887 0.000000 0.000000 0.000000 1.000000 0.000000 0.000000
8.000000 81.884447 9.260097 0.485438 2.433339 0.000000 0.000000 0.000000 1.000000 0.000000 0.000000
8.000000 81.884658 9.774604 0.249796 2.440542 0.000000 0.000000 0.000000 1.000000 0.000000 0.000000
8.000000 81.894412 9.174710 0.499150 2.377289 0.000000 0.000000 0.000000 1.000000 0.000000 0.000000
8.000000 81.894739 9.710166 0.256062 2.390288 0.000000 0.000000 0.000000 1.000000 0.000000 0.000000
8.000000 81.904580 9.052721 0.505928 2.330527 0.000000 0.000000 0.000000 1.000000 0.000000 0.000000
8.000000 81.904679 9.587785 0.263145 2.345487 0.000000 0.000000 0.000000 1.000000 0.000000 0.000000
8.000000 81.914502 8.984351 0.492270 2.282694 0.000000 0.000000 0.000000 1.000000 0.000000 0.000000
8.000000 81.914752 9.487610 0.264323 2.287698 0.000000 0.000000 0.000000 1.000000 0.000000 0.000000
8.000000 81.924655 8.908177 0.501184 2.240153 0.000000 0.000000 0.000000 1.000000 0.000000 0.000000
8.000000 81.924689 9.390672 0.280837 2.237106 0.000000 0.000000 0.000000 1.000000 0.000000 0.000000
8.000000 81.934714 8.752097 0.517308 2.184540 0.000000 0.000000 0.000000 1.000000 0.000000 0.000000
8.000000 81.934727 9.287250 0.275222 2.188957 0.000000 0.000000 0.000000 1.000000 0.000000 0.000000
8.000000 81.944510 8.688226 0.511255 2.121632 0.000000 0.000000 0.000000 1.000000 0.000000 0.000000
8.000000 81.944702 9.203542 0.282840 2.136122 0.000000 0.000000 0.000000 1.000000 0.000000 0.000000
8.000000 81.954453 8.636080 0.500214 2.078475 0.000000 0.000000 0.000000 1.000000 0.000000 0.000000
8.000000 81.954687 9.102609 0.293368 2.089167 0.000000 0.000000 0.000000 1.000000 0.000000 0.000000
8.000000 81.964530 8.488011 0.521171 2.011348 0.000000 0.000000 0.000000 1.000000 0.000000 0.000000
8.000000 81.964661 9.002776 0.294238 2.030190 0.000000 0.000000 0.000000 1.000000 0.000000 0.000000
8.000000 81.974560 8.410399 0.521059 1.955865 0.000000 0.000000 0.000000 1.000000 0.000000 0.000000
8.000000 81.974753 8.909342 0.301726 1.976056 0.000000 0.000000 0.000000 1.000000 0.000000 0.000000
8.000000 81.984744 8.290265 0.535022 1.898054 0.000000 0.000000 0.000000 1.000000 0.000000 0.000000
8.000000 81.984785 8.815179 0.305696 1.919865 0.000000 0.000000 0.000000 1.000000 0.000000 0.000000
8.000000 81.994561 8.217772 0.524951 1.840130 0.000000 0.000000 0.000000 1.000000 0.000000 0.000000
8.000000 81.994772 8.726342 0.303327 1.860446 0.000000 0.000000 0.000000 1.000000 0.000000 0.000000
8.000000 82.004584 8.155185 0.521149 1.784006 0.000000 0.000000 0.000000 1.000000 0.000000 0.000000
8.000000 82.004787 8.623748 0.315630 1.793734 0.000000 0.000000 0.000000 1.000000 0.000000 0.000000
8.000000 82.014516 8.002003 0.534326 1.713285 0.000000 0.000000 0.000000 1.000000 0.000000 0.000000
8.000000 82.014938 8.510000 0.315844 1.738054 0.000000 0.000000 0.000000 1.000000 0.000000 0.000000
8.000000 82.024722 7.900036 0.539125 1.652010 0.000000 0.000000 0.000000 1.000000 0.000000 0.000000
8.000000 82.024787 8.424339 0.317580 1.688789 0.000000 0.000000 0.000000 1.000000 0.000000 0.000000
8.000000 82.034512 7.748373 0.558086 1.580389 0.000000 0.000000 0.000000 1.000000 0.000000 0.000000
8.000000 82.034836 8.324830 0.318528 1.630287 0.000000 0.000000 0.000000 1.000000 0.000000 0.000000
8.000000 82.044586 7.782308 0.521144 1.535539 0.000000 0.000000 0.000000 1.000000 0.000000 0.000000
8.000000 82.044720 8.244010 0.326695 1.562308 0.000000 0.000000 0.000000 1.000000 0.000000 0.000000
8.000000 82.054682 7.724583 0.504481 1.473553 0.000000 0.000000 0.000000 1.000000 0.000000 0.000000
8.000000 82.054767 8.145237 0.331667 1.496177 0.000000 0.000000 0.000000 1.000000 0.000000 0.000000
8.000000 82.064550 7.547685 0.530472 1.402622 0.000000 0.000000 0.000000 1.000000 0.000000 0.000000
8.000000 82.064934 8.031154 0.329538 1.434281 0.000000 0.000000 0.000000 1.000000 0.000000 0.000000
8.000000 82.074504 7.612675 0.515248 1.365743 0.000000 0.000000 0.000000 1.000000 0.000000 0.000000
8.000000 82.074861 7.978587 0.363759 1.379613 0.000000 0.000000 0.000000 1.000000 0.000000 0.000000
8.000000 82.084767 7.414171 0.526544 1.290272 0.000000 0.000000 0.000000 1.000000 0.000000 0.000000
8.000000 82.084842 7.856909 0.346107 1.316074 0.000000 0.000000 0.000000 1.000000 0.000000 0.000000
8.000000 82.094472 7.317804 0.531776 1.228702 0.000000 0.000000 0.000000 1.000000 0.000000 0.000000
8.000000 82.094794 7.754376 0.352658 1.255799 0.000000 0.000000 0.000000 1.000000 0.000000 0.000000
8.000000 82.104663 7.284928 0.523252 1.167357 0.000000 0.000000 0.000000 1.000000 0.000000 0.000000
8.000000 82.104805 7.681299 0.361867 1.187509 0.000000 0.000000 0.000000 1.000000 0.000000 0.000000
8.000000 82.114527 7.301213 0.511570 1.111763 0.000000 0.000000 0.000000 1.000000 0.000000 0.000000
8.000000 82.115041 7.616880 0.382095 1.114918 0.000000 0.000000 0.000000 1.000000 0.000000 0.000000
8.000000 82.124646 7.199127 0.521649 1.034231 0.000000 0.000000 0.000000 1.000000 0.000000 0.000000
8.000000 82.124785 7.518801 0.392151 1.039591 0.000000 0.000000 0.000000 1.000000 0.000000 0.000000
8.000000 82.134661 7.120614 0.521629 0.972263 0.000000 0.000000 0.000000 1.000000 0.000000 0.000000
8.000000 82.134837 7.427754 0.396867 0.976885 0.000000 0.000000 0.000000 1.000000 0.000000 0.000000
8.000000 82.144635 7.017416 0.535761 0.892399 0.000000 0.000000 0.000000 1.000000 0.000000 0.000000
8.000000 82.144771 7.342558 0.402840 0.891311 0.000000 0.000000 0.000000 1.000000 0.000000 0.000000
8.000000 82.154566 6.875381 0.533184 0.814047 0.000000 0.000000 0.000000 1.000000 0.000000 0.000000
8.000000 82.154868 7.234564 0.392123 0.831300 0.000000 0.000000 0.000000 1.000000 0.000000 0.000000
8.000000 82.164688 6.808402 0.551511 0.754549 0.000000 0.000000 0.000000 1.000000 0.000000 0.000000
8.000000 82.164767 7.159363 0.410824 0.761207 0.000000 0.000000 0.000000 1.000000 0.000000 0.000000
8.000000 82.174689 6.717325 0.557801 0.678220 0.000000 0.000000 0.000000 1.000000 0.000000 0.000000
8.000000 82.175109 7.067498 0.417480 0.689245 0.000000 0.000000 0.000000 1.000000 0.000000 0.000000
8.000000 82.184633 6.639686 0.551016 0.607167 0.000000 0.000000 0.000000 1.000000 0.000000 0.000000
8.000000 82.184959 6.974441 0.418087 0.616663 0.000000 0.000000 0.000000 1.000000 0.000000 0.000000
8.000000 82.194618 6.612970 0.530425 0.530751 0.000000 0.000000 0.000000 1.000000 0.000000 0.000000
8.000000 82.195026 6.893009 0.421684 0.537322 0.000000 0.000000 0.000000 1.000000 0.000000 0.000000
8.000000 82.204692 6.470750 0.557319 0.457319 0.000000 0.000000 0.000000 1.000000 0.000000 0.000000
8.000000 82.205047 6.780952 0.418057 0.459356 0.000000 0.000000 0.000000 1.000000 0.000000 0.000000
8.000000 82.214741 6.271651 0.555128 0.357035 0.000000 0.000000 0.000000 1.000000 0.000000 0.000000
8.000000 82.215085 6.669319 0.404173 0.395618 0.000000 0.000000 0.000000 1.000000 0.000000 0.000000
8.000000 82.224531 6.287232 0.547696 0.296138 0.000000 0.000000 0.000000 1.000000 0.000000 0.000000
8.000000 82.224868 6.609588 0.425254 0.314127 0.000000 0.000000 0.000000 1.000000 0.000000 0.000000
8.000000 82.234446 6.195153 0.548206 0.226118 0.000000 0.000000 0.000000 1.000000 0.000000 0.000000
8.000000 82.234880 6.500403 0.432074 0.241883 0.000000 0.000000 0.000000 1.000000 0.000000 0.000000
8.000000 82.244571 6.258546 0.524465 0.173445 0.000000 0.000000 0.000000 1.000000 0.000000 0.000000
8.000000 82.244813 6.438996 0.453984 0.158546 0.000000 0.000000 0.000000 1.000000 0.000000 0.000000
8.000000 82.254648 6.055772 0.544575 0.115226 0.000000 0.000000 0.000000 1.000000 0.000000 0.000000
8.000000 82.254895 6.352359 0.434985 0.137094 0.000000 0.000000 0.000000 1.000000 0.000000 0.000000
8.000000 82.264660 5.927100 0.566521 0.160013 0.000000 0.000000 0.000000 1.000000 0.000000 0.000000
8.000000 82.265010 6.298873 0.428098 0.195600 0.000000 0.000000 0.000000 1.000000 0.000000 0.000000
8.000000 82.274489 5.858709 0.579212 0.215754 0.000000 0.000000 0.000000 1.000000 0.000000 0.000000
8.000000 82.274924 6.247122 0.433150 0.251868 0.000000 0.000000 0.000000 1.000000 0.000000 0.000000
8.000000 82.284554 5.860416 0.560538 0.270679 0.000000 0.000000 0.000000 1.000000 0.000000 0.000000
8.000000 82.284800 6.204387 0.435180 0.297972 0.000000 0.000000 0.000000 1.000000 0.000000 0.000000
8.000000 82.294529 5.913875 0.550563 0.343857 0.000000 0.000000 0.000000 1.000000 0.000000 0.000000
8.000000 82.294914 6.174621 0.453169 0.349173 0.000000 0.000000 0.000000 1.000000 0.000000 0.000000
8.000000 82.304617 5.800092 0.553632 0.387813 0.000000 0.000000 0.000000 1.000000 0.000000 0.000000
8.000000 82.304890 6.111120 0.439628 0.407881 0.000000 0.000000 0.000000 1.000000 0.000000 0.000000
8.000000 82.314507 5.782898 0.557983 0.438669 0.000000 0.000000 0.000000 1.000000 0.000000 0.000000
8.000000 82.314930 6.081982 0.448392 0.452625 0.000000 0.000000 0.000000 1.000000 0.000000 0.000000
8.000000 82.324591 5.813779 0.549266 0.511588 0.000000 0.000000 0.000000 1.000000 0.000000 0.000000
8.000000 82.325014 6.043324 0.463400 0.503496 0.000000 0.000000 0.000000 1.000000 0.000000 0.000000
8.000000 82.334574 5.682974 0.562161 0.541709 0.000000 0.000000 0.000000 1.000000 0.000000 0.000000
8.000000 82.334974 5.982390 0.452340 0.550771 0.000000 0.000000 0.000000 1.000000 0.000000 0.000000
8.000000 82.344827 5.679518 0.542602 0.600367 0.000000 0.000000 0.000000 1.000000 0.000000 0.000000
8.000000 82.344892 5.931083 0.448967 0.602719 0.000000 0.000000 0.000000 1.000000 0.000000 0.000000
8.000000 82.354897 5.904809 0.501135 0.707449 0.000000 0.000000 0.000000 1.000000 0.000000 0.000000
8.000000 82.354975 5.883866 0.447747 0.650502 0.000000 0.000000 0.000000 1.000000 0.000000 0.000000
8.000000 82.364763 5.455903 0.573795 0.680991 0.000000 0.000000 0.000000 1.000000 0.000000 0.000000
8.000000 82.364896 5.820853 0.439032 0.700354 0.000000 0.000000 0.000000 1.000000 0.000000 0.000000
8.000000 82.374685 5.522598 0.546043 0.744616 0.000000 0.000000 0.000000 1.000000 0.000000 0.000000
8.000000 82.374897 5.791148 0.447420 0.738566 0.000000 0.000000 0.000000 1.000000 0.000000 0.000000
8.000000 82.384702 5.362718 0.576251 0.772800 0.000000 0.000000 0.000000 1.000000 0.000000 0.000000
8.000000 82.384849 5.732395 0.439118 0.787344 0.000000 0.000000 0.000000 1.000000 0.000000 0.000000
8.000000 82.394577 5.496791 0.541410 0.834590 0.000000 0.000000 0.000000 1.000000 0.000000 0.000000
8.000000 82.394913 5.715256 0.461164 0.819267 0.000000 0.000000 0.000000 1.000000 0.000000 0.000000
8.000000 82.404685 5.339386 0.560880 0.876912 0.000000 0.000000 0.000000 1.000000 0.000000 0.000000
8.000000 82.404892 5.643196 0.446839 0.872737 0.000000 0.000000 0.000000 1.000000 0.000000 0.000000
8.000000 82.414578 5.343764 0.547111 0.919196 0.000000 0.000000 0.000000 1.000000 0.000000 0.000000
8.000000 82.415111 5.603225 0.451059 0.910218 0.000000 0.000000 0.000000 1.000000 0.000000 0.000000
8.000000 82.424692 5.261306 0.557762 0.953983 0.000000 0.000000 0.000000 1.000000 0.000000 0.000000
8.000000 82.424940 5.550842 0.450619 0.945882 0.000000 0.000000 0.000000 1.000000 0.000000 0.000000
8.000000 82.434956 5.512527 0.494313 1.047990 0.000000 0.000000 0.000000 1.000000 0.000000 0.000000
8.000000 82.444730 5.138040 0.560211 1.007641 0.000000 0.000000 0.000000 1.000000 0.000000 0.000000
8.000000 82.444981 5.461975 0.442457 1.008471 0.000000 0.000000 0.000000 1.000000 0.000000 0.000000
8.000000 82.454716 5.102686 0.562577 1.047757 0.000000 0.000000 0.000000 1.000000 0.000000 0.000000
8.000000 82.455062 5.415157 0.449582 1.051410 0.000000 0.000000 0.000000 1.000000 0.000000 0.000000
8.000000 82.464882 5.048064 0.569062 1.078381 0.000000 0.000000 0.000000 1.000000 0.000000 0.000000
8.000000 82.464980 5.366753 0.454265 1.081056 0.000000 0.000000 0.000000 1.000000 0.000000 0.000000
8.000000 82.474693 5.040460 0.558050 1.125281 0.000000 0.000000 0.000000 1.000000 0.000000 0.000000
8.000000 82.475050 5.321935 0.455860 1.120005 0.000000 0.000000 0.000000 1.000000 0.000000 0.000000
8.000000 82.484707 4.992849 0.560221 1.162691 0.000000 0.000000 0.000000 1.000000 0.000000 0.000000
8.000000 82.485129 5.273499 0.457887 1.156422 0.000000 0.000000 0.000000 1.000000 0.000000 0.000000
8.000000 82.494681 4.939914 0.566721 1.191767 0.000000 0.000000 0.000000 1.000000 0.000000 0.000000
8.000000 82.494999 5.236712 0.455643 1.176067 0.000000 0.000000 0.000000 1.000000 0.000000 0.000000
8.000000 82.504702 4.872922 0.564455 1.221677 0.000000 0.000000 0.000000 1.000000 0.000000 0.000000
8.000000 82.505013 5.175673 0.454507 1.216245 0.000000 0.000000 0.000000 1.000000 0.000000 0.000000
8.000000 82.514695 4.847399 0.561182 1.253328 0.000000 0.000000 0.000000 1.000000 0.000000 0.000000
8.000000 82.514984 5.126433 0.459647 1.244868 0.000000 0.000000 0.000000 1.000000 0.000000 0.000000
8.000000 82.524723 4.805162 0.558801 1.282089 0.000000 0.000000 0.000000 1.000000 0.000000 0.000000
8.000000 82.524987 5.083238 0.458414 1.273947 0.000000 0.000000 0.000000 1.000000 0.000000 0.000000
8.000000 82.534743 4.728697 0.565010 1.312495 0.000000 0.000000 0.000000 1.000000 0.000000 0.000000
8.000000 82.535007 5.031042 0.454836 1.307439 0.000000 0.000000 0.000000 1.000000 0.000000 0.000000
8.000000 82.544881 4.719552 0.561491 1.335602 0.000000 0.000000 0.000000 1.000000 0.000000 0.000000
8.000000 82.545122 4.999913 0.459147 1.316778 0.000000 0.000000 0.000000 1.000000 0.000000 0.000000
8.000000 82.554827 4.666254 0.554976 1.367220 0.000000 0.000000 0.000000 1.000000 0.000000 0.000000
8.000000 82.555029 4.939305 0.455859 1.355116 0.000000 0.000000 0.000000 1.000000 0.000000 0.000000
8.000000 82.564790 4.642531 0.555112 1.390469 0.000000 0.000000 0.000000 1.000000 0.000000 0.000000
8.000000 82.565003 4.900821 0.460978 1.373789 0.000000 0.000000 0.000000 1.000000 0.000000 0.000000
8.000000 82.574646 4.619979 0.546605 1.426377 0.000000 0.000000 0.000000 1.000000 0.000000 0.000000
8.000000 82.575033 4.845878 0.462008 1.398025 0.000000 0.000000 0.000000 1.000000 0.000000 0.000000
8.000000 82.584888 4.578011 0.545649 1.449116 0.000000 0.000000 0.000000 1.000000 0.000000 0.000000
8.000000 82.585033 4.808718 0.459504 1.423194 0.000000 0.000000 0.000000 1.000000 0.000000 0.000000
8.000000 82.594659 4.616476 0.541387 1.480692 0.000000 0.000000 0.000000 1.000000 0.000000 0.000000
8.000000 82.595091 4.775450 0.478090 1.432177 0.000000 0.000000 0.000000 1.000000 0.000000 0.000000
8.000000 82.604763 4.478707 0.550295 1.488021 0.000000 0.000000 0.000000 1.000000 0.000000 0.000000
8.000000 82.605121 4.709088 0.465698 1.463693 0.000000 0.000000 0.000000 1.000000 0.000000 0.000000
8.000000 82.614650 4.433680 0.548863 1.508146 0.000000 0.000000 0.000000 1.000000 0.000000 0.000000
8.000000 82.615046 4.666963 0.462760 1.483600 0.000000 0.000000 0.000000 1.000000 0.000000 0.000000
8.000000 82.624748 4.360068 0.552792 1.530208 0.000000 0.000000 0.000000 1.000000 0.000000 0.000000
8.000000 82.625066 4.613839 0.457780 1.503895 0.000000 0.000000 0.000000 1.000000 0.000000 0.000000
8.000000 82.634798 4.361768 0.540887 1.547998 0.000000 0.000000 0.000000 1.000000 0.000000 0.000000
8.000000 82.635027 4.573229 0.461447 1.514976 0.000000 0.000000 0.000000 1.000000 0.000000 0.000000
8.000000 82.644848 4.258551 0.560154 1.547342 0.000000 0.000000 0.000000 1.000000 0.000000 0.000000
8.000000 82.645012 4.525246 0.459957 1.518349 0.000000 0.000000 0.000000 1.000000 0.000000 0.000000
8.000000 82.654788 4.253026 0.548878 1.577562 0.000000 0.000000 0.000000 1.000000 0.000000 0.000000
8.000000 82.655051 4.484695 0.461909 1.547229 0.000000 0.000000 0.000000 1.000000 0.000000 0.000000
8.000000 82.664841 4.194891 0.551830 1.592365 0.000000 0.000000 0.000000 1.000000 0.000000 0.000000
8.000000 82.665055 4.432921 0.462069 1.560193 0.000000 0.000000 0.000000 1.000000 0.000000 0.000000
8.000000 82.675042 4.390485 0.463578 1.571299 0.000000 0.000000 0.000000 1.000000 0.000000 0.000000
8.000000 82.685038 4.340459 0.463617 1.582446 0.000000 0.000000 0.000000 1.000000 0.000000 0.000000
8.000000 82.695059 4.296479 0.463201 1.584679 0.000000 0.000000 0.000000 1.000000 0.000000 0.000000
8.000000 82.705121 4.245545 0.465594 1.604422 0.000000 0.000000 0.000000 1.000000 0.000000 0.000000
8.000000 82.715111 4.201501 0.464174 1.609484 0.000000 0.000000 0.000000 1.000000 0.000000 0.000000
8.000000 82.725062 4.167001 0.469424 1.616410 0.000000 0.000000 0.000000 1.000000 0.000000 0.000000
8.000000 82.735076 4.115528 0.464603 1.622978 0.000000 0.000000 0.000000 1.000000 0.000000 0.000000
8.000000 82.745108 4.081825 0.475305 1.620212 0.000000 0.000000 0.000000 1.000000 0.000000 0.000000
8.000000 82.755085 4.024157 0.470294 1.630421 0.000000 0.000000 0.000000 1.000000 0.000000 0.000000
8.000000 82.765091 3.980444 0.467816 1.629944 0.000000 0.000000 0.000000 1.000000 0.000000 0.000000
8.000000 82.775108 3.935549 0.466707 1.639974 0.000000 0.000000 0.000000 1.000000 0.000000 0.000000
8.000000 82.785136 3.889319 0.463242 1.645082 0.000000 0.000000 0.000000 1.000000 0.000000 0.000000
8.000000 82.795201 3.861559 0.464543 1.622691 0.000000 0.000000 0.000000 1.000000 0.000000 0.000000
8.000000 82.805088 3.809482 0.460687 1.633274 0.000000 0.000000 0.000000 1.000000 0.000000 0.000000
8.000000 82.815129 3.780063 0.456435 1.629290 0.000000 0.000000 0.000000 1.000000 0.000000 0.000000
8.000000 83.025115 2.812098 0.500226 1.408525 0.000000 0.000000 0.000000 1.000000 0.000000 0.000000
8.000000 83.035008 2.778737 0.497539 1.379996 0.000000 0.000000 0.000000 1.000000 0.000000 0.000000
8.000000 83.045002 2.770482 0.492227 1.350906 0.000000 0.000000 0.000000 1.000000 0.000000 0.000000
8.000000 83.055050 2.701943 0.492670 1.323003 0.000000 0.000000 0.000000 1.000000 0.000000 0.000000
8.000000 83.065045 2.672940 0.490819 1.297409 0.000000 0.000000 0.000000 1.000000 0.000000 0.000000
8.000000 83.075026 2.600451 0.495751 1.268492 0.000000 0.000000 0.000000 1.000000 0.000000 0.000000
8.000000 83.084948 2.553277 0.500574 1.232742 0.000000 0.000000 0.000000 1.000000 0.000000 0.000000
8.000000 83.094880 2.627760 0.481682 1.217034 0.000000 0.000000 0.000000 1.000000 0.000000 0.000000
8.000000 83.104884 2.495243 0.491045 1.173911 0.000000 0.000000 0.000000 1.000000 0.000000 0.000000
8.000000 83.114924 2.467623 0.485937 1.142037 0.000000 0.000000 0.000000 1.000000 0.000000 0.000000
8.000000 83.125042 2.387245 0.494944 1.100470 0.000000 0.000000 0.000000 1.000000 0.000000 0.000000
8.000000 83.134820 2.349583 0.497043 1.061282 0.000000 0.000000 0.000000 1.000000 0.000000 0.000000
8.000000 83.144955 2.392709 0.482853 1.038345 0.000000 0.000000 0.000000 1.000000 0.000000 0.000000
8.000000 83.154877 2.300764 0.487833 0.995094 0.000000 0.000000 0.000000 1.000000 0.000000 0.000000
8.000000 83.164891 2.274950 0.485397 0.956955 0.000000 0.000000 0.000000 1.000000 0.000000 0.000000
8.000000 83.174917 2.231352 0.483087 0.912304 0.000000 0.000000 0.000000 1.000000 0.000000 0.000000
8.000000 83.184958 2.226938 0.472625 0.883497 0.000000 0.000000 0.000000 1.000000 0.000000 0.000000
8.000000 83.194922 2.227943 0.471932 0.848641 0.000000 0.000000 0.000000 1.000000 0.000000 0.000000
8.000000 83.205011 2.128399 0.478334 0.795537 0.000000 0.000000 0.000000 1.000000 0.000000 0.000000
8.000000 83.214901 2.109342 0.477144 0.750557 0.000000 0.000000 0.000000 1.000000 0.000000 0.000000
8.000000 83.224934 2.088194 0.472661 0.711093 0.000000 0.000000 0.000000 1.000000 0.000000 0.000000
8.000000 83.244951 2.095166 0.457601 0.627971 0.000000 0.000000 0.000000 1.000000 0.000000 0.000000
8.000000 83.254985 1.969646 0.469055 0.578238 0.000000 0.000000 0.000000 1.000000 0.000000 0.000000
8.000000 83.274883 1.931073 0.468400 0.493674 0.000000 0.000000 0.000000 1.000000 0.000000 0.000000
8.000000 83.284904 1.911608 0.460163 0.450725 0.000000 0.000000 0.000000 1.000000 0.000000 0.000000
8.000000 83.295006 1.939264 0.448465 0.414503 0.000000 0.000000 0.000000 1.000000 0.000000 0.000000
8.000000 83.304987 1.910487 0.440977 0.361435 0.000000 0.000000 0.000000 1.000000 0.000000 0.000000
8.000000 83.315000 1.816192 0.450499 0.302925 0.000000 0.000000 0.000000 1.000000 0.000000 0.000000
8.000000 83.325063 1.814251 0.442231 0.250730 0.000000 0.000000 0.000000 1.000000 0.000000 0.000000
8.000000 83.334949 1.731062 0.448642 0.266093 0.000000 0.000000 0.000000 1.000000 0.000000 0.000000
8.000000 83.345122 1.785922 0.434765 0.317018 0.000000 0.000000 0.000000 1.000000 0.000000 0.000000
8.000000 83.355108 1.720511 0.435561 0.360750 0.000000 0.000000 0.000000 1.000000 0.000000 0.000000
8.000000 83.365068 1.731610 0.426717 0.394117 0.000000 0.000000 0.000000 1.000000 0.000000 0.000000
8.000000 83.375067 1.660406 0.423479 0.434505 0.000000 0.000000 0.000000 1.000000 0.000000 0.000000
8.000000 83.385135 1.618227 0.439852 0.469845 0.000000 0.000000 0.000000 1.000000 0.000000 0.000000
8.000000 83.395225 1.551106 0.447623 0.476408 0.000000 0.000000 0.000000 1.000000 0.000000 0.000000
8.000000 83.405288 1.569850 0.427107 0.534722 0.000000 0.000000 0.000000 1.000000 0.000000 0.000000
8.000000 83.415178 1.455208 0.446345 0.554749 0.000000 0.000000 0.000000 1.000000 0.000000 0.000000
8.000000 83.425091 1.395051 0.455948 0.581101 0.000000 0.000000 0.000000 1.000000 0.000000 0.000000
8.000000 83.435149 1.383152 0.446712 0.622676 0.000000 0.000000 0.000000 1.000000 0.000000 0.000000
8.000000 83.444492 1.579348 0.402522 0.669533 0.000000 0.000000 0.000000 1.000000 0.000000 0.000000
8.000000 83.445151 1.371973 0.443047 0.658876 0.000000 0.000000 0.000000 1.000000 0.000000 0.000000
8.000000 83.455030 1.340159 0.438748 0.693142 0.000000 0.000000 0.000000 1.000000 0.000000 0.000000
8.000000 83.464970 1.270291 0.449167 0.715388 0.000000 0.000000 0.000000 1.000000 0.000000 0.000000
8.000000 83.475036 1.348929 0.422764 0.751145 0.000000 0.000000 0.000000 1.000000 0.000000 0.000000
8.000000 83.485108 1.298619 0.428003 0.767412 0.000000 0.000000 0.000000 1.000000 0.000000 0.000000
8.000000 83.495097 1.245324 0.419317 0.801326 0.000000 0.000000 0.000000 1.000000 0.000000 0.000000
8.000000 83.505198 1.179773 0.436574 0.815619 0.000000 0.000000 0.000000 1.000000 0.000000 0.000000
8.000000 83.515227 1.186041 0.429215 0.846381 0.000000 0.000000 0.000000 1.000000 0.000000 0.000000
8.000000 83.525177 0.971891 0.457106 0.838596 0.000000 0.000000 0.000000 1.000000 0.000000 0.000000
8.000000 83.535155 1.169777 0.405717 0.896950 0.000000 0.000000 0.000000 1.000000 0.000000 0.000000
8.000000 83.545040 1.154227 0.411261 0.923995 0.000000 0.000000 0.000000 1.000000 0.000000 0.000000
8.000000 83.555090 1.070727 0.421659 0.932613 0.000000 0.000000 0.000000 1.000000 0.000000 0.000000
8.000000 83.565190 1.068909 0.413813 0.954660 0.000000 0.000000 0.000000 1.000000 0.000000 0.000000
8.000000 83.575038 0.987058 0.418346 0.963602 0.000000 0.000000 0.000000 1.000000 0.000000 0.000000
8.000000 83.585224 1.049155 0.393645 0.998888 0.000000 0.000000 0.000000 1.000000 0.000000 0.000000
8.000000 83.595209 0.846920 0.411877 0.984127 0.000000 0.000000 0.000000 1.000000 0.000000 0.000000
8.000000 83.605210 0.829794 0.407433 1.014191 0.000000 0.000000 0.000000 1.000000 0.000000 0.000000
8.000000 83.615389 0.856860 0.404942 1.035490 0.000000 0.000000 0.000000 1.000000 0.000000 0.000000
8.000000 83.625262 0.855867 0.385775 1.047367 0.000000 0.000000 0.000000 1.000000 0.000000 0.000000
8.000000 83.635106 0.757541 0.409994 1.053249 0.000000 0.000000 0.000000 1.000000 0.000000 0.000000
8.000000 83.645274 0.626503 0.425351 1.056540 0.000000 0.000000 0.000000 1.000000 0.000000 0.000000
8.000000 83.655217 0.473215 0.447641 1.044616 0.000000 0.000000 0.000000 1.000000 0.000000 0.000000
8.000000 83.665150 0.580973 0.422889 1.070085 0.000000 0.000000 0.000000 1.000000 0.000000 0.000000
8.000000 83.675246 0.314477 0.476967 1.046179 0.000000 0.000000 0.000000 1.000000 0.000000 0.000000
8.000000 83.685140 0.254266 0.477412 1.060967 0.000000 0.000000 0.000000 1.000000 0.000000 0.000000
8.000000 83.695167 0.315368 0.446702 1.066612 0.000000 0.000000 0.000000 1.000000 0.000000 0.000000
8.000000 83.705254 0.247438 0.465380 1.077755 0.000000 0.000000 0.000000 1.000000 0.000000 0.000000
8.000000 83.715257 0.104812 0.493141 1.062981 0.000000 0.000000 0.000000 1.000000 0.000000 0.000000
8.000000 83.725172 0.132033 0.482542 1.067098 0.000000 0.000000 0.000000 1.000000 0.000000 0.000000
8.000000 83.735155 0.310419 0.423251 1.095329 0.000000 0.000000 0.000000 1.000000 0.000000 0.000000
8.000000 83.745259 0.129534 0.452067 1.075330 0.000000 0.000000 0.000000 1.000000 0.000000 0.000000
8.000000 83.755177 0.130098 0.446532 1.079189 0.000000 0.000000 0.000000 1.000000 0.000000 0.000000
8.000000 83.765207 -0.093626 0.481882 1.058567 0.000000 0.000000 0.000000 1.000000 0.000000 0.000000
8.000000 83.775181 0.243492 0.384316 1.094342 0.000000 0.000000 0.000000 1.000000 0.000000 0.000000
8.000000 83.785215 -0.253134 0.505315 1.042189 0.000000 0.000000 0.000000 1.000000 0.000000 0.000000
8.000000 83.795116 0.099411 0.413635 1.069609 0.000000 0.000000 0.000000 1.000000 0.000000 0.000000
8.000000 83.805182 -0.388322 0.517220 1.017967 0.000000 0.000000 0.000000 1.000000 0.000000 0.000000
8.000000 83.815189 -0.340306 0.494244 1.016302 0.000000 0.000000 0.000000 1.000000 0.000000 0.000000
8.000000 83.825242 -0.792520 0.568129 0.953908 0.000000 0.000000 0.000000 1.000000 0.000000 0.000000
8.000000 83.835199 -0.763474 0.572474 0.950790 0.000000 0.000000 0.000000 1.000000 0.000000 0.000000
8.000000 83.845170 -0.721614 0.546888 0.942884 0.000000 0.000000 0.000000 1.000000 0.000000 0.000000
8.000000 83.855464 -0.968924 0.592525 0.907184 0.000000 0.000000 0.000000 1.000000 0.000000 0.000000
8.000000 83.865378 -0.795655 0.549273 0.918507 0.000000 0.000000 0.000000 1.000000 0.000000 0.000000
8.000000 83.875240 -0.722269 0.511775 0.924833 0.000000 0.000000 0.000000 1.000000 0.000000 0.000000
8.000000 83.885329 -0.806237 0.524579 0.902751 0.000000 0.000000 0.000000 1.000000 0.000000 0.000000
8.000000 83.895225 -0.711385 0.500200 0.892802 0.000000 0.000000 0.000000 1.000000 0.000000 0.000000
8.000000 83.905181 -1.007166 0.545466 0.846511 0.000000 0.000000 0.000000 1.000000 0.000000 0.000000
8.000000 83.915225 -1.083775 0.557429 0.814177 0.000000 0.000000 0.000000 1.000000 0.000000 0.000000
8.000000 83.925298 -1.151177 0.555468 0.794067 0.000000 0.000000 0.000000 1.000000 0.000000 0.000000
8.000000 83.935233 -1.136004 0.554762 0.783433 0.000000 0.000000 0.000000 1.000000 0.000000 0.000000
8.000000 83.945260 -1.489546 0.617817 0.717169 0.000000 0.000000 0.000000 1.000000 0.000000 0.000000
8.000000 83.955369 -1.225275 0.555832 0.727239 0.000000 0.000000 0.000000 1.000000 0.000000 0.000000
8.000000 83.965308 -1.469530 0.604015 0.680255 0.000000 0.000000 0.000000 1.000000 0.000000 0.000000
8.000000 83.975400 -1.185455 0.521581 0.692026 0.000000 0.000000 0.000000 1.000000 0.000000 0.000000
8.000000 83.985465 -1.169528 0.505271 0.662976 0.000000 0.000000 0.000000 1.000000 0.000000 0.000000
8.000000 83.995404 -1.606785 0.601399 0.588027 0.000000 0.000000 0.000000 1.000000 0.000000 0.000000
8.000000 84.005228 -1.482209 0.564254 0.579586 0.000000 0.000000 0.000000 1.000000 0.000000 0.000000
8.000000 84.015527 -1.482710 0.568712 0.565719 0.000000 0.000000 0.000000 1.000000 0.000000 0.000000
8.000000 84.025323 -1.380087 0.526935 0.553995 0.000000 0.000000 0.000000 1.000000 0.000000 0.000000
8.000000 84.035521 -1.447230 0.531039 0.514499 0.000000 0.000000 0.000000 1.000000 0.000000 0.000000
8.000000 84.045467 -1.549095 0.535255 0.442873 0.000000 0.000000 0.000000 1.000000 0.000000 0.000000
8.000000 84.055604 -1.639250 0.563463 0.427926 0.000000 0.000000 0.000000 1.000000 0.000000 0.000000
8.000000 84.065414 -1.584770 0.537016 0.406173 0.000000 0.000000 0.000000 1.000000 0.000000 0.000000
8.000000 84.075476 -1.552438 0.514131 0.380665 0.000000 0.000000 0.000000 1.000000 0.000000 0.000000
8.000000 84.085367 -1.792166 0.561786 0.322008 0.000000 0.000000 0.000000 1.000000 0.000000 0.000000
8.000000 84.105421 -1.785968 0.545977 0.245246 0.000000 0.000000 0.000000 1.000000 0.000000 0.000000
8.000000 84.114812 -1.471776 0.470769 0.272525 0.000000 0.000000 0.000000 1.000000 0.000000 0.000000
8.000000 84.115410 -1.799050 0.529315 0.210105 0.000000 0.000000 0.000000 1.000000 0.000000 0.000000
8.000000 84.125360 -1.714599 0.505144 0.179370 0.000000 0.000000 0.000000 1.000000 0.000000 0.000000
8.000000 84.135404 -1.880382 0.541057 0.136340 0.000000 0.000000 0.000000 1.000000 0.000000 0.000000
8.000000 84.145462 -2.341033 0.624846 0.094245 0.000000 0.000000 0.000000 1.000000 0.000000 0.000000
8.000000 84.154881 -2.519158 0.664678 0.077600 0.000000 0.000000 0.000000 1.000000 0.000000 0.000000
8.000000 84.155586 -1.902047 0.535281 0.198671 0.000000 0.000000 0.000000 1.000000 0.000000 0.000000
8.000000 84.164994 -2.075237 0.567377 0.187671 0.000000 0.000000 0.000000 1.000000 0.000000 0.000000
8.000000 84.165392 -1.869785 0.525059 0.229369 0.000000 0.000000 0.000000 1.000000 0.000000 0.000000
8.000000 84.175533 -1.939641 0.520386 0.257265 0.000000 0.000000 0.000000 1.000000 0.000000 0.000000
8.000000 84.185032 -2.112166 0.555437 0.245894 0.000000 0.000000 0.000000 1.000000 0.000000 0.000000
8.000000 84.185524 -1.989087 0.525053 0.273681 0.000000 0.000000 0.000000 1.000000 0.000000 0.000000
8.000000 84.194932 -2.311633 0.593372 0.251107 0.000000 0.000000 0.000000 1.000000 0.000000 0.000000
8.000000 84.195420 -2.158068 0.567914 0.279177 0.000000 0.000000 0.000000 1.000000 0.000000 0.000000
8.000000 84.205580 -2.078767 0.535583 0.327041 0.000000 0.000000 0.000000 1.000000 0.000000 0.000000
8.000000 84.214912 -2.244488 0.567209 0.317457 0.000000 0.000000 0.000000 1.000000 0.000000 0.000000
8.000000 84.215520 -2.068298 0.528694 0.354130 0.000000 0.000000 0.000000 1.000000 0.000000 0.000000
8.000000 84.224953 -2.319614 0.582388 0.337252 0.000000 0.000000 0.000000 1.000000 0.000000 0.000000
8.000000 84.225496 -2.243694 0.563071 0.354064 0.000000 0.000000 0.000000 1.000000 0.000000 0.000000
8.000000 84.234910 -2.304163 0.556909 0.357921 0.000000 0.000000 0.000000 1.000000 0.000000 0.000000
8.000000 84.235450 -2.129335 0.512839 0.394925 0.000000 0.000000 0.000000 1.000000 0.000000 0.000000
8.000000 84.244989 -2.377832 0.576583 0.372920 0.000000 0.000000 0.000000 1.000000 0.000000 0.000000
8.000000 84.245370 -2.186887 0.531347 0.415592 0.000000 0.000000 0.000000 1.000000 0.000000 0.000000
8.000000 84.254887 -2.278747 0.536558 0.418741 0.000000 0.000000 0.000000 1.000000 0.000000 0.000000
8.000000 84.255493 -2.223317 0.518399 0.433307 0.000000 0.000000 0.000000 1.000000 0.000000 0.000000
8.000000 84.264952 -2.223157 0.516096 0.434679 0.000000 0.000000 0.000000 1.000000 0.000000 0.000000
8.000000 84.265396 -2.071545 0.486257 0.465651 0.000000 0.000000 0.000000 1.000000 0.000000 0.000000
8.000000 84.274839 -2.276364 0.526405 0.456012 0.000000 0.000000 0.000000 1.000000 0.000000 0.000000
8.000000 84.275502 -2.189065 0.509042 0.473359 0.000000 0.000000 0.000000 1.000000 0.000000 0.000000
8.000000 84.284788 -2.328338 0.541903 0.463135 0.000000 0.000000 0.000000 1.000000 0.000000 0.000000
8.000000 84.285348 -2.256297 0.525047 0.478889 0.000000 0.000000 0.000000 1.000000 0.000000 0.000000
8.000000 84.294957 -2.492293 0.576630 0.464014 0.000000 0.000000 0.000000 1.000000 0.000000 0.000000
8.000000 84.295451 -2.437305 0.559602 0.477844 0.000000 0.000000 0.000000 1.000000 0.000000 0.000000
8.000000 84.304954 -2.386886 0.537616 0.487182 0.000000 0.000000 0.000000 1.000000 0.000000 0.000000
8.000000 84.305347 -2.268407 0.505270 0.515713 0.000000 0.000000 0.000000 1.000000 0.000000 0.000000
8.000000 84.314918 -2.355409 0.521368 0.512662 0.000000 0.000000 0.000000 1.000000 0.000000 0.000000
8.000000 84.315539 -2.326357 0.510751 0.521421 0.000000 0.000000 0.000000 1.000000 0.000000 0.000000
8.000000 84.324993 -2.439376 0.532808 0.516583 0.000000 0.000000 0.000000 1.000000 0.000000 0.000000
8.000000 84.325428 -2.334694 0.511900 0.537754 0.000000 0.000000 0.000000 1.000000 0.000000 0.000000
8.000000 84.334909 -2.348380 0.512782 0.538411 0.000000 0.000000 0.000000 1.000000 0.000000 0.000000
8.000000 84.335518 -2.257530 0.492080 0.558873 0.000000 0.000000 0.000000 1.000000 0.000000 0.000000
8.000000 84.345257 -2.566033 0.567531 0.536804 0.000000 0.000000 0.000000 1.000000 0.000000 0.000000
8.000000 84.345421 -2.692077 0.585331 0.515586 0.000000 0.000000 0.000000 1.000000 0.000000 0.000000
8.000000 84.354881 -2.735061 0.589494 0.516120 0.000000 0.000000 0.000000 1.000000 0.000000 0.000000
8.000000 84.355536 -2.633913 0.561323 0.540982 0.000000 0.000000 0.000000 1.000000 0.000000 0.000000
8.000000 84.365049 -2.578485 0.539548 0.550509 0.000000 0.000000 0.000000 1.000000 0.000000 0.000000
8.000000 84.365439 -2.542234 0.521654 0.564831 0.000000 0.000000 0.000000 1.000000 0.000000 0.000000
8.000000 84.374960 -2.544885 0.523949 0.563342 0.000000 0.000000 0.000000 1.000000 0.000000 0.000000
8.000000 84.375507 -2.492751 0.519438 0.570233 0.000000 0.000000 0.000000 1.000000 0.000000 0.000000
8.000000 84.385032 -2.494640 0.514102 0.574487 0.000000 0.000000 0.000000 1.000000 0.000000 0.000000
8.000000 84.385524 -2.506877 0.511199 0.575511 0.000000 0.000000 0.000000 1.000000 0.000000 0.000000
8.000000 84.394953 -2.594457 0.532687 0.569364 0.000000 0.000000 0.000000 1.000000 0.000000 0.000000
8.000000 84.395574 -2.670200 0.538732 0.559606 0.000000 0.000000 0.000000 1.000000 0.000000 0.000000
8.000000 84.404958 -2.612238 0.515565 0.570181 0.000000 0.000000 0.000000 1.000000 0.000000 0.000000
8.000000 84.405407 -2.509293 0.493288 0.592844 0.000000 0.000000 0.000000 1.000000 0.000000 0.000000
8.000000 84.415098 -2.655547 0.526974 0.584320 0.000000 0.000000 0.000000 1.000000 0.000000 0.000000
8.000000 84.415512 -2.689882 0.526282 0.582223 0.000000 0.000000 0.000000 1.000000 0.000000 0.000000
8.000000 84.425214 -2.545462 0.490578 0.592356 0.000000 0.000000 0.000000 1.000000 0.000000 0.000000
8.000000 84.425450 -2.612374 0.499227 0.581429 0.000000 0.000000 0.000000 1.000000 0.000000 0.000000
8.000000 84.435016 -2.673524 0.510608 0.579973 0.000000 0.000000 0.000000 1.000000 0.000000 0.000000
8.000000 84.435581 -2.673745 0.507452 0.582123 0.000000 0.000000 0.000000 1.000000 0.000000 0.000000
8.000000 84.445132 -2.800846 0.539084 0.572921 0.000000 0.000000 0.000000 1.000000 0.000000 0.000000
8.000000 84.445445 -2.735563 0.528540 0.584951 0.000000 0.000000 0.000000 1.000000 0.000000 0.000000
8.000000 84.455111 -2.618348 0.500635 0.592280 0.000000 0.000000 0.000000 1.000000 0.000000 0.000000
8.000000 84.455702 -2.732727 0.514149 0.574523 0.000000 0.000000 0.000000 1.000000 0.000000 0.000000
8.000000 84.465062 -2.736890 0.514344 0.574906 0.000000 0.000000 0.000000 1.000000 0.000000 0.000000
8.000000 84.465464 -2.797892 0.512377 0.572550 0.000000 0.000000 0.000000 1.000000 0.000000 0.000000
8.000000 84.475125 -2.739545 0.494814 0.579304 0.000000 0.000000 0.000000 1.000000 0.000000 0.000000
8.000000 84.475574 -2.763028 0.497822 0.575441 0.000000 0.000000 0.000000 1.000000 0.000000 0.000000
8.000000 84.485129 -2.737628 0.493570 0.575339 0.000000 0.000000 0.000000 1.000000 0.000000 0.000000
8.000000 84.485532 -2.789971 0.501104 0.566006 0.000000 0.000000 0.000000 1.000000 0.000000 0.000000
8.000000 84.494970 -2.730205 0.491403 0.565218 0.000000 0.000000 0.000000 1.000000 0.000000 0.000000
8.000000 84.495582 -2.868232 0.504896 0.545963 0.000000 0.000000 0.000000 1.000000 0.000000 0.000000
8.000000 84.505028 -2.865327 0.498325 0.551799 0.000000 0.000000 0.000000 1.000000 0.000000 0.000000
8.000000 84.505672 -2.841290 0.499371 0.552361 0.000000 0.000000 0.000000 1.000000 0.000000 0.000000
8.000000 84.515034 -2.766061 0.482878 0.555584 0.000000 0.000000 0.000000 1.000000 0.000000 0.000000
8.000000 84.515604 -3.183712 0.559220 0.529707 0.000000 0.000000 0.000000 1.000000 0.000000 0.000000
8.000000 84.525054 -2.823825 0.490441 0.542695 0.000000 0.000000 0.000000 1.000000 0.000000 0.000000
8.000000 84.525652 -2.846733 0.493688 0.538678 0.000000 0.000000 0.000000 1.000000 0.000000 0.000000
8.000000 84.534988 -2.794282 0.481040 0.542134 0.000000 0.000000 0.000000 1.000000 0.000000 0.000000
8.000000 84.535576 -2.954655 0.500520 0.516383 0.000000 0.000000 0.000000 1.000000 0.000000 0.000000
8.000000 84.545272 -2.925663 0.498257 0.514280 0.000000 0.000000 0.000000 1.000000 0.000000 0.000000
8.000000 84.545520 -3.069084 0.512924 0.493320 0.000000 0.000000 0.000000 1.000000 0.000000 0.000000
8.000000 84.555006 -3.011536 0.503225 0.493076 0.000000 0.000000 0.000000 1.000000 0.000000 0.000000
8.000000 84.555626 -3.057140 0.511389 0.483295 0.000000 0.000000 0.000000 1.000000 0.000000 0.000000
8.000000 84.565033 -2.953758 0.478067 0.497536 0.000000 0.000000 0.000000 1.000000 0.000000 0.000000
8.000000 84.565472 -3.050222 0.488587 0.482798 0.000000 0.000000 0.000000 1.000000 0.000000 0.000000
8.000000 84.575183 -2.914976 0.465665 0.482079 0.000000 0.000000 0.000000 1.000000 0.000000 0.000000
8.000000 84.575599 -2.995614 0.476874 0.467297 0.000000 0.000000 0.000000 1.000000 0.000000 0.000000
8.000000 84.585246 -2.965342 0.472392 0.466161 0.000000 0.000000 0.000000 1.000000 0.000000 0.000000
8.000000 84.585471 -3.064565 0.491554 0.442852 0.000000 0.000000 0.000000 1.000000 0.000000 0.000000
8.000000 84.595185 -3.129656 0.506362 0.439452 0.000000 0.000000 0.000000 1.000000 0.000000 0.000000
8.000000 84.595551 -3.217870 0.514425 0.427209 0.000000 0.000000 0.000000 1.000000 0.000000 0.000000
8.000000 84.605019 -3.067830 0.480616 0.434461 0.000000 0.000000 0.000000 1.000000 0.000000 0.000000
8.000000 84.605506 -3.206327 0.509515 0.400737 0.000000 0.000000 0.000000 1.000000 0.000000 0.000000
8.000000 84.615157 -3.027204 0.466849 0.412390 0.000000 0.000000 0.000000 1.000000 0.000000 0.000000
8.000000 84.615633 -3.180247 0.490643 0.382558 0.000000 0.000000 0.000000 1.000000 0.000000 0.000000
8.000000 84.625251 -3.052546 0.463177 0.388380 0.000000 0.000000 0.000000 1.000000 0.000000 0.000000
8.000000 84.625549 -3.150685 0.477297 0.370027 0.000000 0.000000 0.000000 1.000000 0.000000 0.000000
8.000000 84.635144 -3.082333 0.467727 0.368068 0.000000 0.000000 0.000000 1.000000 0.000000 0.000000
8.000000 84.635656 -3.228538 0.486017 0.342780 0.000000 0.000000 0.000000 1.000000 0.000000 0.000000
8.000000 84.645231 -3.242070 0.498404 0.332422 0.000000 0.000000 0.000000 1.000000 0.000000 0.000000
8.000000 84.645535 -3.406654 0.518371 0.304260 0.000000 0.000000 0.000000 1.000000 0.000000 0.000000
8.000000 84.655248 -3.256150 0.482470 0.313426 0.000000 0.000000 0.000000 1.000000 0.000000 0.000000
8.000000 84.655702 -3.258722 0.493901 0.301644 0.000000 0.000000 0.000000 1.000000 0.000000 0.000000
8.000000 84.665281 -3.153729 0.471578 0.305540 0.000000 0.000000 0.000000 1.000000 0.000000 0.000000
8.000000 84.665534 -3.420531 0.504528 0.258977 0.000000 0.000000 0.000000 1.000000 0.000000 0.000000
8.000000 84.675194 -3.314225 0.482146 0.262672 0.000000 0.000000 0.000000 1.000000 0.000000 0.000000
8.000000 84.675660 -3.369971 0.497110 0.244798 0.000000 0.000000 0.000000 1.000000 0.000000 0.000000
8.000000 84.685300 -3.217424 0.462466 0.253053 0.000000 0.000000 0.000000 1.000000 0.000000 0.000000
8.000000 84.685568 -3.404156 0.487887 0.217751 0.000000 0.000000 0.000000 1.000000 0.000000 0.000000
8.000000 84.695094 -3.357087 0.481497 0.215826 0.000000 0.000000 0.000000 1.000000 0.000000 0.000000
8.000000 84.695641 -3.306919 0.476240 0.223757 0.000000 0.000000 0.000000 1.000000 0.000000 0.000000
8.000000 84.705171 -3.511281 0.517387 0.217394 0.000000 0.000000 0.000000 1.000000 0.000000 0.000000
8.000000 84.705588 -3.454359 0.495595 0.241467 0.000000 0.000000 0.000000 1.000000 0.000000 0.000000
8.000000 84.715051 -3.664739 0.535743 0.237135 0.000000 0.000000 0.000000 1.000000 0.000000 0.000000
8.000000 84.715659 -3.616253 0.520797 0.253546 0.000000 0.000000 0.000000 1.000000 0.000000 0.000000
8.000000 84.725183 -3.589988 0.507223 0.262293 0.000000 0.000000 0.000000 1.000000 0.000000 0.000000
8.000000 84.725536 -3.532059 0.490879 0.280913 0.000000 0.000000 0.000000 1.000000 0.000000 0.000000
8.000000 84.735101 -3.813067 0.551676 0.267662 0.000000 0.000000 0.000000 1.000000 0.000000 0.000000
8.000000 84.735642 -3.766175 0.535677 0.284632 0.000000 0.000000 0.000000 1.000000 0.000000 0.000000
8.000000 84.745145 -3.785714 0.538690 0.284911 0.000000 0.000000 0.000000 1.000000 0.000000 0.000000
8.000000 84.745671 -3.776822 0.539533 0.284685 0.000000 0.000000 0.000000 1.000000 0.000000 0.000000
8.000000 84.754999 -3.908071 0.567404 0.278661 0.000000 0.000000 0.000000 1.000000 0.000000 0.000000
8.000000 84.755692 -3.787727 0.533659 0.316658 0.000000 0.000000 0.000000 1.000000 0.000000 0.000000
8.000000 84.765232 -3.805614 0.534036 0.319664 0.000000 0.000000 0.000000 1.000000 0.000000 0.000000
8.000000 84.765593 -3.745543 0.521262 0.335533 0.000000 0.000000 0.000000 1.000000 0.000000 0.000000
8.000000 84.775069 -3.665944 0.487071 0.356324 0.000000 0.000000 0.000000 1.000000 0.000000 0.000000
8.000000 84.775657 -3.650587 0.475363 0.368414 0.000000 0.000000 0.000000 1.000000 0.000000 0.000000
8.000000 84.785206 -3.840438 0.528522 0.348022 0.000000 0.000000 0.000000 1.000000 0.000000 0.000000
8.000000 84.785618 -3.759217 0.513051 0.368112 0.000000 0.000000 0.000000 1.000000 0.000000 0.000000
8.000000 84.795069 -3.892310 0.536673 0.369127 0.000000 0.000000 0.000000 1.000000 0.000000 0.000000
8.000000 84.795659 -3.911586 0.530597 0.374577 0.000000 0.000000 0.000000 1.000000 0.000000 0.000000
8.000000 84.805160 -3.792088 0.491408 0.393580 0.000000 0.000000 0.000000 1.000000 0.000000 0.000000
8.000000 84.805607 -3.757293 0.483199 0.403512 0.000000 0.000000 0.000000 1.000000 0.000000 0.000000
8.000000 84.815157 -3.816167 0.495022 0.402237 0.000000 0.000000 0.000000 1.000000 0.000000 0.000000
8.000000 84.815652 -3.949430 0.513508 0.410863 0.000000 0.000000 0.000000 1.000000 0.000000 0.000000
8.000000 84.825427 -3.805488 0.479608 0.419753 0.000000 0.000000 0.000000 1.000000 0.000000 0.000000
8.000000 84.825613 -3.994327 0.518606 0.411885 0.000000 0.000000 0.000000 1.000000 0.000000 0.000000
8.000000 84.835299 -3.898024 0.493554 0.420158 0.000000 0.000000 0.000000 1.000000 0.000000 0.000000
8.000000 84.835678 -3.889625 0.486029 0.427826 0.000000 0.000000 0.000000 1.000000 0.000000 0.000000
8.000000 84.845409 -3.888244 0.487409 0.426085 0.000000 0.000000 0.000000 1.000000 0.000000 0.000000
8.000000 84.845627 -3.809104 0.471232 0.446576 0.000000 0.000000 0.000000 1.000000 0.000000 0.000000
8.000000 84.855355 -3.863781 0.482023 0.445997 0.000000 0.000000 0.000000 1.000000 0.000000 0.000000
8.000000 84.855746 -3.868873 0.480670 0.447296 0.000000 0.000000 0.000000 1.000000 0.000000 0.000000
8.000000 84.865232 -4.022441 0.522168 0.432614 0.000000 0.000000 0.000000 1.000000 0.000000 0.000000
8.000000 84.865582 -4.040481 0.517214 0.437878 0.000000 0.000000 0.000000 1.000000 0.000000 0.000000
8.000000 84.875261 -3.902867 0.474489 0.457861 0.000000 0.000000 0.000000 1.000000 0.000000 0.000000
8.000000 84.875724 -3.960799 0.480719 0.448960 0.000000 0.000000 0.000000 1.000000 0.000000 0.000000
8.000000 84.885240 -3.965340 0.478534 0.452444 0.000000 0.000000 0.000000 1.000000 0.000000 0.000000
8.000000 84.885746 -3.972722 0.476977 0.453859 0.000000 0.000000 0.000000 1.000000 0.000000 0.000000
8.000000 84.895228 -4.064976 0.505883 0.440252 0.000000 0.000000 0.000000 1.000000 0.000000 0.000000
8.000000 84.895744 -4.125592 0.502187 0.464438 0.000000 0.000000 0.000000 1.000000 0.000000 0.000000
8.000000 84.905276 -3.925613 0.461068 0.470229 0.000000 0.000000 0.000000 1.000000 0.000000 0.000000
8.000000 84.905637 -3.984650 0.465321 0.463411 0.000000 0.000000 0.000000 1.000000 0.000000 0.000000
8.000000 84.915121 -3.966025 0.460645 0.464799 0.000000 0.000000 0.000000 1.000000 0.000000 0.000000
8.000000 84.915742 -4.004792 0.461708 0.462275 0.000000 0.000000 0.000000 1.000000 0.000000 0.000000
8.000000 84.925236 -4.033103 0.468149 0.460959 0.000000 0.000000 0.000000 1.000000 0.000000 0.000000
8.000000 84.925869 -4.079579 0.472489 0.454548 0.000000 0.000000 0.000000 1.000000 0.000000 0.000000
8.000000 84.935161 -4.088188 0.473582 0.455149 0.000000 0.000000 0.000000 1.000000 0.000000 0.000000
8.000000 84.935785 -4.139202 0.479014 0.447373 0.000000 0.000000 0.000000 1.000000 0.000000 0.000000
8.000000 84.945254 -4.301708 0.502972 0.452154 0.000000 0.000000 0.000000 1.000000 0.000000 0.000000
8.000000 84.945707 -4.362050 0.528421 0.412580 0.000000 0.000000 0.000000 1.000000 0.000000 0.000000
8.000000 84.955189 -4.345769 0.509985 0.428783 0.000000 0.000000 0.000000 1.000000 0.000000 0.000000
8.000000 84.955804 -4.220530 0.483208 0.440957 0.000000 0.000000 0.000000 1.000000 0.000000 0.000000
8.000000 84.965258 -4.359114 0.522792 0.424779 0.000000 0.000000 0.000000 1.000000 0.000000 0.000000
8.000000 84.965787 -4.395843 0.527723 0.417993 0.000000 0.000000 0.000000 1.000000 0.000000 0.000000
8.000000 84.975169 -4.251212 0.493882 0.425573 0.000000 0.000000 0.000000 1.000000 0.000000 0.000000
8.000000 84.975714 -4.372732 0.509547 0.403614 0.000000 0.000000 0.000000 1.000000 0.000000 0.000000
8.000000 84.985394 -4.355169 0.498955 0.412386 0.000000 0.000000 0.000000 1.000000 0.000000 0.000000
8.000000 84.985816 -4.411707 0.502839 0.406127 0.000000 0.000000 0.000000 1.000000 0.000000 0.000000
8.000000 84.995324 -4.277492 0.467886 0.417890 0.000000 0.000000 0.000000 1.000000 0.000000 0.000000
8.000000 84.995932 -4.307749 0.475432 0.408433 0.000000 0.000000 0.000000 1.000000 0.000000 0.000000
8.000000 85.005328 -4.256351 0.466109 0.408229 0.000000 0.000000 0.000000 1.000000 0.000000 0.000000
8.000000 85.005783 -4.449396 0.492596 0.410698 0.000000 0.000000 0.000000 1.000000 0.000000 0.000000
8.000000 85.015899 -4.348468 0.476843 0.390704 0.000000 0.000000 0.000000 1.000000 0.000000 0.000000
8.000000 85.025711 -4.514942 0.510838 0.357726 0.000000 0.000000 0.000000 1.000000 0.000000 0.000000
8.000000 85.035226 -4.330663 0.457938 0.380337 0.000000 0.000000 0.000000 1.000000 0.000000 0.000000
8.000000 85.035981 -4.543279 0.500923 0.372071 0.000000 0.000000 0.000000 1.000000 0.000000 0.000000
8.000000 85.045457 -4.304489 0.452955 0.375801 0.000000 0.000000 0.000000 1.000000 0.000000 0.000000
8.000000 85.045867 -4.573294 0.488393 0.350491 0.000000 0.000000 0.000000 1.000000 0.000000 0.000000
8.000000 85.055357 -4.404322 0.459434 0.348539 0.000000 0.000000 0.000000 1.000000 0.000000 0.000000
8.000000 85.055882 -4.454320 0.467358 0.337608 0.000000 0.000000 0.000000 1.000000 0.000000 0.000000
8.000000 85.065284 -4.505651 0.486963 0.325044 0.000000 0.000000 0.000000 1.000000 0.000000 0.000000
8.000000 85.065959 -4.612048 0.500534 0.305576 0.000000 0.000000 0.000000 1.000000 0.000000 0.000000
8.000000 85.075299 -4.392374 0.445890 0.322279 0.000000 0.000000 0.000000 1.000000 0.000000 0.000000
8.000000 85.075846 -4.491288 0.462220 0.299493 0.000000 0.000000 0.000000 1.000000 0.000000 0.000000
8.000000 85.085353 -4.431725 0.452164 0.298027 0.000000 0.000000 0.000000 1.000000 0.000000 0.000000
8.000000 85.085856 -4.566717 0.468416 0.274226 0.000000 0.000000 0.000000 1.000000 0.000000 0.000000
8.000000 85.095338 -4.485149 0.450868 0.276965 0.000000 0.000000 0.000000 1.000000 0.000000 0.000000
8.000000 85.095989 -4.558025 0.461297 0.261931 0.000000 0.000000 0.000000 1.000000 0.000000 0.000000
8.000000 85.105293 -4.545579 0.454633 0.267422 0.000000 0.000000 0.000000 1.000000 0.000000 0.000000
8.000000 85.115874 -4.540770 0.449328 0.290349 0.000000 0.000000 0.000000 1.000000 0.000000 0.000000
8.000000 85.125348 -4.613828 0.462075 0.291865 0.000000 0.000000 0.000000 1.000000 0.000000 0.000000
8.000000 85.125763 -4.634573 0.459921 0.294039 0.000000 0.000000 0.000000 1.000000 0.000000 0.000000
8.000000 85.135242 -4.832233 0.507921 0.280150 0.000000 0.000000 0.000000 1.000000 0.000000 0.000000
8.000000 85.136092 -4.803457 0.498013 0.293394 0.000000 0.000000 0.000000 1.000000 0.000000 0.000000
8.000000 85.145343 -4.823475 0.495169 0.302104 0.000000 0.000000 0.000000 1.000000 0.000000 0.000000
8.000000 85.145849 -4.819579 0.489382 0.309360 0.000000 0.000000 0.000000 1.000000 0.000000 0.000000
8.000000 85.155223 -4.793021 0.475716 0.320432 0.000000 0.000000 0.000000 1.000000 0.000000 0.000000
8.000000 85.156132 -4.770500 0.468925 0.329264 0.000000 0.000000 0.000000 1.000000 0.000000 0.000000
8.000000 85.165334 -4.744362 0.459156 0.335444 0.000000 0.000000 0.000000 1.000000 0.000000 0.000000
8.000000 85.165912 -4.731444 0.454620 0.341325 0.000000 0.000000 0.000000 1.000000 0.000000 0.000000
8.000000 85.175211 -4.779673 0.464526 0.340227 0.000000 0.000000 0.000000 1.000000 0.000000 0.000000
8.000000 85.175902 -4.738636 0.457780 0.349557 0.000000 0.000000 0.000000 1.000000 0.000000 0.000000
8.000000 85.185385 -4.744682 0.453979 0.355712 0.000000 0.000000 0.000000 1.000000 0.000000 0.000000
8.000000 85.185847 -4.701151 0.440578 0.373260 0.000000 0.000000 0.000000 1.000000 0.000000 0.000000
8.000000 85.195328 -4.782203 0.464036 0.362587 0.000000 0.000000 0.000000 1.000000 0.000000 0.000000
8.000000 85.195958 -4.790675 0.463654 0.362980 0.000000 0.000000 0.000000 1.000000 0.000000 0.000000
8.000000 85.205321 -4.804414 0.457071 0.375132 0.000000 0.000000 0.000000 1.000000 0.000000 0.000000
8.000000 85.205846 -4.839780 0.458404 0.372540 0.000000 0.000000 0.000000 1.000000 0.000000 0.000000
8.000000 85.215315 -4.878936 0.468312 0.369285 0.000000 0.000000 0.000000 1.000000 0.000000 0.000000
8.000000 85.225899 -4.939066 0.467350 0.367153 0.000000 0.000000 0.000000 1.000000 0.000000 0.000000
8.000000 85.235310 -4.921364 0.457017 0.375919 0.000000 0.000000 0.000000 1.000000 0.000000 0.000000
8.000000 85.235943 -4.876769 0.446566 0.389657 0.000000 0.000000 0.000000 1.000000 0.000000 0.000000
8.000000 85.245669 -4.803636 0.429247 0.394184 0.000000 0.000000 0.000000 1.000000 0.000000 0.000000
8.000000 85.245885 -5.157932 0.482894 0.374274 0.000000 0.000000 0.000000 1.000000 0.000000 0.000000
8.000000 85.255559 -5.034725 0.465350 0.369198 0.000000 0.000000 0.000000 1.000000 0.000000 0.000000
8.000000 85.265821 -4.955388 0.451898 0.386987 0.000000 0.000000 0.000000 1.000000 0.000000 0.000000
8.000000 85.275317 -4.940736 0.447829 0.388693 0.000000 0.000000 0.000000 1.000000 0.000000 0.000000
8.000000 85.276047 -5.044780 0.461195 0.369509 0.000000 0.000000 0.000000 1.000000 0.000000 0.000000
8.000000 85.285437 -5.037008 0.455803 0.374548 0.000000 0.000000 0.000000 1.000000 0.000000 0.000000
8.000000 85.285840 -5.050419 0.457467 0.372177 0.000000 0.000000 0.000000 1.000000 0.000000 0.000000
8.000000 85.295321 -4.940894 0.429017 0.382370 0.000000 0.000000 0.000000 1.000000 0.000000 0.000000
8.000000 85.296014 -4.967446 0.430647 0.379653 0.000000 0.000000 0.000000 1.000000 0.000000 0.000000
8.000000 85.305475 -5.106807 0.458479 0.376740 0.000000 0.000000 0.000000 1.000000 0.000000 0.000000
8.000000 85.305888 -5.136036 0.461580 0.372228 0.000000 0.000000 0.000000 1.000000 0.000000 0.000000
8.000000 85.315413 -5.090009 0.452618 0.373035 0.000000 0.000000 0.000000 1.000000 0.000000 0.000000
8.000000 85.316073 -5.127184 0.456405 0.367452 0.000000 0.000000 0.000000 1.000000 0.000000 0.000000
8.000000 85.325466 -5.018001 0.432127 0.372739 0.000000 0.000000 0.000000 1.000000 0.000000 0.000000
8.000000 85.326075 -5.076951 0.436817 0.365400 0.000000 0.000000 0.000000 1.000000 0.000000 0.000000
8.000000 85.335322 -5.118619 0.453471 0.353912 0.000000 0.000000 0.000000 1.000000 0.000000 0.000000
8.000000 85.336043 -5.279715 0.474614 0.323647 0.000000 0.000000 0.000000 1.000000 0.000000 0.000000
8.000000 85.345498 -5.302238 0.484309 0.316535 0.000000 0.000000 0.000000 1.000000 0.000000 0.000000
8.000000 85.345988 -5.540656 0.507299 0.282132 0.000000 0.000000 0.000000 1.000000 0.000000 0.000000
8.000000 85.355408 -5.346817 0.452814 0.306253 0.000000 0.000000 0.000000 1.000000 0.000000 0.000000
8.000000 85.356119 -5.210368 0.435909 0.330751 0.000000 0.000000 0.000000 1.000000 0.000000 0.000000
8.000000 85.365509 -5.147122 0.423721 0.331116 0.000000 0.000000 0.000000 1.000000 0.000000 0.000000
8.000000 85.365862 -5.160827 0.423776 0.330808 0.000000 0.000000 0.000000 1.000000 0.000000 0.000000
8.000000 85.375372 -5.093649 0.410371 0.331442 0.000000 0.000000 0.000000 1.000000 0.000000 0.000000
8.000000 85.376009 -5.202177 0.424098 0.310982 0.000000 0.000000 0.000000 1.000000 0.000000 0.000000
8.000000 85.385400 -5.163843 0.413431 0.315705 0.000000 0.000000 0.000000 1.000000 0.000000 0.000000
8.000000 85.385902 -5.239327 0.423011 0.301552 0.000000 0.000000 0.000000 1.000000 0.000000 0.000000
8.000000 85.395395 -5.350966 0.456011 0.285050 0.000000 0.000000 0.000000 1.000000 0.000000 0.000000
8.000000 85.395956 -5.605379 0.487934 0.238060 0.000000 0.000000 0.000000 1.000000 0.000000 0.000000
8.000000 85.405427 -5.722307 0.511083 0.235670 0.000000 0.000000 0.000000 1.000000 0.000000 0.000000
