20.000000 188.770885 25.065858 -0.283810 0.341571 0.000000 0.000000 0.000000 1.000000 0.000000 0.000000
20.000000 188.780816 24.957152 -0.281245 0.428724 0.000000 0.000000 0.000000 1.000000 0.000000 0.000000
20.000000 188.790885 24.819048 -0.295075 0.529987 0.000000 0.000000 0.000000 1.000000 0.000000 0.000000
20.000000 188.800863 24.747302 -0.286012 0.598087 0.000000 0.000000 0.000000 1.000000 0.000000 0.000000
20.000000 188.810912 24.570003 -0.276493 0.717639 0.000000 0.000000 0.000000 1.000000 0.000000 0.000000
20.000000 188.821034 24.329394 -0.283733 0.823064 0.000000 0.000000 0.000000 1.000000 0.000000 0.000000
20.000000 188.830973 24.235105 -0.271229 0.889001 0.000000 0.000000 0.000000 1.000000 0.000000 0.000000
20.000000 188.840941 24.076962 -0.272404 0.978815 0.000000 0.000000 0.000000 1.000000 0.000000 0.000000
20.000000 188.850951 23.886654 -0.275349 1.055273 0.000000 0.000000 0.000000 1.000000 0.000000 0.000000
20.000000 188.855027 22.914433 -0.429022 1.134998 0.000000 0.000000 0.000000 1.000000 0.000000 0.000000
20.000000 188.860893 23.766262 -0.269097 1.151327 0.000000 0.000000 0.000000 1.000000 0.000000 0.000000
20.000000 188.865023 22.835190 -0.421043 1.230594 0.000000 0.000000 0.000000 1.000000 0.000000 0.000000
20.000000 188.870982 23.586820 -0.273975 1.227040 0.000000 0.000000 0.000000 1.000000 0.000000 0.000000
20.000000 188.875080 22.716585 -0.414803 1.300538 0.000000 0.000000 0.000000 1.000000 0.000000 0.000000
20.000000 188.880941 23.449409 -0.262514 1.314165 0.000000 0.000000 0.000000 1.000000 0.000000 0.000000
20.000000 188.885102 22.603379 -0.406657 1.380247 0.000000 0.000000 0.000000 1.000000 0.000000 0.000000
20.000000 188.891036 23.333936 -0.263315 1.392331 0.000000 0.000000 0.000000 1.000000 0.000000 0.000000
20.000000 188.895024 22.504668 -0.405829 1.452045 0.000000 0.000000 0.000000 1.000000 0.000000 0.000000
20.000000 188.900925 23.195453 -0.257969 1.467993 0.000000 0.000000 0.000000 1.000000 0.000000 0.000000
20.000000 188.905002 22.380977 -0.399687 1.512597 0.000000 0.000000 0.000000 1.000000 0.000000 0.000000
20.000000 188.911069 23.054774 -0.246517 1.549284 0.000000 0.000000 0.000000 1.000000 0.000000 0.000000
20.000000 188.915075 22.278584 -0.388242 1.594101 0.000000 0.000000 0.000000 1.000000 0.000000 0.000000
20.000000 188.920911 22.920448 -0.251705 1.615399 0.000000 0.000000 0.000000 1.000000 0.000000 0.000000
20.000000 188.925060 22.172296 -0.388005 1.662443 0.000000 0.000000 0.000000 1.000000 0.000000 0.000000
20.000000 188.930997 22.779219 -0.244463 1.694584 0.000000 0.000000 0.000000 1.000000 0.000000 0.000000
20.000000 188.935199 22.053078 -0.380107 1.729164 0.000000 0.000000 0.000000 1.000000 0.000000 0.000000
20.000000 188.940884 22.667106 -0.236728 1.764020 0.000000 0.000000 0.000000 1.000000 0.000000 0.000000
20.000000 188.944966 21.946954 -0.374577 1.796461 0.000000 0.000000 0.000000 1.000000 0.000000 0.000000
20.000000 188.950989 22.596374 -0.236488 1.815950 0.000000 0.000000 0.000000 1.000000 0.000000 0.000000
20.000000 188.955112 21.840486 -0.380637 1.845874 0.000000 0.000000 0.000000 1.000000 0.000000 0.000000
20.000000 188.960932 22.406590 -0.228206 1.896465 0.000000 0.000000 0.000000 1.000000 0.000000 0.000000
20.000000 188.964978 21.725492 -0.363363 1.920992 0.000000 0.000000 0.000000 1.000000 0.000000 0.000000
20.000000 188.971080 22.246726 -0.233819 1.967858 0.000000 0.000000 0.000000 1.000000 0.000000 0.000000
20.000000 188.980980 22.129428 -0.224606 2.026374 0.000000 0.000000 0.000000 1.000000 0.000000 0.000000
20.000000 188.991008 21.998537 -0.221591 2.091665 0.000000 0.000000 0.000000 1.000000 0.000000 0.000000
20.000000 189.000997 21.934387 -0.222313 2.136068 0.000000 0.000000 0.000000 1.000000 0.000000 0.000000
20.000000 189.010992 21.712258 -0.217443 2.217262 0.000000 0.000000 0.000000 1.000000 0.000000 0.000000
20.000000 189.020960 21.577514 -0.213894 2.280600 0.000000 0.000000 0.000000 1.000000 0.000000 0.000000
20.000000 189.027494 20.132906 -0.039547 2.183632 0.000000 0.000000 0.000000 1.000000 0.000000 0.000000
20.000000 189.031170 21.458295 -0.209291 2.339385 0.000000 0.000000 0.000000 1.000000 0.000000 0.000000
20.000000 189.037535 20.007540 -0.039409 2.243557 0.000000 0.000000 0.000000 1.000000 0.000000 0.000000
20.000000 189.041028 21.310888 -0.209934 2.399764 0.000000 0.000000 0.000000 1.000000 0.000000 0.000000
20.000000 189.047595 19.868899 -0.031352 2.293444 0.000000 0.000000 0.000000 1.000000 0.000000 0.000000
20.000000 189.051165 21.253202 -0.204900 2.437272 0.000000 0.000000 0.000000 1.000000 0.000000 0.000000
20.000000 189.057525 19.736916 -0.026862 2.352515 0.000000 0.000000 0.000000 1.000000 0.000000 0.000000
20.000000 189.061105 21.046769 -0.201799 2.507931 0.000000 0.000000 0.000000 1.000000 0.000000 0.000000
20.000000 189.067633 19.626470 -0.023510 2.406117 0.000000 0.000000 0.000000 1.000000 0.000000 0.000000
20.000000 189.071109 20.929935 -0.200011 2.560831 0.000000 0.000000 0.000000 1.000000 0.000000 0.000000
20.000000 189.077577 19.494192 -0.021282 2.467180 0.000000 0.000000 0.000000 1.000000 0.000000 0.000000
20.000000 189.080956 20.775175 -0.200732 2.620666 0.000000 0.000000 0.000000 1.000000 0.000000 0.000000
20.000000 189.087499 19.368703 -0.015144 2.516453 0.000000 0.000000 0.000000 1.000000 0.000000 0.000000
20.000000 189.091097 20.664217 -0.193253 2.662210 0.000000 0.000000 0.000000 1.000000 0.000000 0.000000
20.000000 189.097600 19.245892 -0.018563 2.569374 0.000000 0.000000 0.000000 1.000000 0.000000 0.000000
20.000000 189.101028 20.569289 -0.190393 2.709767 0.000000 0.000000 0.000000 1.000000 0.000000 0.000000
20.000000 189.107565 19.115051 -0.011485 2.617789 0.000000 0.000000 0.000000 1.000000 0.000000 0.000000
20.000000 189.111154 20.391034 -0.190798 2.767262 0.000000 0.000000 0.000000 1.000000 0.000000 0.000000
20.000000 189.117595 18.985990 -0.004655 2.668279 0.000000 0.000000 0.000000 1.000000 0.000000 0.000000
20.000000 189.120986 20.270004 -0.188617 2.812883 0.000000 0.000000 0.000000 1.000000 0.000000 0.000000
20.000000 189.127531 18.868174 -0.009920 2.717113 0.000000 0.000000 0.000000 1.000000 0.000000 0.000000
20.000000 189.131052 20.121711 -0.191005 2.861680 0.000000 0.000000 0.000000 1.000000 0.000000 0.000000
20.000000 189.137537 18.744962 -0.005173 2.767209 0.000000 0.000000 0.000000 1.000000 0.000000 0.000000
20.000000 189.140969 20.023245 -0.179954 2.903787 0.000000 0.000000 0.000000 1.000000 0.000000 0.000000
20.000000 189.147560 18.625719 -0.003534 2.809220 0.000000 0.000000 0.000000 1.000000 0.000000 0.000000
20.000000 189.151160 19.947597 -0.178648 2.933598 0.000000 0.000000 0.000000 1.000000 0.000000 0.000000
20.000000 189.157555 18.474590 0.005057 2.847777 0.000000 0.000000 0.000000 1.000000 0.000000 0.000000
20.000000 189.161211 19.735880 -0.179668 2.994132 0.000000 0.000000 0.000000 1.000000 0.000000 0.000000
20.000000 189.167546 18.377890 0.000698 2.896541 0.000000 0.000000 0.000000 1.000000 0.000000 0.000000
20.000000 189.171245 19.656506 -0.170119 3.027305 0.000000 0.000000 0.000000 1.000000 0.000000 0.000000
20.000000 189.177762 18.241006 0.004267 2.939123 0.000000 0.000000 0.000000 1.000000 0.000000 0.000000
20.000000 189.181062 19.512118 -0.164778 3.072624 0.000000 0.000000 0.000000 1.000000 0.000000 0.000000
20.000000 189.187551 18.117178 0.007718 2.978141 0.000000 0.000000 0.000000 1.000000 0.000000 0.000000
20.000000 189.191274 19.384433 -0.165876 3.114438 0.000000 0.000000 0.000000 1.000000 0.000000 0.000000
20.000000 189.197617 18.003417 0.006714 3.020571 0.000000 0.000000 0.000000 1.000000 0.000000 0.000000
20.000000 189.201230 19.290196 -0.166957 3.147997 0.000000 0.000000 0.000000 1.000000 0.000000 0.000000
20.000000 189.207574 17.868814 0.015270 3.062550 0.000000 0.000000 0.000000 1.000000 0.000000 0.000000
20.000000 189.211083 19.110033 -0.167670 3.189880 0.000000 0.000000 0.000000 1.000000 0.000000 0.000000
20.000000 189.217764 17.729844 0.029408 3.098801 0.000000 0.000000 0.000000 1.000000 0.000000 0.000000
20.000000 189.221066 18.967479 -0.170507 3.228838 0.000000 0.000000 0.000000 1.000000 0.000000 0.000000
20.000000 189.227771 17.632066 0.017400 3.138707 0.000000 0.000000 0.000000 1.000000 0.000000 0.000000
20.000000 189.231171 18.829315 -0.175599 3.261601 0.000000 0.000000 0.000000 1.000000 0.000000 0.000000
20.000000 189.241106 18.730112 -0.169746 3.295129 0.000000 0.000000 0.000000 1.000000 0.000000 0.000000
20.000000 189.247712 17.380015 0.021919 3.213419 0.000000 0.000000 0.000000 1.000000 0.000000 0.000000
20.000000 189.251147 18.722146 -0.164845 3.326166 0.000000 0.000000 0.000000 1.000000 0.000000 0.000000
20.000000 189.257625 17.262204 0.019191 3.248308 0.000000 0.000000 0.000000 1.000000 0.000000 0.000000
20.000000 189.261139 18.515594 -0.155754 3.354001 0.000000 0.000000 0.000000 1.000000 0.000000 0.000000
20.000000 189.267630 17.147429 0.029850 3.274694 0.000000 0.000000 0.000000 1.000000 0.000000 0.000000
20.000000 189.271138 18.382094 -0.153185 3.385767 0.000000 0.000000 0.000000 1.000000 0.000000 0.000000
20.000000 189.277943 17.015484 0.028350 3.305653 0.000000 0.000000 0.000000 1.000000 0.000000 0.000000
20.000000 189.281091 18.259714 -0.162007 3.406194 0.000000 0.000000 0.000000 1.000000 0.000000 0.000000
20.000000 189.287625 16.881412 0.033335 3.336559 0.000000 0.000000 0.000000 1.000000 0.000000 0.000000
20.000000 189.291120 18.096638 -0.160133 3.425812 0.000000 0.000000 0.000000 1.000000 0.000000 0.000000
20.000000 189.297710 16.723637 0.052675 3.357001 0.000000 0.000000 0.000000 1.000000 0.000000 0.000000
20.000000 189.301156 18.031778 -0.158676 3.453085 0.000000 0.000000 0.000000 1.000000 0.000000 0.000000
20.000000 189.307687 16.588091 0.061750 3.373771 0.000000 0.000000 0.000000 1.000000 0.000000 0.000000
20.000000 189.311194 17.870582 -0.158843 3.473530 0.000000 0.000000 0.000000 1.000000 0.000000 0.000000
20.000000 189.321159 17.709564 -0.157120 3.497367 0.000000 0.000000 0.000000 1.000000 0.000000 0.000000
20.000000 189.330594 17.545460 -0.160786 3.563497 0.000000 0.000000 0.000000 1.000000 0.000000 0.000000
20.000000 189.331321 17.630542 -0.144924 3.514427 0.000000 0.000000 0.000000 1.000000 0.000000 0.000000
20.000000 189.341167 17.477032 -0.154996 3.544532 0.000000 0.000000 0.000000 1.000000 0.000000 0.000000
20.000000 189.351228 17.487061 -0.147240 3.559775 0.000000 0.000000 0.000000 1.000000 0.000000 0.000000
20.000000 189.361160 17.303273 -0.134792 3.570569 0.000000 0.000000 0.000000 1.000000 0.000000 0.000000
20.000000 189.371235 17.148562 -0.137395 3.591857 0.000000 0.000000 0.000000 1.000000 0.000000 0.000000
20.000000 189.381100 17.024842 -0.131009 3.607584 0.000000 0.000000 0.000000 1.000000 0.000000 0.000000
20.000000 189.391278 16.966484 -0.110944 3.625988 0.000000 0.000000 0.000000 1.000000 0.000000 0.000000
20.000000 189.401215 16.798402 -0.124721 3.640032 0.000000 0.000000 0.000000 1.000000 0.000000 0.000000
20.000000 189.411249 16.706756 -0.116748 3.662592 0.000000 0.000000 0.000000 1.000000 0.000000 0.000000
20.000000 189.421162 16.578889 -0.113978 3.678453 0.000000 0.000000 0.000000 1.000000 0.000000 0.000000
20.000000 189.431221 16.416317 -0.121989 3.688631 0.000000 0.000000 0.000000 1.000000 0.000000 0.000000
20.000000 189.451229 16.268220 -0.107187 3.713177 0.000000 0.000000 0.000000 1.000000 0.000000 0.000000
20.000000 189.481201 15.902716 -0.091002 3.738344 0.000000 0.000000 0.000000 1.000000 0.000000 0.000000
20.000000 189.491331 15.752411 -0.099159 3.752533 0.000000 0.000000 0.000000 1.000000 0.000000 0.000000
20.000000 189.501233 15.697286 -0.094549 3.749184 0.000000 0.000000 0.000000 1.000000 0.000000 0.000000
20.000000 189.511270 15.529840 -0.095485 3.760547 0.000000 0.000000 0.000000 1.000000 0.000000 0.000000
20.000000 189.521204 15.417335 -0.094464 3.764220 0.000000 0.000000 0.000000 1.000000 0.000000 0.000000
20.000000 189.531272 15.300402 -0.092799 3.763247 0.000000 0.000000 0.000000 1.000000 0.000000 0.000000
20.000000 189.551249 15.046794 -0.081794 3.764361 0.000000 0.000000 0.000000 1.000000 0.000000 0.000000
20.000000 189.561224 14.950995 -0.085563 3.756578 0.000000 0.000000 0.000000 1.000000 0.000000 0.000000
20.000000 189.571315 14.828199 -0.091156 3.755802 0.000000 0.000000 0.000000 1.000000 0.000000 0.000000
20.000000 189.601240 14.565931 -0.079432 3.741635 0.000000 0.000000 0.000000 1.000000 0.000000 0.000000
20.000000 189.611295 14.407779 -0.082861 3.742145 0.000000 0.000000 0.000000 1.000000 0.000000 0.000000
20.000000 189.621216 14.287722 -0.074052 3.738168 0.000000 0.000000 0.000000 1.000000 0.000000 0.000000
20.000000 189.631246 14.186392 -0.073490 3.724276 0.000000 0.000000 0.000000 1.000000 0.000000 0.000000
20.000000 189.640827 13.659318 -0.066369 3.776998 0.000000 0.000000 0.000000 1.000000 0.000000 0.000000
20.000000 189.641205 14.043366 -0.077666 3.717317 0.000000 0.000000 0.000000 1.000000 0.000000 0.000000
20.000000 189.651318 13.993442 -0.062584 3.709075 0.000000 0.000000 0.000000 1.000000 0.000000 0.000000
20.000000 189.661263 13.864420 -0.065252 3.696256 0.000000 0.000000 0.000000 1.000000 0.000000 0.000000
20.000000 189.671367 13.716297 -0.064862 3.688146 0.000000 0.000000 0.000000 1.000000 0.000000 0.000000
20.000000 189.677793 12.534855 0.047432 3.685477 0.000000 0.000000 0.000000 1.000000 0.000000 0.000000
20.000000 189.681256 13.606325 -0.066121 3.687672 0.000000 0.000000 0.000000 1.000000 0.000000 0.000000
20.000000 189.687725 12.436677 0.054008 3.683243 0.000000 0.000000 0.000000 1.000000 0.000000 0.000000
20.000000 189.691337 13.497938 -0.063066 3.674037 0.000000 0.000000 0.000000 1.000000 0.000000 0.000000
20.000000 189.697855 12.293736 0.063600 3.672142 0.000000 0.000000 0.000000 1.000000 0.000000 0.000000
20.000000 189.701382 13.441121 -0.051157 3.660096 0.000000 0.000000 0.000000 1.000000 0.000000 0.000000
20.000000 189.707877 12.198531 0.059032 3.653798 0.000000 0.000000 0.000000 1.000000 0.000000 0.000000
20.000000 189.711366 13.301525 -0.046397 3.648112 0.000000 0.000000 0.000000 1.000000 0.000000 0.000000
20.000000 189.717844 12.128775 0.047023 3.647340 0.000000 0.000000 0.000000 1.000000 0.000000 0.000000
20.000000 189.721343 13.159536 -0.053732 3.634230 0.000000 0.000000 0.000000 1.000000 0.000000 0.000000
20.000000 189.727777 12.018486 0.050496 3.629300 0.000000 0.000000 0.000000 1.000000 0.000000 0.000000
20.000000 189.731305 13.053718 -0.047912 3.619261 0.000000 0.000000 0.000000 1.000000 0.000000 0.000000
20.000000 189.737771 11.926295 0.050291 3.612525 0.000000 0.000000 0.000000 1.000000 0.000000 0.000000
20.000000 189.741338 12.950990 -0.048084 3.599380 0.000000 0.000000 0.000000 1.000000 0.000000 0.000000
20.000000 189.747891 11.771411 0.060843 3.593196 0.000000 0.000000 0.000000 1.000000 0.000000 0.000000
20.000000 189.751347 12.884335 -0.042135 3.567403 0.000000 0.000000 0.000000 1.000000 0.000000 0.000000
20.000000 189.757983 11.657404 0.075029 3.584455 0.000000 0.000000 0.000000 1.000000 0.000000 0.000000
20.000000 189.761256 12.725116 -0.044183 3.554117 0.000000 0.000000 0.000000 1.000000 0.000000 0.000000
20.000000 189.767985 11.620495 0.046818 3.564600 0.000000 0.000000 0.000000 1.000000 0.000000 0.000000
20.000000 189.771323 12.629553 -0.035355 3.530844 0.000000 0.000000 0.000000 1.000000 0.000000 0.000000
20.000000 189.777890 11.504484 0.051502 3.538733 0.000000 0.000000 0.000000 1.000000 0.000000 0.000000
20.000000 189.781298 12.543973 -0.027890 3.506965 0.000000 0.000000 0.000000 1.000000 0.000000 0.000000
20.000000 189.788010 11.424130 0.040989 3.522889 0.000000 0.000000 0.000000 1.000000 0.000000 0.000000
20.000000 189.791397 12.411181 -0.034441 3.485992 0.000000 0.000000 0.000000 1.000000 0.000000 0.000000
20.000000 189.797913 11.280894 0.057343 3.497372 0.000000 0.000000 0.000000 1.000000 0.000000 0.000000
20.000000 189.801516 12.347537 -0.028234 3.454446 0.000000 0.000000 0.000000 1.000000 0.000000 0.000000
20.000000 189.808014 11.210333 0.043573 3.474094 0.000000 0.000000 0.000000 1.000000 0.000000 0.000000
20.000000 189.811476 12.219034 -0.027370 3.431525 0.000000 0.000000 0.000000 1.000000 0.000000 0.000000
20.000000 189.818011 11.139704 0.030566 3.446896 0.000000 0.000000 0.000000 1.000000 0.000000 0.000000
20.000000 189.821309 12.103211 -0.026189 3.405850 0.000000 0.000000 0.000000 1.000000 0.000000 0.000000
20.000000 189.828046 11.005352 0.035159 3.429070 0.000000 0.000000 0.000000 1.000000 0.000000 0.000000
20.000000 189.831449 11.989166 -0.026597 3.379505 0.000000 0.000000 0.000000 1.000000 0.000000 0.000000
20.000000 189.837866 10.896003 0.044145 3.401051 0.000000 0.000000 0.000000 1.000000 0.000000 0.000000
20.000000 189.841259 11.881293 -0.025573 3.349330 0.000000 0.000000 0.000000 1.000000 0.000000 0.000000
20.000000 189.848026 10.770441 0.052129 3.366760 0.000000 0.000000 0.000000 1.000000 0.000000 0.000000
20.000000 189.851480 11.816641 -0.027828 3.307479 0.000000 0.000000 0.000000 1.000000 0.000000 0.000000
20.000000 189.858015 10.701162 0.032084 3.342263 0.000000 0.000000 0.000000 1.000000 0.000000 0.000000
20.000000 189.861461 11.676132 -0.016636 3.284850 0.000000 0.000000 0.000000 1.000000 0.000000 0.000000
20.000000 189.868000 10.623076 0.040320 3.311193 0.000000 0.000000 0.000000 1.000000 0.000000 0.000000
20.000000 189.871432 11.564147 -0.019844 3.256808 0.000000 0.000000 0.000000 1.000000 0.000000 0.000000
20.000000 189.877944 10.489221 0.043884 3.271000 0.000000 0.000000 0.000000 1.000000 0.000000 0.000000
20.000000 189.881302 11.455289 -0.020982 3.227557 0.000000 0.000000 0.000000 1.000000 0.000000 0.000000
20.000000 189.888077 10.382805 0.041427 3.244504 0.000000 0.000000 0.000000 1.000000 0.000000 0.000000
20.000000 189.891436 11.354994 -0.018049 3.191699 0.000000 0.000000 0.000000 1.000000 0.000000 0.000000
20.000000 189.897921 10.296274 0.033803 3.210178 0.000000 0.000000 0.000000 1.000000 0.000000 0.000000
20.000000 189.901294 11.245385 -0.020328 3.141295 0.000000 0.000000 0.000000 1.000000 0.000000 0.000000
20.000000 189.908019 10.212433 0.030906 3.174281 0.000000 0.000000 0.000000 1.000000 0.000000 0.000000
20.000000 189.911336 11.135878 -0.017102 3.125930 0.000000 0.000000 0.000000 1.000000 0.000000 0.000000
20.000000 189.917980 10.158508 0.024566 3.142150 0.000000 0.000000 0.000000 1.000000 0.000000 0.000000
20.000000 189.921350 11.051154 -0.007192 3.081760 0.000000 0.000000 0.000000 1.000000 0.000000 0.000000
20.000000 189.927900 10.032685 0.025797 3.104206 0.000000 0.000000 0.000000 1.000000 0.000000 0.000000
20.000000 189.931416 10.947469 -0.006101 3.044021 0.000000 0.000000 0.000000 1.000000 0.000000 0.000000
20.000000 189.937953 9.923994 0.029833 3.068546 0.000000 0.000000 0.000000 1.000000 0.000000 0.000000
20.000000 189.941355 10.840750 -0.006938 3.008096 0.000000 0.000000 0.000000 1.000000 0.000000 0.000000
20.000000 189.948070 9.834785 0.023459 3.031407 0.000000 0.000000 0.000000 1.000000 0.000000 0.000000
20.000000 189.951408 10.764431 -0.008766 2.963580 0.000000 0.000000 0.000000 1.000000 0.000000 0.000000
20.000000 189.958061 9.713170 0.033518 2.994109 0.000000 0.000000 0.000000 1.000000 0.000000 0.000000
20.000000 189.961327 10.647972 -0.000288 2.926829 0.000000 0.000000 0.000000 1.000000 0.000000 0.000000
20.000000 189.967898 9.649728 0.021178 2.953971 0.000000 0.000000 0.000000 1.000000 0.000000 0.000000
20.000000 189.971403 10.541815 0.001423 2.889372 0.000000 0.000000 0.000000 1.000000 0.000000 0.000000
20.000000 189.978096 9.516323 0.033010 2.905866 0.000000 0.000000 0.000000 1.000000 0.000000 0.000000
20.000000 189.981349 10.435717 0.002775 2.845344 0.000000 0.000000 0.000000 1.000000 0.000000 0.000000
20.000000 189.987928 9.457115 0.017490 2.872660 0.000000 0.000000 0.000000 1.000000 0.000000 0.000000
20.000000 189.991582 10.329138 -0.000028 2.802083 0.000000 0.000000 0.000000 1.000000 0.000000 0.000000
20.000000 189.997885 9.344306 0.018420 2.831414 0.000000 0.000000 0.000000 1.000000 0.000000 0.000000
20.000000 190.001479 10.216336 -0.006682 2.746012 0.000000 0.000000 0.000000 1.000000 0.000000 0.000000
20.000000 190.007914 9.213171 0.039467 2.791581 0.000000 0.000000 0.000000 1.000000 0.000000 0.000000
20.000000 190.011595 10.108234 -0.005700 2.708327 0.000000 0.000000 0.000000 1.000000 0.000000 0.000000
20.000000 190.018001 9.207071 0.009846 2.744443 0.000000 0.000000 0.000000 1.000000 0.000000 0.000000
20.000000 190.021467 10.028976 0.004683 2.656116 0.000000 0.000000 0.000000 1.000000 0.000000 0.000000
20.000000 190.027921 9.046444 0.021342 2.699672 0.000000 0.000000 0.000000 1.000000 0.000000 0.000000
20.000000 190.031509 9.918655 -0.000753 2.610775 0.000000 0.000000 0.000000 1.000000 0.000000 0.000000
20.000000 190.038013 8.976904 0.014278 2.651275 0.000000 0.000000 0.000000 1.000000 0.000000 0.000000
20.000000 190.041362 9.811648 -0.005072 2.563243 0.000000 0.000000 0.000000 1.000000 0.000000 0.000000
20.000000 190.048033 8.824383 0.043066 2.607634 0.000000 0.000000 0.000000 1.000000 0.000000 0.000000
20.000000 190.051441 9.724706 0.002560 2.508871 0.000000 0.000000 0.000000 1.000000 0.000000 0.000000
20.000000 190.057989 8.729177 0.041607 2.556029 0.000000 0.000000 0.000000 1.000000 0.000000 0.000000
20.000000 190.061415 9.629362 0.004272 2.456171 0.000000 0.000000 0.000000 1.000000 0.000000 0.000000
20.000000 190.068119 8.724206 0.025132 2.516724 0.000000 0.000000 0.000000 1.000000 0.000000 0.000000
20.000000 190.071492 9.504807 -0.007720 2.415205 0.000000 0.000000 0.000000 1.000000 0.000000 0.000000
20.000000 190.077986 8.628847 0.000542 2.464546 0.000000 0.000000 0.000000 1.000000 0.000000 0.000000
20.000000 190.081419 9.432795 0.005721 2.360943 0.000000 0.000000 0.000000 1.000000 0.000000 0.000000
20.000000 190.088037 8.555462 -0.001026 2.420424 0.000000 0.000000 0.000000 1.000000 0.000000 0.000000
20.000000 190.091545 9.335765 0.010191 2.309798 0.000000 0.000000 0.000000 1.000000 0.000000 0.000000
20.000000 190.098131 8.423991 0.008638 2.358171 0.000000 0.000000 0.000000 1.000000 0.000000 0.000000
20.000000 190.101478 9.278010 0.022050 2.241413 0.000000 0.000000 0.000000 1.000000 0.000000 0.000000
20.000000 190.108003 8.297117 0.024230 2.311361 0.000000 0.000000 0.000000 1.000000 0.000000 0.000000
20.000000 190.111628 9.143547 0.022467 2.191291 0.000000 0.000000 0.000000 1.000000 0.000000 0.000000
20.000000 190.118048 8.195175 0.026534 2.250400 0.000000 0.000000 0.000000 1.000000 0.000000 0.000000
20.000000 190.121600 9.053618 0.022513 2.137491 0.000000 0.000000 0.000000 1.000000 0.000000 0.000000
20.000000 190.128030 8.121921 0.021129 2.188089 0.000000 0.000000 0.000000 1.000000 0.000000 0.000000
20.000000 190.131474 8.946658 0.027320 2.086283 0.000000 0.000000 0.000000 1.000000 0.000000 0.000000
20.000000 190.138042 8.098049 -0.009171 2.143639 0.000000 0.000000 0.000000 1.000000 0.000000 0.000000
20.000000 190.141546 8.855522 0.028651 2.025837 0.000000 0.000000 0.000000 1.000000 0.000000 0.000000
20.000000 190.148066 8.009904 -0.010183 2.088129 0.000000 0.000000 0.000000 1.000000 0.000000 0.000000
20.000000 190.151642 8.766921 0.031984 1.971884 0.000000 0.000000 0.000000 1.000000 0.000000 0.000000
20.000000 190.158038 7.926492 -0.013001 2.027195 0.000000 0.000000 0.000000 1.000000 0.000000 0.000000
20.000000 190.161562 8.657037 0.032618 1.909783 0.000000 0.000000 0.000000 1.000000 0.000000 0.000000
20.000000 190.168071 7.808400 -0.004959 1.964498 0.000000 0.000000 0.000000 1.000000 0.000000 0.000000
20.000000 190.171600 8.552387 0.031689 1.852312 0.000000 0.000000 0.000000 1.000000 0.000000 0.000000
20.000000 190.178038 7.728241 -0.010896 1.908536 0.000000 0.000000 0.000000 1.000000 0.000000 0.000000
20.000000 190.181553 8.452997 0.029372 1.794217 0.000000 0.000000 0.000000 1.000000 0.000000 0.000000
20.000000 190.188049 7.661606 -0.018190 1.840314 0.000000 0.000000 0.000000 1.000000 0.000000 0.000000
20.000000 190.191618 8.338722 0.028345 1.727708 0.000000 0.000000 0.000000 1.000000 0.000000 0.000000
20.000000 190.198188 7.504053 0.002353 1.770931 0.000000 0.000000 0.000000 1.000000 0.000000 0.000000
20.000000 190.201673 8.260180 0.031621 1.674232 0.000000 0.000000 0.000000 1.000000 0.000000 0.000000
20.000000 190.208005 7.404223 0.006981 1.706349 0.000000 0.000000 0.000000 1.000000 0.000000 0.000000
20.000000 190.211594 8.153312 0.031074 1.616673 0.000000 0.000000 0.000000 1.000000 0.000000 0.000000
20.000000 190.217961 7.379396 -0.014693 1.661820 0.000000 0.000000 0.000000 1.000000 0.000000 0.000000
20.000000 190.221497 8.070130 0.038769 1.547579 0.000000 0.000000 0.000000 1.000000 0.000000 0.000000
20.000000 190.228065 7.291063 -0.013308 1.587112 0.000000 0.000000 0.000000 1.000000 0.000000 0.000000
20.000000 190.231569 7.957759 0.035883 1.488324 0.000000 0.000000 0.000000 1.000000 0.000000 0.000000
20.000000 190.237979 7.199157 -0.019042 1.524419 0.000000 0.000000 0.000000 1.000000 0.000000 0.000000
20.000000 190.241537 7.868702 0.044422 1.422417 0.000000 0.000000 0.000000 1.000000 0.000000 0.000000
20.000000 190.248111 7.124225 -0.023087 1.448440 0.000000 0.000000 0.000000 1.000000 0.000000 0.000000
20.000000 190.251614 7.776741 0.044929 1.353765 0.000000 0.000000 0.000000 1.000000 0.000000 0.000000
20.000000 190.258231 7.021790 -0.021472 1.389641 0.000000 0.000000 0.000000 1.000000 0.000000 0.000000
20.000000 190.261514 7.679333 0.051923 1.289340 0.000000 0.000000 0.000000 1.000000 0.000000 0.000000
20.000000 190.268332 6.946155 -0.024703 1.327703 0.000000 0.000000 0.000000 1.000000 0.000000 0.000000
20.000000 190.271607 7.594977 0.053091 1.220868 0.000000 0.000000 0.000000 1.000000 0.000000 0.000000
20.000000 190.278117 6.923765 -0.043265 1.269355 0.000000 0.000000 0.000000 1.000000 0.000000 0.000000
20.000000 190.281567 7.486844 0.051615 1.149594 0.000000 0.000000 0.000000 1.000000 0.000000 0.000000
20.000000 190.288090 6.807990 -0.038828 1.202915 0.000000 0.000000 0.000000 1.000000 0.000000 0.000000
20.000000 190.291629 7.412603 0.056747 1.077445 0.000000 0.000000 0.000000 1.000000 0.000000 0.000000
20.000000 190.298119 6.706087 -0.030148 1.131087 0.000000 0.000000 0.000000 1.000000 0.000000 0.000000
20.000000 190.301587 7.303068 0.053571 1.010613 0.000000 0.000000 0.000000 1.000000 0.000000 0.000000
20.000000 190.308313 6.694047 -0.055430 1.080152 0.000000 0.000000 0.000000 1.000000 0.000000 0.000000
20.000000 190.311649 7.205874 0.052582 0.941024 0.000000 0.000000 0.000000 1.000000 0.000000 0.000000
20.000000 190.318147 6.523360 -0.034480 0.988730 0.000000 0.000000 0.000000 1.000000 0.000000 0.000000
20.000000 190.321646 7.108830 0.052933 0.867758 0.000000 0.000000 0.000000 1.000000 0.000000 0.000000
20.000000 190.328347 6.463901 -0.041108 0.921493 0.000000 0.000000 0.000000 1.000000 0.000000 0.000000
20.000000 190.331634 7.019953 0.054124 0.792502 0.000000 0.000000 0.000000 1.000000 0.000000 0.000000
20.000000 190.338143 6.395736 -0.048273 0.849061 0.000000 0.000000 0.000000 1.000000 0.000000 0.000000
20.000000 190.341634 6.916368 0.057113 0.721226 0.000000 0.000000 0.000000 1.000000 0.000000 0.000000
20.000000 190.348050 6.302815 -0.047446 0.772892 0.000000 0.000000 0.000000 1.000000 0.000000 0.000000
20.000000 190.351633 6.846302 0.060977 0.643513 0.000000 0.000000 0.000000 1.000000 0.000000 0.000000
20.000000 190.355647 6.552566 -0.113672 0.786123 0.000000 0.000000 0.000000 1.000000 0.000000 0.000000
20.000000 190.358067 6.242961 -0.061459 0.703336 0.000000 0.000000 0.000000 1.000000 0.000000 0.000000
20.000000 190.361586 6.744698 0.058601 0.570301 0.000000 0.000000 0.000000 1.000000 0.000000 0.000000
20.000000 190.368089 6.163191 -0.060685 0.630298 0.000000 0.000000 0.000000 1.000000 0.000000 0.000000
20.000000 190.371648 6.654107 0.057449 0.492257 0.000000 0.000000 0.000000 1.000000 0.000000 0.000000
20.000000 190.378050 6.047440 -0.049410 0.545225 0.000000 0.000000 0.000000 1.000000 0.000000 0.000000
20.000000 190.381575 6.560955 0.061084 0.416522 0.000000 0.000000 0.000000 1.000000 0.000000 0.000000
20.000000 190.388100 6.025499 -0.068343 0.477158 0.000000 0.000000 0.000000 1.000000 0.000000 0.000000
20.000000 190.391684 6.469449 0.063527 0.339718 0.000000 0.000000 0.000000 1.000000 0.000000 0.000000
20.000000 190.398050 5.923837 -0.066963 0.395506 0.000000 0.000000 0.000000 1.000000 0.000000 0.000000
20.000000 190.401549 6.375234 0.064928 0.263071 0.000000 0.000000 0.000000 1.000000 0.000000 0.000000
20.000000 190.408101 5.863205 -0.077794 0.315918 0.000000 0.000000 0.000000 1.000000 0.000000 0.000000
20.000000 190.411681 6.290249 0.064104 0.179797 0.000000 0.000000 0.000000 1.000000 0.000000 0.000000
20.000000 190.418175 5.781405 -0.075208 0.239144 0.000000 0.000000 0.000000 1.000000 0.000000 0.000000
20.000000 190.421564 6.206643 0.065992 0.097491 0.000000 0.000000 0.000000 1.000000 0.000000 0.000000
20.000000 190.428122 5.682516 -0.075557 0.162622 0.000000 0.000000 0.000000 1.000000 0.000000 0.000000
20.000000 190.431652 6.123068 0.070201 0.015400 0.000000 0.000000 0.000000 1.000000 0.000000 0.000000
20.000000 190.438090 5.647959 -0.081288 0.137373 0.000000 0.000000 0.000000 1.000000 0.000000 0.000000
20.000000 190.441597 6.057781 0.067815 0.056980 0.000000 0.000000 0.000000 1.000000 0.000000 0.000000
20.000000 190.448097 5.535754 -0.058284 0.189386 0.000000 0.000000 0.000000 1.000000 0.000000 0.000000
20.000000 190.451678 6.009272 0.065132 0.116517 0.000000 0.000000 0.000000 1.000000 0.000000 0.000000
20.000000 190.458139 5.597095 -0.107086 0.271805 0.000000 0.000000 0.000000 1.000000 0.000000 0.000000
20.000000 190.461600 5.969994 0.064326 0.171474 0.000000 0.000000 0.000000 1.000000 0.000000 0.000000
20.000000 190.468154 5.444408 -0.067449 0.305621 0.000000 0.000000 0.000000 1.000000 0.000000 0.000000
20.000000 190.471682 5.916409 0.061775 0.227667 0.000000 0.000000 0.000000 1.000000 0.000000 0.000000
20.000000 190.478126 5.459203 -0.088568 0.369071 0.000000 0.000000 0.000000 1.000000 0.000000 0.000000
20.000000 190.481635 5.875307 0.060756 0.281789 0.000000 0.000000 0.000000 1.000000 0.000000 0.000000
20.000000 190.488147 5.393115 -0.088145 0.426702 0.000000 0.000000 0.000000 1.000000 0.000000 0.000000
20.000000 190.491739 5.826297 0.058158 0.336458 0.000000 0.000000 0.000000 1.000000 0.000000 0.000000
20.000000 190.498145 5.319051 -0.077314 0.473627 0.000000 0.000000 0.000000 1.000000 0.000000 0.000000
20.000000 190.501627 5.794024 0.059269 0.380567 0.000000 0.000000 0.000000 1.000000 0.000000 0.000000
20.000000 190.508129 5.321331 -0.097012 0.532332 0.000000 0.000000 0.000000 1.000000 0.000000 0.000000
20.000000 190.511684 5.738360 0.055453 0.436961 0.000000 0.000000 0.000000 1.000000 0.000000 0.000000
20.000000 190.518130 5.255060 -0.089478 0.582286 0.000000 0.000000 0.000000 1.000000 0.000000 0.000000
20.000000 190.521637 5.696935 0.061007 0.485091 0.000000 0.000000 0.000000 1.000000 0.000000 0.000000
20.000000 190.528106 5.237279 -0.100900 0.633583 0.000000 0.000000 0.000000 1.000000 0.000000 0.000000
20.000000 190.531717 5.653826 0.058114 0.532395 0.000000 0.000000 0.000000 1.000000 0.000000 0.000000
20.000000 190.538203 5.194868 -0.101916 0.683983 0.000000 0.000000 0.000000 1.000000 0.000000 0.000000
20.000000 190.541604 5.617402 0.059709 0.574960 0.000000 0.000000 0.000000 1.000000 0.000000 0.000000
20.000000 190.548333 5.112250 -0.092200 0.726822 0.000000 0.000000 0.000000 1.000000 0.000000 0.000000
20.000000 190.551758 5.567639 0.057217 0.620786 0.000000 0.000000 0.000000 1.000000 0.000000 0.000000
20.000000 190.558237 5.099396 -0.104561 0.776753 0.000000 0.000000 0.000000 1.000000 0.000000 0.000000
20.000000 190.561657 5.528499 0.061067 0.667843 0.000000 0.000000 0.000000 1.000000 0.000000 0.000000
20.000000 190.568395 5.034976 -0.095402 0.817403 0.000000 0.000000 0.000000 1.000000 0.000000 0.000000
20.000000 190.571728 5.474327 0.054573 0.712889 0.000000 0.000000 0.000000 1.000000 0.000000 0.000000
20.000000 190.578197 5.063116 -0.120641 0.878812 0.000000 0.000000 0.000000 1.000000 0.000000 0.000000
20.000000 190.581623 5.422481 0.047738 0.758831 0.000000 0.000000 0.000000 1.000000 0.000000 0.000000
20.000000 190.588382 4.945867 -0.097688 0.903158 0.000000 0.000000 0.000000 1.000000 0.000000 0.000000
20.000000 190.591748 5.374590 0.046846 0.796707 0.000000 0.000000 0.000000 1.000000 0.000000 0.000000
20.000000 190.598341 4.960191 -0.119304 0.949152 0.000000 0.000000 0.000000 1.000000 0.000000 0.000000
20.000000 190.601705 5.334516 0.047432 0.840827 0.000000 0.000000 0.000000 1.000000 0.000000 0.000000
20.000000 190.608328 4.853220 -0.104525 0.979124 0.000000 0.000000 0.000000 1.000000 0.000000 0.000000
20.000000 190.611826 5.292391 0.048934 0.876800 0.000000 0.000000 0.000000 1.000000 0.000000 0.000000
20.000000 190.618269 4.813409 -0.110383 1.021906 0.000000 0.000000 0.000000 1.000000 0.000000 0.000000
20.000000 190.621746 5.247734 0.047847 0.915298 0.000000 0.000000 0.000000 1.000000 0.000000 0.000000
20.000000 190.628309 4.795730 -0.120534 1.069013 0.000000 0.000000 0.000000 1.000000 0.000000 0.000000
20.000000 190.631802 5.202131 0.045395 0.952675 0.000000 0.000000 0.000000 1.000000 0.000000 0.000000
20.000000 190.638234 4.762121 -0.126750 1.099148 0.000000 0.000000 0.000000 1.000000 0.000000 0.000000
20.000000 190.641639 5.160886 0.043543 0.988286 0.000000 0.000000 0.000000 1.000000 0.000000 0.000000
20.000000 190.648435 4.693962 -0.122198 1.127046 0.000000 0.000000 0.000000 1.000000 0.000000 0.000000
20.000000 190.651785 5.113899 0.040922 1.024574 0.000000 0.000000 0.000000 1.000000 0.000000 0.000000
20.000000 190.658212 4.570150 -0.100216 1.153733 0.000000 0.000000 0.000000 1.000000 0.000000 0.000000
20.000000 190.661602 5.056462 0.035127 1.060416 0.000000 0.000000 0.000000 1.000000 0.000000 0.000000
20.000000 190.668473 4.549376 -0.110910 1.191136 0.000000 0.000000 0.000000 1.000000 0.000000 0.000000
20.000000 190.671789 5.015529 0.034175 1.091312 0.000000 0.000000 0.000000 1.000000 0.000000 0.000000
20.000000 190.678218 4.586958 -0.136534 1.233452 0.000000 0.000000 0.000000 1.000000 0.000000 0.000000
20.000000 190.681874 4.968685 0.032937 1.123471 0.000000 0.000000 0.000000 1.000000 0.000000 0.000000
20.000000 190.688464 4.485163 -0.117565 1.262316 0.000000 0.000000 0.000000 1.000000 0.000000 0.000000
20.000000 190.691820 4.926765 0.029811 1.151786 0.000000 0.000000 0.000000 1.000000 0.000000 0.000000
20.000000 190.698298 4.390571 -0.104469 1.289109 0.000000 0.000000 0.000000 1.000000 0.000000 0.000000
20.000000 190.701767 4.872976 0.027071 1.184094 0.000000 0.000000 0.000000 1.000000 0.000000 0.000000
20.000000 190.708397 4.405463 -0.126966 1.325452 0.000000 0.000000 0.000000 1.000000 0.000000 0.000000
20.000000 190.711840 4.838221 0.029386 1.209635 0.000000 0.000000 0.000000 1.000000 0.000000 0.000000
20.000000 190.718289 4.400428 -0.143980 1.364767 0.000000 0.000000 0.000000 1.000000 0.000000 0.000000
20.000000 190.721735 4.795910 0.028135 1.235708 0.000000 0.000000 0.000000 1.000000 0.000000 0.000000
20.000000 190.728337 4.329433 -0.135262 1.380848 0.000000 0.000000 0.000000 1.000000 0.000000 0.000000
20.000000 190.731821 4.743103 0.023801 1.263462 0.000000 0.000000 0.000000 1.000000 0.000000 0.000000
20.000000 190.738341 4.268224 -0.127132 1.419635 0.000000 0.000000 0.000000 1.000000 0.000000 0.000000
20.000000 190.741747 4.709388 0.023002 1.280432 0.000000 0.000000 0.000000 1.000000 0.000000 0.000000
20.000000 190.748449 4.259902 -0.146556 1.445146 0.000000 0.000000 0.000000 1.000000 0.000000 0.000000
20.000000 190.751814 4.653764 0.021791 1.314671 0.000000 0.000000 0.000000 1.000000 0.000000 0.000000
20.000000 190.758311 4.334229 -0.179670 1.481181 0.000000 0.000000 0.000000 1.000000 0.000000 0.000000
20.000000 190.761739 4.608498 0.017913 1.337618 0.000000 0.000000 0.000000 1.000000 0.000000 0.000000
20.000000 190.768339 4.181083 -0.149298 1.500973 0.000000 0.000000 0.000000 1.000000 0.000000 0.000000
20.000000 190.771820 4.557079 0.011485 1.360903 0.000000 0.000000 0.000000 1.000000 0.000000 0.000000
20.000000 190.778305 4.192356 -0.162823 1.522863 0.000000 0.000000 0.000000 1.000000 0.000000 0.000000
20.000000 190.781780 4.518333 0.012286 1.378262 0.000000 0.000000 0.000000 1.000000 0.000000 0.000000
20.000000 190.788407 4.051402 -0.133229 1.536467 0.000000 0.000000 0.000000 1.000000 0.000000 0.000000
20.000000 190.791795 4.481980 0.016764 1.398214 0.000000 0.000000 0.000000 1.000000 0.000000 0.000000
20.000000 190.798286 4.014430 -0.141883 1.558147 0.000000 0.000000 0.000000 1.000000 0.000000 0.000000
20.000000 190.801737 4.430437 0.014834 1.421111 0.000000 0.000000 0.000000 1.000000 0.000000 0.000000
20.000000 190.808377 3.992674 -0.151538 1.585652 0.000000 0.000000 0.000000 1.000000 0.000000 0.000000
20.000000 190.811860 4.387012 0.009503 1.437832 0.000000 0.000000 0.000000 1.000000 0.000000 0.000000
20.000000 190.818326 3.927205 -0.144455 1.596433 0.000000 0.000000 0.000000 1.000000 0.000000 0.000000
20.000000 190.821717 4.341746 0.007543 1.454881 0.000000 0.000000 0.000000 1.000000 0.000000 0.000000
20.000000 190.828397 3.988686 -0.180568 1.630338 0.000000 0.000000 0.000000 1.000000 0.000000 0.000000
20.000000 190.832045 4.297757 0.006605 1.470623 0.000000 0.000000 0.000000 1.000000 0.000000 0.000000
20.000000 190.838324 3.921087 -0.172624 1.643830 0.000000 0.000000 0.000000 1.000000 0.000000 0.000000
20.000000 190.841756 4.251350 0.004435 1.488498 0.000000 0.000000 0.000000 1.000000 0.000000 0.000000
20.000000 190.848407 3.850391 -0.164292 1.655673 0.000000 0.000000 0.000000 1.000000 0.000000 0.000000
20.000000 190.851868 4.218362 0.005452 1.495990 0.000000 0.000000 0.000000 1.000000 0.000000 0.000000
20.000000 190.858385 3.813215 -0.164745 1.663934 0.000000 0.000000 0.000000 1.000000 0.000000 0.000000
20.000000 190.861806 4.172492 0.003930 1.506962 0.000000 0.000000 0.000000 1.000000 0.000000 0.000000
20.000000 190.868460 3.817852 -0.189111 1.684226 0.000000 0.000000 0.000000 1.000000 0.000000 0.000000
20.000000 190.871910 4.125824 0.003248 1.520004 0.000000 0.000000 0.000000 1.000000 0.000000 0.000000
20.000000 190.878389 3.783562 -0.191364 1.699400 0.000000 0.000000 0.000000 1.000000 0.000000 0.000000
20.000000 190.882005 4.083856 0.001264 1.527431 0.000000 0.000000 0.000000 1.000000 0.000000 0.000000
20.000000 190.888388 3.752297 -0.197090 1.709347 0.000000 0.000000 0.000000 1.000000 0.000000 0.000000
20.000000 190.891840 4.046090 0.002430 1.531861 0.000000 0.000000 0.000000 1.000000 0.000000 0.000000
20.000000 190.898365 3.708877 -0.199777 1.719039 0.000000 0.000000 0.000000 1.000000 0.000000 0.000000
20.000000 190.901942 3.990492 -0.004161 1.547171 0.000000 0.000000 0.000000 1.000000 0.000000 0.000000
20.000000 190.908413 3.704050 -0.207749 1.731312 0.000000 0.000000 0.000000 1.000000 0.000000 0.000000
20.000000 190.911919 3.954538 -0.007237 1.554664 0.000000 0.000000 0.000000 1.000000 0.000000 0.000000
20.000000 190.918349 3.654455 -0.209205 1.736175 0.000000 0.000000 0.000000 1.000000 0.000000 0.000000
20.000000 190.921785 3.917165 -0.008040 1.558078 0.000000 0.000000 0.000000 1.000000 0.000000 0.000000
20.000000 190.928442 3.543078 -0.195556 1.732462 0.000000 0.000000 0.000000 1.000000 0.000000 0.000000
20.000000 190.931940 3.879042 -0.004784 1.559861 0.000000 0.000000 0.000000 1.000000 0.000000 0.000000
20.000000 190.938401 3.630931 -0.233668 1.753705 0.000000 0.000000 0.000000 1.000000 0.000000 0.000000
20.000000 190.941835 3.831520 -0.007192 1.559311 0.000000 0.000000 0.000000 1.000000 0.000000 0.000000
20.000000 190.945706 3.543732 -0.228552 1.781586 0.000000 0.000000 0.000000 1.000000 0.000000 0.000000
20.000000 190.948480 3.542926 -0.216187 1.755469 0.000000 0.000000 0.000000 1.000000 0.000000 0.000000
20.000000 190.951884 3.784647 -0.010028 1.570515 0.000000 0.000000 0.000000 1.000000 0.000000 0.000000
20.000000 190.958400 3.466002 -0.210209 1.755132 0.000000 0.000000 0.000000 1.000000 0.000000 0.000000
20.000000 190.961855 3.726740 -0.018309 1.574104 0.000000 0.000000 0.000000 1.000000 0.000000 0.000000
20.000000 190.968440 3.508450 -0.241925 1.763290 0.000000 0.000000 0.000000 1.000000 0.000000 0.000000
20.000000 190.971860 3.696945 -0.013744 1.571937 0.000000 0.000000 0.000000 1.000000 0.000000 0.000000
20.000000 190.978555 3.411376 -0.221754 1.758285 0.000000 0.000000 0.000000 1.000000 0.000000 0.000000
20.000000 190.981863 3.650594 -0.017731 1.575026 0.000000 0.000000 0.000000 1.000000 0.000000 0.000000
20.000000 190.988569 3.427611 -0.244324 1.766918 0.000000 0.000000 0.000000 1.000000 0.000000 0.000000
20.000000 190.991868 3.614500 -0.019185 1.570022 0.000000 0.000000 0.000000 1.000000 0.000000 0.000000
20.000000 190.998458 3.431568 -0.260706 1.771953 0.000000 0.000000 0.000000 1.000000 0.000000 0.000000
20.000000 191.001794 3.558521 -0.022793 1.579259 0.000000 0.000000 0.000000 1.000000 0.000000 0.000000
20.000000 191.008538 3.339934 -0.252997 1.762314 0.000000 0.000000 0.000000 1.000000 0.000000 0.000000
20.000000 191.011898 3.521964 -0.022160 1.570547 0.000000 0.000000 0.000000 1.000000 0.000000 0.000000
20.000000 191.018677 3.354957 -0.265922 1.766248 0.000000 0.000000 0.000000 1.000000 0.000000 0.000000
20.000000 191.025995 3.188040 -0.259513 1.785960 0.000000 0.000000 0.000000 1.000000 0.000000 0.000000
20.000000 191.028483 3.285055 -0.261780 1.759327 0.000000 0.000000 0.000000 1.000000 0.000000 0.000000
20.000000 191.031988 3.434396 -0.025216 1.562783 0.000000 0.000000 0.000000 1.000000 0.000000 0.000000
20.000000 191.038339 3.166467 -0.227988 1.743573 0.000000 0.000000 0.000000 1.000000 0.000000 0.000000
20.000000 191.041807 3.388390 -0.026599 1.558857 0.000000 0.000000 0.000000 1.000000 0.000000 0.000000
20.000000 191.048551 3.135181 -0.237070 1.740987 0.000000 0.000000 0.000000 1.000000 0.000000 0.000000
20.000000 191.051848 3.352049 -0.028716 1.551864 0.000000 0.000000 0.000000 1.000000 0.000000 0.000000
20.000000 191.058414 3.161670 -0.258814 1.740273 0.000000 0.000000 0.000000 1.000000 0.000000 0.000000
20.000000 191.061843 3.304156 -0.043546 1.545345 0.000000 0.000000 0.000000 1.000000 0.000000 0.000000
20.000000 191.068477 3.032300 -0.234645 1.724834 0.000000 0.000000 0.000000 1.000000 0.000000 0.000000
20.000000 191.071864 3.282071 -0.035756 1.528594 0.000000 0.000000 0.000000 1.000000 0.000000 0.000000
20.000000 191.078449 3.053510 -0.255232 1.722692 0.000000 0.000000 0.000000 1.000000 0.000000 0.000000
20.000000 191.081813 3.252974 -0.035969 1.513508 0.000000 0.000000 0.000000 1.000000 0.000000 0.000000
20.000000 191.088455 2.962671 -0.244240 1.702820 0.000000 0.000000 0.000000 1.000000 0.000000 0.000000
20.000000 191.091829 3.217357 -0.036838 1.500465 0.000000 0.000000 0.000000 1.000000 0.000000 0.000000
20.000000 191.098418 3.019215 -0.276634 1.700071 0.000000 0.000000 0.000000 1.000000 0.000000 0.000000
20.000000 191.108466 2.940768 -0.265719 1.687460 0.000000 0.000000 0.000000 1.000000 0.000000 0.000000
20.000000 191.118500 2.909735 -0.270477 1.666661 0.000000 0.000000 0.000000 1.000000 0.000000 0.000000
20.000000 191.128442 2.853624 -0.269479 1.652623 0.000000 0.000000 0.000000 1.000000 0.000000 0.000000
20.000000 191.138389 2.855065 -0.280635 1.640462 0.000000 0.000000 0.000000 1.000000 0.000000 0.000000
20.000000 191.148498 2.832223 -0.294895 1.619206 0.000000 0.000000 0.000000 1.000000 0.000000 0.000000
20.000000 191.158436 2.825092 -0.301352 1.613071 0.000000 0.000000 0.000000 1.000000 0.000000 0.000000
20.000000 191.168513 2.937105 -0.344002 1.622545 0.000000 0.000000 0.000000 1.000000 0.000000 0.000000
20.000000 191.171372 2.327151 -0.125887 1.468467 0.000000 0.000000 0.000000 1.000000 0.000000 0.000000
20.000000 191.178443 2.739609 -0.304716 1.576557 0.000000 0.000000 0.000000 1.000000 0.000000 0.000000
20.000000 191.181284 2.282746 -0.125674 1.454415 0.000000 0.000000 0.000000 1.000000 0.000000 0.000000
20.000000 191.188454 2.666030 -0.298110 1.541163 0.000000 0.000000 0.000000 1.000000 0.000000 0.000000
20.000000 191.191626 2.252269 -0.126511 1.432359 0.000000 0.000000 0.000000 1.000000 0.000000 0.000000
20.000000 191.198412 2.712552 -0.325308 1.532532 0.000000 0.000000 0.000000 1.000000 0.000000 0.000000
20.000000 191.201394 2.214615 -0.128296 1.408359 0.000000 0.000000 0.000000 1.000000 0.000000 0.000000
20.000000 191.208819 2.687347 -0.329598 1.517702 0.000000 0.000000 0.000000 1.000000 0.000000 0.000000
20.000000 191.211632 2.180877 -0.134365 1.386238 0.000000 0.000000 0.000000 1.000000 0.000000 0.000000
20.000000 191.218633 2.722669 -0.350762 1.498278 0.000000 0.000000 0.000000 1.000000 0.000000 0.000000
20.000000 191.221534 2.161575 -0.137998 1.359040 0.000000 0.000000 0.000000 1.000000 0.000000 0.000000
20.000000 191.228599 2.629169 -0.339013 1.468628 0.000000 0.000000 0.000000 1.000000 0.000000 0.000000
20.000000 191.231569 2.113523 -0.138263 1.335749 0.000000 0.000000 0.000000 1.000000 0.000000 0.000000
20.000000 191.238472 2.561506 -0.334314 1.431008 0.000000 0.000000 0.000000 1.000000 0.000000 0.000000
20.000000 191.241392 2.087174 -0.141089 1.307811 0.000000 0.000000 0.000000 1.000000 0.000000 0.000000
20.000000 191.248718 2.576195 -0.347847 1.409999 0.000000 0.000000 0.000000 1.000000 0.000000 0.000000
20.000000 191.251307 2.051459 -0.142642 1.278183 0.000000 0.000000 0.000000 1.000000 0.000000 0.000000
20.000000 191.258643 2.430508 -0.324583 1.376119 0.000000 0.000000 0.000000 1.000000 0.000000 0.000000
20.000000 191.261469 1.983119 -0.140687 1.262338 0.000000 0.000000 0.000000 1.000000 0.000000 0.000000
20.000000 191.268603 2.480261 -0.352254 1.353496 0.000000 0.000000 0.000000 1.000000 0.000000 0.000000
20.000000 191.271361 1.976046 -0.148658 1.226532 0.000000 0.000000 0.000000 1.000000 0.000000 0.000000
20.000000 191.278652 2.423368 -0.345799 1.317884 0.000000 0.000000 0.000000 1.000000 0.000000 0.000000
20.000000 191.281535 1.948399 -0.150829 1.193519 0.000000 0.000000 0.000000 1.000000 0.000000 0.000000
20.000000 191.288553 2.397566 -0.349150 1.289698 0.000000 0.000000 0.000000 1.000000 0.000000 0.000000
20.000000 191.291382 1.918428 -0.151808 1.165506 0.000000 0.000000 0.000000 1.000000 0.000000 0.000000
20.000000 191.298410 2.466209 -0.382056 1.275081 0.000000 0.000000 0.000000 1.000000 0.000000 0.000000
20.000000 191.301542 1.895822 -0.158603 1.133135 0.000000 0.000000 0.000000 1.000000 0.000000 0.000000
20.000000 191.308546 2.356857 -0.372660 1.232019 0.000000 0.000000 0.000000 1.000000 0.000000 0.000000
20.000000 191.311392 1.844701 -0.160189 1.106572 0.000000 0.000000 0.000000 1.000000 0.000000 0.000000
20.000000 191.318660 2.311195 -0.366250 1.198113 0.000000 0.000000 0.000000 1.000000 0.000000 0.000000
20.000000 191.321570 1.819114 -0.162494 1.069540 0.000000 0.000000 0.000000 1.000000 0.000000 0.000000
20.000000 191.328585 2.390486 -0.398268 1.176538 0.000000 0.000000 0.000000 1.000000 0.000000 0.000000
20.000000 191.331699 1.803182 -0.168587 1.029112 0.000000 0.000000 0.000000 1.000000 0.000000 0.000000
20.000000 191.338485 2.269974 -0.374944 1.127831 0.000000 0.000000 0.000000 1.000000 0.000000 0.000000
20.000000 191.341454 1.775693 -0.169509 0.997052 0.000000 0.000000 0.000000 1.000000 0.000000 0.000000
20.000000 191.348596 2.275768 -0.392601 1.092455 0.000000 0.000000 0.000000 1.000000 0.000000 0.000000
20.000000 191.358503 2.311690 -0.407840 1.055255 0.000000 0.000000 0.000000 1.000000 0.000000 0.000000
20.000000 191.368558 2.256863 -0.412344 1.028320 0.000000 0.000000 0.000000 1.000000 0.000000 0.000000
20.000000 191.378511 2.167267 -0.401516 0.978516 0.000000 0.000000 0.000000 1.000000 0.000000 0.000000
20.000000 191.388570 2.183481 -0.417536 0.942281 0.000000 0.000000 0.000000 1.000000 0.000000 0.000000
20.000000 191.398480 2.202819 -0.425363 0.910515 0.000000 0.000000 0.000000 1.000000 0.000000 0.000000
20.000000 191.418542 2.083200 -0.414015 0.813948 0.000000 0.000000 0.000000 1.000000 0.000000 0.000000
20.000000 191.428838 2.079375 -0.434196 0.779887 0.000000 0.000000 0.000000 1.000000 0.000000 0.000000
20.000000 191.438722 2.020643 -0.431886 0.730047 0.000000 0.000000 0.000000 1.000000 0.000000 0.000000
20.000000 191.446211 1.855001 -0.399980 0.686867 0.000000 0.000000 0.000000 1.000000 0.000000 0.000000
20.000000 191.449120 1.992459 -0.434478 0.683671 0.000000 0.000000 0.000000 1.000000 0.000000 0.000000
20.000000 191.458675 1.983389 -0.444898 0.639288 0.000000 0.000000 0.000000 1.000000 0.000000 0.000000
20.000000 191.468760 2.000560 -0.455624 0.599009 0.000000 0.000000 0.000000 1.000000 0.000000 0.000000
20.000000 191.478638 2.007650 -0.481942 0.559787 0.000000 0.000000 0.000000 1.000000 0.000000 0.000000
20.000000 191.488680 1.998462 -0.474857 0.510837 0.000000 0.000000 0.000000 1.000000 0.000000 0.000000
20.000000 191.498552 1.982244 -0.478926 0.471911 0.000000 0.000000 0.000000 1.000000 0.000000 0.000000
20.000000 191.508705 1.972601 -0.493805 0.423386 0.000000 0.000000 0.000000 1.000000 0.000000 0.000000
20.000000 191.518809 1.928438 -0.491348 0.373840 0.000000 0.000000 0.000000 1.000000 0.000000 0.000000
20.000000 191.528733 1.881517 -0.500920 0.320595 0.000000 0.000000 0.000000 1.000000 0.000000 0.000000
20.000000 191.538980 1.699380 -0.463053 0.311222 0.000000 0.000000 0.000000 1.000000 0.000000 0.000000
20.000000 191.548850 1.723976 -0.479646 0.354822 0.000000 0.000000 0.000000 1.000000 0.000000 0.000000
20.000000 191.558729 1.796695 -0.486703 0.412275 0.000000 0.000000 0.000000 1.000000 0.000000 0.000000
20.000000 191.568678 1.693208 -0.493863 0.435927 0.000000 0.000000 0.000000 1.000000 0.000000 0.000000
20.000000 191.578966 1.669882 -0.494747 0.464774 0.000000 0.000000 0.000000 1.000000 0.000000 0.000000
20.000000 191.588761 1.465119 -0.457028 0.474987 0.000000 0.000000 0.000000 1.000000 0.000000 0.000000
20.000000 191.598708 1.539361 -0.480343 0.525561 0.000000 0.000000 0.000000 1.000000 0.000000 0.000000
20.000000 191.608926 1.505526 -0.476682 0.557983 0.000000 0.000000 0.000000 1.000000 0.000000 0.000000
20.000000 191.618763 1.522573 -0.500729 0.596584 0.000000 0.000000 0.000000 1.000000 0.000000 0.000000
20.000000 191.626172 1.838624 -0.567442 0.658487 0.000000 0.000000 0.000000 1.000000 0.000000 0.000000
20.000000 191.628876 1.559090 -0.518575 0.635892 0.000000 0.000000 0.000000 1.000000 0.000000 0.000000
20.000000 191.638776 1.487061 -0.519890 0.659847 0.000000 0.000000 0.000000 1.000000 0.000000 0.000000
20.000000 191.648943 1.468952 -0.518292 0.692523 0.000000 0.000000 0.000000 1.000000 0.000000 0.000000
20.000000 191.658729 1.623876 -0.552549 0.739502 0.000000 0.000000 0.000000 1.000000 0.000000 0.000000
20.000000 191.668772 1.458331 -0.531356 0.755826 0.000000 0.000000 0.000000 1.000000 0.000000 0.000000
20.000000 191.688886 1.432274 -0.548841 0.812593 0.000000 0.000000 0.000000 1.000000 0.000000 0.000000
20.000000 191.698613 1.303236 -0.531482 0.817143 0.000000 0.000000 0.000000 1.000000 0.000000 0.000000
20.000000 191.708734 1.392813 -0.558231 0.852800 0.000000 0.000000 0.000000 1.000000 0.000000 0.000000
20.000000 191.718637 1.338096 -0.562477 0.876598 0.000000 0.000000 0.000000 1.000000 0.000000 0.000000
20.000000 191.728651 1.292799 -0.563154 0.892500 0.000000 0.000000 0.000000 1.000000 0.000000 0.000000
20.000000 191.738677 1.258096 -0.561023 0.913536 0.000000 0.000000 0.000000 1.000000 0.000000 0.000000
20.000000 191.748734 1.241251 -0.571679 0.930817 0.000000 0.000000 0.000000 1.000000 0.000000 0.000000
20.000000 191.758607 1.325119 -0.601255 0.957279 0.000000 0.000000 0.000000 1.000000 0.000000 0.000000
20.000000 191.768765 1.112047 -0.562355 0.954783 0.000000 0.000000 0.000000 1.000000 0.000000 0.000000
20.000000 191.778669 1.133646 -0.578966 0.985029 0.000000 0.000000 0.000000 1.000000 0.000000 0.000000
20.000000 191.788738 1.110499 -0.580123 0.998138 0.000000 0.000000 0.000000 1.000000 0.000000 0.000000
20.000000 191.798672 0.969557 -0.567293 0.997644 0.000000 0.000000 0.000000 1.000000 0.000000 0.000000
20.000000 191.808745 1.011653 -0.574099 1.022082 0.000000 0.000000 0.000000 1.000000 0.000000 0.000000
20.000000 191.818702 0.966103 -0.582061 1.027776 0.000000 0.000000 0.000000 1.000000 0.000000 0.000000
20.000000 191.828793 1.005215 -0.591995 1.056281 0.000000 0.000000 0.000000 1.000000 0.000000 0.000000
20.000000 191.838748 0.874765 -0.579264 1.038567 0.000000 0.000000 0.000000 1.000000 0.000000 0.000000
20.000000 191.848723 0.855174 -0.590697 1.053157 0.000000 0.000000 0.000000 1.000000 0.000000 0.000000
20.000000 191.858763 1.085553 -0.640089 1.078008 0.000000 0.000000 0.000000 1.000000 0.000000 0.000000
20.000000 191.868847 0.753324 -0.584751 1.060049 0.000000 0.000000 0.000000 1.000000 0.000000 0.000000
20.000000 191.878725 0.677879 -0.583124 1.055348 0.000000 0.000000 0.000000 1.000000 0.000000 0.000000
20.000000 191.888822 0.762218 -0.604691 1.080317 0.000000 0.000000 0.000000 1.000000 0.000000 0.000000
20.000000 191.898644 0.689989 -0.603892 1.074278 0.000000 0.000000 0.000000 1.000000 0.000000 0.000000
20.000000 191.908830 0.916852 -0.648924 1.099230 0.000000 0.000000 0.000000 1.000000 0.000000 0.000000
20.000000 191.918727 0.438072 -0.572889 1.055083 0.000000 0.000000 0.000000 1.000000 0.000000 0.000000
20.000000 191.928779 0.649162 -0.624156 1.089358 0.000000 0.000000 0.000000 1.000000 0.000000 0.000000
20.000000 191.938748 0.400506 -0.581625 1.057256 0.000000 0.000000 0.000000 1.000000 0.000000 0.000000
20.000000 191.948892 0.258376 -0.567569 1.041911 0.000000 0.000000 0.000000 1.000000 0.000000 0.000000
20.000000 191.958735 0.514039 -0.619058 1.066015 0.000000 0.000000 0.000000 1.000000 0.000000 0.000000
20.000000 191.968793 0.019344 -0.538839 1.015208 0.000000 0.000000 0.000000 1.000000 0.000000 0.000000
20.000000 191.978776 -0.174701 -0.510691 0.984663 0.000000 0.000000 0.000000 1.000000 0.000000 0.000000
20.000000 191.988889 -0.294417 -0.501822 0.967426 0.000000 0.000000 0.000000 1.000000 0.000000 0.000000
20.000000 191.998759 -0.053217 -0.566709 0.993612 0.000000 0.000000 0.000000 1.000000 0.000000 0.000000
20.000000 192.008839 -0.199662 -0.551383 0.963291 0.000000 0.000000 0.000000 1.000000 0.000000 0.000000
20.000000 192.018745 -0.572707 -0.482017 0.919029 0.000000 0.000000 0.000000 1.000000 0.000000 0.000000
20.000000 192.028940 -0.788104 -0.446200 0.881123 0.000000 0.000000 0.000000 1.000000 0.000000 0.000000
20.000000 192.038724 -0.893591 -0.439674 0.859992 0.000000 0.000000 0.000000 1.000000 0.000000 0.000000
20.000000 192.048828 -1.077494 -0.412476 0.835967 0.000000 0.000000 0.000000 1.000000 0.000000 0.000000
20.000000 192.058791 -1.126557 -0.417696 0.821824 0.000000 0.000000 0.000000 1.000000 0.000000 0.000000
20.000000 192.068894 -1.215245 -0.407043 0.790219 0.000000 0.000000 0.000000 1.000000 0.000000 0.000000
20.000000 192.078790 -1.124273 -0.433625 0.791816 0.000000 0.000000 0.000000 1.000000 0.000000 0.000000
20.000000 192.089033 -1.414999 -0.384106 0.741718 0.000000 0.000000 0.000000 1.000000 0.000000 0.000000
20.000000 192.098748 -1.337551 -0.417016 0.738967 0.000000 0.000000 0.000000 1.000000 0.000000 0.000000
20.000000 192.108898 -1.087231 -0.454708 0.749339 0.000000 0.000000 0.000000 1.000000 0.000000 0.000000
20.000000 192.118781 -1.525721 -0.396128 0.676998 0.000000 0.000000 0.000000 1.000000 0.000000 0.000000
20.000000 192.128895 -1.477381 -0.408503 0.666757 0.000000 0.000000 0.000000 1.000000 0.000000 0.000000
20.000000 192.138780 -1.622472 -0.390666 0.628710 0.000000 0.000000 0.000000 1.000000 0.000000 0.000000
20.000000 192.149044 -1.605758 -0.412726 0.604289 0.000000 0.000000 0.000000 1.000000 0.000000 0.000000
20.000000 192.156280 -1.424191 -0.444733 0.618157 0.000000 0.000000 0.000000 1.000000 0.000000 0.000000
20.000000 192.158784 -1.612288 -0.409630 0.584880 0.000000 0.000000 0.000000 1.000000 0.000000 0.000000
20.000000 192.166475 -1.417481 -0.441416 0.598759 0.000000 0.000000 0.000000 1.000000 0.000000 0.000000
20.000000 192.168897 -1.748598 -0.396819 0.546921 0.000000 0.000000 0.000000 1.000000 0.000000 0.000000
20.000000 192.178911 -1.778241 -0.397917 0.517887 0.000000 0.000000 0.000000 1.000000 0.000000 0.000000
20.000000 192.188926 -1.703344 -0.416913 0.502189 0.000000 0.000000 0.000000 1.000000 0.000000 0.000000
20.000000 192.198825 -1.718815 -0.424905 0.470927 0.000000 0.000000 0.000000 1.000000 0.000000 0.000000
20.000000 192.208980 -1.949232 -0.391605 0.408922 0.000000 0.000000 0.000000 1.000000 0.000000 0.000000
20.000000 192.218921 -1.975839 -0.402046 0.392106 0.000000 0.000000 0.000000 1.000000 0.000000 0.000000
20.000000 192.229012 -1.948160 -0.414840 0.363871 0.000000 0.000000 0.000000 1.000000 0.000000 0.000000
20.000000 192.236343 -1.753094 -0.450860 0.380336 0.000000 0.000000 0.000000 1.000000 0.000000 0.000000
20.000000 192.238845 -2.080714 -0.402876 0.323296 0.000000 0.000000 0.000000 1.000000 0.000000 0.000000
20.000000 192.246566 -1.730353 -0.466253 0.352190 0.000000 0.000000 0.000000 1.000000 0.000000 0.000000
20.000000 192.248989 -2.098136 -0.407502 0.285347 0.000000 0.000000 0.000000 1.000000 0.000000 0.000000
20.000000 192.256341 -1.713032 -0.477934 0.318188 0.000000 0.000000 0.000000 1.000000 0.000000 0.000000
20.000000 192.258884 -1.967137 -0.432614 0.269899 0.000000 0.000000 0.000000 1.000000 0.000000 0.000000
20.000000 192.268969 -2.118152 -0.425508 0.220420 0.000000 0.000000 0.000000 1.000000 0.000000 0.000000
20.000000 192.278910 -2.051160 -0.448358 0.198400 0.000000 0.000000 0.000000 1.000000 0.000000 0.000000
20.000000 192.288972 -2.008962 -0.454577 0.160521 0.000000 0.000000 0.000000 1.000000 0.000000 0.000000
20.000000 192.298884 -2.035561 -0.452059 0.154650 0.000000 0.000000 0.000000 1.000000 0.000000 0.000000
20.000000 192.318895 -1.999498 -0.474438 0.229044 0.000000 0.000000 0.000000 1.000000 0.000000 0.000000
20.000000 192.328991 -2.055315 -0.472687 0.249171 0.000000 0.000000 0.000000 1.000000 0.000000 0.000000
20.000000 192.338939 -1.959703 -0.492646 0.290309 0.000000 0.000000 0.000000 1.000000 0.000000 0.000000
20.000000 192.349124 -1.918078 -0.495039 0.304440 0.000000 0.000000 0.000000 1.000000 0.000000 0.000000
20.000000 192.358965 -2.262185 -0.472286 0.296762 0.000000 0.000000 0.000000 1.000000 0.000000 0.000000
20.000000 192.369026 -2.028924 -0.512306 0.359131 0.000000 0.000000 0.000000 1.000000 0.000000 0.000000
20.000000 192.378964 -2.079909 -0.510215 0.385550 0.000000 0.000000 0.000000 1.000000 0.000000 0.000000
20.000000 192.386390 -2.220817 -0.491401 0.378260 0.000000 0.000000 0.000000 1.000000 0.000000 0.000000
20.000000 192.389069 -2.108939 -0.516909 0.402371 0.000000 0.000000 0.000000 1.000000 0.000000 0.000000
20.000000 192.396365 -2.198835 -0.507182 0.399186 0.000000 0.000000 0.000000 1.000000 0.000000 0.000000
20.000000 192.399172 -2.027663 -0.537216 0.432471 0.000000 0.000000 0.000000 1.000000 0.000000 0.000000
