28.000000 292.515771 25.146223 -0.260681 0.283143 0.000000 0.000000 0.000000 1.000000 0.000000 0.000000
28.000000 292.525625 24.988426 -0.262336 0.395483 0.000000 0.000000 0.000000 1.000000 0.000000 0.000000
28.000000 292.535808 24.888866 -0.256695 0.487341 0.000000 0.000000 0.000000 1.000000 0.000000 0.000000
28.000000 292.545696 24.733222 -0.247697 0.574881 0.000000 0.000000 0.000000 1.000000 0.000000 0.000000
28.000000 292.555964 24.597816 -0.224578 0.668451 0.000000 0.000000 0.000000 1.000000 0.000000 0.000000
28.000000 292.565747 24.407692 -0.222877 0.771885 0.000000 0.000000 0.000000 1.000000 0.000000 0.000000
28.000000 292.575804 24.321289 -0.204538 0.851772 0.000000 0.000000 0.000000 1.000000 0.000000 0.000000
28.000000 292.585661 24.138349 -0.192653 0.922621 0.000000 0.000000 0.000000 1.000000 0.000000 0.000000
28.000000 292.595743 23.954020 -0.190393 1.015578 0.000000 0.000000 0.000000 1.000000 0.000000 0.000000
28.000000 292.605133 22.939325 -0.338422 1.155260 0.000000 0.000000 0.000000 1.000000 0.000000 0.000000
28.000000 292.605774 23.810221 -0.187340 1.098503 0.000000 0.000000 0.000000 1.000000 0.000000 0.000000
28.000000 292.615188 22.831365 -0.319672 1.232217 0.000000 0.000000 0.000000 1.000000 0.000000 0.000000
28.000000 292.615816 23.645816 -0.176617 1.193720 0.000000 0.000000 0.000000 1.000000 0.000000 0.000000
28.000000 292.625082 22.722030 -0.314787 1.294466 0.000000 0.000000 0.000000 1.000000 0.000000 0.000000
28.000000 292.625755 23.592553 -0.159413 1.252106 0.000000 0.000000 0.000000 1.000000 0.000000 0.000000
28.000000 292.635049 22.605400 -0.294056 1.379254 0.000000 0.000000 0.000000 1.000000 0.000000 0.000000
28.000000 292.635800 23.359567 -0.154241 1.357771 0.000000 0.000000 0.000000 1.000000 0.000000 0.000000
28.000000 292.645030 22.494598 -0.281967 1.448218 0.000000 0.000000 0.000000 1.000000 0.000000 0.000000
28.000000 292.645877 23.245287 -0.139657 1.428682 0.000000 0.000000 0.000000 1.000000 0.000000 0.000000
28.000000 292.655213 22.386734 -0.266278 1.527342 0.000000 0.000000 0.000000 1.000000 0.000000 0.000000
28.000000 292.655853 23.122649 -0.118888 1.509562 0.000000 0.000000 0.000000 1.000000 0.000000 0.000000
28.000000 292.664995 22.284744 -0.258469 1.596685 0.000000 0.000000 0.000000 1.000000 0.000000 0.000000
28.000000 292.665823 23.032986 -0.104559 1.575923 0.000000 0.000000 0.000000 1.000000 0.000000 0.000000
28.000000 292.675091 22.178666 -0.256875 1.651905 0.000000 0.000000 0.000000 1.000000 0.000000 0.000000
28.000000 292.675856 22.929802 -0.107367 1.632128 0.000000 0.000000 0.000000 1.000000 0.000000 0.000000
28.000000 292.685070 22.061162 -0.227780 1.727766 0.000000 0.000000 0.000000 1.000000 0.000000 0.000000
28.000000 292.685813 22.711447 -0.092449 1.726215 0.000000 0.000000 0.000000 1.000000 0.000000 0.000000
28.000000 292.695045 21.952076 -0.217285 1.792767 0.000000 0.000000 0.000000 1.000000 0.000000 0.000000
28.000000 292.695870 22.595070 -0.080545 1.793089 0.000000 0.000000 0.000000 1.000000 0.000000 0.000000
28.000000 292.705730 22.453552 -0.073346 1.865553 0.000000 0.000000 0.000000 1.000000 0.000000 0.000000
28.000000 292.715849 22.336644 -0.057926 1.924891 0.000000 0.000000 0.000000 1.000000 0.000000 0.000000
28.000000 292.725756 22.256279 -0.049682 1.970899 0.000000 0.000000 0.000000 1.000000 0.000000 0.000000
28.000000 292.735806 22.086217 -0.034611 2.056363 0.000000 0.000000 0.000000 1.000000 0.000000 0.000000
28.000000 292.745912 21.931608 -0.027590 2.123884 0.000000 0.000000 0.000000 1.000000 0.000000 0.000000
28.000000 292.755887 21.823387 -0.012916 2.182047 0.000000 0.000000 0.000000 1.000000 0.000000 0.000000
28.000000 292.765778 21.699607 0.000491 2.244579 0.000000 0.000000 0.000000 1.000000 0.000000 0.000000
28.000000 292.775895 21.626958 0.009716 2.300793 0.000000 0.000000 0.000000 1.000000 0.000000 0.000000
28.000000 292.785809 21.415310 0.017794 2.363237 0.000000 0.000000 0.000000 1.000000 0.000000 0.000000
28.000000 292.795161 20.406734 -0.255329 2.390502 0.000000 0.000000 0.000000 1.000000 0.000000 0.000000
28.000000 292.795982 21.270008 0.021046 2.420154 0.000000 0.000000 0.000000 1.000000 0.000000 0.000000
28.000000 292.803085 19.829465 0.182029 2.340698 0.000000 0.000000 0.000000 1.000000 0.000000 0.000000
28.000000 292.805902 21.164268 0.037436 2.475263 0.000000 0.000000 0.000000 1.000000 0.000000 0.000000
28.000000 292.815080 20.170390 -0.234277 2.497855 0.000000 0.000000 0.000000 1.000000 0.000000 0.000000
28.000000 292.815980 21.040707 0.047101 2.527745 0.000000 0.000000 0.000000 1.000000 0.000000 0.000000
28.000000 292.825132 20.057374 -0.228649 2.548645 0.000000 0.000000 0.000000 1.000000 0.000000 0.000000
28.000000 292.825861 20.928443 0.055770 2.578197 0.000000 0.000000 0.000000 1.000000 0.000000 0.000000
28.000000 292.833184 19.443113 0.223100 2.496838 0.000000 0.000000 0.000000 1.000000 0.000000 0.000000
28.000000 292.835922 20.748962 0.064901 2.636986 0.000000 0.000000 0.000000 1.000000 0.000000 0.000000
28.000000 292.845165 19.808527 -0.198070 2.655331 0.000000 0.000000 0.000000 1.000000 0.000000 0.000000
28.000000 292.845846 20.619569 0.070804 2.689892 0.000000 0.000000 0.000000 1.000000 0.000000 0.000000
28.000000 292.853211 19.196634 0.239037 2.603696 0.000000 0.000000 0.000000 1.000000 0.000000 0.000000
28.000000 292.855973 20.515135 0.086818 2.732559 0.000000 0.000000 0.000000 1.000000 0.000000 0.000000
28.000000 292.865117 19.575996 -0.177299 2.750041 0.000000 0.000000 0.000000 1.000000 0.000000 0.000000
28.000000 292.865895 20.377684 0.091916 2.785915 0.000000 0.000000 0.000000 1.000000 0.000000 0.000000
28.000000 292.873145 18.962203 0.259452 2.695473 0.000000 0.000000 0.000000 1.000000 0.000000 0.000000
28.000000 292.875990 20.332450 0.102823 2.817057 0.000000 0.000000 0.000000 1.000000 0.000000 0.000000
28.000000 292.885121 19.333416 -0.151141 2.839276 0.000000 0.000000 0.000000 1.000000 0.000000 0.000000
28.000000 292.885940 20.100866 0.110720 2.878238 0.000000 0.000000 0.000000 1.000000 0.000000 0.000000
28.000000 292.893244 18.714668 0.273717 2.796977 0.000000 0.000000 0.000000 1.000000 0.000000 0.000000
28.000000 292.895964 19.976078 0.122139 2.925077 0.000000 0.000000 0.000000 1.000000 0.000000 0.000000
28.000000 292.903150 18.593134 0.285528 2.843609 0.000000 0.000000 0.000000 1.000000 0.000000 0.000000
28.000000 292.905920 19.845700 0.130782 2.969072 0.000000 0.000000 0.000000 1.000000 0.000000 0.000000
28.000000 292.913320 18.444755 0.305294 2.879819 0.000000 0.000000 0.000000 1.000000 0.000000 0.000000
28.000000 292.915930 19.756143 0.146721 3.007084 0.000000 0.000000 0.000000 1.000000 0.000000 0.000000
28.000000 292.923118 18.331818 0.316534 2.924733 0.000000 0.000000 0.000000 1.000000 0.000000 0.000000
28.000000 292.925938 19.601745 0.150671 3.053171 0.000000 0.000000 0.000000 1.000000 0.000000 0.000000
28.000000 292.933481 18.208186 0.326573 2.964779 0.000000 0.000000 0.000000 1.000000 0.000000 0.000000
28.000000 292.935174 18.739682 -0.099598 3.051524 0.000000 0.000000 0.000000 1.000000 0.000000 0.000000
28.000000 292.935917 19.511274 0.172220 3.092008 0.000000 0.000000 0.000000 1.000000 0.000000 0.000000
28.000000 292.943450 18.095949 0.329341 3.011619 0.000000 0.000000 0.000000 1.000000 0.000000 0.000000
28.000000 292.945863 19.371360 0.174729 3.132769 0.000000 0.000000 0.000000 1.000000 0.000000 0.000000
28.000000 292.955146 18.508094 -0.078591 3.131802 0.000000 0.000000 0.000000 1.000000 0.000000 0.000000
28.000000 292.955934 19.241620 0.182447 3.167385 0.000000 0.000000 0.000000 1.000000 0.000000 0.000000
28.000000 292.963255 17.859414 0.347437 3.088855 0.000000 0.000000 0.000000 1.000000 0.000000 0.000000
28.000000 292.966019 19.094646 0.181561 3.209421 0.000000 0.000000 0.000000 1.000000 0.000000 0.000000
28.000000 292.973231 17.730718 0.361048 3.127472 0.000000 0.000000 0.000000 1.000000 0.000000 0.000000
28.000000 292.975833 19.027929 0.187753 3.237382 0.000000 0.000000 0.000000 1.000000 0.000000 0.000000
28.000000 292.983185 17.610866 0.369192 3.155999 0.000000 0.000000 0.000000 1.000000 0.000000 0.000000
28.000000 292.985958 18.861961 0.202189 3.280077 0.000000 0.000000 0.000000 1.000000 0.000000 0.000000
28.000000 292.993220 17.499612 0.374956 3.191365 0.000000 0.000000 0.000000 1.000000 0.000000 0.000000
28.000000 292.995883 18.709967 0.199378 3.308190 0.000000 0.000000 0.000000 1.000000 0.000000 0.000000
28.000000 293.005189 17.936075 -0.035702 3.297806 0.000000 0.000000 0.000000 1.000000 0.000000 0.000000
28.000000 293.005952 18.621520 0.216606 3.339117 0.000000 0.000000 0.000000 1.000000 0.000000 0.000000
28.000000 293.013286 17.229645 0.401224 3.253389 0.000000 0.000000 0.000000 1.000000 0.000000 0.000000
28.000000 293.015943 18.476394 0.215490 3.367029 0.000000 0.000000 0.000000 1.000000 0.000000 0.000000
28.000000 293.025841 18.393254 0.236661 3.391223 0.000000 0.000000 0.000000 1.000000 0.000000 0.000000
28.000000 293.035961 18.245181 0.242591 3.421674 0.000000 0.000000 0.000000 1.000000 0.000000 0.000000
28.000000 293.046033 18.117112 0.246029 3.442631 0.000000 0.000000 0.000000 1.000000 0.000000 0.000000
28.000000 293.055938 17.989082 0.261028 3.458827 0.000000 0.000000 0.000000 1.000000 0.000000 0.000000
28.000000 293.065997 17.913407 0.272368 3.481737 0.000000 0.000000 0.000000 1.000000 0.000000 0.000000
28.000000 293.075857 17.721280 0.265290 3.513281 0.000000 0.000000 0.000000 1.000000 0.000000 0.000000
28.000000 293.082456 17.491895 0.247789 3.577840 0.000000 0.000000 0.000000 1.000000 0.000000 0.000000
28.000000 293.085857 17.657114 0.284081 3.528233 0.000000 0.000000 0.000000 1.000000 0.000000 0.000000
28.000000 293.095959 17.557878 0.298468 3.549052 0.000000 0.000000 0.000000 1.000000 0.000000 0.000000
28.000000 293.105834 17.428683 0.306878 3.561979 0.000000 0.000000 0.000000 1.000000 0.000000 0.000000
28.000000 293.112437 17.000032 0.291608 3.625308 0.000000 0.000000 0.000000 1.000000 0.000000 0.000000
28.000000 293.115871 17.351664 0.336415 3.575726 0.000000 0.000000 0.000000 1.000000 0.000000 0.000000
28.000000 293.125860 17.096852 0.302470 3.612878 0.000000 0.000000 0.000000 1.000000 0.000000 0.000000
28.000000 293.135842 17.016051 0.332551 3.617245 0.000000 0.000000 0.000000 1.000000 0.000000 0.000000
28.000000 293.156098 16.827369 0.353555 3.658115 0.000000 0.000000 0.000000 1.000000 0.000000 0.000000
28.000000 293.185970 16.470088 0.377271 3.703784 0.000000 0.000000 0.000000 1.000000 0.000000 0.000000
28.000000 293.286038 15.328206 0.468350 3.761779 0.000000 0.000000 0.000000 1.000000 0.000000 0.000000
28.000000 293.306097 15.116530 0.484893 3.762339 0.000000 0.000000 0.000000 1.000000 0.000000 0.000000
28.000000 293.316313 15.001791 0.495329 3.769424 0.000000 0.000000 0.000000 1.000000 0.000000 0.000000
28.000000 293.326151 14.806269 0.477297 3.765566 0.000000 0.000000 0.000000 1.000000 0.000000 0.000000
28.000000 293.336154 14.729732 0.501810 3.753879 0.000000 0.000000 0.000000 1.000000 0.000000 0.000000
28.000000 293.346081 14.657968 0.508247 3.757249 0.000000 0.000000 0.000000 1.000000 0.000000 0.000000
28.000000 293.356080 14.537855 0.517938 3.740125 0.000000 0.000000 0.000000 1.000000 0.000000 0.000000
28.000000 293.362605 14.101910 0.510060 3.798858 0.000000 0.000000 0.000000 1.000000 0.000000 0.000000
28.000000 293.366090 14.410250 0.524938 3.737033 0.000000 0.000000 0.000000 1.000000 0.000000 0.000000
28.000000 293.376041 14.343341 0.551534 3.729664 0.000000 0.000000 0.000000 1.000000 0.000000 0.000000
28.000000 293.386021 14.238055 0.554140 3.724134 0.000000 0.000000 0.000000 1.000000 0.000000 0.000000
28.000000 293.396073 14.088544 0.548051 3.714963 0.000000 0.000000 0.000000 1.000000 0.000000 0.000000
28.000000 293.406014 14.017674 0.572925 3.702219 0.000000 0.000000 0.000000 1.000000 0.000000 0.000000
28.000000 293.416043 13.896460 0.568066 3.703419 0.000000 0.000000 0.000000 1.000000 0.000000 0.000000
28.000000 293.426040 13.769633 0.580009 3.688278 0.000000 0.000000 0.000000 1.000000 0.000000 0.000000
28.000000 293.436155 13.628327 0.578983 3.686433 0.000000 0.000000 0.000000 1.000000 0.000000 0.000000
28.000000 293.446060 13.569294 0.608483 3.671666 0.000000 0.000000 0.000000 1.000000 0.000000 0.000000
28.000000 293.456097 13.413785 0.603454 3.665951 0.000000 0.000000 0.000000 1.000000 0.000000 0.000000
28.000000 293.466086 13.343733 0.620582 3.652877 0.000000 0.000000 0.000000 1.000000 0.000000 0.000000
28.000000 293.476088 13.243975 0.635112 3.633652 0.000000 0.000000 0.000000 1.000000 0.000000 0.000000
28.000000 293.486063 13.094814 0.635018 3.616237 0.000000 0.000000 0.000000 1.000000 0.000000 0.000000
28.000000 293.496267 13.031261 0.648484 3.601316 0.000000 0.000000 0.000000 1.000000 0.000000 0.000000
28.000000 293.505397 12.430398 0.421298 3.580708 0.000000 0.000000 0.000000 1.000000 0.000000 0.000000
28.000000 293.505989 12.895714 0.653046 3.577463 0.000000 0.000000 0.000000 1.000000 0.000000 0.000000
28.000000 293.515465 12.353648 0.424673 3.572691 0.000000 0.000000 0.000000 1.000000 0.000000 0.000000
28.000000 293.516299 12.803050 0.647627 3.552929 0.000000 0.000000 0.000000 1.000000 0.000000 0.000000
28.000000 293.525413 12.243606 0.437586 3.554953 0.000000 0.000000 0.000000 1.000000 0.000000 0.000000
28.000000 293.526310 12.685676 0.658084 3.531063 0.000000 0.000000 0.000000 1.000000 0.000000 0.000000
28.000000 293.533388 11.488674 0.788097 3.516454 0.000000 0.000000 0.000000 1.000000 0.000000 0.000000
28.000000 293.535465 12.125461 0.454780 3.535253 0.000000 0.000000 0.000000 1.000000 0.000000 0.000000
28.000000 293.536308 12.574084 0.680653 3.511494 0.000000 0.000000 0.000000 1.000000 0.000000 0.000000
28.000000 293.543587 11.393981 0.789838 3.499834 0.000000 0.000000 0.000000 1.000000 0.000000 0.000000
28.000000 293.546132 12.471121 0.690408 3.485706 0.000000 0.000000 0.000000 1.000000 0.000000 0.000000
28.000000 293.555417 11.921822 0.468065 3.491198 0.000000 0.000000 0.000000 1.000000 0.000000 0.000000
28.000000 293.556611 12.381523 0.701486 3.458166 0.000000 0.000000 0.000000 1.000000 0.000000 0.000000
28.000000 293.565450 11.810681 0.478384 3.475828 0.000000 0.000000 0.000000 1.000000 0.000000 0.000000
28.000000 293.566283 12.256814 0.705534 3.433437 0.000000 0.000000 0.000000 1.000000 0.000000 0.000000
28.000000 293.575423 11.726724 0.489249 3.449836 0.000000 0.000000 0.000000 1.000000 0.000000 0.000000
28.000000 293.576080 12.180722 0.722001 3.406277 0.000000 0.000000 0.000000 1.000000 0.000000 0.000000
28.000000 293.585454 11.614737 0.497187 3.413121 0.000000 0.000000 0.000000 1.000000 0.000000 0.000000
28.000000 293.586204 12.061793 0.729284 3.378029 0.000000 0.000000 0.000000 1.000000 0.000000 0.000000
28.000000 293.595400 11.507980 0.507469 3.395400 0.000000 0.000000 0.000000 1.000000 0.000000 0.000000
28.000000 293.596182 11.928343 0.725977 3.354036 0.000000 0.000000 0.000000 1.000000 0.000000 0.000000
28.000000 293.603571 10.788751 0.824695 3.354140 0.000000 0.000000 0.000000 1.000000 0.000000 0.000000
28.000000 293.606144 11.842973 0.740779 3.320727 0.000000 0.000000 0.000000 1.000000 0.000000 0.000000
28.000000 293.613405 10.704735 0.827976 3.326434 0.000000 0.000000 0.000000 1.000000 0.000000 0.000000
28.000000 293.616127 11.755696 0.749382 3.282974 0.000000 0.000000 0.000000 1.000000 0.000000 0.000000
28.000000 293.625443 11.208180 0.530982 3.308455 0.000000 0.000000 0.000000 1.000000 0.000000 0.000000
28.000000 293.626182 11.631893 0.755441 3.257643 0.000000 0.000000 0.000000 1.000000 0.000000 0.000000
28.000000 293.633444 10.516111 0.835543 3.265805 0.000000 0.000000 0.000000 1.000000 0.000000 0.000000
28.000000 293.636120 11.531573 0.764820 3.227044 0.000000 0.000000 0.000000 1.000000 0.000000 0.000000
28.000000 293.645500 10.996782 0.545875 3.243837 0.000000 0.000000 0.000000 1.000000 0.000000 0.000000
28.000000 293.646162 11.425462 0.776305 3.191747 0.000000 0.000000 0.000000 1.000000 0.000000 0.000000
28.000000 293.655443 10.900541 0.554945 3.208098 0.000000 0.000000 0.000000 1.000000 0.000000 0.000000
28.000000 293.656148 11.311537 0.777435 3.157784 0.000000 0.000000 0.000000 1.000000 0.000000 0.000000
28.000000 293.665478 10.817756 0.558604 3.169982 0.000000 0.000000 0.000000 1.000000 0.000000 0.000000
28.000000 293.666172 11.230459 0.781456 3.112514 0.000000 0.000000 0.000000 1.000000 0.000000 0.000000
28.000000 293.675499 10.702760 0.570343 3.140096 0.000000 0.000000 0.000000 1.000000 0.000000 0.000000
28.000000 293.676173 11.118494 0.798309 3.083077 0.000000 0.000000 0.000000 1.000000 0.000000 0.000000
28.000000 293.685725 10.599582 0.583855 3.102624 0.000000 0.000000 0.000000 1.000000 0.000000 0.000000
28.000000 293.686185 10.995705 0.802168 3.044165 0.000000 0.000000 0.000000 1.000000 0.000000 0.000000
28.000000 293.695440 10.494352 0.589378 3.065839 0.000000 0.000000 0.000000 1.000000 0.000000 0.000000
28.000000 293.696186 10.895777 0.812048 3.003970 0.000000 0.000000 0.000000 1.000000 0.000000 0.000000
28.000000 293.705713 10.394225 0.592007 3.030905 0.000000 0.000000 0.000000 1.000000 0.000000 0.000000
28.000000 293.706180 10.803131 0.820545 2.967849 0.000000 0.000000 0.000000 1.000000 0.000000 0.000000
28.000000 293.713480 9.759412 0.861609 2.986464 0.000000 0.000000 0.000000 1.000000 0.000000 0.000000
28.000000 293.716205 10.695854 0.824145 2.927718 0.000000 0.000000 0.000000 1.000000 0.000000 0.000000
28.000000 293.725774 10.224526 0.599310 2.953627 0.000000 0.000000 0.000000 1.000000 0.000000 0.000000
28.000000 293.726151 10.622317 0.823876 2.886639 0.000000 0.000000 0.000000 1.000000 0.000000 0.000000
28.000000 293.735541 10.103351 0.615741 2.908344 0.000000 0.000000 0.000000 1.000000 0.000000 0.000000
28.000000 293.736138 10.490811 0.836225 2.839135 0.000000 0.000000 0.000000 1.000000 0.000000 0.000000
28.000000 293.745745 10.012878 0.625102 2.867061 0.000000 0.000000 0.000000 1.000000 0.000000 0.000000
28.000000 293.746204 10.401121 0.847549 2.797193 0.000000 0.000000 0.000000 1.000000 0.000000 0.000000
28.000000 293.755651 9.910371 0.632502 2.823048 0.000000 0.000000 0.000000 1.000000 0.000000 0.000000
28.000000 293.756142 10.286082 0.848936 2.756715 0.000000 0.000000 0.000000 1.000000 0.000000 0.000000
28.000000 293.765458 9.811361 0.635530 2.767950 0.000000 0.000000 0.000000 1.000000 0.000000 0.000000
28.000000 293.766380 10.209575 0.864121 2.689534 0.000000 0.000000 0.000000 1.000000 0.000000 0.000000
28.000000 293.775617 9.703139 0.647411 2.734593 0.000000 0.000000 0.000000 1.000000 0.000000 0.000000
28.000000 293.776387 10.063214 0.857921 2.659329 0.000000 0.000000 0.000000 1.000000 0.000000 0.000000
28.000000 293.785484 9.612689 0.652792 2.689034 0.000000 0.000000 0.000000 1.000000 0.000000 0.000000
28.000000 293.786366 9.999073 0.880233 2.607811 0.000000 0.000000 0.000000 1.000000 0.000000 0.000000
28.000000 293.795666 9.519746 0.659957 2.641550 0.000000 0.000000 0.000000 1.000000 0.000000 0.000000
28.000000 293.796226 9.891340 0.879265 2.557865 0.000000 0.000000 0.000000 1.000000 0.000000 0.000000
28.000000 293.805654 9.420734 0.664728 2.590875 0.000000 0.000000 0.000000 1.000000 0.000000 0.000000
28.000000 293.806217 9.794961 0.886037 2.504828 0.000000 0.000000 0.000000 1.000000 0.000000 0.000000
28.000000 293.813534 8.797141 0.923563 2.545329 0.000000 0.000000 0.000000 1.000000 0.000000 0.000000
28.000000 293.816247 9.735349 0.898505 2.448112 0.000000 0.000000 0.000000 1.000000 0.000000 0.000000
28.000000 293.825810 9.221913 0.685294 2.492209 0.000000 0.000000 0.000000 1.000000 0.000000 0.000000
28.000000 293.826195 9.580672 0.901952 2.409291 0.000000 0.000000 0.000000 1.000000 0.000000 0.000000
28.000000 293.835674 9.120671 0.691700 2.448094 0.000000 0.000000 0.000000 1.000000 0.000000 0.000000
28.000000 293.836245 9.464198 0.901335 2.366654 0.000000 0.000000 0.000000 1.000000 0.000000 0.000000
28.000000 293.845756 9.021568 0.702288 2.397165 0.000000 0.000000 0.000000 1.000000 0.000000 0.000000
28.000000 293.846262 9.372181 0.917121 2.313714 0.000000 0.000000 0.000000 1.000000 0.000000 0.000000
28.000000 293.855680 8.939139 0.707689 2.343864 0.000000 0.000000 0.000000 1.000000 0.000000 0.000000
28.000000 293.856402 9.295014 0.926181 2.253831 0.000000 0.000000 0.000000 1.000000 0.000000 0.000000
28.000000 293.865483 8.838849 0.711927 2.284499 0.000000 0.000000 0.000000 1.000000 0.000000 0.000000
28.000000 293.866206 9.202650 0.935812 2.194301 0.000000 0.000000 0.000000 1.000000 0.000000 0.000000
28.000000 293.873549 8.267428 0.942590 2.240247 0.000000 0.000000 0.000000 1.000000 0.000000 0.000000
28.000000 293.876367 9.084225 0.939411 2.148607 0.000000 0.000000 0.000000 1.000000 0.000000 0.000000
28.000000 293.883610 8.146987 0.969077 2.171282 0.000000 0.000000 0.000000 1.000000 0.000000 0.000000
28.000000 293.886431 8.985847 0.946369 2.092364 0.000000 0.000000 0.000000 1.000000 0.000000 0.000000
28.000000 293.893597 8.057606 0.966453 2.120493 0.000000 0.000000 0.000000 1.000000 0.000000 0.000000
28.000000 293.896277 8.886674 0.950500 2.033472 0.000000 0.000000 0.000000 1.000000 0.000000 0.000000
28.000000 293.905693 8.461413 0.742978 2.072163 0.000000 0.000000 0.000000 1.000000 0.000000 0.000000
28.000000 293.906286 8.802194 0.959517 1.973546 0.000000 0.000000 0.000000 1.000000 0.000000 0.000000
28.000000 293.913588 7.825637 0.993895 1.998074 0.000000 0.000000 0.000000 1.000000 0.000000 0.000000
28.000000 293.916313 8.697862 0.971733 1.924243 0.000000 0.000000 0.000000 1.000000 0.000000 0.000000
28.000000 293.925853 8.268261 0.763997 1.954703 0.000000 0.000000 0.000000 1.000000 0.000000 0.000000
28.000000 293.926273 8.594412 0.975188 1.860558 0.000000 0.000000 0.000000 1.000000 0.000000 0.000000
28.000000 293.933583 7.709135 0.982935 1.881941 0.000000 0.000000 0.000000 1.000000 0.000000 0.000000
28.000000 293.936245 8.503594 0.976733 1.792199 0.000000 0.000000 0.000000 1.000000 0.000000 0.000000
28.000000 293.942665 7.929702 0.942507 1.895048 0.000000 0.000000 0.000000 1.000000 0.000000 0.000000
28.000000 293.943667 7.562138 1.008657 1.813053 0.000000 0.000000 0.000000 1.000000 0.000000 0.000000
28.000000 293.946243 8.388759 0.980645 1.734157 0.000000 0.000000 0.000000 1.000000 0.000000 0.000000
28.000000 293.955589 7.987450 0.785507 1.771615 0.000000 0.000000 0.000000 1.000000 0.000000 0.000000
28.000000 293.956413 8.302060 0.995172 1.680684 0.000000 0.000000 0.000000 1.000000 0.000000 0.000000
28.000000 293.965704 7.897546 0.790812 1.712545 0.000000 0.000000 0.000000 1.000000 0.000000 0.000000
28.000000 293.966186 8.222840 1.011248 1.618463 0.000000 0.000000 0.000000 1.000000 0.000000 0.000000
28.000000 293.975814 7.796498 0.800717 1.646530 0.000000 0.000000 0.000000 1.000000 0.000000 0.000000
28.000000 293.976255 8.114711 1.017297 1.551590 0.000000 0.000000 0.000000 1.000000 0.000000 0.000000
28.000000 293.985859 7.705660 0.807756 1.588546 0.000000 0.000000 0.000000 1.000000 0.000000 0.000000
28.000000 293.986215 8.023137 1.026504 1.492502 0.000000 0.000000 0.000000 1.000000 0.000000 0.000000
28.000000 293.995625 7.614345 0.816004 1.525223 0.000000 0.000000 0.000000 1.000000 0.000000 0.000000
28.000000 293.996197 7.916802 1.027363 1.430560 0.000000 0.000000 0.000000 1.000000 0.000000 0.000000
28.000000 294.005693 7.515441 0.825166 1.455802 0.000000 0.000000 0.000000 1.000000 0.000000 0.000000
28.000000 294.006233 7.812134 1.033846 1.364948 0.000000 0.000000 0.000000 1.000000 0.000000 0.000000
28.000000 294.015839 7.420251 0.830633 1.380939 0.000000 0.000000 0.000000 1.000000 0.000000 0.000000
28.000000 294.016198 7.716047 1.038180 1.292070 0.000000 0.000000 0.000000 1.000000 0.000000 0.000000
28.000000 294.025723 7.336335 0.838810 1.320300 0.000000 0.000000 0.000000 1.000000 0.000000 0.000000
28.000000 294.026261 7.613299 1.037655 1.230769 0.000000 0.000000 0.000000 1.000000 0.000000 0.000000
28.000000 294.035799 7.240731 0.843695 1.247516 0.000000 0.000000 0.000000 1.000000 0.000000 0.000000
28.000000 294.036259 7.535403 1.054372 1.154951 0.000000 0.000000 0.000000 1.000000 0.000000 0.000000
28.000000 294.043756 6.824658 1.004356 1.187173 0.000000 0.000000 0.000000 1.000000 0.000000 0.000000
28.000000 294.046253 7.435444 1.060773 1.096645 0.000000 0.000000 0.000000 1.000000 0.000000 0.000000
28.000000 294.053606 6.729872 1.007604 1.114603 0.000000 0.000000 0.000000 1.000000 0.000000 0.000000
28.000000 294.056293 7.338379 1.067711 1.027548 0.000000 0.000000 0.000000 1.000000 0.000000 0.000000
28.000000 294.065887 6.969061 0.869898 1.049762 0.000000 0.000000 0.000000 1.000000 0.000000 0.000000
28.000000 294.066366 7.248215 1.074101 0.950991 0.000000 0.000000 0.000000 1.000000 0.000000 0.000000
28.000000 294.073627 6.481253 1.048035 0.969065 0.000000 0.000000 0.000000 1.000000 0.000000 0.000000
28.000000 294.076216 7.156341 1.083709 0.878270 0.000000 0.000000 0.000000 1.000000 0.000000 0.000000
28.000000 294.085773 6.783216 0.879177 0.910931 0.000000 0.000000 0.000000 1.000000 0.000000 0.000000
28.000000 294.086380 7.067648 1.090640 0.806074 0.000000 0.000000 0.000000 1.000000 0.000000 0.000000
28.000000 294.093708 6.370841 1.027893 0.829762 0.000000 0.000000 0.000000 1.000000 0.000000 0.000000
28.000000 294.096254 6.964013 1.093226 0.734600 0.000000 0.000000 0.000000 1.000000 0.000000 0.000000
28.000000 294.105990 6.613295 0.897173 0.761408 0.000000 0.000000 0.000000 1.000000 0.000000 0.000000
28.000000 294.106350 6.882644 1.100878 0.659896 0.000000 0.000000 0.000000 1.000000 0.000000 0.000000
28.000000 294.113699 6.119682 1.065737 0.669059 0.000000 0.000000 0.000000 1.000000 0.000000 0.000000
28.000000 294.116304 6.777450 1.107573 0.579757 0.000000 0.000000 0.000000 1.000000 0.000000 0.000000
28.000000 294.126112 6.422765 0.911442 0.609565 0.000000 0.000000 0.000000 1.000000 0.000000 0.000000
28.000000 294.126346 6.676418 1.107368 0.513455 0.000000 0.000000 0.000000 1.000000 0.000000 0.000000
28.000000 294.135710 6.337699 0.917974 0.531348 0.000000 0.000000 0.000000 1.000000 0.000000 0.000000
28.000000 294.136389 6.602320 1.123161 0.432038 0.000000 0.000000 0.000000 1.000000 0.000000 0.000000
28.000000 294.145794 6.248965 0.923948 0.454573 0.000000 0.000000 0.000000 1.000000 0.000000 0.000000
28.000000 294.146328 6.508936 1.127752 0.356656 0.000000 0.000000 0.000000 1.000000 0.000000 0.000000
28.000000 294.153655 5.819208 1.073765 0.365056 0.000000 0.000000 0.000000 1.000000 0.000000 0.000000
28.000000 294.156343 6.417938 1.134821 0.279458 0.000000 0.000000 0.000000 1.000000 0.000000 0.000000
28.000000 294.165723 6.061113 0.940416 0.294765 0.000000 0.000000 0.000000 1.000000 0.000000 0.000000
28.000000 294.166397 6.312881 1.138879 0.201424 0.000000 0.000000 0.000000 1.000000 0.000000 0.000000
28.000000 294.173684 5.640988 1.078835 0.190669 0.000000 0.000000 0.000000 1.000000 0.000000 0.000000
28.000000 294.176416 6.222930 1.145216 0.124965 0.000000 0.000000 0.000000 1.000000 0.000000 0.000000
28.000000 294.185702 5.895979 0.956845 0.136561 0.000000 0.000000 0.000000 1.000000 0.000000 0.000000
28.000000 294.186399 6.136307 1.150902 0.044257 0.000000 0.000000 0.000000 1.000000 0.000000 0.000000
28.000000 294.195697 5.860869 0.960883 0.160902 0.000000 0.000000 0.000000 1.000000 0.000000 0.000000
28.000000 294.196383 6.097002 1.156279 0.081200 0.000000 0.000000 0.000000 1.000000 0.000000 0.000000
28.000000 294.205744 5.807776 0.960825 0.222810 0.000000 0.000000 0.000000 1.000000 0.000000 0.000000
28.000000 294.206380 6.045096 1.157871 0.142144 0.000000 0.000000 0.000000 1.000000 0.000000 0.000000
28.000000 294.215685 5.758870 0.961301 0.275460 0.000000 0.000000 0.000000 1.000000 0.000000 0.000000
28.000000 294.216375 6.002697 1.163500 0.195765 0.000000 0.000000 0.000000 1.000000 0.000000 0.000000
28.000000 294.225774 5.709174 0.966766 0.330589 0.000000 0.000000 0.000000 1.000000 0.000000 0.000000
28.000000 294.226432 5.944679 1.164572 0.254922 0.000000 0.000000 0.000000 1.000000 0.000000 0.000000
28.000000 294.233674 5.378533 1.080063 0.369874 0.000000 0.000000 0.000000 1.000000 0.000000 0.000000
28.000000 294.236410 5.907139 1.167657 0.312641 0.000000 0.000000 0.000000 1.000000 0.000000 0.000000
28.000000 294.245796 5.620075 0.969961 0.448945 0.000000 0.000000 0.000000 1.000000 0.000000 0.000000
28.000000 294.246438 5.855960 1.169995 0.367209 0.000000 0.000000 0.000000 1.000000 0.000000 0.000000
28.000000 294.255652 5.577992 0.975025 0.502304 0.000000 0.000000 0.000000 1.000000 0.000000 0.000000
28.000000 294.256427 5.810061 1.173235 0.422244 0.000000 0.000000 0.000000 1.000000 0.000000 0.000000
28.000000 294.265823 5.537725 0.974451 0.552807 0.000000 0.000000 0.000000 1.000000 0.000000 0.000000
28.000000 294.266362 5.777178 1.178476 0.468070 0.000000 0.000000 0.000000 1.000000 0.000000 0.000000
28.000000 294.275678 5.482354 0.978292 0.607897 0.000000 0.000000 0.000000 1.000000 0.000000 0.000000
28.000000 294.276407 5.709871 1.175144 0.527418 0.000000 0.000000 0.000000 1.000000 0.000000 0.000000
28.000000 294.285877 5.443528 0.985253 0.655429 0.000000 0.000000 0.000000 1.000000 0.000000 0.000000
28.000000 294.286437 5.668788 1.182373 0.574413 0.000000 0.000000 0.000000 1.000000 0.000000 0.000000
28.000000 294.293826 5.110262 1.101307 0.695653 0.000000 0.000000 0.000000 1.000000 0.000000 0.000000
28.000000 294.296386 5.617848 1.182037 0.623895 0.000000 0.000000 0.000000 1.000000 0.000000 0.000000
28.000000 294.305819 5.351760 0.992000 0.752890 0.000000 0.000000 0.000000 1.000000 0.000000 0.000000
28.000000 294.306376 5.576909 1.190332 0.670076 0.000000 0.000000 0.000000 1.000000 0.000000 0.000000
28.000000 294.315709 5.308522 0.994625 0.796276 0.000000 0.000000 0.000000 1.000000 0.000000 0.000000
28.000000 294.316397 5.533091 1.190497 0.713806 0.000000 0.000000 0.000000 1.000000 0.000000 0.000000
28.000000 294.323807 4.915341 1.137787 0.840534 0.000000 0.000000 0.000000 1.000000 0.000000 0.000000
28.000000 294.326379 5.489708 1.193516 0.761398 0.000000 0.000000 0.000000 1.000000 0.000000 0.000000
28.000000 294.333725 4.960363 1.101907 0.888010 0.000000 0.000000 0.000000 1.000000 0.000000 0.000000
28.000000 294.336397 5.437161 1.197828 0.806135 0.000000 0.000000 0.000000 1.000000 0.000000 0.000000
28.000000 294.345806 5.171830 1.004698 0.928978 0.000000 0.000000 0.000000 1.000000 0.000000 0.000000
28.000000 294.346666 5.387353 1.201156 0.851840 0.000000 0.000000 0.000000 1.000000 0.000000 0.000000
28.000000 294.355742 5.131190 1.008560 0.971134 0.000000 0.000000 0.000000 1.000000 0.000000 0.000000
28.000000 294.356403 5.339970 1.199792 0.896725 0.000000 0.000000 0.000000 1.000000 0.000000 0.000000
28.000000 294.365816 5.095077 0.998019 1.010922 0.000000 0.000000 0.000000 1.000000 0.000000 0.000000
28.000000 294.366381 5.330745 1.209431 0.922314 0.000000 0.000000 0.000000 1.000000 0.000000 0.000000
28.000000 294.373726 4.641846 1.156745 1.037837 0.000000 0.000000 0.000000 1.000000 0.000000 0.000000
28.000000 294.376371 5.249558 1.209305 0.975083 0.000000 0.000000 0.000000 1.000000 0.000000 0.000000
28.000000 294.385853 4.990871 1.015217 1.097392 0.000000 0.000000 0.000000 1.000000 0.000000 0.000000
28.000000 294.386420 5.204794 1.214506 1.017894 0.000000 0.000000 0.000000 1.000000 0.000000 0.000000
28.000000 294.393770 4.593003 1.156582 1.111557 0.000000 0.000000 0.000000 1.000000 0.000000 0.000000
28.000000 294.396490 5.156140 1.213005 1.053160 0.000000 0.000000 0.000000 1.000000 0.000000 0.000000
28.000000 294.405911 4.902384 1.019598 1.168528 0.000000 0.000000 0.000000 1.000000 0.000000 0.000000
28.000000 294.406429 5.114842 1.217336 1.087018 0.000000 0.000000 0.000000 1.000000 0.000000 0.000000
28.000000 294.413753 4.560756 1.137308 1.199980 0.000000 0.000000 0.000000 1.000000 0.000000 0.000000
28.000000 294.416425 5.094216 1.225107 1.113542 0.000000 0.000000 0.000000 1.000000 0.000000 0.000000
28.000000 294.425892 4.820091 1.026990 1.222677 0.000000 0.000000 0.000000 1.000000 0.000000 0.000000
28.000000 294.426436 5.015518 1.217962 1.159459 0.000000 0.000000 0.000000 1.000000 0.000000 0.000000
28.000000 294.435729 4.770440 1.026101 1.276191 0.000000 0.000000 0.000000 1.000000 0.000000 0.000000
28.000000 294.436456 4.983537 1.226925 1.188709 0.000000 0.000000 0.000000 1.000000 0.000000 0.000000
28.000000 294.445848 4.727048 1.030627 1.306010 0.000000 0.000000 0.000000 1.000000 0.000000 0.000000
28.000000 294.446425 4.938947 1.231184 1.220283 0.000000 0.000000 0.000000 1.000000 0.000000 0.000000
28.000000 294.453825 4.239354 1.201292 1.324241 0.000000 0.000000 0.000000 1.000000 0.000000 0.000000
28.000000 294.456425 4.893936 1.233755 1.252564 0.000000 0.000000 0.000000 1.000000 0.000000 0.000000
28.000000 294.465886 4.622608 1.037150 1.361784 0.000000 0.000000 0.000000 1.000000 0.000000 0.000000
28.000000 294.466470 4.831637 1.233704 1.277587 0.000000 0.000000 0.000000 1.000000 0.000000 0.000000
28.000000 294.473844 4.232025 1.185350 1.389130 0.000000 0.000000 0.000000 1.000000 0.000000 0.000000
28.000000 294.476467 4.800535 1.239777 1.312785 0.000000 0.000000 0.000000 1.000000 0.000000 0.000000
28.000000 294.483894 4.229520 1.170457 1.437238 0.000000 0.000000 0.000000 1.000000 0.000000 0.000000
28.000000 294.486652 4.755632 1.238487 1.345187 0.000000 0.000000 0.000000 1.000000 0.000000 0.000000
28.000000 294.493852 4.172765 1.177127 1.460333 0.000000 0.000000 0.000000 1.000000 0.000000 0.000000
28.000000 294.496462 4.718172 1.245136 1.367480 0.000000 0.000000 0.000000 1.000000 0.000000 0.000000
28.000000 294.503865 4.126739 1.183193 1.489066 0.000000 0.000000 0.000000 1.000000 0.000000 0.000000
28.000000 294.506467 4.687928 1.248594 1.384966 0.000000 0.000000 0.000000 1.000000 0.000000 0.000000
28.000000 294.515788 4.424253 1.049561 1.510013 0.000000 0.000000 0.000000 1.000000 0.000000 0.000000
28.000000 294.516514 4.634474 1.253700 1.414482 0.000000 0.000000 0.000000 1.000000 0.000000 0.000000
28.000000 294.526576 4.118984 1.174652 1.500694 0.000000 0.000000 0.000000 1.000000 0.000000 0.000000
28.000000 294.533888 4.023992 1.178183 1.581664 0.000000 0.000000 0.000000 1.000000 0.000000 0.000000
28.000000 294.546469 4.012833 1.180953 1.549702 0.000000 0.000000 0.000000 1.000000 0.000000 0.000000
28.000000 294.556498 3.951194 1.187299 1.577513 0.000000 0.000000 0.000000 1.000000 0.000000 0.000000
28.000000 294.566472 3.913264 1.186048 1.595026 0.000000 0.000000 0.000000 1.000000 0.000000 0.000000
28.000000 294.573855 3.917940 1.167062 1.658665 0.000000 0.000000 0.000000 1.000000 0.000000 0.000000
28.000000 294.583959 3.815486 1.189276 1.677748 0.000000 0.000000 0.000000 1.000000 0.000000 0.000000
28.000000 294.593829 3.707385 1.219855 1.696018 0.000000 0.000000 0.000000 1.000000 0.000000 0.000000
28.000000 294.606637 3.720718 1.202757 1.664979 0.000000 0.000000 0.000000 1.000000 0.000000 0.000000
28.000000 294.616535 3.689113 1.203991 1.677342 0.000000 0.000000 0.000000 1.000000 0.000000 0.000000
28.000000 294.626594 3.657108 1.205099 1.684499 0.000000 0.000000 0.000000 1.000000 0.000000 0.000000
28.000000 294.636517 3.601538 1.211071 1.700763 0.000000 0.000000 0.000000 1.000000 0.000000 0.000000
28.000000 294.646593 3.544640 1.212527 1.715084 0.000000 0.000000 0.000000 1.000000 0.000000 0.000000
28.000000 294.656557 3.508490 1.212658 1.724231 0.000000 0.000000 0.000000 1.000000 0.000000 0.000000
28.000000 294.666581 3.456388 1.215722 1.735890 0.000000 0.000000 0.000000 1.000000 0.000000 0.000000
28.000000 294.673953 3.386688 1.212236 1.790089 0.000000 0.000000 0.000000 1.000000 0.000000 0.000000
28.000000 294.686728 3.376147 1.223729 1.746099 0.000000 0.000000 0.000000 1.000000 0.000000 0.000000
28.000000 294.693812 3.399409 1.198234 1.827155 0.000000 0.000000 0.000000 1.000000 0.000000 0.000000
28.000000 294.706620 3.282892 1.227057 1.760688 0.000000 0.000000 0.000000 1.000000 0.000000 0.000000
28.000000 294.713859 3.271438 1.217722 1.828627 0.000000 0.000000 0.000000 1.000000 0.000000 0.000000
28.000000 294.726619 3.199627 1.233326 1.766784 0.000000 0.000000 0.000000 1.000000 0.000000 0.000000
28.000000 294.733890 3.152541 1.239177 1.831908 0.000000 0.000000 0.000000 1.000000 0.000000 0.000000
28.000000 294.746669 3.119337 1.237078 1.767874 0.000000 0.000000 0.000000 1.000000 0.000000 0.000000
28.000000 294.756601 3.080470 1.238748 1.765277 0.000000 0.000000 0.000000 1.000000 0.000000 0.000000
28.000000 294.766779 3.035248 1.245916 1.764990 0.000000 0.000000 0.000000 1.000000 0.000000 0.000000
28.000000 294.773954 3.052689 1.220711 1.839336 0.000000 0.000000 0.000000 1.000000 0.000000 0.000000
28.000000 294.786657 2.950775 1.247383 1.763846 0.000000 0.000000 0.000000 1.000000 0.000000 0.000000
28.000000 294.796588 2.905577 1.251521 1.757710 0.000000 0.000000 0.000000 1.000000 0.000000 0.000000
28.000000 294.806624 2.858698 1.252349 1.755207 0.000000 0.000000 0.000000 1.000000 0.000000 0.000000
28.000000 294.816577 2.815520 1.255066 1.749407 0.000000 0.000000 0.000000 1.000000 0.000000 0.000000
28.000000 294.826637 2.786078 1.254719 1.734055 0.000000 0.000000 0.000000 1.000000 0.000000 0.000000
28.000000 294.834247 2.811210 1.234657 1.800579 0.000000 0.000000 0.000000 1.000000 0.000000 0.000000
28.000000 294.836713 2.746296 1.259244 1.730154 0.000000 0.000000 0.000000 1.000000 0.000000 0.000000
28.000000 294.846670 2.706614 1.261563 1.721959 0.000000 0.000000 0.000000 1.000000 0.000000 0.000000
28.000000 294.856735 2.665255 1.263436 1.709213 0.000000 0.000000 0.000000 1.000000 0.000000 0.000000
28.000000 294.866919 2.620928 1.267852 1.702111 0.000000 0.000000 0.000000 1.000000 0.000000 0.000000
28.000000 294.876622 2.605967 1.272246 1.679825 0.000000 0.000000 0.000000 1.000000 0.000000 0.000000
28.000000 294.886748 2.542918 1.271043 1.673428 0.000000 0.000000 0.000000 1.000000 0.000000 0.000000
28.000000 294.894021 2.485473 1.284561 1.733111 0.000000 0.000000 0.000000 1.000000 0.000000 0.000000
28.000000 294.906989 2.462933 1.276472 1.645151 0.000000 0.000000 0.000000 1.000000 0.000000 0.000000
28.000000 294.916843 2.413786 1.279152 1.635235 0.000000 0.000000 0.000000 1.000000 0.000000 0.000000
28.000000 294.926750 2.417973 1.285816 1.602699 0.000000 0.000000 0.000000 1.000000 0.000000 0.000000
28.000000 294.936576 2.345180 1.284169 1.591020 0.000000 0.000000 0.000000 1.000000 0.000000 0.000000
28.000000 294.946794 2.300286 1.285504 1.578332 0.000000 0.000000 0.000000 1.000000 0.000000 0.000000
28.000000 294.956716 2.269583 1.289546 1.556841 0.000000 0.000000 0.000000 1.000000 0.000000 0.000000
28.000000 294.966796 2.240685 1.291850 1.532644 0.000000 0.000000 0.000000 1.000000 0.000000 0.000000
28.000000 294.974123 2.411129 1.235995 1.595190 0.000000 0.000000 0.000000 1.000000 0.000000 0.000000
28.000000 294.976671 2.232546 1.300190 1.499092 0.000000 0.000000 0.000000 1.000000 0.000000 0.000000
28.000000 294.984190 2.218166 1.273202 1.561675 0.000000 0.000000 0.000000 1.000000 0.000000 0.000000
28.000000 294.986775 2.161384 1.296208 1.488170 0.000000 0.000000 0.000000 1.000000 0.000000 0.000000
28.000000 294.994249 2.256983 1.248434 1.548173 0.000000 0.000000 0.000000 1.000000 0.000000 0.000000
28.000000 294.996657 2.121258 1.300073 1.463734 0.000000 0.000000 0.000000 1.000000 0.000000 0.000000
28.000000 295.004197 2.277027 1.236781 1.525444 0.000000 0.000000 0.000000 1.000000 0.000000 0.000000
28.000000 295.006753 2.098532 1.303938 1.435230 0.000000 0.000000 0.000000 1.000000 0.000000 0.000000
28.000000 295.014066 2.124111 1.273096 1.480668 0.000000 0.000000 0.000000 1.000000 0.000000 0.000000
28.000000 295.016732 2.059103 1.302956 1.409127 0.000000 0.000000 0.000000 1.000000 0.000000 0.000000
28.000000 295.024165 2.157182 1.263340 1.455479 0.000000 0.000000 0.000000 1.000000 0.000000 0.000000
28.000000 295.026791 2.045946 1.309636 1.373466 0.000000 0.000000 0.000000 1.000000 0.000000 0.000000
28.000000 295.034132 2.020451 1.283734 1.415594 0.000000 0.000000 0.000000 1.000000 0.000000 0.000000
28.000000 295.036690 1.976089 1.310292 1.355196 0.000000 0.000000 0.000000 1.000000 0.000000 0.000000
28.000000 295.044223 1.974220 1.286799 1.386864 0.000000 0.000000 0.000000 1.000000 0.000000 0.000000
28.000000 295.046769 1.934178 1.310093 1.324791 0.000000 0.000000 0.000000 1.000000 0.000000 0.000000
28.000000 295.054185 1.942874 1.291021 1.361949 0.000000 0.000000 0.000000 1.000000 0.000000 0.000000
28.000000 295.056725 1.909171 1.310712 1.296674 0.000000 0.000000 0.000000 1.000000 0.000000 0.000000
28.000000 295.064296 1.911036 1.294154 1.331302 0.000000 0.000000 0.000000 1.000000 0.000000 0.000000
28.000000 295.066825 1.874199 1.317900 1.265469 0.000000 0.000000 0.000000 1.000000 0.000000 0.000000
28.000000 295.074026 1.957495 1.281446 1.305235 0.000000 0.000000 0.000000 1.000000 0.000000 0.000000
28.000000 295.076643 1.864503 1.321163 1.225576 0.000000 0.000000 0.000000 1.000000 0.000000 0.000000
28.000000 295.084183 1.795770 1.310892 1.261266 0.000000 0.000000 0.000000 1.000000 0.000000 0.000000
28.000000 295.087073 1.803630 1.318957 1.199616 0.000000 0.000000 0.000000 1.000000 0.000000 0.000000
28.000000 295.094001 1.776562 1.301666 1.220789 0.000000 0.000000 0.000000 1.000000 0.000000 0.000000
28.000000 295.096812 1.767505 1.321257 1.164846 0.000000 0.000000 0.000000 1.000000 0.000000 0.000000
28.000000 295.104170 1.712410 1.311757 1.186382 0.000000 0.000000 0.000000 1.000000 0.000000 0.000000
28.000000 295.107044 1.731546 1.321532 1.130773 0.000000 0.000000 0.000000 1.000000 0.000000 0.000000
28.000000 295.114130 1.653133 1.314373 1.137315 0.000000 0.000000 0.000000 1.000000 0.000000 0.000000
28.000000 295.116892 1.694011 1.323064 1.097599 0.000000 0.000000 0.000000 1.000000 0.000000 0.000000
28.000000 295.124330 1.708332 1.302321 1.111141 0.000000 0.000000 0.000000 1.000000 0.000000 0.000000
28.000000 295.134235 1.718013 1.281016 1.076456 0.000000 0.000000 0.000000 1.000000 0.000000 0.000000
28.000000 295.144333 1.617999 1.308365 1.035959 0.000000 0.000000 0.000000 1.000000 0.000000 0.000000
28.000000 295.154184 1.491449 1.330283 0.979712 0.000000 0.000000 0.000000 1.000000 0.000000 0.000000
28.000000 295.164274 1.520801 1.319753 0.951873 0.000000 0.000000 0.000000 1.000000 0.000000 0.000000
28.000000 295.174084 1.503811 1.307699 0.908570 0.000000 0.000000 0.000000 1.000000 0.000000 0.000000
28.000000 295.183421 1.446957 1.319448 0.876733 0.000000 0.000000 0.000000 1.000000 0.000000 0.000000
28.000000 295.184616 1.461485 1.311063 0.855238 0.000000 0.000000 0.000000 1.000000 0.000000 0.000000
28.000000 295.193309 1.411204 1.321118 0.826068 0.000000 0.000000 0.000000 1.000000 0.000000 0.000000
28.000000 295.194051 1.404350 1.317954 0.808674 0.000000 0.000000 0.000000 1.000000 0.000000 0.000000
28.000000 295.203234 1.313990 1.343379 0.775193 0.000000 0.000000 0.000000 1.000000 0.000000 0.000000
28.000000 295.204330 1.348859 1.333169 0.757164 0.000000 0.000000 0.000000 1.000000 0.000000 0.000000
28.000000 295.213536 1.323478 1.336413 0.735762 0.000000 0.000000 0.000000 1.000000 0.000000 0.000000
28.000000 295.214129 1.299573 1.334918 0.712331 0.000000 0.000000 0.000000 1.000000 0.000000 0.000000
28.000000 295.223286 1.322775 1.320478 0.696246 0.000000 0.000000 0.000000 1.000000 0.000000 0.000000
28.000000 295.224265 1.356320 1.309719 0.678480 0.000000 0.000000 0.000000 1.000000 0.000000 0.000000
28.000000 295.233501 1.248226 1.339939 0.640915 0.000000 0.000000 0.000000 1.000000 0.000000 0.000000
28.000000 295.234274 1.238360 1.336906 0.620519 0.000000 0.000000 0.000000 1.000000 0.000000 0.000000
28.000000 295.243220 1.355540 1.288106 0.612044 0.000000 0.000000 0.000000 1.000000 0.000000 0.000000
28.000000 295.244434 1.375882 1.278460 0.588588 0.000000 0.000000 0.000000 1.000000 0.000000 0.000000
28.000000 295.253368 1.258782 1.313649 0.556001 0.000000 0.000000 0.000000 1.000000 0.000000 0.000000
28.000000 295.254317 1.267693 1.306109 0.534654 0.000000 0.000000 0.000000 1.000000 0.000000 0.000000
28.000000 295.263320 1.225321 1.312654 0.506175 0.000000 0.000000 0.000000 1.000000 0.000000 0.000000
28.000000 295.264225 1.289889 1.296326 0.490670 0.000000 0.000000 0.000000 1.000000 0.000000 0.000000
28.000000 295.283334 1.462873 1.258917 0.447734 0.000000 0.000000 0.000000 1.000000 0.000000 0.000000
28.000000 295.284504 1.253799 1.282591 0.397353 0.000000 0.000000 0.000000 1.000000 0.000000 0.000000
28.000000 295.293433 1.180850 1.299825 0.366042 0.000000 0.000000 0.000000 1.000000 0.000000 0.000000
28.000000 295.294258 1.272508 1.279223 0.355066 0.000000 0.000000 0.000000 1.000000 0.000000 0.000000
28.000000 295.303349 1.153905 1.308393 0.305302 0.000000 0.000000 0.000000 1.000000 0.000000 0.000000
28.000000 295.304366 1.169013 1.301086 0.285124 0.000000 0.000000 0.000000 1.000000 0.000000 0.000000
28.000000 295.313370 1.209156 1.281182 0.273645 0.000000 0.000000 0.000000 1.000000 0.000000 0.000000
28.000000 295.314245 1.195395 1.276381 0.246542 0.000000 0.000000 0.000000 1.000000 0.000000 0.000000
28.000000 295.323322 1.186532 1.279378 0.245152 0.000000 0.000000 0.000000 1.000000 0.000000 0.000000
28.000000 295.324264 1.140295 1.286356 0.238503 0.000000 0.000000 0.000000 1.000000 0.000000 0.000000
28.000000 295.333436 1.232741 1.264563 0.270565 0.000000 0.000000 0.000000 1.000000 0.000000 0.000000
28.000000 295.334320 1.108032 1.292559 0.277361 0.000000 0.000000 0.000000 1.000000 0.000000 0.000000
28.000000 295.343318 1.230006 1.263108 0.319685 0.000000 0.000000 0.000000 1.000000 0.000000 0.000000
28.000000 295.344325 1.072308 1.294684 0.317244 0.000000 0.000000 0.000000 1.000000 0.000000 0.000000
28.000000 295.353397 1.118267 1.291264 0.348433 0.000000 0.000000 0.000000 1.000000 0.000000 0.000000
28.000000 295.354225 0.931093 1.328952 0.348020 0.000000 0.000000 0.000000 1.000000 0.000000 0.000000
28.000000 295.363348 1.039674 1.299303 0.380088 0.000000 0.000000 0.000000 1.000000 0.000000 0.000000
28.000000 295.374335 0.937070 1.330371 0.409529 0.000000 0.000000 0.000000 1.000000 0.000000 0.000000
28.000000 295.383393 1.082960 1.293878 0.453098 0.000000 0.000000 0.000000 1.000000 0.000000 0.000000
28.000000 295.384349 0.757105 1.355113 0.436397 0.000000 0.000000 0.000000 1.000000 0.000000 0.000000
28.000000 295.393530 0.751593 1.363334 0.454528 0.000000 0.000000 0.000000 1.000000 0.000000 0.000000
28.000000 295.394284 0.746002 1.366463 0.464843 0.000000 0.000000 0.000000 1.000000 0.000000 0.000000
28.000000 295.403353 0.796282 1.355606 0.486636 0.000000 0.000000 0.000000 1.000000 0.000000 0.000000
28.000000 295.404335 0.631637 1.386212 0.484554 0.000000 0.000000 0.000000 1.000000 0.000000 0.000000
28.000000 295.413400 0.929201 1.299951 0.552566 0.000000 0.000000 0.000000 1.000000 0.000000 0.000000
28.000000 295.414275 0.811000 1.325440 0.557067 0.000000 0.000000 0.000000 1.000000 0.000000 0.000000
28.000000 295.423383 0.692438 1.373594 0.567260 0.000000 0.000000 0.000000 1.000000 0.000000 0.000000
28.000000 295.424414 0.363145 1.432124 0.547184 0.000000 0.000000 0.000000 1.000000 0.000000 0.000000
28.000000 295.433482 0.439138 1.411201 0.575261 0.000000 0.000000 0.000000 1.000000 0.000000 0.000000
28.000000 295.444348 0.511628 1.405196 0.627123 0.000000 0.000000 0.000000 1.000000 0.000000 0.000000
28.000000 295.453506 0.572344 1.390416 0.654120 0.000000 0.000000 0.000000 1.000000 0.000000 0.000000
28.000000 295.454292 0.414846 1.417910 0.652835 0.000000 0.000000 0.000000 1.000000 0.000000 0.000000
28.000000 295.463338 0.450699 1.408392 0.668926 0.000000 0.000000 0.000000 1.000000 0.000000 0.000000
28.000000 295.464374 0.383361 1.419566 0.679601 0.000000 0.000000 0.000000 1.000000 0.000000 0.000000
28.000000 295.473576 0.377999 1.424177 0.698929 0.000000 0.000000 0.000000 1.000000 0.000000 0.000000
28.000000 295.484386 0.228680 1.451757 0.729188 0.000000 0.000000 0.000000 1.000000 0.000000 0.000000
28.000000 295.493418 0.263592 1.441323 0.744621 0.000000 0.000000 0.000000 1.000000 0.000000 0.000000
28.000000 295.494294 0.212030 1.448655 0.750727 0.000000 0.000000 0.000000 1.000000 0.000000 0.000000
28.000000 295.503362 0.198101 1.453809 0.760201 0.000000 0.000000 0.000000 1.000000 0.000000 0.000000
28.000000 295.504353 0.132296 1.462614 0.766948 0.000000 0.000000 0.000000 1.000000 0.000000 0.000000
28.000000 295.513514 0.126781 1.464828 0.786591 0.000000 0.000000 0.000000 1.000000 0.000000 0.000000
28.000000 295.514346 0.097029 1.467605 0.796984 0.000000 0.000000 0.000000 1.000000 0.000000 0.000000
28.000000 295.523402 0.115295 1.462040 0.818883 0.000000 0.000000 0.000000 1.000000 0.000000 0.000000
28.000000 295.524392 0.079673 1.468051 0.814488 0.000000 0.000000 0.000000 1.000000 0.000000 0.000000
28.000000 295.533440 0.022216 1.486030 0.815454 0.000000 0.000000 0.000000 1.000000 0.000000 0.000000
28.000000 295.534306 -0.000498 1.484677 0.837344 0.000000 0.000000 0.000000 1.000000 0.000000 0.000000
28.000000 295.543451 -0.025247 1.492071 0.848272 0.000000 0.000000 0.000000 1.000000 0.000000 0.000000
28.000000 295.544468 -0.089453 1.500115 0.850705 0.000000 0.000000 0.000000 1.000000 0.000000 0.000000
28.000000 295.553481 -0.088167 1.498940 0.860676 0.000000 0.000000 0.000000 1.000000 0.000000 0.000000
28.000000 295.554250 -0.080221 1.495190 0.871794 0.000000 0.000000 0.000000 1.000000 0.000000 0.000000
28.000000 295.563492 -0.042819 1.482425 0.888189 0.000000 0.000000 0.000000 1.000000 0.000000 0.000000
28.000000 295.564379 -0.082298 1.485900 0.896177 0.000000 0.000000 0.000000 1.000000 0.000000 0.000000
28.000000 295.573423 0.009321 1.455872 0.917499 0.000000 0.000000 0.000000 1.000000 0.000000 0.000000
28.000000 295.574282 -0.120582 1.474180 0.913267 0.000000 0.000000 0.000000 1.000000 0.000000 0.000000
28.000000 295.583288 -0.093470 1.464604 0.927061 0.000000 0.000000 0.000000 1.000000 0.000000 0.000000
28.000000 295.584390 -0.033121 1.453200 0.942495 0.000000 0.000000 0.000000 1.000000 0.000000 0.000000
28.000000 295.593411 -0.223966 1.513835 0.930627 0.000000 0.000000 0.000000 1.000000 0.000000 0.000000
28.000000 295.594268 -0.249895 1.515727 0.934838 0.000000 0.000000 0.000000 1.000000 0.000000 0.000000
28.000000 295.603435 -0.329523 1.541124 0.928209 0.000000 0.000000 0.000000 1.000000 0.000000 0.000000
28.000000 295.604375 -0.376279 1.545187 0.932142 0.000000 0.000000 0.000000 1.000000 0.000000 0.000000
28.000000 295.613570 -0.349107 1.533149 0.952286 0.000000 0.000000 0.000000 1.000000 0.000000 0.000000
28.000000 295.614304 -0.364950 1.533688 0.955784 0.000000 0.000000 0.000000 1.000000 0.000000 0.000000
28.000000 295.623450 -0.394536 1.542254 0.957177 0.000000 0.000000 0.000000 1.000000 0.000000 0.000000
28.000000 295.624375 -0.440318 1.545909 0.961003 0.000000 0.000000 0.000000 1.000000 0.000000 0.000000
28.000000 295.633522 -0.315153 1.503082 0.987982 0.000000 0.000000 0.000000 1.000000 0.000000 0.000000
28.000000 295.634327 -0.345827 1.506292 0.989123 0.000000 0.000000 0.000000 1.000000 0.000000 0.000000
28.000000 295.643451 -0.578121 1.580886 0.963849 0.000000 0.000000 0.000000 1.000000 0.000000 0.000000
28.000000 295.644422 -0.609977 1.583963 0.964185 0.000000 0.000000 0.000000 1.000000 0.000000 0.000000
28.000000 295.653663 -0.354580 1.501148 0.993690 0.000000 0.000000 0.000000 1.000000 0.000000 0.000000
28.000000 295.654469 -0.446808 1.511546 0.993811 0.000000 0.000000 0.000000 1.000000 0.000000 0.000000
28.000000 295.663455 -0.479189 1.518210 1.007290 0.000000 0.000000 0.000000 1.000000 0.000000 0.000000
28.000000 295.664447 -0.467508 1.515230 1.011382 0.000000 0.000000 0.000000 1.000000 0.000000 0.000000
28.000000 295.673479 -0.569987 1.545485 1.009478 0.000000 0.000000 0.000000 1.000000 0.000000 0.000000
28.000000 295.674347 -0.683946 1.565132 0.993433 0.000000 0.000000 0.000000 1.000000 0.000000 0.000000
28.000000 295.683449 -0.819361 1.605931 0.984147 0.000000 0.000000 0.000000 1.000000 0.000000 0.000000
28.000000 295.684448 -0.647244 1.572159 1.015261 0.000000 0.000000 0.000000 1.000000 0.000000 0.000000
28.000000 295.693536 -0.719463 1.596269 1.004734 0.000000 0.000000 0.000000 1.000000 0.000000 0.000000
28.000000 295.694335 -0.756827 1.599729 1.004820 0.000000 0.000000 0.000000 1.000000 0.000000 0.000000
28.000000 295.703451 -0.723950 1.586844 1.014868 0.000000 0.000000 0.000000 1.000000 0.000000 0.000000
28.000000 295.704404 -0.812970 1.599748 1.006176 0.000000 0.000000 0.000000 1.000000 0.000000 0.000000
28.000000 295.713497 -0.851378 1.610472 1.006222 0.000000 0.000000 0.000000 1.000000 0.000000 0.000000
28.000000 295.714413 -0.866875 1.611560 1.006607 0.000000 0.000000 0.000000 1.000000 0.000000 0.000000
28.000000 295.723464 -0.824312 1.599468 1.006934 0.000000 0.000000 0.000000 1.000000 0.000000 0.000000
28.000000 295.724507 -0.936472 1.619398 0.989150 0.000000 0.000000 0.000000 1.000000 0.000000 0.000000
28.000000 295.733528 -0.965142 1.625914 0.992036 0.000000 0.000000 0.000000 1.000000 0.000000 0.000000
28.000000 295.734481 -0.969488 1.620184 1.001578 0.000000 0.000000 0.000000 1.000000 0.000000 0.000000
28.000000 295.743489 -0.950772 1.613445 1.005130 0.000000 0.000000 0.000000 1.000000 0.000000 0.000000
28.000000 295.744750 -0.975964 1.617166 1.002348 0.000000 0.000000 0.000000 1.000000 0.000000 0.000000
28.000000 295.753506 -0.962871 1.612342 1.005074 0.000000 0.000000 0.000000 1.000000 0.000000 0.000000
28.000000 295.754507 -1.012365 1.619579 0.999702 0.000000 0.000000 0.000000 1.000000 0.000000 0.000000
28.000000 295.763484 -1.001839 1.616480 1.000124 0.000000 0.000000 0.000000 1.000000 0.000000 0.000000
28.000000 295.765044 -1.070820 1.627662 0.990787 0.000000 0.000000 0.000000 1.000000 0.000000 0.000000
28.000000 295.773537 -0.882780 1.569637 1.003919 0.000000 0.000000 0.000000 1.000000 0.000000 0.000000
28.000000 295.774380 -0.995160 1.584154 0.994697 0.000000 0.000000 0.000000 1.000000 0.000000 0.000000
28.000000 295.783543 -1.079295 1.609584 0.990459 0.000000 0.000000 0.000000 1.000000 0.000000 0.000000
28.000000 295.784425 -1.092900 1.613310 0.986097 0.000000 0.000000 0.000000 1.000000 0.000000 0.000000
28.000000 295.793614 -0.983284 1.583065 0.984633 0.000000 0.000000 0.000000 1.000000 0.000000 0.000000
28.000000 295.794397 -1.048286 1.593017 0.976073 0.000000 0.000000 0.000000 1.000000 0.000000 0.000000
28.000000 295.803564 -1.047633 1.587260 0.989058 0.000000 0.000000 0.000000 1.000000 0.000000 0.000000
28.000000 295.804450 -1.061893 1.593103 0.981656 0.000000 0.000000 0.000000 1.000000 0.000000 0.000000
28.000000 295.813610 -1.014767 1.586247 0.967482 0.000000 0.000000 0.000000 1.000000 0.000000 0.000000
28.000000 295.814508 -1.066819 1.594341 0.960361 0.000000 0.000000 0.000000 1.000000 0.000000 0.000000
28.000000 295.823520 -1.093992 1.600566 0.963676 0.000000 0.000000 0.000000 1.000000 0.000000 0.000000
28.000000 295.824471 -1.174386 1.617187 0.946571 0.000000 0.000000 0.000000 1.000000 0.000000 0.000000
28.000000 295.833702 -1.157983 1.611013 0.949977 0.000000 0.000000 0.000000 1.000000 0.000000 0.000000
28.000000 295.834531 -1.254670 1.624142 0.940041 0.000000 0.000000 0.000000 1.000000 0.000000 0.000000
28.000000 295.843631 -1.208718 1.615720 0.931480 0.000000 0.000000 0.000000 1.000000 0.000000 0.000000
28.000000 295.844589 -1.253903 1.622966 0.924811 0.000000 0.000000 0.000000 1.000000 0.000000 0.000000
28.000000 295.853642 -1.218723 1.612304 0.926625 0.000000 0.000000 0.000000 1.000000 0.000000 0.000000
28.000000 295.854421 -1.336734 1.635078 0.903187 0.000000 0.000000 0.000000 1.000000 0.000000 0.000000
28.000000 295.863638 -1.317264 1.626457 0.909449 0.000000 0.000000 0.000000 1.000000 0.000000 0.000000
28.000000 295.864511 -1.367538 1.635071 0.901531 0.000000 0.000000 0.000000 1.000000 0.000000 0.000000
28.000000 295.873670 -1.317081 1.626491 0.891785 0.000000 0.000000 0.000000 1.000000 0.000000 0.000000
28.000000 295.874469 -1.406386 1.644956 0.872088 0.000000 0.000000 0.000000 1.000000 0.000000 0.000000
28.000000 295.883672 -1.375951 1.634856 0.875595 0.000000 0.000000 0.000000 1.000000 0.000000 0.000000
28.000000 295.884538 -1.458798 1.648877 0.862446 0.000000 0.000000 0.000000 1.000000 0.000000 0.000000
28.000000 295.893702 -1.568453 1.688470 0.844414 0.000000 0.000000 0.000000 1.000000 0.000000 0.000000
28.000000 295.894422 -1.650671 1.705007 0.827530 0.000000 0.000000 0.000000 1.000000 0.000000 0.000000
28.000000 295.903749 -1.567087 1.680532 0.831433 0.000000 0.000000 0.000000 1.000000 0.000000 0.000000
28.000000 295.904702 -1.645237 1.694879 0.817283 0.000000 0.000000 0.000000 1.000000 0.000000 0.000000
28.000000 295.913641 -1.592093 1.681703 0.815663 0.000000 0.000000 0.000000 1.000000 0.000000 0.000000
28.000000 295.914662 -1.719495 1.707952 0.788638 0.000000 0.000000 0.000000 1.000000 0.000000 0.000000
28.000000 295.923655 -1.494812 1.639108 0.804974 0.000000 0.000000 0.000000 1.000000 0.000000 0.000000
28.000000 295.924605 -1.557491 1.651027 0.792953 0.000000 0.000000 0.000000 1.000000 0.000000 0.000000
28.000000 295.933667 -1.482430 1.634163 0.787174 0.000000 0.000000 0.000000 1.000000 0.000000 0.000000
28.000000 295.934611 -1.586223 1.655324 0.764279 0.000000 0.000000 0.000000 1.000000 0.000000 0.000000
28.000000 295.943761 -1.520618 1.635774 0.767982 0.000000 0.000000 0.000000 1.000000 0.000000 0.000000
28.000000 295.944543 -1.726262 1.673047 0.730663 0.000000 0.000000 0.000000 1.000000 0.000000 0.000000
28.000000 295.953725 -1.802163 1.705274 0.710891 0.000000 0.000000 0.000000 1.000000 0.000000 0.000000
28.000000 295.954635 -1.874561 1.719458 0.696006 0.000000 0.000000 0.000000 1.000000 0.000000 0.000000
28.000000 295.963706 -1.813452 1.699773 0.702011 0.000000 0.000000 0.000000 1.000000 0.000000 0.000000
28.000000 295.964492 -1.763238 1.697476 0.702283 0.000000 0.000000 0.000000 1.000000 0.000000 0.000000
28.000000 295.973775 -1.668809 1.676869 0.695378 0.000000 0.000000 0.000000 1.000000 0.000000 0.000000
28.000000 295.974631 -1.864640 1.714023 0.656212 0.000000 0.000000 0.000000 1.000000 0.000000 0.000000
28.000000 295.983743 -1.630636 1.646175 0.666669 0.000000 0.000000 0.000000 1.000000 0.000000 0.000000
28.000000 295.984657 -1.660415 1.655404 0.655045 0.000000 0.000000 0.000000 1.000000 0.000000 0.000000
28.000000 295.993654 -1.730789 1.680173 0.644432 0.000000 0.000000 0.000000 1.000000 0.000000 0.000000
28.000000 295.994393 -1.865946 1.708668 0.613638 0.000000 0.000000 0.000000 1.000000 0.000000 0.000000
28.000000 296.003568 -1.758987 1.681751 0.612496 0.000000 0.000000 0.000000 1.000000 0.000000 0.000000
28.000000 296.004540 -1.869570 1.704519 0.587703 0.000000 0.000000 0.000000 1.000000 0.000000 0.000000
28.000000 296.013674 -1.650428 1.645774 0.588704 0.000000 0.000000 0.000000 1.000000 0.000000 0.000000
28.000000 296.014440 -1.796295 1.672506 0.558418 0.000000 0.000000 0.000000 1.000000 0.000000 0.000000
28.000000 296.023600 -1.745275 1.656128 0.563455 0.000000 0.000000 0.000000 1.000000 0.000000 0.000000
28.000000 296.024588 -1.921337 1.693995 0.521404 0.000000 0.000000 0.000000 1.000000 0.000000 0.000000
28.000000 296.033670 -1.778388 1.654323 0.526840 0.000000 0.000000 0.000000 1.000000 0.000000 0.000000
28.000000 296.034409 -1.916046 1.682297 0.496655 0.000000 0.000000 0.000000 1.000000 0.000000 0.000000
28.000000 296.043645 -1.722577 1.632372 0.497317 0.000000 0.000000 0.000000 1.000000 0.000000 0.000000
28.000000 296.044563 -1.861041 1.661607 0.463641 0.000000 0.000000 0.000000 1.000000 0.000000 0.000000
28.000000 296.053716 -1.960495 1.703405 0.437164 0.000000 0.000000 0.000000 1.000000 0.000000 0.000000
28.000000 296.054475 -1.932519 1.708297 0.427974 0.000000 0.000000 0.000000 1.000000 0.000000 0.000000
28.000000 296.063745 -1.724576 1.641279 0.450017 0.000000 0.000000 0.000000 1.000000 0.000000 0.000000
28.000000 296.064489 -1.910555 1.681032 0.406913 0.000000 0.000000 0.000000 1.000000 0.000000 0.000000
28.000000 296.073785 -1.841301 1.673585 0.392912 0.000000 0.000000 0.000000 1.000000 0.000000 0.000000
28.000000 296.084620 -1.895221 1.667442 0.329328 0.000000 0.000000 0.000000 1.000000 0.000000 0.000000
28.000000 296.093679 -1.775003 1.639147 0.325610 0.000000 0.000000 0.000000 1.000000 0.000000 0.000000
28.000000 296.094607 -1.991549 1.682990 0.274646 0.000000 0.000000 0.000000 1.000000 0.000000 0.000000
28.000000 296.113773 -2.004901 1.687266 0.223287 0.000000 0.000000 0.000000 1.000000 0.000000 0.000000
28.000000 296.114597 -2.154991 1.720208 0.185922 0.000000 0.000000 0.000000 1.000000 0.000000 0.000000
28.000000 296.123688 -2.272551 1.753516 0.177994 0.000000 0.000000 0.000000 1.000000 0.000000 0.000000
28.000000 296.124756 -2.240642 1.743666 0.188649 0.000000 0.000000 0.000000 1.000000 0.000000 0.000000
28.000000 296.133690 -2.244784 1.728975 0.205449 0.000000 0.000000 0.000000 1.000000 0.000000 0.000000
28.000000 296.134557 -2.141709 1.697268 0.237950 0.000000 0.000000 0.000000 1.000000 0.000000 0.000000
28.000000 296.143634 -2.294310 1.735504 0.232838 0.000000 0.000000 0.000000 1.000000 0.000000 0.000000
28.000000 296.144590 -2.221480 1.706175 0.264169 0.000000 0.000000 0.000000 1.000000 0.000000 0.000000
28.000000 296.153755 -2.362518 1.744323 0.257593 0.000000 0.000000 0.000000 1.000000 0.000000 0.000000
28.000000 296.154546 -2.378412 1.731040 0.274258 0.000000 0.000000 0.000000 1.000000 0.000000 0.000000
28.000000 296.163672 -2.514091 1.765739 0.271689 0.000000 0.000000 0.000000 1.000000 0.000000 0.000000
28.000000 296.164593 -2.433092 1.743300 0.297832 0.000000 0.000000 0.000000 1.000000 0.000000 0.000000
28.000000 296.173859 -2.624465 1.793216 0.292869 0.000000 0.000000 0.000000 1.000000 0.000000 0.000000
28.000000 296.184583 -2.390695 1.717245 0.378810 0.000000 0.000000 0.000000 1.000000 0.000000 0.000000
28.000000 296.193781 -2.500989 1.745740 0.376181 0.000000 0.000000 0.000000 1.000000 0.000000 0.000000
28.000000 296.194622 -2.379197 1.718189 0.406747 0.000000 0.000000 0.000000 1.000000 0.000000 0.000000
28.000000 296.203801 -2.456782 1.734586 0.410152 0.000000 0.000000 0.000000 1.000000 0.000000 0.000000
28.000000 296.204667 -2.375327 1.716359 0.430116 0.000000 0.000000 0.000000 1.000000 0.000000 0.000000
28.000000 296.213732 -2.515837 1.751558 0.428080 0.000000 0.000000 0.000000 1.000000 0.000000 0.000000
28.000000 296.224650 -2.502787 1.759830 0.477963 0.000000 0.000000 0.000000 1.000000 0.000000 0.000000
28.000000 296.233745 -2.518893 1.758396 0.487401 0.000000 0.000000 0.000000 1.000000 0.000000 0.000000
28.000000 296.234550 -2.604564 1.770607 0.475085 0.000000 0.000000 0.000000 1.000000 0.000000 0.000000
28.000000 296.243685 -2.576752 1.749348 0.495088 0.000000 0.000000 0.000000 1.000000 0.000000 0.000000
28.000000 296.244638 -2.554820 1.735818 0.511044 0.000000 0.000000 0.000000 1.000000 0.000000 0.000000
28.000000 296.253912 -2.758358 1.798772 0.493466 0.000000 0.000000 0.000000 1.000000 0.000000 0.000000
28.000000 296.254708 -2.771101 1.789659 0.506946 0.000000 0.000000 0.000000 1.000000 0.000000 0.000000
28.000000 296.263740 -2.748189 1.780684 0.511970 0.000000 0.000000 0.000000 1.000000 0.000000 0.000000
28.000000 296.264768 -2.760980 1.775735 0.520892 0.000000 0.000000 0.000000 1.000000 0.000000 0.000000
28.000000 296.273786 -2.877863 1.797213 0.534181 0.000000 0.000000 0.000000 1.000000 0.000000 0.000000
28.000000 296.274708 -2.688358 1.773101 0.557474 0.000000 0.000000 0.000000 1.000000 0.000000 0.000000
28.000000 296.283740 -2.850159 1.818231 0.549509 0.000000 0.000000 0.000000 1.000000 0.000000 0.000000
28.000000 296.284685 -2.748462 1.795282 0.573419 0.000000 0.000000 0.000000 1.000000 0.000000 0.000000
28.000000 296.293877 -2.718732 1.786288 0.575683 0.000000 0.000000 0.000000 1.000000 0.000000 0.000000
28.000000 296.294572 -2.788674 1.789125 0.575066 0.000000 0.000000 0.000000 1.000000 0.000000 0.000000
28.000000 296.303646 -2.815859 1.792904 0.579403 0.000000 0.000000 0.000000 1.000000 0.000000 0.000000
28.000000 296.304677 -2.863212 1.792809 0.581767 0.000000 0.000000 0.000000 1.000000 0.000000 0.000000
28.000000 296.313704 -2.812835 1.766386 0.601181 0.000000 0.000000 0.000000 1.000000 0.000000 0.000000
28.000000 296.314736 -2.715181 1.746219 0.622523 0.000000 0.000000 0.000000 1.000000 0.000000 0.000000
28.000000 296.323697 -2.813241 1.776260 0.614627 0.000000 0.000000 0.000000 1.000000 0.000000 0.000000
28.000000 296.324625 -2.889807 1.781237 0.611687 0.000000 0.000000 0.000000 1.000000 0.000000 0.000000
28.000000 296.333696 -2.925467 1.791347 0.610068 0.000000 0.000000 0.000000 1.000000 0.000000 0.000000
28.000000 296.334559 -2.888963 1.782273 0.620542 0.000000 0.000000 0.000000 1.000000 0.000000 0.000000
28.000000 296.343726 -2.947823 1.794688 0.624205 0.000000 0.000000 0.000000 1.000000 0.000000 0.000000
28.000000 296.344806 -2.964415 1.791458 0.629345 0.000000 0.000000 0.000000 1.000000 0.000000 0.000000
28.000000 296.353762 -3.022806 1.804582 0.631632 0.000000 0.000000 0.000000 1.000000 0.000000 0.000000
28.000000 296.354818 -3.068565 1.809005 0.627960 0.000000 0.000000 0.000000 1.000000 0.000000 0.000000
28.000000 296.363698 -3.074830 1.809398 0.629605 0.000000 0.000000 0.000000 1.000000 0.000000 0.000000
28.000000 296.364785 -3.031452 1.797818 0.642796 0.000000 0.000000 0.000000 1.000000 0.000000 0.000000
28.000000 296.373789 -3.190886 1.844680 0.633066 0.000000 0.000000 0.000000 1.000000 0.000000 0.000000
28.000000 296.374627 -3.343059 1.863763 0.615431 0.000000 0.000000 0.000000 1.000000 0.000000 0.000000
28.000000 296.383697 -3.267904 1.834017 0.630861 0.000000 0.000000 0.000000 1.000000 0.000000 0.000000
28.000000 296.384895 -3.144699 1.808343 0.658487 0.000000 0.000000 0.000000 1.000000 0.000000 0.000000
28.000000 296.393790 -3.134211 1.804084 0.660880 0.000000 0.000000 0.000000 1.000000 0.000000 0.000000
28.000000 296.394720 -3.130029 1.804049 0.660702 0.000000 0.000000 0.000000 1.000000 0.000000 0.000000
28.000000 296.403739 -3.134813 1.810772 0.652231 0.000000 0.000000 0.000000 1.000000 0.000000 0.000000
28.000000 296.404697 -3.178071 1.812863 0.652424 0.000000 0.000000 0.000000 1.000000 0.000000 0.000000
28.000000 296.413761 -3.211274 1.812852 0.665772 0.000000 0.000000 0.000000 1.000000 0.000000 0.000000
28.000000 296.414642 -3.237498 1.812939 0.667034 0.000000 0.000000 0.000000 1.000000 0.000000 0.000000
28.000000 296.423643 -3.379243 1.860104 0.650139 0.000000 0.000000 0.000000 1.000000 0.000000 0.000000
28.000000 296.424695 -3.383879 1.858629 0.652609 0.000000 0.000000 0.000000 1.000000 0.000000 0.000000
28.000000 296.433837 -3.439672 1.872654 0.653023 0.000000 0.000000 0.000000 1.000000 0.000000 0.000000
28.000000 296.434691 -3.538700 1.886223 0.640152 0.000000 0.000000 0.000000 1.000000 0.000000 0.000000
28.000000 296.443763 -3.546246 1.889946 0.637391 0.000000 0.000000 0.000000 1.000000 0.000000 0.000000
28.000000 296.444720 -3.570017 1.890474 0.638295 0.000000 0.000000 0.000000 1.000000 0.000000 0.000000
28.000000 296.453765 -3.350369 1.818602 0.662928 0.000000 0.000000 0.000000 1.000000 0.000000 0.000000
28.000000 296.454875 -3.318973 1.813744 0.667853 0.000000 0.000000 0.000000 1.000000 0.000000 0.000000
28.000000 296.463771 -3.325129 1.815767 0.667151 0.000000 0.000000 0.000000 1.000000 0.000000 0.000000
28.000000 296.464712 -3.368961 1.821460 0.661848 0.000000 0.000000 0.000000 1.000000 0.000000 0.000000
28.000000 296.473852 -3.563754 1.885618 0.639254 0.000000 0.000000 0.000000 1.000000 0.000000 0.000000
28.000000 296.474725 -3.604700 1.891758 0.633133 0.000000 0.000000 0.000000 1.000000 0.000000 0.000000
28.000000 296.483753 -3.575426 1.880221 0.639573 0.000000 0.000000 0.000000 1.000000 0.000000 0.000000
28.000000 296.484803 -3.624012 1.887351 0.632554 0.000000 0.000000 0.000000 1.000000 0.000000 0.000000
28.000000 296.734799 -4.209696 1.872059 0.271192 0.000000 0.000000 0.000000 1.000000 0.000000 0.000000
