19.000000 167.847138 24.824077 -0.298962 0.516934 0.000000 0.000000 0.000000 1.000000 0.000000 0.000000
19.000000 167.857101 24.726536 -0.309540 0.603103 0.000000 0.000000 0.000000 1.000000 0.000000 0.000000
19.000000 167.867158 24.504811 -0.317876 0.736281 0.000000 0.000000 0.000000 1.000000 0.000000 0.000000
19.000000 167.877019 24.260691 -0.330237 0.835888 0.000000 0.000000 0.000000 1.000000 0.000000 0.000000
19.000000 167.887196 24.145877 -0.321804 0.916727 0.000000 0.000000 0.000000 1.000000 0.000000 0.000000
19.000000 167.897193 24.009459 -0.332155 0.995976 0.000000 0.000000 0.000000 1.000000 0.000000 0.000000
19.000000 167.904645 22.895858 -0.483536 1.121496 0.000000 0.000000 0.000000 1.000000 0.000000 0.000000
19.000000 167.907134 22.999918 -0.350526 1.335891 0.000000 0.000000 0.000000 1.000000 0.000000 0.000000
19.000000 167.914699 22.812041 -0.481069 1.217600 0.000000 0.000000 0.000000 1.000000 0.000000 0.000000
19.000000 167.917111 22.905163 -0.355430 1.414490 0.000000 0.000000 0.000000 1.000000 0.000000 0.000000
19.000000 167.924716 22.707956 -0.485074 1.289288 0.000000 0.000000 0.000000 1.000000 0.000000 0.000000
19.000000 167.927150 22.808917 -0.362990 1.487665 0.000000 0.000000 0.000000 1.000000 0.000000 0.000000
19.000000 167.934746 22.590616 -0.483101 1.360349 0.000000 0.000000 0.000000 1.000000 0.000000 0.000000
19.000000 167.937097 22.727780 -0.380022 1.568227 0.000000 0.000000 0.000000 1.000000 0.000000 0.000000
19.000000 167.944661 22.481019 -0.479918 1.430536 0.000000 0.000000 0.000000 1.000000 0.000000 0.000000
19.000000 167.947198 22.618077 -0.380278 1.635285 0.000000 0.000000 0.000000 1.000000 0.000000 0.000000
19.000000 167.954746 22.350018 -0.481980 1.488947 0.000000 0.000000 0.000000 1.000000 0.000000 0.000000
19.000000 167.957105 22.491531 -0.383878 1.694237 0.000000 0.000000 0.000000 1.000000 0.000000 0.000000
19.000000 167.964729 22.269563 -0.481630 1.576626 0.000000 0.000000 0.000000 1.000000 0.000000 0.000000
19.000000 167.967213 22.393735 -0.387383 1.763309 0.000000 0.000000 0.000000 1.000000 0.000000 0.000000
19.000000 167.974681 22.158095 -0.483248 1.641818 0.000000 0.000000 0.000000 1.000000 0.000000 0.000000
19.000000 167.977061 22.283096 -0.388466 1.828025 0.000000 0.000000 0.000000 1.000000 0.000000 0.000000
19.000000 167.985025 22.049982 -0.484211 1.709717 0.000000 0.000000 0.000000 1.000000 0.000000 0.000000
19.000000 167.987199 22.163190 -0.393745 1.886502 0.000000 0.000000 0.000000 1.000000 0.000000 0.000000
19.000000 167.994714 21.940797 -0.484144 1.774816 0.000000 0.000000 0.000000 1.000000 0.000000 0.000000
19.000000 167.997063 22.068877 -0.392477 1.957921 0.000000 0.000000 0.000000 1.000000 0.000000 0.000000
19.000000 168.004777 21.849861 -0.498590 1.832785 0.000000 0.000000 0.000000 1.000000 0.000000 0.000000
19.000000 168.007231 21.964918 -0.398697 2.018089 0.000000 0.000000 0.000000 1.000000 0.000000 0.000000
19.000000 168.014736 21.727558 -0.488523 1.900125 0.000000 0.000000 0.000000 1.000000 0.000000 0.000000
19.000000 168.017129 21.861829 -0.406229 2.076856 0.000000 0.000000 0.000000 1.000000 0.000000 0.000000
19.000000 168.024785 21.619357 -0.489184 1.962233 0.000000 0.000000 0.000000 1.000000 0.000000 0.000000
19.000000 168.027214 21.752298 -0.406328 2.137905 0.000000 0.000000 0.000000 1.000000 0.000000 0.000000
19.000000 168.034792 21.499845 -0.488795 2.022376 0.000000 0.000000 0.000000 1.000000 0.000000 0.000000
19.000000 168.037124 21.628319 -0.414280 2.188295 0.000000 0.000000 0.000000 1.000000 0.000000 0.000000
19.000000 168.044778 21.391307 -0.492051 2.083511 0.000000 0.000000 0.000000 1.000000 0.000000 0.000000
19.000000 168.047281 21.527044 -0.416214 2.252261 0.000000 0.000000 0.000000 1.000000 0.000000 0.000000
19.000000 168.054898 21.277080 -0.496222 2.133067 0.000000 0.000000 0.000000 1.000000 0.000000 0.000000
19.000000 168.057141 21.412074 -0.418903 2.305568 0.000000 0.000000 0.000000 1.000000 0.000000 0.000000
19.000000 168.064935 21.178711 -0.494469 2.200343 0.000000 0.000000 0.000000 1.000000 0.000000 0.000000
19.000000 168.064997 20.296523 -0.221050 2.085125 0.000000 0.000000 0.000000 1.000000 0.000000 0.000000
19.000000 168.067215 20.583618 -0.426278 2.309838 0.000000 0.000000 0.000000 1.000000 0.000000 0.000000
19.000000 168.074750 21.060560 -0.495600 2.253186 0.000000 0.000000 0.000000 1.000000 0.000000 0.000000
19.000000 168.074828 20.171799 -0.228014 2.143199 0.000000 0.000000 0.000000 1.000000 0.000000 0.000000
19.000000 168.077148 20.455493 -0.429072 2.367398 0.000000 0.000000 0.000000 1.000000 0.000000 0.000000
19.000000 168.084801 20.944601 -0.500142 2.302022 0.000000 0.000000 0.000000 1.000000 0.000000 0.000000
19.000000 168.084856 20.050512 -0.234315 2.198002 0.000000 0.000000 0.000000 1.000000 0.000000 0.000000
19.000000 168.087218 20.330861 -0.428865 2.418571 0.000000 0.000000 0.000000 1.000000 0.000000 0.000000
19.000000 168.094810 20.842408 -0.501506 2.359588 0.000000 0.000000 0.000000 1.000000 0.000000 0.000000
19.000000 168.094864 19.917001 -0.232460 2.258131 0.000000 0.000000 0.000000 1.000000 0.000000 0.000000
19.000000 168.097157 20.202164 -0.431188 2.475787 0.000000 0.000000 0.000000 1.000000 0.000000 0.000000
19.000000 168.104764 20.721298 -0.505223 2.399061 0.000000 0.000000 0.000000 1.000000 0.000000 0.000000
19.000000 168.104921 19.793053 -0.235552 2.317269 0.000000 0.000000 0.000000 1.000000 0.000000 0.000000
19.000000 168.107241 20.076508 -0.434772 2.529876 0.000000 0.000000 0.000000 1.000000 0.000000 0.000000
19.000000 168.114747 20.617571 -0.500669 2.466620 0.000000 0.000000 0.000000 1.000000 0.000000 0.000000
19.000000 168.114899 19.680695 -0.243024 2.368863 0.000000 0.000000 0.000000 1.000000 0.000000 0.000000
19.000000 168.117177 19.964434 -0.439007 2.579690 0.000000 0.000000 0.000000 1.000000 0.000000 0.000000
19.000000 168.124852 20.049495 -0.683265 2.513061 0.000000 0.000000 0.000000 1.000000 0.000000 0.000000
19.000000 168.125021 19.534446 -0.239914 2.421906 0.000000 0.000000 0.000000 1.000000 0.000000 0.000000
19.000000 168.127295 20.669717 -0.454660 2.665145 0.000000 0.000000 0.000000 1.000000 0.000000 0.000000
19.000000 168.134817 19.938992 -0.680424 2.562968 0.000000 0.000000 0.000000 1.000000 0.000000 0.000000
19.000000 168.134872 19.423600 -0.244936 2.474668 0.000000 0.000000 0.000000 1.000000 0.000000 0.000000
19.000000 168.137168 20.541612 -0.452893 2.713227 0.000000 0.000000 0.000000 1.000000 0.000000 0.000000
19.000000 168.144737 20.296890 -0.502491 2.616236 0.000000 0.000000 0.000000 1.000000 0.000000 0.000000
19.000000 168.144892 19.265542 -0.237274 2.513738 0.000000 0.000000 0.000000 1.000000 0.000000 0.000000
19.000000 168.147280 19.575129 -0.447068 2.723446 0.000000 0.000000 0.000000 1.000000 0.000000 0.000000
19.000000 168.154826 19.705734 -0.704795 2.661172 0.000000 0.000000 0.000000 1.000000 0.000000 0.000000
19.000000 168.154971 19.152410 -0.249724 2.568560 0.000000 0.000000 0.000000 1.000000 0.000000 0.000000
19.000000 168.157204 20.333022 -0.462772 2.802779 0.000000 0.000000 0.000000 1.000000 0.000000 0.000000
19.000000 168.164824 19.581924 -0.689252 2.707629 0.000000 0.000000 0.000000 1.000000 0.000000 0.000000
19.000000 168.164971 19.052006 -0.258287 2.623295 0.000000 0.000000 0.000000 1.000000 0.000000 0.000000
19.000000 168.167309 20.233999 -0.469092 2.852222 0.000000 0.000000 0.000000 1.000000 0.000000 0.000000
19.000000 168.174828 19.459858 -0.691152 2.752465 0.000000 0.000000 0.000000 1.000000 0.000000 0.000000
19.000000 168.175014 18.922724 -0.259245 2.669780 0.000000 0.000000 0.000000 1.000000 0.000000 0.000000
19.000000 168.177162 20.134205 -0.476494 2.893296 0.000000 0.000000 0.000000 1.000000 0.000000 0.000000
19.000000 168.184794 19.339435 -0.692598 2.799259 0.000000 0.000000 0.000000 1.000000 0.000000 0.000000
19.000000 168.184975 18.799480 -0.264924 2.717458 0.000000 0.000000 0.000000 1.000000 0.000000 0.000000
19.000000 168.187260 20.010488 -0.477614 2.937036 0.000000 0.000000 0.000000 1.000000 0.000000 0.000000
19.000000 168.194792 19.221002 -0.698990 2.842845 0.000000 0.000000 0.000000 1.000000 0.000000 0.000000
19.000000 168.194814 18.670450 -0.266902 2.765197 0.000000 0.000000 0.000000 1.000000 0.000000 0.000000
19.000000 168.197225 19.875355 -0.474411 2.975440 0.000000 0.000000 0.000000 1.000000 0.000000 0.000000
19.000000 168.204897 19.120730 -0.710098 2.875369 0.000000 0.000000 0.000000 1.000000 0.000000 0.000000
19.000000 168.204901 18.562554 -0.275936 2.809429 0.000000 0.000000 0.000000 1.000000 0.000000 0.000000
19.000000 168.207247 19.778674 -0.484334 3.016856 0.000000 0.000000 0.000000 1.000000 0.000000 0.000000
19.000000 168.214781 19.483414 -0.518149 2.926002 0.000000 0.000000 0.000000 1.000000 0.000000 0.000000
19.000000 168.214845 18.426343 -0.277655 2.848372 0.000000 0.000000 0.000000 1.000000 0.000000 0.000000
19.000000 168.217217 18.726790 -0.470771 3.025700 0.000000 0.000000 0.000000 1.000000 0.000000 0.000000
19.000000 168.224776 18.862391 -0.705501 2.971455 0.000000 0.000000 0.000000 1.000000 0.000000 0.000000
19.000000 168.224947 18.288467 -0.272811 2.892223 0.000000 0.000000 0.000000 1.000000 0.000000 0.000000
19.000000 168.227363 19.570540 -0.494552 3.092132 0.000000 0.000000 0.000000 1.000000 0.000000 0.000000
19.000000 168.234801 18.765437 -0.701802 3.007361 0.000000 0.000000 0.000000 1.000000 0.000000 0.000000
19.000000 168.234851 18.213431 -0.288004 2.936962 0.000000 0.000000 0.000000 1.000000 0.000000 0.000000
19.000000 168.237170 19.459156 -0.494065 3.129899 0.000000 0.000000 0.000000 1.000000 0.000000 0.000000
19.000000 168.244803 18.639201 -0.710594 3.047017 0.000000 0.000000 0.000000 1.000000 0.000000 0.000000
19.000000 168.244975 18.065639 -0.286383 2.974667 0.000000 0.000000 0.000000 1.000000 0.000000 0.000000
19.000000 168.247297 19.332602 -0.495620 3.162758 0.000000 0.000000 0.000000 1.000000 0.000000 0.000000
19.000000 168.254804 18.522343 -0.718692 3.077593 0.000000 0.000000 0.000000 1.000000 0.000000 0.000000
19.000000 168.254878 17.942995 -0.294445 3.011697 0.000000 0.000000 0.000000 1.000000 0.000000 0.000000
19.000000 168.257209 19.248535 -0.508400 3.199908 0.000000 0.000000 0.000000 1.000000 0.000000 0.000000
19.000000 168.264787 18.400287 -0.714445 3.122741 0.000000 0.000000 0.000000 1.000000 0.000000 0.000000
19.000000 168.265010 17.813829 -0.290891 3.052730 0.000000 0.000000 0.000000 1.000000 0.000000 0.000000
19.000000 168.267312 19.119169 -0.506828 3.232365 0.000000 0.000000 0.000000 1.000000 0.000000 0.000000
19.000000 168.274754 18.284979 -0.720287 3.159007 0.000000 0.000000 0.000000 1.000000 0.000000 0.000000
19.000000 168.274864 17.703018 -0.304139 3.093042 0.000000 0.000000 0.000000 1.000000 0.000000 0.000000
19.000000 168.277239 18.981110 -0.509527 3.265078 0.000000 0.000000 0.000000 1.000000 0.000000 0.000000
19.000000 168.284906 18.175541 -0.722052 3.187522 0.000000 0.000000 0.000000 1.000000 0.000000 0.000000
19.000000 168.284951 17.595548 -0.312959 3.127354 0.000000 0.000000 0.000000 1.000000 0.000000 0.000000
19.000000 168.287366 18.902743 -0.523765 3.302855 0.000000 0.000000 0.000000 1.000000 0.000000 0.000000
19.000000 168.294760 18.052270 -0.725229 3.227098 0.000000 0.000000 0.000000 1.000000 0.000000 0.000000
19.000000 168.294892 17.446575 -0.302678 3.167387 0.000000 0.000000 0.000000 1.000000 0.000000 0.000000
19.000000 168.297213 18.772611 -0.519132 3.335839 0.000000 0.000000 0.000000 1.000000 0.000000 0.000000
19.000000 168.304879 17.943399 -0.730183 3.252489 0.000000 0.000000 0.000000 1.000000 0.000000 0.000000
19.000000 168.304931 17.326660 -0.304640 3.202066 0.000000 0.000000 0.000000 1.000000 0.000000 0.000000
19.000000 168.307257 18.627222 -0.521405 3.361781 0.000000 0.000000 0.000000 1.000000 0.000000 0.000000
19.000000 168.314816 17.823646 -0.732402 3.285940 0.000000 0.000000 0.000000 1.000000 0.000000 0.000000
19.000000 168.314860 17.223875 -0.322662 3.230837 0.000000 0.000000 0.000000 1.000000 0.000000 0.000000
19.000000 168.324795 17.717615 -0.740937 3.317893 0.000000 0.000000 0.000000 1.000000 0.000000 0.000000
19.000000 168.325064 17.097642 -0.321057 3.265868 0.000000 0.000000 0.000000 1.000000 0.000000 0.000000
19.000000 168.334774 17.609928 -0.740969 3.338825 0.000000 0.000000 0.000000 1.000000 0.000000 0.000000
19.000000 168.334933 16.999323 -0.333588 3.289634 0.000000 0.000000 0.000000 1.000000 0.000000 0.000000
19.000000 168.337180 18.248021 -0.528298 3.440335 0.000000 0.000000 0.000000 1.000000 0.000000 0.000000
19.000000 168.344810 17.486840 -0.744503 3.372621 0.000000 0.000000 0.000000 1.000000 0.000000 0.000000
19.000000 168.344937 16.878940 -0.340918 3.323155 0.000000 0.000000 0.000000 1.000000 0.000000 0.000000
19.000000 168.347363 18.171486 -0.543778 3.461731 0.000000 0.000000 0.000000 1.000000 0.000000 0.000000
19.000000 168.354780 17.360894 -0.746204 3.398231 0.000000 0.000000 0.000000 1.000000 0.000000 0.000000
19.000000 168.354915 16.739322 -0.338898 3.350480 0.000000 0.000000 0.000000 1.000000 0.000000 0.000000
19.000000 168.364841 17.243974 -0.748367 3.416070 0.000000 0.000000 0.000000 1.000000 0.000000 0.000000
19.000000 168.364975 16.618059 -0.342172 3.375414 0.000000 0.000000 0.000000 1.000000 0.000000 0.000000
19.000000 168.367404 17.859660 -0.536695 3.505105 0.000000 0.000000 0.000000 1.000000 0.000000 0.000000
19.000000 168.374856 17.137780 -0.751868 3.432207 0.000000 0.000000 0.000000 1.000000 0.000000 0.000000
19.000000 168.374979 16.513097 -0.350382 3.396283 0.000000 0.000000 0.000000 1.000000 0.000000 0.000000
19.000000 168.377360 17.714979 -0.533705 3.525269 0.000000 0.000000 0.000000 1.000000 0.000000 0.000000
19.000000 168.384864 17.031676 -0.748432 3.461364 0.000000 0.000000 0.000000 1.000000 0.000000 0.000000
19.000000 168.385124 16.424458 -0.360942 3.430231 0.000000 0.000000 0.000000 1.000000 0.000000 0.000000
19.000000 168.387321 17.609731 -0.545150 3.548187 0.000000 0.000000 0.000000 1.000000 0.000000 0.000000
19.000000 168.394971 16.899700 -0.748932 3.477816 0.000000 0.000000 0.000000 1.000000 0.000000 0.000000
19.000000 168.395002 16.291764 -0.366831 3.448005 0.000000 0.000000 0.000000 1.000000 0.000000 0.000000
19.000000 168.397232 17.445385 -0.545468 3.566498 0.000000 0.000000 0.000000 1.000000 0.000000 0.000000
19.000000 168.404962 16.802839 -0.761745 3.505846 0.000000 0.000000 0.000000 1.000000 0.000000 0.000000
19.000000 168.405039 16.157880 -0.360350 3.464625 0.000000 0.000000 0.000000 1.000000 0.000000 0.000000
19.000000 168.407299 17.339342 -0.544674 3.575484 0.000000 0.000000 0.000000 1.000000 0.000000 0.000000
19.000000 168.414966 16.688309 -0.772893 3.521555 0.000000 0.000000 0.000000 1.000000 0.000000 0.000000
19.000000 168.414982 16.042923 -0.374415 3.493548 0.000000 0.000000 0.000000 1.000000 0.000000 0.000000
19.000000 168.417186 17.209589 -0.550078 3.607914 0.000000 0.000000 0.000000 1.000000 0.000000 0.000000
19.000000 168.424988 17.063124 -0.581208 3.552595 0.000000 0.000000 0.000000 1.000000 0.000000 0.000000
19.000000 168.425022 15.931902 -0.383349 3.514282 0.000000 0.000000 0.000000 1.000000 0.000000 0.000000
19.000000 168.434853 16.989643 -0.574484 3.562359 0.000000 0.000000 0.000000 1.000000 0.000000 0.000000
19.000000 168.434993 15.767142 -0.362270 3.521836 0.000000 0.000000 0.000000 1.000000 0.000000 0.000000
19.000000 168.437284 16.088721 -0.541319 3.603190 0.000000 0.000000 0.000000 1.000000 0.000000 0.000000
19.000000 168.444911 16.329563 -0.771088 3.560785 0.000000 0.000000 0.000000 1.000000 0.000000 0.000000
19.000000 168.445000 15.691227 -0.388943 3.543687 0.000000 0.000000 0.000000 1.000000 0.000000 0.000000
19.000000 168.447351 16.789490 -0.557236 3.649564 0.000000 0.000000 0.000000 1.000000 0.000000 0.000000
19.000000 168.454902 16.686234 -0.583616 3.592840 0.000000 0.000000 0.000000 1.000000 0.000000 0.000000
19.000000 168.454978 15.569527 -0.392183 3.555000 0.000000 0.000000 0.000000 1.000000 0.000000 0.000000
19.000000 168.457345 15.866794 -0.550866 3.628210 0.000000 0.000000 0.000000 1.000000 0.000000 0.000000
19.000000 168.464904 16.102318 -0.778821 3.580613 0.000000 0.000000 0.000000 1.000000 0.000000 0.000000
19.000000 168.465057 15.455005 -0.399239 3.569942 0.000000 0.000000 0.000000 1.000000 0.000000 0.000000
19.000000 168.467358 16.549417 -0.561552 3.684956 0.000000 0.000000 0.000000 1.000000 0.000000 0.000000
19.000000 168.474938 16.483499 -0.590087 3.628320 0.000000 0.000000 0.000000 1.000000 0.000000 0.000000
19.000000 168.474957 15.298305 -0.392520 3.576189 0.000000 0.000000 0.000000 1.000000 0.000000 0.000000
19.000000 168.477314 15.622488 -0.561346 3.648961 0.000000 0.000000 0.000000 1.000000 0.000000 0.000000
19.000000 168.484987 16.359131 -0.597008 3.638721 0.000000 0.000000 0.000000 1.000000 0.000000 0.000000
19.000000 168.487557 16.306253 -0.569338 3.704000 0.000000 0.000000 0.000000 1.000000 0.000000 0.000000
19.000000 168.495061 16.222479 -0.594246 3.651547 0.000000 0.000000 0.000000 1.000000 0.000000 0.000000
19.000000 168.497487 16.157166 -0.566383 3.711738 0.000000 0.000000 0.000000 1.000000 0.000000 0.000000
19.000000 168.505098 16.155717 -0.600567 3.672114 0.000000 0.000000 0.000000 1.000000 0.000000 0.000000
19.000000 168.507329 16.028966 -0.567231 3.723102 0.000000 0.000000 0.000000 1.000000 0.000000 0.000000
19.000000 168.514992 16.037494 -0.608949 3.680387 0.000000 0.000000 0.000000 1.000000 0.000000 0.000000
19.000000 168.517346 15.895110 -0.571482 3.733726 0.000000 0.000000 0.000000 1.000000 0.000000 0.000000
19.000000 168.525086 15.919361 -0.613822 3.688335 0.000000 0.000000 0.000000 1.000000 0.000000 0.000000
19.000000 168.535033 15.782023 -0.616476 3.697167 0.000000 0.000000 0.000000 1.000000 0.000000 0.000000
19.000000 168.537397 15.578677 -0.573381 3.745275 0.000000 0.000000 0.000000 1.000000 0.000000 0.000000
19.000000 168.545090 15.665821 -0.617308 3.707688 0.000000 0.000000 0.000000 1.000000 0.000000 0.000000
19.000000 168.555073 15.576259 -0.619342 3.712001 0.000000 0.000000 0.000000 1.000000 0.000000 0.000000
19.000000 168.557390 15.395290 -0.585877 3.752884 0.000000 0.000000 0.000000 1.000000 0.000000 0.000000
19.000000 168.565079 14.967462 -0.819952 3.676731 0.000000 0.000000 0.000000 1.000000 0.000000 0.000000
19.000000 168.565212 14.266974 -0.444883 3.662113 0.000000 0.000000 0.000000 1.000000 0.000000 0.000000
19.000000 168.567410 15.261450 -0.588596 3.757768 0.000000 0.000000 0.000000 1.000000 0.000000 0.000000
19.000000 168.574969 14.885145 -0.817982 3.675073 0.000000 0.000000 0.000000 1.000000 0.000000 0.000000
19.000000 168.574977 14.205887 -0.454957 3.671338 0.000000 0.000000 0.000000 1.000000 0.000000 0.000000
19.000000 168.577357 14.976067 -0.567352 3.752397 0.000000 0.000000 0.000000 1.000000 0.000000 0.000000
19.000000 168.585012 14.786577 -0.821465 3.685469 0.000000 0.000000 0.000000 1.000000 0.000000 0.000000
19.000000 168.585104 14.111299 -0.462736 3.677921 0.000000 0.000000 0.000000 1.000000 0.000000 0.000000
19.000000 168.594977 15.117923 -0.637430 3.729168 0.000000 0.000000 0.000000 1.000000 0.000000 0.000000
19.000000 168.595054 14.020114 -0.474528 3.688277 0.000000 0.000000 0.000000 1.000000 0.000000 0.000000
19.000000 168.597418 14.258156 -0.588646 3.716402 0.000000 0.000000 0.000000 1.000000 0.000000 0.000000
19.000000 168.605080 15.004111 -0.644080 3.729368 0.000000 0.000000 0.000000 1.000000 0.000000 0.000000
19.000000 168.605147 13.920322 -0.484142 3.693663 0.000000 0.000000 0.000000 1.000000 0.000000 0.000000
19.000000 168.607470 14.135152 -0.585668 3.719316 0.000000 0.000000 0.000000 1.000000 0.000000 0.000000
19.000000 168.614961 14.897066 -0.644358 3.730318 0.000000 0.000000 0.000000 1.000000 0.000000 0.000000
19.000000 168.615095 13.801984 -0.484241 3.695763 0.000000 0.000000 0.000000 1.000000 0.000000 0.000000
19.000000 168.617508 14.051194 -0.603983 3.720648 0.000000 0.000000 0.000000 1.000000 0.000000 0.000000
19.000000 168.625072 14.793785 -0.653419 3.724231 0.000000 0.000000 0.000000 1.000000 0.000000 0.000000
19.000000 168.625159 13.712508 -0.496017 3.694508 0.000000 0.000000 0.000000 1.000000 0.000000 0.000000
19.000000 168.634969 14.692085 -0.650463 3.723194 0.000000 0.000000 0.000000 1.000000 0.000000 0.000000
19.000000 168.635159 13.636386 -0.496650 3.699501 0.000000 0.000000 0.000000 1.000000 0.000000 0.000000
19.000000 168.637407 13.862565 -0.604557 3.718435 0.000000 0.000000 0.000000 1.000000 0.000000 0.000000
19.000000 168.645135 14.148345 -0.833098 3.688615 0.000000 0.000000 0.000000 1.000000 0.000000 0.000000
19.000000 168.645147 13.515827 -0.509886 3.693254 0.000000 0.000000 0.000000 1.000000 0.000000 0.000000
19.000000 168.647605 14.163645 -0.607705 3.749991 0.000000 0.000000 0.000000 1.000000 0.000000 0.000000
19.000000 168.654985 14.435364 -0.662760 3.721153 0.000000 0.000000 0.000000 1.000000 0.000000 0.000000
19.000000 168.655164 13.404342 -0.515859 3.687907 0.000000 0.000000 0.000000 1.000000 0.000000 0.000000
19.000000 168.665080 14.336189 -0.663872 3.718766 0.000000 0.000000 0.000000 1.000000 0.000000 0.000000
19.000000 168.665177 13.300533 -0.517284 3.686695 0.000000 0.000000 0.000000 1.000000 0.000000 0.000000
19.000000 168.675050 14.203588 -0.670887 3.712835 0.000000 0.000000 0.000000 1.000000 0.000000 0.000000
19.000000 168.675114 13.214707 -0.531680 3.682001 0.000000 0.000000 0.000000 1.000000 0.000000 0.000000
19.000000 168.677458 13.412637 -0.620928 3.693642 0.000000 0.000000 0.000000 1.000000 0.000000 0.000000
19.000000 168.685114 14.099313 -0.674719 3.709216 0.000000 0.000000 0.000000 1.000000 0.000000 0.000000
19.000000 168.685214 13.100256 -0.535528 3.673036 0.000000 0.000000 0.000000 1.000000 0.000000 0.000000
19.000000 168.687488 13.296849 -0.622710 3.683203 0.000000 0.000000 0.000000 1.000000 0.000000 0.000000
19.000000 168.695076 13.993408 -0.676942 3.706039 0.000000 0.000000 0.000000 1.000000 0.000000 0.000000
19.000000 168.695354 12.983180 -0.538281 3.669758 0.000000 0.000000 0.000000 1.000000 0.000000 0.000000
19.000000 168.697430 13.163359 -0.617604 3.680025 0.000000 0.000000 0.000000 1.000000 0.000000 0.000000
19.000000 168.705138 13.886863 -0.678476 3.700189 0.000000 0.000000 0.000000 1.000000 0.000000 0.000000
19.000000 168.705264 12.870297 -0.541552 3.657501 0.000000 0.000000 0.000000 1.000000 0.000000 0.000000
19.000000 168.714932 13.769278 -0.682540 3.689258 0.000000 0.000000 0.000000 1.000000 0.000000 0.000000
19.000000 168.715159 12.752680 -0.546572 3.646924 0.000000 0.000000 0.000000 1.000000 0.000000 0.000000
19.000000 168.717400 12.951091 -0.632601 3.662271 0.000000 0.000000 0.000000 1.000000 0.000000 0.000000
19.000000 168.725130 13.650876 -0.686148 3.675351 0.000000 0.000000 0.000000 1.000000 0.000000 0.000000
19.000000 168.725163 12.651099 -0.553332 3.638279 0.000000 0.000000 0.000000 1.000000 0.000000 0.000000
19.000000 168.727521 12.834943 -0.632094 3.656077 0.000000 0.000000 0.000000 1.000000 0.000000 0.000000
19.000000 168.735109 13.572152 -0.695016 3.667546 0.000000 0.000000 0.000000 1.000000 0.000000 0.000000
19.000000 168.735384 12.558294 -0.560533 3.630957 0.000000 0.000000 0.000000 1.000000 0.000000 0.000000
19.000000 168.737323 12.728199 -0.631069 3.648167 0.000000 0.000000 0.000000 1.000000 0.000000 0.000000
19.000000 168.745168 13.442246 -0.697753 3.652321 0.000000 0.000000 0.000000 1.000000 0.000000 0.000000
19.000000 168.745373 12.447245 -0.566448 3.618196 0.000000 0.000000 0.000000 1.000000 0.000000 0.000000
19.000000 168.747511 12.630957 -0.645061 3.629584 0.000000 0.000000 0.000000 1.000000 0.000000 0.000000
19.000000 168.755037 13.324051 -0.703501 3.635717 0.000000 0.000000 0.000000 1.000000 0.000000 0.000000
19.000000 168.755149 12.367715 -0.577086 3.605171 0.000000 0.000000 0.000000 1.000000 0.000000 0.000000
19.000000 168.757337 12.514321 -0.637129 3.614778 0.000000 0.000000 0.000000 1.000000 0.000000 0.000000
19.000000 168.765129 12.868112 -0.870088 3.582838 0.000000 0.000000 0.000000 1.000000 0.000000 0.000000
19.000000 168.765143 12.257365 -0.581430 3.589852 0.000000 0.000000 0.000000 1.000000 0.000000 0.000000
19.000000 168.767543 12.612185 -0.636612 3.631374 0.000000 0.000000 0.000000 1.000000 0.000000 0.000000
19.000000 168.775133 12.165334 -0.589257 3.569835 0.000000 0.000000 0.000000 1.000000 0.000000 0.000000
19.000000 168.777357 12.481976 -0.637906 3.611929 0.000000 0.000000 0.000000 1.000000 0.000000 0.000000
19.000000 168.785181 12.072639 -0.602777 3.556085 0.000000 0.000000 0.000000 1.000000 0.000000 0.000000
19.000000 168.787555 12.208585 -0.657157 3.556825 0.000000 0.000000 0.000000 1.000000 0.000000 0.000000
19.000000 168.795113 11.960300 -0.605833 3.541429 0.000000 0.000000 0.000000 1.000000 0.000000 0.000000
19.000000 168.797348 12.085548 -0.655096 3.542441 0.000000 0.000000 0.000000 1.000000 0.000000 0.000000
19.000000 168.805152 12.763895 -0.739318 3.545087 0.000000 0.000000 0.000000 1.000000 0.000000 0.000000
19.000000 168.805241 11.899000 -0.624608 3.523197 0.000000 0.000000 0.000000 1.000000 0.000000 0.000000
19.000000 168.807544 11.981387 -0.653069 3.519108 0.000000 0.000000 0.000000 1.000000 0.000000 0.000000
19.000000 168.815047 12.640476 -0.741789 3.538024 0.000000 0.000000 0.000000 1.000000 0.000000 0.000000
19.000000 168.815199 11.791655 -0.631851 3.506750 0.000000 0.000000 0.000000 1.000000 0.000000 0.000000
19.000000 168.817430 11.868721 -0.657730 3.500639 0.000000 0.000000 0.000000 1.000000 0.000000 0.000000
19.000000 168.825165 12.219806 -0.885430 3.481453 0.000000 0.000000 0.000000 1.000000 0.000000 0.000000
19.000000 168.825199 11.623624 -0.617700 3.472021 0.000000 0.000000 0.000000 1.000000 0.000000 0.000000
19.000000 168.827557 11.764245 -0.644999 3.509252 0.000000 0.000000 0.000000 1.000000 0.000000 0.000000
19.000000 168.835097 12.432636 -0.739255 3.491759 0.000000 0.000000 0.000000 1.000000 0.000000 0.000000
19.000000 168.835154 11.562291 -0.630038 3.451535 0.000000 0.000000 0.000000 1.000000 0.000000 0.000000
19.000000 168.837443 11.653381 -0.661145 3.451089 0.000000 0.000000 0.000000 1.000000 0.000000 0.000000
19.000000 168.845172 12.322827 -0.744460 3.471107 0.000000 0.000000 0.000000 1.000000 0.000000 0.000000
19.000000 168.845328 11.443945 -0.633500 3.427895 0.000000 0.000000 0.000000 1.000000 0.000000 0.000000
19.000000 168.847511 11.546670 -0.669495 3.420019 0.000000 0.000000 0.000000 1.000000 0.000000 0.000000
19.000000 168.855074 12.211429 -0.755976 3.452395 0.000000 0.000000 0.000000 1.000000 0.000000 0.000000
19.000000 168.855089 11.366327 -0.650676 3.403573 0.000000 0.000000 0.000000 1.000000 0.000000 0.000000
19.000000 168.857392 11.432458 -0.668291 3.394713 0.000000 0.000000 0.000000 1.000000 0.000000 0.000000
19.000000 168.865119 11.833045 -0.893314 3.382256 0.000000 0.000000 0.000000 1.000000 0.000000 0.000000
19.000000 168.865177 11.301931 -0.660902 3.380266 0.000000 0.000000 0.000000 1.000000 0.000000 0.000000
19.000000 168.867498 11.199669 -0.655167 3.415907 0.000000 0.000000 0.000000 1.000000 0.000000 0.000000
19.000000 168.875147 11.724036 -0.899552 3.355510 0.000000 0.000000 0.000000 1.000000 0.000000 0.000000
19.000000 168.875163 11.197346 -0.670312 3.359806 0.000000 0.000000 0.000000 1.000000 0.000000 0.000000
19.000000 168.877356 10.949841 -0.649159 3.392076 0.000000 0.000000 0.000000 1.000000 0.000000 0.000000
19.000000 168.885187 11.611473 -0.900589 3.328349 0.000000 0.000000 0.000000 1.000000 0.000000 0.000000
19.000000 168.885193 11.083106 -0.672262 3.328189 0.000000 0.000000 0.000000 1.000000 0.000000 0.000000
19.000000 168.887533 10.896973 -0.657417 3.360609 0.000000 0.000000 0.000000 1.000000 0.000000 0.000000
19.000000 168.895117 11.770050 -0.777903 3.352782 0.000000 0.000000 0.000000 1.000000 0.000000 0.000000
19.000000 168.895216 10.968917 -0.678055 3.308000 0.000000 0.000000 0.000000 1.000000 0.000000 0.000000
19.000000 168.897433 10.998810 -0.680770 3.289517 0.000000 0.000000 0.000000 1.000000 0.000000 0.000000
19.000000 168.905186 11.396019 -0.912834 3.279047 0.000000 0.000000 0.000000 1.000000 0.000000 0.000000
19.000000 168.905213 10.851856 -0.679583 3.276781 0.000000 0.000000 0.000000 1.000000 0.000000 0.000000
19.000000 168.907494 10.647816 -0.660455 3.302259 0.000000 0.000000 0.000000 1.000000 0.000000 0.000000
19.000000 168.915105 11.556297 -0.782494 3.288329 0.000000 0.000000 0.000000 1.000000 0.000000 0.000000
19.000000 168.915161 10.752382 -0.682628 3.245010 0.000000 0.000000 0.000000 1.000000 0.000000 0.000000
19.000000 168.917444 10.790033 -0.687451 3.231149 0.000000 0.000000 0.000000 1.000000 0.000000 0.000000
19.000000 168.925135 11.204289 -0.917475 3.214561 0.000000 0.000000 0.000000 1.000000 0.000000 0.000000
19.000000 168.925138 10.657572 -0.686437 3.213254 0.000000 0.000000 0.000000 1.000000 0.000000 0.000000
19.000000 168.927538 10.440936 -0.666528 3.244516 0.000000 0.000000 0.000000 1.000000 0.000000 0.000000
19.000000 168.935127 11.325220 -0.798200 3.230546 0.000000 0.000000 0.000000 1.000000 0.000000 0.000000
19.000000 168.935151 10.627937 -0.711348 3.176497 0.000000 0.000000 0.000000 1.000000 0.000000 0.000000
19.000000 168.937498 10.636167 -0.699645 3.154158 0.000000 0.000000 0.000000 1.000000 0.000000 0.000000
19.000000 168.945176 11.010876 -0.921788 3.149139 0.000000 0.000000 0.000000 1.000000 0.000000 0.000000
19.000000 168.945251 10.459242 -0.692048 3.143345 0.000000 0.000000 0.000000 1.000000 0.000000 0.000000
19.000000 168.947621 10.312674 -0.681749 3.179264 0.000000 0.000000 0.000000 1.000000 0.000000 0.000000
19.000000 168.955154 11.152172 -0.797324 3.161056 0.000000 0.000000 0.000000 1.000000 0.000000 0.000000
19.000000 168.955162 10.372569 -0.701175 3.112454 0.000000 0.000000 0.000000 1.000000 0.000000 0.000000
19.000000 168.957547 10.415542 -0.706444 3.096858 0.000000 0.000000 0.000000 1.000000 0.000000 0.000000
19.000000 168.965107 10.799299 -0.932539 3.080400 0.000000 0.000000 0.000000 1.000000 0.000000 0.000000
19.000000 168.965220 10.225057 -0.695911 3.073249 0.000000 0.000000 0.000000 1.000000 0.000000 0.000000
19.000000 168.967628 10.066258 -0.682067 3.108973 0.000000 0.000000 0.000000 1.000000 0.000000 0.000000
19.000000 168.975136 10.707414 -0.933066 3.041239 0.000000 0.000000 0.000000 1.000000 0.000000 0.000000
19.000000 168.975141 10.168256 -0.712725 3.036643 0.000000 0.000000 0.000000 1.000000 0.000000 0.000000
19.000000 168.977515 9.952136 -0.689049 3.072895 0.000000 0.000000 0.000000 1.000000 0.000000 0.000000
19.000000 168.985165 10.608830 -0.934645 3.002772 0.000000 0.000000 0.000000 1.000000 0.000000 0.000000
19.000000 168.985185 10.081350 -0.720561 3.001770 0.000000 0.000000 0.000000 1.000000 0.000000 0.000000
19.000000 168.987633 9.814729 -0.695623 3.038400 0.000000 0.000000 0.000000 1.000000 0.000000 0.000000
19.000000 168.995117 10.707813 -0.818111 3.011867 0.000000 0.000000 0.000000 1.000000 0.000000 0.000000
19.000000 168.995198 9.960144 -0.723572 2.962738 0.000000 0.000000 0.000000 1.000000 0.000000 0.000000
19.000000 168.997560 9.989400 -0.717574 2.945821 0.000000 0.000000 0.000000 1.000000 0.000000 0.000000
19.000000 169.005141 10.417992 -0.948716 2.926062 0.000000 0.000000 0.000000 1.000000 0.000000 0.000000
19.000000 169.005282 9.895601 -0.737532 2.930191 0.000000 0.000000 0.000000 1.000000 0.000000 0.000000
19.000000 169.007589 9.594652 -0.702950 2.964681 0.000000 0.000000 0.000000 1.000000 0.000000 0.000000
19.000000 169.015197 10.305309 -0.948302 2.891965 0.000000 0.000000 0.000000 1.000000 0.000000 0.000000
19.000000 169.015459 9.765822 -0.733697 2.882318 0.000000 0.000000 0.000000 1.000000 0.000000 0.000000
19.000000 169.017572 9.598656 -0.713898 2.922321 0.000000 0.000000 0.000000 1.000000 0.000000 0.000000
19.000000 169.025173 10.199537 -0.953722 2.854572 0.000000 0.000000 0.000000 1.000000 0.000000 0.000000
19.000000 169.025216 9.677320 -0.747392 2.845881 0.000000 0.000000 0.000000 1.000000 0.000000 0.000000
19.000000 169.035179 10.107332 -0.954879 2.808888 0.000000 0.000000 0.000000 1.000000 0.000000 0.000000
19.000000 169.035277 9.646219 -0.772401 2.815486 0.000000 0.000000 0.000000 1.000000 0.000000 0.000000
19.000000 169.037531 9.265356 -0.718846 2.846395 0.000000 0.000000 0.000000 1.000000 0.000000 0.000000
19.000000 169.045172 10.014052 -0.958560 2.767800 0.000000 0.000000 0.000000 1.000000 0.000000 0.000000
19.000000 169.045259 9.574503 -0.785735 2.773851 0.000000 0.000000 0.000000 1.000000 0.000000 0.000000
19.000000 169.047629 9.165856 -0.728156 2.799593 0.000000 0.000000 0.000000 1.000000 0.000000 0.000000
19.000000 169.055169 10.056193 -0.865573 2.779129 0.000000 0.000000 0.000000 1.000000 0.000000 0.000000
19.000000 169.055182 9.473349 -0.789499 2.726333 0.000000 0.000000 0.000000 1.000000 0.000000 0.000000
19.000000 169.057544 9.422777 -0.749058 2.693572 0.000000 0.000000 0.000000 1.000000 0.000000 0.000000
19.000000 169.065293 9.810230 -0.968613 2.679146 0.000000 0.000000 0.000000 1.000000 0.000000 0.000000
19.000000 169.065352 9.361669 -0.794414 2.685702 0.000000 0.000000 0.000000 1.000000 0.000000 0.000000
19.000000 169.067617 8.962655 -0.735474 2.715511 0.000000 0.000000 0.000000 1.000000 0.000000 0.000000
19.000000 169.075109 9.861376 -0.871640 2.690631 0.000000 0.000000 0.000000 1.000000 0.000000 0.000000
19.000000 169.075200 9.261294 -0.792022 2.639512 0.000000 0.000000 0.000000 1.000000 0.000000 0.000000
19.000000 169.077541 9.200795 -0.748311 2.603970 0.000000 0.000000 0.000000 1.000000 0.000000 0.000000
19.000000 169.085304 9.734195 -0.886869 2.643641 0.000000 0.000000 0.000000 1.000000 0.000000 0.000000
19.000000 169.085319 9.210393 -0.814850 2.598186 0.000000 0.000000 0.000000 1.000000 0.000000 0.000000
19.000000 169.087665 9.114307 -0.758632 2.557692 0.000000 0.000000 0.000000 1.000000 0.000000 0.000000
19.000000 169.095268 9.639527 -0.885594 2.602527 0.000000 0.000000 0.000000 1.000000 0.000000 0.000000
19.000000 169.095489 9.093722 -0.811590 2.548378 0.000000 0.000000 0.000000 1.000000 0.000000 0.000000
19.000000 169.097579 9.020243 -0.762283 2.505661 0.000000 0.000000 0.000000 1.000000 0.000000 0.000000
19.000000 169.105298 9.531414 -0.897413 2.547957 0.000000 0.000000 0.000000 1.000000 0.000000 0.000000
19.000000 169.105360 9.018527 -0.826759 2.498510 0.000000 0.000000 0.000000 1.000000 0.000000 0.000000
19.000000 169.107703 8.929880 -0.770202 2.459595 0.000000 0.000000 0.000000 1.000000 0.000000 0.000000
19.000000 169.115342 9.443939 -0.898021 2.501267 0.000000 0.000000 0.000000 1.000000 0.000000 0.000000
19.000000 169.115533 8.896062 -0.823309 2.451200 0.000000 0.000000 0.000000 1.000000 0.000000 0.000000
19.000000 169.117634 8.802922 -0.764331 2.414153 0.000000 0.000000 0.000000 1.000000 0.000000 0.000000
19.000000 169.125289 9.328514 -0.905356 2.448483 0.000000 0.000000 0.000000 1.000000 0.000000 0.000000
19.000000 169.125343 8.819519 -0.835579 2.396713 0.000000 0.000000 0.000000 1.000000 0.000000 0.000000
19.000000 169.127733 8.741436 -0.778714 2.363725 0.000000 0.000000 0.000000 1.000000 0.000000 0.000000
19.000000 169.135195 9.224070 -0.911521 2.403740 0.000000 0.000000 0.000000 1.000000 0.000000 0.000000
19.000000 169.135383 8.730418 -0.840140 2.354541 0.000000 0.000000 0.000000 1.000000 0.000000 0.000000
19.000000 169.137555 8.644434 -0.780097 2.314532 0.000000 0.000000 0.000000 1.000000 0.000000 0.000000
19.000000 169.145296 9.118737 -0.917347 2.352460 0.000000 0.000000 0.000000 1.000000 0.000000 0.000000
19.000000 169.145416 8.642201 -0.849579 2.298222 0.000000 0.000000 0.000000 1.000000 0.000000 0.000000
19.000000 169.147658 8.554042 -0.785707 2.259578 0.000000 0.000000 0.000000 1.000000 0.000000 0.000000
19.000000 169.155212 9.016928 -0.925312 2.299412 0.000000 0.000000 0.000000 1.000000 0.000000 0.000000
19.000000 169.155500 8.559820 -0.859367 2.247586 0.000000 0.000000 0.000000 1.000000 0.000000 0.000000
19.000000 169.157539 8.452362 -0.787073 2.209405 0.000000 0.000000 0.000000 1.000000 0.000000 0.000000
19.000000 169.165279 8.938929 -0.923035 2.247864 0.000000 0.000000 0.000000 1.000000 0.000000 0.000000
19.000000 169.165395 8.441816 -0.855377 2.186277 0.000000 0.000000 0.000000 1.000000 0.000000 0.000000
19.000000 169.167661 8.372277 -0.794223 2.154135 0.000000 0.000000 0.000000 1.000000 0.000000 0.000000
19.000000 169.175210 8.807307 -0.940806 2.201264 0.000000 0.000000 0.000000 1.000000 0.000000 0.000000
19.000000 169.175615 8.429283 -0.883892 2.147491 0.000000 0.000000 0.000000 1.000000 0.000000 0.000000
19.000000 169.177613 8.281568 -0.794666 2.100805 0.000000 0.000000 0.000000 1.000000 0.000000 0.000000
19.000000 169.185236 8.651580 -1.007126 2.073460 0.000000 0.000000 0.000000 1.000000 0.000000 0.000000
19.000000 169.185273 8.261469 -0.867689 2.073478 0.000000 0.000000 0.000000 1.000000 0.000000 0.000000
19.000000 169.187677 7.996920 -0.801392 2.111449 0.000000 0.000000 0.000000 1.000000 0.000000 0.000000
19.000000 169.195196 8.626555 -0.939365 2.078315 0.000000 0.000000 0.000000 1.000000 0.000000 0.000000
19.000000 169.195518 8.190508 -0.877760 2.021219 0.000000 0.000000 0.000000 1.000000 0.000000 0.000000
19.000000 169.197549 8.080225 -0.800199 1.986393 0.000000 0.000000 0.000000 1.000000 0.000000 0.000000
19.000000 169.205266 8.469703 -1.015944 1.955301 0.000000 0.000000 0.000000 1.000000 0.000000 0.000000
19.000000 169.205317 8.122456 -0.892009 1.963565 0.000000 0.000000 0.000000 1.000000 0.000000 0.000000
19.000000 169.207711 7.855612 -0.813307 2.000154 0.000000 0.000000 0.000000 1.000000 0.000000 0.000000
19.000000 169.215189 8.368315 -1.013255 1.898204 0.000000 0.000000 0.000000 1.000000 0.000000 0.000000
19.000000 169.215224 8.020285 -0.893365 1.896706 0.000000 0.000000 0.000000 1.000000 0.000000 0.000000
19.000000 169.217584 7.773365 -0.817553 1.935112 0.000000 0.000000 0.000000 1.000000 0.000000 0.000000
19.000000 169.225280 8.331169 -0.957818 1.900875 0.000000 0.000000 0.000000 1.000000 0.000000 0.000000
19.000000 169.225300 7.948855 -0.901758 1.840621 0.000000 0.000000 0.000000 1.000000 0.000000 0.000000
19.000000 169.227632 7.860826 -0.824376 1.807732 0.000000 0.000000 0.000000 1.000000 0.000000 0.000000
19.000000 169.235247 8.213973 -0.955836 1.834079 0.000000 0.000000 0.000000 1.000000 0.000000 0.000000
19.000000 169.235323 7.831198 -0.896177 1.779874 0.000000 0.000000 0.000000 1.000000 0.000000 0.000000
19.000000 169.237636 7.771045 -0.828748 1.750260 0.000000 0.000000 0.000000 1.000000 0.000000 0.000000
19.000000 169.245332 8.122361 -0.964670 1.775232 0.000000 0.000000 0.000000 1.000000 0.000000 0.000000
19.000000 169.245376 7.755025 -0.908347 1.715673 0.000000 0.000000 0.000000 1.000000 0.000000 0.000000
19.000000 169.247722 7.691101 -0.832477 1.687327 0.000000 0.000000 0.000000 1.000000 0.000000 0.000000
19.000000 169.255250 8.039629 -0.967415 1.724188 0.000000 0.000000 0.000000 1.000000 0.000000 0.000000
19.000000 169.255376 7.653671 -0.913153 1.653103 0.000000 0.000000 0.000000 1.000000 0.000000 0.000000
19.000000 169.257696 7.605129 -0.839938 1.625590 0.000000 0.000000 0.000000 1.000000 0.000000 0.000000
19.000000 169.265302 7.925383 -0.983715 1.666804 0.000000 0.000000 0.000000 1.000000 0.000000 0.000000
19.000000 169.265332 7.613982 -0.935277 1.603174 0.000000 0.000000 0.000000 1.000000 0.000000 0.000000
19.000000 169.267736 7.520999 -0.847728 1.565555 0.000000 0.000000 0.000000 1.000000 0.000000 0.000000
19.000000 169.275272 7.828034 -0.987866 1.595465 0.000000 0.000000 0.000000 1.000000 0.000000 0.000000
19.000000 169.275447 7.534611 -0.944616 1.531829 0.000000 0.000000 0.000000 1.000000 0.000000 0.000000
19.000000 169.277657 7.432558 -0.848211 1.501964 0.000000 0.000000 0.000000 1.000000 0.000000 0.000000
19.000000 169.285321 7.721225 -1.035739 1.468267 0.000000 0.000000 0.000000 1.000000 0.000000 0.000000
19.000000 169.285337 7.455155 -0.950231 1.478952 0.000000 0.000000 0.000000 1.000000 0.000000 0.000000
19.000000 169.295281 7.623767 -1.000924 1.471114 0.000000 0.000000 0.000000 1.000000 0.000000 0.000000
19.000000 169.295578 7.385857 -0.961743 1.410090 0.000000 0.000000 0.000000 1.000000 0.000000 0.000000
19.000000 169.297619 7.271990 -0.859010 1.372963 0.000000 0.000000 0.000000 1.000000 0.000000 0.000000
19.000000 169.305333 7.535370 -1.004765 1.411193 0.000000 0.000000 0.000000 1.000000 0.000000 0.000000
19.000000 169.305496 7.277791 -0.962644 1.343998 0.000000 0.000000 0.000000 1.000000 0.000000 0.000000
19.000000 169.307779 7.194575 -0.868490 1.304982 0.000000 0.000000 0.000000 1.000000 0.000000 0.000000
19.000000 169.315302 7.421329 -1.017092 1.349996 0.000000 0.000000 0.000000 1.000000 0.000000 0.000000
19.000000 169.315649 7.226661 -0.978805 1.290098 0.000000 0.000000 0.000000 1.000000 0.000000 0.000000
19.000000 169.317655 7.102751 -0.868778 1.242067 0.000000 0.000000 0.000000 1.000000 0.000000 0.000000
19.000000 169.325292 7.356174 -1.046401 1.207375 0.000000 0.000000 0.000000 1.000000 0.000000 0.000000
19.000000 169.325539 7.135766 -0.979033 1.223448 0.000000 0.000000 0.000000 1.000000 0.000000 0.000000
19.000000 169.327728 6.866037 -0.875564 1.260050 0.000000 0.000000 0.000000 1.000000 0.000000 0.000000
19.000000 169.335422 7.255911 -1.051964 1.141031 0.000000 0.000000 0.000000 1.000000 0.000000 0.000000
19.000000 169.335458 7.057565 -0.991116 1.161648 0.000000 0.000000 0.000000 1.000000 0.000000 0.000000
19.000000 169.337704 6.779872 -0.883578 1.193464 0.000000 0.000000 0.000000 1.000000 0.000000 0.000000
19.000000 169.345352 7.166617 -1.054764 1.074641 0.000000 0.000000 0.000000 1.000000 0.000000 0.000000
19.000000 169.345392 6.967073 -0.995962 1.086570 0.000000 0.000000 0.000000 1.000000 0.000000 0.000000
19.000000 169.347772 6.730983 -0.890439 1.117665 0.000000 0.000000 0.000000 1.000000 0.000000 0.000000
19.000000 169.355375 7.075046 -1.061833 0.995733 0.000000 0.000000 0.000000 1.000000 0.000000 0.000000
19.000000 169.355382 6.881461 -1.003552 1.015654 0.000000 0.000000 0.000000 1.000000 0.000000 0.000000
19.000000 169.357708 6.643605 -0.896134 1.050682 0.000000 0.000000 0.000000 1.000000 0.000000 0.000000
19.000000 169.365325 6.976975 -1.060276 0.928015 0.000000 0.000000 0.000000 1.000000 0.000000 0.000000
19.000000 169.365443 6.802591 -1.011722 0.947586 0.000000 0.000000 0.000000 1.000000 0.000000 0.000000
19.000000 169.367747 6.561791 -0.899629 0.984520 0.000000 0.000000 0.000000 1.000000 0.000000 0.000000
19.000000 169.375366 6.839603 -1.050605 0.935952 0.000000 0.000000 0.000000 1.000000 0.000000 0.000000
19.000000 169.375470 6.739291 -1.023469 0.878859 0.000000 0.000000 0.000000 1.000000 0.000000 0.000000
19.000000 169.377774 6.611197 -0.901480 0.826136 0.000000 0.000000 0.000000 1.000000 0.000000 0.000000
19.000000 169.385295 6.794589 -1.066041 0.784672 0.000000 0.000000 0.000000 1.000000 0.000000 0.000000
19.000000 169.385553 6.644496 -1.026853 0.804113 0.000000 0.000000 0.000000 1.000000 0.000000 0.000000
19.000000 169.387766 6.416958 -0.910548 0.836784 0.000000 0.000000 0.000000 1.000000 0.000000 0.000000
19.000000 169.395341 6.656713 -1.059506 0.789019 0.000000 0.000000 0.000000 1.000000 0.000000 0.000000
19.000000 169.395492 6.569137 -1.034400 0.731088 0.000000 0.000000 0.000000 1.000000 0.000000 0.000000
19.000000 169.397711 6.455679 -0.913187 0.679344 0.000000 0.000000 0.000000 1.000000 0.000000 0.000000
19.000000 169.405452 6.564282 -1.063529 0.713002 0.000000 0.000000 0.000000 1.000000 0.000000 0.000000
19.000000 169.405569 6.484346 -1.039197 0.658960 0.000000 0.000000 0.000000 1.000000 0.000000 0.000000
19.000000 169.407799 6.368664 -0.915982 0.610203 0.000000 0.000000 0.000000 1.000000 0.000000 0.000000
19.000000 169.415361 6.467440 -1.075370 0.640213 0.000000 0.000000 0.000000 1.000000 0.000000 0.000000
19.000000 169.415630 6.425229 -1.053670 0.591091 0.000000 0.000000 0.000000 1.000000 0.000000 0.000000
19.000000 169.417700 6.285885 -0.921534 0.536244 0.000000 0.000000 0.000000 1.000000 0.000000 0.000000
19.000000 169.425346 6.376772 -1.073551 0.561722 0.000000 0.000000 0.000000 1.000000 0.000000 0.000000
19.000000 169.425369 6.314854 -1.053924 0.505813 0.000000 0.000000 0.000000 1.000000 0.000000 0.000000
19.000000 169.427730 6.211177 -0.929140 0.459093 0.000000 0.000000 0.000000 1.000000 0.000000 0.000000
19.000000 169.435436 6.281984 -1.082175 0.490467 0.000000 0.000000 0.000000 1.000000 0.000000 0.000000
19.000000 169.435574 6.265203 -1.066377 0.438128 0.000000 0.000000 0.000000 1.000000 0.000000 0.000000
19.000000 169.437670 6.136720 -0.933541 0.382173 0.000000 0.000000 0.000000 1.000000 0.000000 0.000000
19.000000 169.445392 6.188534 -1.091778 0.414530 0.000000 0.000000 0.000000 1.000000 0.000000 0.000000
19.000000 169.445430 6.183541 -1.076632 0.363023 0.000000 0.000000 0.000000 1.000000 0.000000 0.000000
19.000000 169.447822 6.052644 -0.939472 0.304914 0.000000 0.000000 0.000000 1.000000 0.000000 0.000000
19.000000 169.455357 6.114706 -1.089087 0.332105 0.000000 0.000000 0.000000 1.000000 0.000000 0.000000
19.000000 169.455559 6.081223 -1.071388 0.276081 0.000000 0.000000 0.000000 1.000000 0.000000 0.000000
19.000000 169.457668 5.991602 -0.946950 0.223931 0.000000 0.000000 0.000000 1.000000 0.000000 0.000000
19.000000 169.465407 6.088037 -1.086476 0.174866 0.000000 0.000000 0.000000 1.000000 0.000000 0.000000
19.000000 169.465551 6.045574 -1.085269 0.213876 0.000000 0.000000 0.000000 1.000000 0.000000 0.000000
19.000000 169.467748 5.800303 -0.951079 0.237454 0.000000 0.000000 0.000000 1.000000 0.000000 0.000000
19.000000 169.475439 5.989298 -1.092450 0.113345 0.000000 0.000000 0.000000 1.000000 0.000000 0.000000
19.000000 169.475439 5.969000 -1.093883 0.161403 0.000000 0.000000 0.000000 1.000000 0.000000 0.000000
19.000000 169.477691 5.811693 -0.962115 0.196128 0.000000 0.000000 0.000000 1.000000 0.000000 0.000000
19.000000 169.485427 5.933372 -1.094295 0.168109 0.000000 0.000000 0.000000 1.000000 0.000000 0.000000
19.000000 169.485538 5.933886 -1.098422 0.227923 0.000000 0.000000 0.000000 1.000000 0.000000 0.000000
19.000000 169.487859 5.743158 -0.962657 0.259139 0.000000 0.000000 0.000000 1.000000 0.000000 0.000000
19.000000 169.495527 5.883765 -1.099358 0.224352 0.000000 0.000000 0.000000 1.000000 0.000000 0.000000
19.000000 169.495536 5.876261 -1.102801 0.281569 0.000000 0.000000 0.000000 1.000000 0.000000 0.000000
19.000000 169.497733 5.686613 -0.968195 0.316988 0.000000 0.000000 0.000000 1.000000 0.000000 0.000000
19.000000 169.505430 5.754697 -1.126049 0.364236 0.000000 0.000000 0.000000 1.000000 0.000000 0.000000
19.000000 169.505460 5.814300 -1.104253 0.338644 0.000000 0.000000 0.000000 1.000000 0.000000 0.000000
19.000000 169.507839 5.713180 -0.969749 0.285531 0.000000 0.000000 0.000000 1.000000 0.000000 0.000000
19.000000 169.515379 5.698704 -1.127721 0.421147 0.000000 0.000000 0.000000 1.000000 0.000000 0.000000
19.000000 169.515462 5.759805 -1.110740 0.389231 0.000000 0.000000 0.000000 1.000000 0.000000 0.000000
19.000000 169.517706 5.665835 -0.975345 0.337922 0.000000 0.000000 0.000000 1.000000 0.000000 0.000000
19.000000 169.525425 5.739483 -1.115344 0.389827 0.000000 0.000000 0.000000 1.000000 0.000000 0.000000
19.000000 169.525668 5.716639 -1.113071 0.445185 0.000000 0.000000 0.000000 1.000000 0.000000 0.000000
19.000000 169.527864 5.513758 -0.974375 0.479795 0.000000 0.000000 0.000000 1.000000 0.000000 0.000000
19.000000 169.535436 5.597087 -1.133989 0.537714 0.000000 0.000000 0.000000 1.000000 0.000000 0.000000
19.000000 169.535466 5.674225 -1.117237 0.505142 0.000000 0.000000 0.000000 1.000000 0.000000 0.000000
19.000000 169.537699 5.555884 -0.979518 0.442022 0.000000 0.000000 0.000000 1.000000 0.000000 0.000000
19.000000 169.545394 5.643562 -1.121477 0.493551 0.000000 0.000000 0.000000 1.000000 0.000000 0.000000
19.000000 169.545628 5.633946 -1.123251 0.552628 0.000000 0.000000 0.000000 1.000000 0.000000 0.000000
19.000000 169.547773 5.394923 -0.984702 0.585287 0.000000 0.000000 0.000000 1.000000 0.000000 0.000000
19.000000 169.555487 5.499035 -1.139959 0.633357 0.000000 0.000000 0.000000 1.000000 0.000000 0.000000
19.000000 169.555618 5.593263 -1.126596 0.603354 0.000000 0.000000 0.000000 1.000000 0.000000 0.000000
19.000000 169.557713 5.450538 -0.981994 0.540315 0.000000 0.000000 0.000000 1.000000 0.000000 0.000000
19.000000 169.565381 5.541991 -1.130122 0.595899 0.000000 0.000000 0.000000 1.000000 0.000000 0.000000
19.000000 169.565610 5.548888 -1.135183 0.658717 0.000000 0.000000 0.000000 1.000000 0.000000 0.000000
19.000000 169.567738 5.285767 -0.990927 0.684680 0.000000 0.000000 0.000000 1.000000 0.000000 0.000000
19.000000 169.575524 5.499323 -1.131131 0.639617 0.000000 0.000000 0.000000 1.000000 0.000000 0.000000
19.000000 169.575600 5.496856 -1.135062 0.699612 0.000000 0.000000 0.000000 1.000000 0.000000 0.000000
19.000000 169.577721 5.221967 -0.994533 0.729033 0.000000 0.000000 0.000000 1.000000 0.000000 0.000000
19.000000 169.585432 5.456076 -1.141129 0.687417 0.000000 0.000000 0.000000 1.000000 0.000000 0.000000
19.000000 169.585621 5.465558 -1.145864 0.756818 0.000000 0.000000 0.000000 1.000000 0.000000 0.000000
19.000000 169.587791 5.152243 -0.997029 0.784672 0.000000 0.000000 0.000000 1.000000 0.000000 0.000000
19.000000 169.595464 5.312525 -1.163742 0.827343 0.000000 0.000000 0.000000 1.000000 0.000000 0.000000
19.000000 169.595683 5.427147 -1.149990 0.802057 0.000000 0.000000 0.000000 1.000000 0.000000 0.000000
19.000000 169.597719 5.231686 -0.993697 0.728556 0.000000 0.000000 0.000000 1.000000 0.000000 0.000000
19.000000 169.605539 5.357478 -1.141790 0.779691 0.000000 0.000000 0.000000 1.000000 0.000000 0.000000
19.000000 169.605618 5.364228 -1.147219 0.843924 0.000000 0.000000 0.000000 1.000000 0.000000 0.000000
19.000000 169.607792 5.052230 -0.998755 0.871113 0.000000 0.000000 0.000000 1.000000 0.000000 0.000000
19.000000 169.615556 5.220681 -1.165840 0.921988 0.000000 0.000000 0.000000 1.000000 0.000000 0.000000
19.000000 169.615645 5.338905 -1.153344 0.896050 0.000000 0.000000 0.000000 1.000000 0.000000 0.000000
19.000000 169.617740 5.123115 -0.996074 0.818424 0.000000 0.000000 0.000000 1.000000 0.000000 0.000000
19.000000 169.625436 5.265328 -1.150521 0.869811 0.000000 0.000000 0.000000 1.000000 0.000000 0.000000
19.000000 169.625566 5.269199 -1.153063 0.936548 0.000000 0.000000 0.000000 1.000000 0.000000 0.000000
19.000000 169.635421 5.222648 -1.155822 0.901624 0.000000 0.000000 0.000000 1.000000 0.000000 0.000000
19.000000 169.635625 5.231544 -1.160243 0.972858 0.000000 0.000000 0.000000 1.000000 0.000000 0.000000
19.000000 169.637932 4.867906 -1.007646 1.004988 0.000000 0.000000 0.000000 1.000000 0.000000 0.000000
19.000000 169.645526 5.090010 -1.171612 1.043350 0.000000 0.000000 0.000000 1.000000 0.000000 0.000000
19.000000 169.645532 5.193213 -1.160923 1.010948 0.000000 0.000000 0.000000 1.000000 0.000000 0.000000
19.000000 169.655378 5.036910 -1.181495 1.082327 0.000000 0.000000 0.000000 1.000000 0.000000 0.000000
19.000000 169.655506 5.165910 -1.174488 1.050186 0.000000 0.000000 0.000000 1.000000 0.000000 0.000000
19.000000 169.657789 4.924324 -1.008004 0.969128 0.000000 0.000000 0.000000 1.000000 0.000000 0.000000
19.000000 169.665365 5.077583 -1.164551 1.023087 0.000000 0.000000 0.000000 1.000000 0.000000 0.000000
19.000000 169.665482 5.098600 -1.174639 1.087348 0.000000 0.000000 0.000000 1.000000 0.000000 0.000000
19.000000 169.668033 4.740110 -1.020834 1.112159 0.000000 0.000000 0.000000 1.000000 0.000000 0.000000
19.000000 169.675517 4.934382 -1.190415 1.162960 0.000000 0.000000 0.000000 1.000000 0.000000 0.000000
19.000000 169.675542 5.065011 -1.183204 1.129791 0.000000 0.000000 0.000000 1.000000 0.000000 0.000000
19.000000 169.677846 4.821312 -1.017011 1.044981 0.000000 0.000000 0.000000 1.000000 0.000000 0.000000
19.000000 169.685455 4.978153 -1.175852 1.099273 0.000000 0.000000 0.000000 1.000000 0.000000 0.000000
19.000000 169.685603 4.980603 -1.178313 1.165530 0.000000 0.000000 0.000000 1.000000 0.000000 0.000000
19.000000 169.695457 4.843414 -1.194878 1.239693 0.000000 0.000000 0.000000 1.000000 0.000000 0.000000
19.000000 169.695693 4.943906 -1.186624 1.200334 0.000000 0.000000 0.000000 1.000000 0.000000 0.000000
19.000000 169.697816 4.705417 -1.022438 1.113222 0.000000 0.000000 0.000000 1.000000 0.000000 0.000000
19.000000 169.705512 4.795085 -1.199189 1.270746 0.000000 0.000000 0.000000 1.000000 0.000000 0.000000
19.000000 169.705561 4.917775 -1.193014 1.235219 0.000000 0.000000 0.000000 1.000000 0.000000 0.000000
19.000000 169.707897 4.650864 -1.022943 1.147804 0.000000 0.000000 0.000000 1.000000 0.000000 0.000000
19.000000 169.715503 4.740733 -1.205514 1.312797 0.000000 0.000000 0.000000 1.000000 0.000000 0.000000
19.000000 169.715542 4.875880 -1.198350 1.279235 0.000000 0.000000 0.000000 1.000000 0.000000 0.000000
19.000000 169.717997 4.593855 -1.025006 1.183604 0.000000 0.000000 0.000000 1.000000 0.000000 0.000000
19.000000 169.725397 4.798659 -1.187772 1.232290 0.000000 0.000000 0.000000 1.000000 0.000000 0.000000
19.000000 169.725739 4.844654 -1.201988 1.306621 0.000000 0.000000 0.000000 1.000000 0.000000 0.000000
19.000000 169.727908 4.380843 -1.035266 1.326633 0.000000 0.000000 0.000000 1.000000 0.000000 0.000000
19.000000 169.735408 4.646161 -1.216729 1.373580 0.000000 0.000000 0.000000 1.000000 0.000000 0.000000
19.000000 169.735739 4.836269 -1.215732 1.342223 0.000000 0.000000 0.000000 1.000000 0.000000 0.000000
19.000000 169.737843 4.508880 -1.033223 1.239709 0.000000 0.000000 0.000000 1.000000 0.000000 0.000000
19.000000 169.745503 4.697047 -1.200930 1.291911 0.000000 0.000000 0.000000 1.000000 0.000000 0.000000
19.000000 169.745736 4.757907 -1.217575 1.371824 0.000000 0.000000 0.000000 1.000000 0.000000 0.000000
19.000000 169.747920 4.264357 -1.044785 1.389774 0.000000 0.000000 0.000000 1.000000 0.000000 0.000000
19.000000 169.755498 4.551583 -1.228230 1.428369 0.000000 0.000000 0.000000 1.000000 0.000000 0.000000
19.000000 169.755696 4.731853 -1.225972 1.399893 0.000000 0.000000 0.000000 1.000000 0.000000 0.000000
19.000000 169.757854 4.379729 -1.034709 1.301492 0.000000 0.000000 0.000000 1.000000 0.000000 0.000000
19.000000 169.765542 4.603910 -1.202791 1.348985 0.000000 0.000000 0.000000 1.000000 0.000000 0.000000
19.000000 169.765580 4.689918 -1.229030 1.427123 0.000000 0.000000 0.000000 1.000000 0.000000 0.000000
19.000000 169.775524 4.450886 -1.238101 1.488224 0.000000 0.000000 0.000000 1.000000 0.000000 0.000000
19.000000 169.775533 4.675525 -1.239575 1.462617 0.000000 0.000000 0.000000 1.000000 0.000000 0.000000
19.000000 169.777849 4.273073 -1.035498 1.356689 0.000000 0.000000 0.000000 1.000000 0.000000 0.000000
19.000000 169.785538 4.410003 -1.237909 1.513536 0.000000 0.000000 0.000000 1.000000 0.000000 0.000000
19.000000 169.785670 4.601746 -1.237956 1.482487 0.000000 0.000000 0.000000 1.000000 0.000000 0.000000
19.000000 169.787992 4.231755 -1.043507 1.377707 0.000000 0.000000 0.000000 1.000000 0.000000 0.000000
19.000000 169.795524 4.349426 -1.249695 1.536478 0.000000 0.000000 0.000000 1.000000 0.000000 0.000000
19.000000 169.795642 4.610827 -1.251423 1.517352 0.000000 0.000000 0.000000 1.000000 0.000000 0.000000
19.000000 169.797890 4.174377 -1.039982 1.403958 0.000000 0.000000 0.000000 1.000000 0.000000 0.000000
19.000000 169.805565 4.299369 -1.254971 1.568596 0.000000 0.000000 0.000000 1.000000 0.000000 0.000000
19.000000 169.805589 4.585337 -1.261387 1.545588 0.000000 0.000000 0.000000 1.000000 0.000000 0.000000
19.000000 169.807866 4.118891 -1.042265 1.426065 0.000000 0.000000 0.000000 1.000000 0.000000 0.000000
19.000000 169.815508 4.258907 -1.257525 1.590832 0.000000 0.000000 0.000000 1.000000 0.000000 0.000000
19.000000 169.815658 4.530127 -1.262962 1.566702 0.000000 0.000000 0.000000 1.000000 0.000000 0.000000
19.000000 169.817802 4.073679 -1.046998 1.448929 0.000000 0.000000 0.000000 1.000000 0.000000 0.000000
19.000000 169.825492 4.321224 -1.223954 1.497009 0.000000 0.000000 0.000000 1.000000 0.000000 0.000000
19.000000 169.825666 4.456459 -1.259520 1.589286 0.000000 0.000000 0.000000 1.000000 0.000000 0.000000
19.000000 169.827855 3.821733 -1.070320 1.595777 0.000000 0.000000 0.000000 1.000000 0.000000 0.000000
19.000000 169.835498 4.161276 -1.267387 1.634214 0.000000 0.000000 0.000000 1.000000 0.000000 0.000000
19.000000 169.835566 4.448515 -1.273578 1.611670 0.000000 0.000000 0.000000 1.000000 0.000000 0.000000
19.000000 169.837895 3.971421 -1.054808 1.488351 0.000000 0.000000 0.000000 1.000000 0.000000 0.000000
19.000000 169.845490 4.110895 -1.270493 1.653565 0.000000 0.000000 0.000000 1.000000 0.000000 0.000000
19.000000 169.845523 4.410020 -1.276790 1.632890 0.000000 0.000000 0.000000 1.000000 0.000000 0.000000
19.000000 169.847876 3.919709 -1.055138 1.504793 0.000000 0.000000 0.000000 1.000000 0.000000 0.000000
19.000000 169.855418 4.066045 -1.276853 1.675108 0.000000 0.000000 0.000000 1.000000 0.000000 0.000000
19.000000 169.855584 4.367845 -1.284375 1.653448 0.000000 0.000000 0.000000 1.000000 0.000000 0.000000
19.000000 169.857927 3.863462 -1.056395 1.528204 0.000000 0.000000 0.000000 1.000000 0.000000 0.000000
19.000000 169.865587 4.131560 -1.237790 1.572712 0.000000 0.000000 0.000000 1.000000 0.000000 0.000000
19.000000 169.865609 4.300802 -1.283057 1.667204 0.000000 0.000000 0.000000 1.000000 0.000000 0.000000
19.000000 169.867801 3.629650 -1.085753 1.670987 0.000000 0.000000 0.000000 1.000000 0.000000 0.000000
19.000000 169.875484 3.974502 -1.281956 1.705939 0.000000 0.000000 0.000000 1.000000 0.000000 0.000000
19.000000 169.875597 4.276493 -1.290531 1.682408 0.000000 0.000000 0.000000 1.000000 0.000000 0.000000
19.000000 169.877861 3.777048 -1.066402 1.554958 0.000000 0.000000 0.000000 1.000000 0.000000 0.000000
19.000000 169.885607 3.958069 -1.269196 1.709990 0.000000 0.000000 0.000000 1.000000 0.000000 0.000000
19.000000 169.885688 4.114581 -1.267274 1.679089 0.000000 0.000000 0.000000 1.000000 0.000000 0.000000
19.000000 169.887793 3.702549 -1.064699 1.574022 0.000000 0.000000 0.000000 1.000000 0.000000 0.000000
19.000000 169.895490 3.872067 -1.296422 1.736693 0.000000 0.000000 0.000000 1.000000 0.000000 0.000000
19.000000 169.895627 4.203854 -1.305599 1.718956 0.000000 0.000000 0.000000 1.000000 0.000000 0.000000
19.000000 169.897906 3.657849 -1.068729 1.590989 0.000000 0.000000 0.000000 1.000000 0.000000 0.000000
19.000000 169.905584 3.953233 -1.254738 1.627431 0.000000 0.000000 0.000000 1.000000 0.000000 0.000000
19.000000 169.905655 4.177662 -1.313264 1.732269 0.000000 0.000000 0.000000 1.000000 0.000000 0.000000
19.000000 169.907938 3.426108 -1.103656 1.729963 0.000000 0.000000 0.000000 1.000000 0.000000 0.000000
19.000000 169.915516 3.784560 -1.303986 1.766970 0.000000 0.000000 0.000000 1.000000 0.000000 0.000000
19.000000 169.915829 4.141071 -1.317429 1.745414 0.000000 0.000000 0.000000 1.000000 0.000000 0.000000
19.000000 169.917870 3.574223 -1.075932 1.606965 0.000000 0.000000 0.000000 1.000000 0.000000 0.000000
19.000000 169.925564 3.860161 -1.262081 1.650374 0.000000 0.000000 0.000000 1.000000 0.000000 0.000000
19.000000 169.925586 4.059489 -1.310601 1.756221 0.000000 0.000000 0.000000 1.000000 0.000000 0.000000
19.000000 169.927859 3.314804 -1.102571 1.759255 0.000000 0.000000 0.000000 1.000000 0.000000 0.000000
19.000000 169.935549 3.693394 -1.310898 1.789179 0.000000 0.000000 0.000000 1.000000 0.000000 0.000000
19.000000 169.935580 4.044484 -1.324254 1.767170 0.000000 0.000000 0.000000 1.000000 0.000000 0.000000
19.000000 169.937940 3.480367 -1.083833 1.629816 0.000000 0.000000 0.000000 1.000000 0.000000 0.000000
19.000000 169.945609 3.773210 -1.268156 1.664287 0.000000 0.000000 0.000000 1.000000 0.000000 0.000000
19.000000 169.945620 3.944986 -1.307637 1.767346 0.000000 0.000000 0.000000 1.000000 0.000000 0.000000
19.000000 169.947857 3.196435 -1.101049 1.774682 0.000000 0.000000 0.000000 1.000000 0.000000 0.000000
19.000000 169.955572 3.597111 -1.317634 1.804472 0.000000 0.000000 0.000000 1.000000 0.000000 0.000000
19.000000 169.955589 3.973478 -1.332549 1.784875 0.000000 0.000000 0.000000 1.000000 0.000000 0.000000
19.000000 169.957952 3.380723 -1.086654 1.642382 0.000000 0.000000 0.000000 1.000000 0.000000 0.000000
19.000000 169.965564 3.681760 -1.273519 1.679733 0.000000 0.000000 0.000000 1.000000 0.000000 0.000000
19.000000 169.965690 3.876734 -1.318926 1.785737 0.000000 0.000000 0.000000 1.000000 0.000000 0.000000
19.000000 169.968041 3.113405 -1.108758 1.791604 0.000000 0.000000 0.000000 1.000000 0.000000 0.000000
19.000000 169.975645 3.511462 -1.327852 1.820110 0.000000 0.000000 0.000000 1.000000 0.000000 0.000000
19.000000 169.975671 3.898493 -1.344607 1.799379 0.000000 0.000000 0.000000 1.000000 0.000000 0.000000
19.000000 169.977908 3.293818 -1.095350 1.653020 0.000000 0.000000 0.000000 1.000000 0.000000 0.000000
19.000000 169.985666 3.465599 -1.327096 1.822896 0.000000 0.000000 0.000000 1.000000 0.000000 0.000000
19.000000 169.985732 3.827404 -1.343348 1.798733 0.000000 0.000000 0.000000 1.000000 0.000000 0.000000
19.000000 169.987984 3.251573 -1.100773 1.655952 0.000000 0.000000 0.000000 1.000000 0.000000 0.000000
19.000000 169.995563 3.422064 -1.332834 1.823181 0.000000 0.000000 0.000000 1.000000 0.000000 0.000000
19.000000 169.995820 3.803462 -1.349226 1.802495 0.000000 0.000000 0.000000 1.000000 0.000000 0.000000
19.000000 169.997896 3.204835 -1.100672 1.659467 0.000000 0.000000 0.000000 1.000000 0.000000 0.000000
19.000000 170.005575 3.497677 -1.293727 1.695543 0.000000 0.000000 0.000000 1.000000 0.000000 0.000000
19.000000 170.005606 3.761056 -1.357143 1.810323 0.000000 0.000000 0.000000 1.000000 0.000000 0.000000
19.000000 170.007968 2.956479 -1.133790 1.805317 0.000000 0.000000 0.000000 1.000000 0.000000 0.000000
19.000000 170.015518 3.315528 -1.350507 1.836219 0.000000 0.000000 0.000000 1.000000 0.000000 0.000000
19.000000 170.015668 3.755264 -1.370918 1.818988 0.000000 0.000000 0.000000 1.000000 0.000000 0.000000
19.000000 170.017915 3.104570 -1.108884 1.668644 0.000000 0.000000 0.000000 1.000000 0.000000 0.000000
19.000000 170.025660 3.401916 -1.297132 1.699944 0.000000 0.000000 0.000000 1.000000 0.000000 0.000000
19.000000 170.025784 3.724913 -1.378552 1.818089 0.000000 0.000000 0.000000 1.000000 0.000000 0.000000
19.000000 170.028009 2.889978 -1.148549 1.805489 0.000000 0.000000 0.000000 1.000000 0.000000 0.000000
19.000000 170.035577 3.216622 -1.362914 1.831826 0.000000 0.000000 0.000000 1.000000 0.000000 0.000000
19.000000 170.035876 3.725479 -1.389648 1.815951 0.000000 0.000000 0.000000 1.000000 0.000000 0.000000
19.000000 170.037984 3.042123 -1.118348 1.658400 0.000000 0.000000 0.000000 1.000000 0.000000 0.000000
19.000000 170.045638 3.309034 -1.301733 1.682921 0.000000 0.000000 0.000000 1.000000 0.000000 0.000000
19.000000 170.045699 3.592854 -1.368052 1.802543 0.000000 0.000000 0.000000 1.000000 0.000000 0.000000
19.000000 170.047941 2.784515 -1.143314 1.803203 0.000000 0.000000 0.000000 1.000000 0.000000 0.000000
19.000000 170.055582 3.140877 -1.360447 1.831276 0.000000 0.000000 0.000000 1.000000 0.000000 0.000000
19.000000 170.055618 3.594486 -1.384789 1.810575 0.000000 0.000000 0.000000 1.000000 0.000000 0.000000
19.000000 170.057935 2.946690 -1.124957 1.655784 0.000000 0.000000 0.000000 1.000000 0.000000 0.000000
19.000000 170.065584 3.229561 -1.310039 1.686760 0.000000 0.000000 0.000000 1.000000 0.000000 0.000000
19.000000 170.065733 3.581889 -1.397802 1.808893 0.000000 0.000000 0.000000 1.000000 0.000000 0.000000
19.000000 170.067987 2.713328 -1.161969 1.796661 0.000000 0.000000 0.000000 1.000000 0.000000 0.000000
19.000000 170.072198 3.455575 -1.074783 1.570554 0.000000 0.000000 0.000000 1.000000 0.000000 0.000000
19.000000 170.075641 3.050632 -1.370387 1.820817 0.000000 0.000000 0.000000 1.000000 0.000000 0.000000
19.000000 170.075724 3.506362 -1.394519 1.801246 0.000000 0.000000 0.000000 1.000000 0.000000 0.000000
19.000000 170.077982 2.857655 -1.132316 1.646796 0.000000 0.000000 0.000000 1.000000 0.000000 0.000000
19.000000 170.085713 3.004252 -1.374249 1.815562 0.000000 0.000000 0.000000 1.000000 0.000000 0.000000
19.000000 170.085747 3.494575 -1.404034 1.792710 0.000000 0.000000 0.000000 1.000000 0.000000 0.000000
19.000000 170.087980 2.840017 -1.140020 1.632864 0.000000 0.000000 0.000000 1.000000 0.000000 0.000000
19.000000 170.095646 2.962192 -1.379842 1.809509 0.000000 0.000000 0.000000 1.000000 0.000000 0.000000
19.000000 170.095824 3.468305 -1.408235 1.792464 0.000000 0.000000 0.000000 1.000000 0.000000 0.000000
19.000000 170.098012 2.792100 -1.141072 1.628788 0.000000 0.000000 0.000000 1.000000 0.000000 0.000000
19.000000 170.105724 3.051994 -1.322148 1.660494 0.000000 0.000000 0.000000 1.000000 0.000000 0.000000
19.000000 170.105750 3.408427 -1.408640 1.784675 0.000000 0.000000 0.000000 1.000000 0.000000 0.000000
19.000000 170.108028 2.531545 -1.169746 1.772606 0.000000 0.000000 0.000000 1.000000 0.000000 0.000000
19.000000 170.115695 2.861492 -1.393883 1.792047 0.000000 0.000000 0.000000 1.000000 0.000000 0.000000
19.000000 170.115893 3.367953 -1.420916 1.776681 0.000000 0.000000 0.000000 1.000000 0.000000 0.000000
19.000000 170.117941 2.683562 -1.145078 1.619714 0.000000 0.000000 0.000000 1.000000 0.000000 0.000000
19.000000 170.122320 3.230248 -1.086976 1.530719 0.000000 0.000000 0.000000 1.000000 0.000000 0.000000
19.000000 170.125668 2.960257 -1.329414 1.638534 0.000000 0.000000 0.000000 1.000000 0.000000 0.000000
19.000000 170.125725 3.395194 -1.438380 1.769418 0.000000 0.000000 0.000000 1.000000 0.000000 0.000000
19.000000 170.127969 2.496518 -1.191013 1.750780 0.000000 0.000000 0.000000 1.000000 0.000000 0.000000
19.000000 170.135693 2.770573 -1.409180 1.772228 0.000000 0.000000 0.000000 1.000000 0.000000 0.000000
19.000000 170.135907 3.332006 -1.441315 1.757560 0.000000 0.000000 0.000000 1.000000 0.000000 0.000000
19.000000 170.137982 2.613099 -1.153634 1.595487 0.000000 0.000000 0.000000 1.000000 0.000000 0.000000
19.000000 170.145699 2.869247 -1.340663 1.616459 0.000000 0.000000 0.000000 1.000000 0.000000 0.000000
19.000000 170.145760 3.175255 -1.408943 1.739917 0.000000 0.000000 0.000000 1.000000 0.000000 0.000000
19.000000 170.147970 2.362467 -1.174320 1.735718 0.000000 0.000000 0.000000 1.000000 0.000000 0.000000
19.000000 170.155669 2.712438 -1.381213 1.747935 0.000000 0.000000 0.000000 1.000000 0.000000 0.000000
19.000000 170.155935 3.101013 -1.404338 1.722627 0.000000 0.000000 0.000000 1.000000 0.000000 0.000000
19.000000 170.157962 2.528011 -1.162305 1.568091 0.000000 0.000000 0.000000 1.000000 0.000000 0.000000
19.000000 170.165642 2.787220 -1.343526 1.586250 0.000000 0.000000 0.000000 1.000000 0.000000 0.000000
19.000000 170.165890 3.150788 -1.428180 1.712918 0.000000 0.000000 0.000000 1.000000 0.000000 0.000000
19.000000 170.168009 2.296691 -1.185932 1.708060 0.000000 0.000000 0.000000 1.000000 0.000000 0.000000
19.000000 170.175680 2.737946 -1.348528 1.575144 0.000000 0.000000 0.000000 1.000000 0.000000 0.000000
19.000000 170.175948 3.068232 -1.423459 1.698381 0.000000 0.000000 0.000000 1.000000 0.000000 0.000000
19.000000 170.178033 2.248311 -1.187440 1.696663 0.000000 0.000000 0.000000 1.000000 0.000000 0.000000
19.000000 170.185702 2.697409 -1.348861 1.558440 0.000000 0.000000 0.000000 1.000000 0.000000 0.000000
19.000000 170.185899 3.057391 -1.432401 1.683997 0.000000 0.000000 0.000000 1.000000 0.000000 0.000000
19.000000 170.187987 2.212347 -1.191035 1.677147 0.000000 0.000000 0.000000 1.000000 0.000000 0.000000
19.000000 170.195736 2.651302 -1.352528 1.541389 0.000000 0.000000 0.000000 1.000000 0.000000 0.000000
19.000000 170.195758 3.016578 -1.434863 1.672055 0.000000 0.000000 0.000000 1.000000 0.000000 0.000000
19.000000 170.197989 2.155478 -1.192492 1.664997 0.000000 0.000000 0.000000 1.000000 0.000000 0.000000
19.000000 170.205676 2.616447 -1.352721 1.517338 0.000000 0.000000 0.000000 1.000000 0.000000 0.000000
19.000000 170.205772 3.040329 -1.450798 1.654685 0.000000 0.000000 0.000000 1.000000 0.000000 0.000000
19.000000 170.212254 2.832136 -1.111355 1.394139 0.000000 0.000000 0.000000 1.000000 0.000000 0.000000
19.000000 170.215728 2.580207 -1.350936 1.495737 0.000000 0.000000 0.000000 1.000000 0.000000 0.000000
19.000000 170.215788 3.035699 -1.458403 1.635001 0.000000 0.000000 0.000000 1.000000 0.000000 0.000000
19.000000 170.218034 2.122059 -1.207821 1.622464 0.000000 0.000000 0.000000 1.000000 0.000000 0.000000
19.000000 170.225672 2.531980 -1.356528 1.475535 0.000000 0.000000 0.000000 1.000000 0.000000 0.000000
19.000000 170.225855 2.994319 -1.462740 1.619337 0.000000 0.000000 0.000000 1.000000 0.000000 0.000000
19.000000 170.228107 2.058895 -1.207460 1.608672 0.000000 0.000000 0.000000 1.000000 0.000000 0.000000
19.000000 170.235761 2.351817 -1.424459 1.607200 0.000000 0.000000 0.000000 1.000000 0.000000 0.000000
19.000000 170.235974 2.961021 -1.465030 1.594390 0.000000 0.000000 0.000000 1.000000 0.000000 0.000000
19.000000 170.238072 2.259771 -1.192529 1.414043 0.000000 0.000000 0.000000 1.000000 0.000000 0.000000
19.000000 170.245683 2.457601 -1.351305 1.430148 0.000000 0.000000 0.000000 1.000000 0.000000 0.000000
19.000000 170.245804 2.995771 -1.477552 1.584373 0.000000 0.000000 0.000000 1.000000 0.000000 0.000000
19.000000 170.248101 1.994519 -1.216952 1.564214 0.000000 0.000000 0.000000 1.000000 0.000000 0.000000
19.000000 170.255694 2.254465 -1.439552 1.563085 0.000000 0.000000 0.000000 1.000000 0.000000 0.000000
19.000000 170.255797 2.958603 -1.486167 1.557739 0.000000 0.000000 0.000000 1.000000 0.000000 0.000000
19.000000 170.262373 2.605793 -1.127905 1.288948 0.000000 0.000000 0.000000 1.000000 0.000000 0.000000
19.000000 170.265718 2.372197 -1.356984 1.385571 0.000000 0.000000 0.000000 1.000000 0.000000 0.000000
19.000000 170.265777 2.911583 -1.487189 1.533804 0.000000 0.000000 0.000000 1.000000 0.000000 0.000000
19.000000 170.268101 1.953948 -1.230509 1.508159 0.000000 0.000000 0.000000 1.000000 0.000000 0.000000
19.000000 170.275735 2.327936 -1.364106 1.359015 0.000000 0.000000 0.000000 1.000000 0.000000 0.000000
19.000000 170.275740 2.877826 -1.496214 1.509061 0.000000 0.000000 0.000000 1.000000 0.000000 0.000000
19.000000 170.278168 1.917642 -1.236675 1.483529 0.000000 0.000000 0.000000 1.000000 0.000000 0.000000
19.000000 170.285714 2.115758 -1.456401 1.485949 0.000000 0.000000 0.000000 1.000000 0.000000 0.000000
19.000000 170.285728 2.877272 -1.507374 1.485068 0.000000 0.000000 0.000000 1.000000 0.000000 0.000000
19.000000 170.288171 2.089605 -1.212515 1.288464 0.000000 0.000000 0.000000 1.000000 0.000000 0.000000
19.000000 170.295741 2.070078 -1.460886 1.457850 0.000000 0.000000 0.000000 1.000000 0.000000 0.000000
19.000000 170.295757 2.822070 -1.511198 1.457233 0.000000 0.000000 0.000000 1.000000 0.000000 0.000000
19.000000 170.298045 2.048779 -1.216389 1.262015 0.000000 0.000000 0.000000 1.000000 0.000000 0.000000
19.000000 170.305694 2.199606 -1.370785 1.276897 0.000000 0.000000 0.000000 1.000000 0.000000 0.000000
19.000000 170.305806 2.747999 -1.501841 1.426182 0.000000 0.000000 0.000000 1.000000 0.000000 0.000000
19.000000 170.308122 1.809771 -1.244842 1.401332 0.000000 0.000000 0.000000 1.000000 0.000000 0.000000
19.000000 170.315731 2.002636 -1.458383 1.399239 0.000000 0.000000 0.000000 1.000000 0.000000 0.000000
19.000000 170.315767 2.712099 -1.507250 1.394808 0.000000 0.000000 0.000000 1.000000 0.000000 0.000000
19.000000 170.318088 1.991915 -1.227262 1.207296 0.000000 0.000000 0.000000 1.000000 0.000000 0.000000
19.000000 170.325772 2.114453 -1.374321 1.215666 0.000000 0.000000 0.000000 1.000000 0.000000 0.000000
19.000000 170.325830 2.690655 -1.511920 1.370324 0.000000 0.000000 0.000000 1.000000 0.000000 0.000000
19.000000 170.332314 2.302853 -1.145307 1.090778 0.000000 0.000000 0.000000 1.000000 0.000000 0.000000
19.000000 170.335695 1.904916 -1.479644 1.340274 0.000000 0.000000 0.000000 1.000000 0.000000 0.000000
19.000000 170.335820 2.747399 -1.537108 1.346715 0.000000 0.000000 0.000000 1.000000 0.000000 0.000000
19.000000 170.338077 1.925006 -1.232014 1.141483 0.000000 0.000000 0.000000 1.000000 0.000000 0.000000
19.000000 170.345739 2.036084 -1.378316 1.150172 0.000000 0.000000 0.000000 1.000000 0.000000 0.000000
19.000000 170.345786 2.654777 -1.530155 1.305237 0.000000 0.000000 0.000000 1.000000 0.000000 0.000000
19.000000 170.348122 1.720565 -1.268777 1.268866 0.000000 0.000000 0.000000 1.000000 0.000000 0.000000
19.000000 170.355813 1.829756 -1.477078 1.269588 0.000000 0.000000 0.000000 1.000000 0.000000 0.000000
19.000000 170.355831 2.624725 -1.533924 1.271416 0.000000 0.000000 0.000000 1.000000 0.000000 0.000000
19.000000 170.358192 1.866088 -1.243413 1.073067 0.000000 0.000000 0.000000 1.000000 0.000000 0.000000
19.000000 170.365721 1.949449 -1.386209 1.077437 0.000000 0.000000 0.000000 1.000000 0.000000 0.000000
19.000000 170.365923 2.625055 -1.550736 1.242196 0.000000 0.000000 0.000000 1.000000 0.000000 0.000000
19.000000 170.368065 1.658355 -1.278664 1.203249 0.000000 0.000000 0.000000 1.000000 0.000000 0.000000
19.000000 170.375776 1.735498 -1.488942 1.212517 0.000000 0.000000 0.000000 1.000000 0.000000 0.000000
19.000000 170.375808 2.556676 -1.557384 1.209902 0.000000 0.000000 0.000000 1.000000 0.000000 0.000000
19.000000 170.378200 1.790989 -1.257449 1.011096 0.000000 0.000000 0.000000 1.000000 0.000000 0.000000
19.000000 170.385837 1.688781 -1.507662 1.164078 0.000000 0.000000 0.000000 1.000000 0.000000 0.000000
19.000000 170.385872 2.532376 -1.568165 1.169149 0.000000 0.000000 0.000000 1.000000 0.000000 0.000000
19.000000 170.395778 1.669793 -1.496958 1.130983 0.000000 0.000000 0.000000 1.000000 0.000000 0.000000
19.000000 170.395855 2.445479 -1.553948 1.135204 0.000000 0.000000 0.000000 1.000000 0.000000 0.000000
19.000000 170.405796 1.782889 -1.404790 0.939154 0.000000 0.000000 0.000000 1.000000 0.000000 0.000000
19.000000 170.405888 2.391013 -1.554965 1.088878 0.000000 0.000000 0.000000 1.000000 0.000000 0.000000
19.000000 170.415810 1.748171 -1.408389 0.894153 0.000000 0.000000 0.000000 1.000000 0.000000 0.000000
19.000000 170.415886 2.468215 -1.588636 1.060188 0.000000 0.000000 0.000000 1.000000 0.000000 0.000000
19.000000 170.425744 1.712678 -1.419304 0.859524 0.000000 0.000000 0.000000 1.000000 0.000000 0.000000
19.000000 170.425915 2.334860 -1.571192 1.015529 0.000000 0.000000 0.000000 1.000000 0.000000 0.000000
19.000000 170.435877 1.526816 -1.520272 0.965777 0.000000 0.000000 0.000000 1.000000 0.000000 0.000000
19.000000 170.445806 2.345295 -1.590689 0.940640 0.000000 0.000000 0.000000 1.000000 0.000000 0.000000
19.000000 170.455883 2.357113 -1.601031 0.896724 0.000000 0.000000 0.000000 1.000000 0.000000 0.000000
19.000000 170.465883 2.284936 -1.596973 0.856714 0.000000 0.000000 0.000000 1.000000 0.000000 0.000000
19.000000 170.475899 2.289717 -1.611083 0.818265 0.000000 0.000000 0.000000 1.000000 0.000000 0.000000
19.000000 170.545958 2.253769 -1.669460 0.523674 0.000000 0.000000 0.000000 1.000000 0.000000 0.000000
19.000000 170.566014 2.178331 -1.675113 0.414451 0.000000 0.000000 0.000000 1.000000 0.000000 0.000000
