33.000000 341.356217 25.144635 -0.257509 0.283806 0.000000 0.000000 0.000000 1.000000 0.000000 0.000000
33.000000 341.366252 25.404373 -0.159690 0.247971 0.000000 0.000000 0.000000 1.000000 0.000000 0.000000
33.000000 341.376168 24.880963 -0.266869 0.481997 0.000000 0.000000 0.000000 1.000000 0.000000 0.000000
33.000000 341.386229 24.821498 -0.249465 0.545678 0.000000 0.000000 0.000000 1.000000 0.000000 0.000000
33.000000 341.396202 24.594348 -0.258338 0.658042 0.000000 0.000000 0.000000 1.000000 0.000000 0.000000
33.000000 341.406228 24.461553 -0.244887 0.763794 0.000000 0.000000 0.000000 1.000000 0.000000 0.000000
33.000000 341.416193 24.332029 -0.231020 0.847115 0.000000 0.000000 0.000000 1.000000 0.000000 0.000000
33.000000 341.426238 24.244506 -0.214828 0.912959 0.000000 0.000000 0.000000 1.000000 0.000000 0.000000
33.000000 341.436199 23.967706 -0.248540 1.009093 0.000000 0.000000 0.000000 1.000000 0.000000 0.000000
33.000000 341.445947 22.993844 -0.375299 1.151578 0.000000 0.000000 0.000000 1.000000 0.000000 0.000000
33.000000 341.446211 23.865281 -0.223663 1.094756 0.000000 0.000000 0.000000 1.000000 0.000000 0.000000
33.000000 341.455918 22.888773 -0.362657 1.227582 0.000000 0.000000 0.000000 1.000000 0.000000 0.000000
33.000000 341.456220 23.656655 -0.236864 1.185670 0.000000 0.000000 0.000000 1.000000 0.000000 0.000000
33.000000 341.466050 22.771306 -0.352057 1.303999 0.000000 0.000000 0.000000 1.000000 0.000000 0.000000
33.000000 341.466333 23.573269 -0.205315 1.272724 0.000000 0.000000 0.000000 1.000000 0.000000 0.000000
33.000000 341.475898 22.665812 -0.345291 1.376848 0.000000 0.000000 0.000000 1.000000 0.000000 0.000000
33.000000 341.476407 23.436223 -0.203215 1.355054 0.000000 0.000000 0.000000 1.000000 0.000000 0.000000
33.000000 341.486058 22.560005 -0.338202 1.447704 0.000000 0.000000 0.000000 1.000000 0.000000 0.000000
33.000000 341.486416 23.304440 -0.200113 1.430748 0.000000 0.000000 0.000000 1.000000 0.000000 0.000000
33.000000 341.495929 22.446932 -0.326901 1.524477 0.000000 0.000000 0.000000 1.000000 0.000000 0.000000
33.000000 341.496267 23.107392 -0.203949 1.514506 0.000000 0.000000 0.000000 1.000000 0.000000 0.000000
33.000000 341.506013 22.335955 -0.315286 1.594386 0.000000 0.000000 0.000000 1.000000 0.000000 0.000000
33.000000 341.506255 22.959616 -0.199165 1.586663 0.000000 0.000000 0.000000 1.000000 0.000000 0.000000
33.000000 341.515911 22.225020 -0.307430 1.663692 0.000000 0.000000 0.000000 1.000000 0.000000 0.000000
33.000000 341.516252 22.943818 -0.159548 1.650230 0.000000 0.000000 0.000000 1.000000 0.000000 0.000000
33.000000 341.526064 22.122862 -0.301875 1.730477 0.000000 0.000000 0.000000 1.000000 0.000000 0.000000
33.000000 341.526243 22.810298 -0.160083 1.726419 0.000000 0.000000 0.000000 1.000000 0.000000 0.000000
33.000000 341.535953 21.999273 -0.292031 1.787988 0.000000 0.000000 0.000000 1.000000 0.000000 0.000000
33.000000 341.536225 22.656482 -0.157839 1.789733 0.000000 0.000000 0.000000 1.000000 0.000000 0.000000
33.000000 341.546175 21.906928 -0.282392 1.866138 0.000000 0.000000 0.000000 1.000000 0.000000 0.000000
33.000000 341.546294 22.547042 -0.143984 1.866344 0.000000 0.000000 0.000000 1.000000 0.000000 0.000000
33.000000 341.556398 22.406277 -0.141373 1.936040 0.000000 0.000000 0.000000 1.000000 0.000000 0.000000
33.000000 341.566289 22.265525 -0.138104 2.003880 0.000000 0.000000 0.000000 1.000000 0.000000 0.000000
33.000000 341.576263 22.112669 -0.136604 2.072082 0.000000 0.000000 0.000000 1.000000 0.000000 0.000000
33.000000 341.586252 22.068497 -0.123657 2.131787 0.000000 0.000000 0.000000 1.000000 0.000000 0.000000
33.000000 341.596262 21.845699 -0.122798 2.201138 0.000000 0.000000 0.000000 1.000000 0.000000 0.000000
33.000000 341.606234 21.736357 -0.112474 2.260311 0.000000 0.000000 0.000000 1.000000 0.000000 0.000000
33.000000 341.616231 21.628264 -0.102884 2.320297 0.000000 0.000000 0.000000 1.000000 0.000000 0.000000
33.000000 341.622650 21.052908 -0.140891 2.467895 0.000000 0.000000 0.000000 1.000000 0.000000 0.000000
33.000000 341.626202 20.591782 -0.380177 2.346631 0.000000 0.000000 0.000000 1.000000 0.000000 0.000000
33.000000 341.626287 21.468986 -0.103646 2.384230 0.000000 0.000000 0.000000 1.000000 0.000000 0.000000
33.000000 341.636032 20.486262 -0.362071 2.388232 0.000000 0.000000 0.000000 1.000000 0.000000 0.000000
33.000000 341.636250 21.327710 -0.097461 2.427859 0.000000 0.000000 0.000000 1.000000 0.000000 0.000000
33.000000 341.646123 20.367730 -0.358481 2.455377 0.000000 0.000000 0.000000 1.000000 0.000000 0.000000
33.000000 341.646438 21.139201 -0.112586 2.494793 0.000000 0.000000 0.000000 1.000000 0.000000 0.000000
33.000000 341.653620 19.790634 0.074054 2.402069 0.000000 0.000000 0.000000 1.000000 0.000000 0.000000
33.000000 341.656060 20.257352 -0.349292 2.508771 0.000000 0.000000 0.000000 1.000000 0.000000 0.000000
33.000000 341.656290 21.082537 -0.084075 2.551485 0.000000 0.000000 0.000000 1.000000 0.000000 0.000000
33.000000 341.666137 20.136466 -0.344353 2.566386 0.000000 0.000000 0.000000 1.000000 0.000000 0.000000
33.000000 341.666296 20.934785 -0.086809 2.610427 0.000000 0.000000 0.000000 1.000000 0.000000 0.000000
33.000000 341.676106 20.018094 -0.338901 2.613492 0.000000 0.000000 0.000000 1.000000 0.000000 0.000000
33.000000 341.676260 20.860778 -0.066961 2.648251 0.000000 0.000000 0.000000 1.000000 0.000000 0.000000
33.000000 341.686174 19.898064 -0.328604 2.667066 0.000000 0.000000 0.000000 1.000000 0.000000 0.000000
33.000000 341.686378 20.714232 -0.063135 2.706247 0.000000 0.000000 0.000000 1.000000 0.000000 0.000000
33.000000 341.696107 19.776844 -0.330156 2.716385 0.000000 0.000000 0.000000 1.000000 0.000000 0.000000
33.000000 341.696320 20.585272 -0.064679 2.757702 0.000000 0.000000 0.000000 1.000000 0.000000 0.000000
33.000000 341.706198 19.655682 -0.317376 2.766155 0.000000 0.000000 0.000000 1.000000 0.000000 0.000000
33.000000 341.706349 20.463572 -0.049885 2.806487 0.000000 0.000000 0.000000 1.000000 0.000000 0.000000
33.000000 341.716047 19.546117 -0.309653 2.815191 0.000000 0.000000 0.000000 1.000000 0.000000 0.000000
33.000000 341.716438 20.344643 -0.044373 2.854843 0.000000 0.000000 0.000000 1.000000 0.000000 0.000000
33.000000 341.726198 19.420633 -0.304694 2.862589 0.000000 0.000000 0.000000 1.000000 0.000000 0.000000
33.000000 341.726389 20.201944 -0.043640 2.903220 0.000000 0.000000 0.000000 1.000000 0.000000 0.000000
33.000000 341.736069 19.312966 -0.296748 2.907013 0.000000 0.000000 0.000000 1.000000 0.000000 0.000000
33.000000 341.736389 20.085158 -0.037970 2.945695 0.000000 0.000000 0.000000 1.000000 0.000000 0.000000
33.000000 341.746182 19.195943 -0.293095 2.950751 0.000000 0.000000 0.000000 1.000000 0.000000 0.000000
33.000000 341.746400 19.963638 -0.033331 2.994630 0.000000 0.000000 0.000000 1.000000 0.000000 0.000000
33.000000 341.756048 19.090628 -0.282527 2.989007 0.000000 0.000000 0.000000 1.000000 0.000000 0.000000
33.000000 341.756456 19.827689 -0.031219 3.036943 0.000000 0.000000 0.000000 1.000000 0.000000 0.000000
33.000000 341.766183 18.965212 -0.281206 3.035956 0.000000 0.000000 0.000000 1.000000 0.000000 0.000000
33.000000 341.766612 19.706155 -0.027019 3.080055 0.000000 0.000000 0.000000 1.000000 0.000000 0.000000
33.000000 341.776099 18.846302 -0.276252 3.077886 0.000000 0.000000 0.000000 1.000000 0.000000 0.000000
33.000000 341.776571 19.595967 -0.018247 3.120920 0.000000 0.000000 0.000000 1.000000 0.000000 0.000000
33.000000 341.786215 18.747224 -0.280065 3.114547 0.000000 0.000000 0.000000 1.000000 0.000000 0.000000
33.000000 341.786351 19.515436 -0.015697 3.154695 0.000000 0.000000 0.000000 1.000000 0.000000 0.000000
33.000000 341.796095 18.616966 -0.261658 3.160967 0.000000 0.000000 0.000000 1.000000 0.000000 0.000000
33.000000 341.796493 19.332706 -0.012341 3.204563 0.000000 0.000000 0.000000 1.000000 0.000000 0.000000
33.000000 341.806215 18.505368 -0.258290 3.192933 0.000000 0.000000 0.000000 1.000000 0.000000 0.000000
33.000000 341.806384 19.200468 -0.014757 3.237895 0.000000 0.000000 0.000000 1.000000 0.000000 0.000000
33.000000 341.816100 18.388991 -0.254220 3.237598 0.000000 0.000000 0.000000 1.000000 0.000000 0.000000
33.000000 341.816539 19.067743 -0.015965 3.270464 0.000000 0.000000 0.000000 1.000000 0.000000 0.000000
33.000000 341.826261 18.279946 -0.249196 3.263343 0.000000 0.000000 0.000000 1.000000 0.000000 0.000000
33.000000 341.826661 18.956744 -0.008847 3.307460 0.000000 0.000000 0.000000 1.000000 0.000000 0.000000
33.000000 341.836127 18.184334 -0.251878 3.297875 0.000000 0.000000 0.000000 1.000000 0.000000 0.000000
33.000000 341.836493 18.886151 -0.001654 3.342726 0.000000 0.000000 0.000000 1.000000 0.000000 0.000000
33.000000 341.846168 18.051275 -0.241211 3.329122 0.000000 0.000000 0.000000 1.000000 0.000000 0.000000
33.000000 341.847082 18.751059 0.009403 3.369298 0.000000 0.000000 0.000000 1.000000 0.000000 0.000000
33.000000 341.853752 17.312654 0.210825 3.286451 0.000000 0.000000 0.000000 1.000000 0.000000 0.000000
33.000000 341.856631 18.584388 0.007163 3.394038 0.000000 0.000000 0.000000 1.000000 0.000000 0.000000
33.000000 341.866222 17.766756 -0.231776 3.362346 0.000000 0.000000 0.000000 1.000000 0.000000 0.000000
33.000000 341.866655 18.420699 0.007924 3.417563 0.000000 0.000000 0.000000 1.000000 0.000000 0.000000
33.000000 341.876470 18.373888 0.023220 3.440675 0.000000 0.000000 0.000000 1.000000 0.000000 0.000000
33.000000 341.886571 18.220536 0.024281 3.471827 0.000000 0.000000 0.000000 1.000000 0.000000 0.000000
33.000000 341.896612 18.105894 0.031923 3.489803 0.000000 0.000000 0.000000 1.000000 0.000000 0.000000
33.000000 341.902759 17.841552 0.016615 3.551994 0.000000 0.000000 0.000000 1.000000 0.000000 0.000000
33.000000 341.906600 17.998399 0.027082 3.519486 0.000000 0.000000 0.000000 1.000000 0.000000 0.000000
33.000000 341.916427 17.899917 0.041474 3.529914 0.000000 0.000000 0.000000 1.000000 0.000000 0.000000
33.000000 341.926468 17.844757 0.060917 3.541799 0.000000 0.000000 0.000000 1.000000 0.000000 0.000000
33.000000 341.936368 17.713460 0.070062 3.576936 0.000000 0.000000 0.000000 1.000000 0.000000 0.000000
33.000000 341.946414 17.528390 0.069138 3.602992 0.000000 0.000000 0.000000 1.000000 0.000000 0.000000
33.000000 341.956410 17.415530 0.065008 3.639045 0.000000 0.000000 0.000000 1.000000 0.000000 0.000000
33.000000 341.966751 17.314388 0.073815 3.651510 0.000000 0.000000 0.000000 1.000000 0.000000 0.000000
33.000000 341.976612 17.242675 0.093622 3.670917 0.000000 0.000000 0.000000 1.000000 0.000000 0.000000
33.000000 341.996606 16.929718 0.063955 3.720276 0.000000 0.000000 0.000000 1.000000 0.000000 0.000000
33.000000 342.012919 16.658909 0.024209 3.717527 0.000000 0.000000 0.000000 1.000000 0.000000 0.000000
33.000000 342.016495 16.715449 0.093855 3.738685 0.000000 0.000000 0.000000 1.000000 0.000000 0.000000
33.000000 342.026568 16.601656 0.094619 3.763241 0.000000 0.000000 0.000000 1.000000 0.000000 0.000000
33.000000 342.036488 16.543625 0.101672 3.759372 0.000000 0.000000 0.000000 1.000000 0.000000 0.000000
33.000000 342.046670 16.374407 0.097731 3.778100 0.000000 0.000000 0.000000 1.000000 0.000000 0.000000
33.000000 342.056629 16.271595 0.104330 3.795542 0.000000 0.000000 0.000000 1.000000 0.000000 0.000000
33.000000 342.066446 16.161177 0.116721 3.809311 0.000000 0.000000 0.000000 1.000000 0.000000 0.000000
33.000000 342.076417 16.075059 0.125864 3.826347 0.000000 0.000000 0.000000 1.000000 0.000000 0.000000
33.000000 342.096465 15.780096 0.113388 3.826292 0.000000 0.000000 0.000000 1.000000 0.000000 0.000000
33.000000 342.136484 15.404040 0.150472 3.843100 0.000000 0.000000 0.000000 1.000000 0.000000 0.000000
33.000000 342.166633 15.095686 0.169436 3.832869 0.000000 0.000000 0.000000 1.000000 0.000000 0.000000
33.000000 342.176544 14.989678 0.175545 3.828080 0.000000 0.000000 0.000000 1.000000 0.000000 0.000000
33.000000 342.196579 14.763124 0.190726 3.827781 0.000000 0.000000 0.000000 1.000000 0.000000 0.000000
33.000000 342.216537 14.541748 0.196099 3.800440 0.000000 0.000000 0.000000 1.000000 0.000000 0.000000
33.000000 342.236507 14.304635 0.194781 3.797830 0.000000 0.000000 0.000000 1.000000 0.000000 0.000000
33.000000 342.246637 14.119164 0.176974 3.781220 0.000000 0.000000 0.000000 1.000000 0.000000 0.000000
33.000000 342.256497 14.059480 0.197292 3.766833 0.000000 0.000000 0.000000 1.000000 0.000000 0.000000
33.000000 342.266481 13.983846 0.207741 3.751499 0.000000 0.000000 0.000000 1.000000 0.000000 0.000000
33.000000 342.276549 13.882599 0.216023 3.740743 0.000000 0.000000 0.000000 1.000000 0.000000 0.000000
33.000000 342.286645 13.814527 0.220252 3.730331 0.000000 0.000000 0.000000 1.000000 0.000000 0.000000
33.000000 342.296535 13.624902 0.218107 3.733673 0.000000 0.000000 0.000000 1.000000 0.000000 0.000000
33.000000 342.306794 13.540922 0.227403 3.707727 0.000000 0.000000 0.000000 1.000000 0.000000 0.000000
33.000000 342.316603 13.424155 0.224378 3.701521 0.000000 0.000000 0.000000 1.000000 0.000000 0.000000
33.000000 342.326630 13.333828 0.235989 3.689912 0.000000 0.000000 0.000000 1.000000 0.000000 0.000000
33.000000 342.336584 13.224681 0.237730 3.669758 0.000000 0.000000 0.000000 1.000000 0.000000 0.000000
33.000000 342.346367 12.653385 0.026297 3.659598 0.000000 0.000000 0.000000 1.000000 0.000000 0.000000
33.000000 342.346718 13.116219 0.244811 3.660382 0.000000 0.000000 0.000000 1.000000 0.000000 0.000000
33.000000 342.356282 12.558261 0.036837 3.652520 0.000000 0.000000 0.000000 1.000000 0.000000 0.000000
33.000000 342.356621 13.000749 0.246019 3.643367 0.000000 0.000000 0.000000 1.000000 0.000000 0.000000
33.000000 342.362981 12.478223 0.245527 3.687940 0.000000 0.000000 0.000000 1.000000 0.000000 0.000000
33.000000 342.366343 12.473027 0.042268 3.632948 0.000000 0.000000 0.000000 1.000000 0.000000 0.000000
33.000000 342.366703 12.932460 0.260104 3.619850 0.000000 0.000000 0.000000 1.000000 0.000000 0.000000
33.000000 342.376298 12.354517 0.045598 3.615171 0.000000 0.000000 0.000000 1.000000 0.000000 0.000000
33.000000 342.376632 12.810268 0.262442 3.598226 0.000000 0.000000 0.000000 1.000000 0.000000 0.000000
33.000000 342.386391 12.278131 0.049296 3.592807 0.000000 0.000000 0.000000 1.000000 0.000000 0.000000
33.000000 342.386723 12.713196 0.256635 3.567895 0.000000 0.000000 0.000000 1.000000 0.000000 0.000000
33.000000 342.396435 12.148231 0.062338 3.573633 0.000000 0.000000 0.000000 1.000000 0.000000 0.000000
33.000000 342.396607 12.577256 0.268783 3.552225 0.000000 0.000000 0.000000 1.000000 0.000000 0.000000
33.000000 342.403980 11.482829 0.348587 3.553478 0.000000 0.000000 0.000000 1.000000 0.000000 0.000000
33.000000 342.406733 12.498466 0.274531 3.524729 0.000000 0.000000 0.000000 1.000000 0.000000 0.000000
33.000000 342.416419 11.954669 0.069776 3.531325 0.000000 0.000000 0.000000 1.000000 0.000000 0.000000
33.000000 342.416628 12.382209 0.276757 3.497611 0.000000 0.000000 0.000000 1.000000 0.000000 0.000000
33.000000 342.422976 11.730716 0.273458 3.549209 0.000000 0.000000 0.000000 1.000000 0.000000 0.000000
33.000000 342.426349 11.856537 0.069183 3.510720 0.000000 0.000000 0.000000 1.000000 0.000000 0.000000
33.000000 342.426734 12.307301 0.287995 3.470101 0.000000 0.000000 0.000000 1.000000 0.000000 0.000000
33.000000 342.436334 11.769921 0.061907 3.480985 0.000000 0.000000 0.000000 1.000000 0.000000 0.000000
33.000000 342.436831 12.230740 0.286271 3.437880 0.000000 0.000000 0.000000 1.000000 0.000000 0.000000
33.000000 342.446458 11.642583 0.071667 3.451858 0.000000 0.000000 0.000000 1.000000 0.000000 0.000000
33.000000 342.446933 12.080225 0.287041 3.415097 0.000000 0.000000 0.000000 1.000000 0.000000 0.000000
33.000000 342.456319 11.547333 0.081365 3.423207 0.000000 0.000000 0.000000 1.000000 0.000000 0.000000
33.000000 342.456681 11.975219 0.293700 3.386157 0.000000 0.000000 0.000000 1.000000 0.000000 0.000000
33.000000 342.466470 11.443971 0.088199 3.396122 0.000000 0.000000 0.000000 1.000000 0.000000 0.000000
33.000000 342.466944 11.857796 0.293942 3.350405 0.000000 0.000000 0.000000 1.000000 0.000000 0.000000
33.000000 342.476412 11.346536 0.084738 3.366281 0.000000 0.000000 0.000000 1.000000 0.000000 0.000000
33.000000 342.476760 11.789237 0.306317 3.318953 0.000000 0.000000 0.000000 1.000000 0.000000 0.000000
33.000000 342.486613 11.270251 0.080106 3.332586 0.000000 0.000000 0.000000 1.000000 0.000000 0.000000
33.000000 342.486696 11.710882 0.301122 3.283731 0.000000 0.000000 0.000000 1.000000 0.000000 0.000000
33.000000 342.494079 10.584789 0.367688 3.301386 0.000000 0.000000 0.000000 1.000000 0.000000 0.000000
33.000000 342.496771 11.621499 0.308624 3.250078 0.000000 0.000000 0.000000 1.000000 0.000000 0.000000
33.000000 342.506625 11.048174 0.103554 3.267420 0.000000 0.000000 0.000000 1.000000 0.000000 0.000000
33.000000 342.506785 11.450971 0.308646 3.218680 0.000000 0.000000 0.000000 1.000000 0.000000 0.000000
33.000000 342.516413 10.952740 0.104094 3.235560 0.000000 0.000000 0.000000 1.000000 0.000000 0.000000
33.000000 342.516851 11.368820 0.317575 3.183171 0.000000 0.000000 0.000000 1.000000 0.000000 0.000000
33.000000 342.526532 10.864104 0.110520 3.201333 0.000000 0.000000 0.000000 1.000000 0.000000 0.000000
33.000000 342.526932 11.278575 0.323981 3.144214 0.000000 0.000000 0.000000 1.000000 0.000000 0.000000
33.000000 342.536466 10.777953 0.103506 3.161952 0.000000 0.000000 0.000000 1.000000 0.000000 0.000000
33.000000 342.536698 11.187585 0.314972 3.108099 0.000000 0.000000 0.000000 1.000000 0.000000 0.000000
33.000000 342.546520 10.663126 0.116579 3.127940 0.000000 0.000000 0.000000 1.000000 0.000000 0.000000
33.000000 342.547042 11.063490 0.326058 3.073879 0.000000 0.000000 0.000000 1.000000 0.000000 0.000000
33.000000 342.556527 10.554468 0.122256 3.089984 0.000000 0.000000 0.000000 1.000000 0.000000 0.000000
33.000000 342.556833 10.946867 0.328695 3.034910 0.000000 0.000000 0.000000 1.000000 0.000000 0.000000
33.000000 342.564107 9.923034 0.376422 3.053287 0.000000 0.000000 0.000000 1.000000 0.000000 0.000000
33.000000 342.566771 10.855164 0.330147 2.995263 0.000000 0.000000 0.000000 1.000000 0.000000 0.000000
33.000000 342.576494 10.370619 0.127591 3.008760 0.000000 0.000000 0.000000 1.000000 0.000000 0.000000
33.000000 342.576719 10.763247 0.336565 2.949280 0.000000 0.000000 0.000000 1.000000 0.000000 0.000000
33.000000 342.586615 10.286114 0.121650 2.965336 0.000000 0.000000 0.000000 1.000000 0.000000 0.000000
33.000000 342.586797 10.688806 0.335418 2.900282 0.000000 0.000000 0.000000 1.000000 0.000000 0.000000
33.000000 342.596593 10.177589 0.130471 2.930029 0.000000 0.000000 0.000000 1.000000 0.000000 0.000000
33.000000 342.596663 10.573231 0.344602 2.866423 0.000000 0.000000 0.000000 1.000000 0.000000 0.000000
33.000000 342.606591 10.080559 0.136656 2.883473 0.000000 0.000000 0.000000 1.000000 0.000000 0.000000
33.000000 342.606915 10.466671 0.346095 2.821047 0.000000 0.000000 0.000000 1.000000 0.000000 0.000000
33.000000 342.616423 9.986849 0.134807 2.841987 0.000000 0.000000 0.000000 1.000000 0.000000 0.000000
33.000000 342.616697 10.381839 0.350058 2.774320 0.000000 0.000000 0.000000 1.000000 0.000000 0.000000
33.000000 342.626613 9.889938 0.145936 2.795140 0.000000 0.000000 0.000000 1.000000 0.000000 0.000000
33.000000 342.626884 10.266551 0.351449 2.721817 0.000000 0.000000 0.000000 1.000000 0.000000 0.000000
33.000000 342.636422 9.816425 0.136531 2.743070 0.000000 0.000000 0.000000 1.000000 0.000000 0.000000
33.000000 342.636725 10.213002 0.354201 2.668744 0.000000 0.000000 0.000000 1.000000 0.000000 0.000000
33.000000 342.646548 9.696553 0.145166 2.700751 0.000000 0.000000 0.000000 1.000000 0.000000 0.000000
33.000000 342.646869 10.075213 0.355186 2.629588 0.000000 0.000000 0.000000 1.000000 0.000000 0.000000
33.000000 342.656403 9.599218 0.147110 2.655784 0.000000 0.000000 0.000000 1.000000 0.000000 0.000000
33.000000 342.656754 9.982093 0.360603 2.578398 0.000000 0.000000 0.000000 1.000000 0.000000 0.000000
33.000000 342.666705 9.520342 0.152658 2.607313 0.000000 0.000000 0.000000 1.000000 0.000000 0.000000
33.000000 342.666927 9.892431 0.360459 2.525538 0.000000 0.000000 0.000000 1.000000 0.000000 0.000000
33.000000 342.674071 8.940127 0.373878 2.566545 0.000000 0.000000 0.000000 1.000000 0.000000 0.000000
33.000000 342.676763 9.780468 0.358956 2.475580 0.000000 0.000000 0.000000 1.000000 0.000000 0.000000
33.000000 342.686519 9.327079 0.159176 2.505194 0.000000 0.000000 0.000000 1.000000 0.000000 0.000000
33.000000 342.686955 9.699384 0.369083 2.420456 0.000000 0.000000 0.000000 1.000000 0.000000 0.000000
33.000000 342.694084 8.773552 0.369883 2.467004 0.000000 0.000000 0.000000 1.000000 0.000000 0.000000
33.000000 342.696898 9.585747 0.363044 2.369728 0.000000 0.000000 0.000000 1.000000 0.000000 0.000000
33.000000 342.706553 9.138734 0.167061 2.404394 0.000000 0.000000 0.000000 1.000000 0.000000 0.000000
33.000000 342.706827 9.504415 0.377522 2.320210 0.000000 0.000000 0.000000 1.000000 0.000000 0.000000
33.000000 342.714131 8.572714 0.372492 2.361167 0.000000 0.000000 0.000000 1.000000 0.000000 0.000000
33.000000 342.716763 9.393954 0.378079 2.256524 0.000000 0.000000 0.000000 1.000000 0.000000 0.000000
33.000000 342.726608 8.949767 0.172528 2.291860 0.000000 0.000000 0.000000 1.000000 0.000000 0.000000
33.000000 342.726911 9.317754 0.383601 2.203078 0.000000 0.000000 0.000000 1.000000 0.000000 0.000000
33.000000 342.736456 8.855252 0.170503 2.236738 0.000000 0.000000 0.000000 1.000000 0.000000 0.000000
33.000000 342.736748 9.228617 0.386146 2.145802 0.000000 0.000000 0.000000 1.000000 0.000000 0.000000
33.000000 342.746543 8.766275 0.179229 2.189883 0.000000 0.000000 0.000000 1.000000 0.000000 0.000000
33.000000 342.746840 9.138061 0.397589 2.095785 0.000000 0.000000 0.000000 1.000000 0.000000 0.000000
33.000000 342.756474 8.674129 0.182057 2.130458 0.000000 0.000000 0.000000 1.000000 0.000000 0.000000
33.000000 342.756739 9.027114 0.391140 2.038536 0.000000 0.000000 0.000000 1.000000 0.000000 0.000000
33.000000 342.766600 8.580035 0.185124 2.070950 0.000000 0.000000 0.000000 1.000000 0.000000 0.000000
33.000000 342.766841 8.930987 0.394397 1.980360 0.000000 0.000000 0.000000 1.000000 0.000000 0.000000
33.000000 342.776627 8.480155 0.191989 2.015099 0.000000 0.000000 0.000000 1.000000 0.000000 0.000000
33.000000 342.776730 8.837276 0.406918 1.916183 0.000000 0.000000 0.000000 1.000000 0.000000 0.000000
33.000000 342.786655 8.407650 0.191698 1.955941 0.000000 0.000000 0.000000 1.000000 0.000000 0.000000
33.000000 342.786819 8.764860 0.409015 1.856140 0.000000 0.000000 0.000000 1.000000 0.000000 0.000000
33.000000 342.796513 8.302646 0.198587 1.892398 0.000000 0.000000 0.000000 1.000000 0.000000 0.000000
33.000000 342.796778 8.634854 0.401695 1.801498 0.000000 0.000000 0.000000 1.000000 0.000000 0.000000
33.000000 342.806563 8.199506 0.206238 1.826033 0.000000 0.000000 0.000000 1.000000 0.000000 0.000000
33.000000 342.806778 8.524573 0.406159 1.737996 0.000000 0.000000 0.000000 1.000000 0.000000 0.000000
33.000000 342.816499 8.128463 0.206267 1.772646 0.000000 0.000000 0.000000 1.000000 0.000000 0.000000
33.000000 342.816714 8.454309 0.411360 1.676306 0.000000 0.000000 0.000000 1.000000 0.000000 0.000000
33.000000 342.826583 8.024834 0.215867 1.710858 0.000000 0.000000 0.000000 1.000000 0.000000 0.000000
33.000000 342.826859 8.342331 0.418607 1.624197 0.000000 0.000000 0.000000 1.000000 0.000000 0.000000
33.000000 342.836518 7.938984 0.216987 1.639418 0.000000 0.000000 0.000000 1.000000 0.000000 0.000000
33.000000 342.836768 8.262953 0.421475 1.547957 0.000000 0.000000 0.000000 1.000000 0.000000 0.000000
33.000000 342.846714 7.849968 0.222226 1.583730 0.000000 0.000000 0.000000 1.000000 0.000000 0.000000
33.000000 342.847117 8.173658 0.430819 1.488867 0.000000 0.000000 0.000000 1.000000 0.000000 0.000000
33.000000 342.856479 7.761033 0.227267 1.519792 0.000000 0.000000 0.000000 1.000000 0.000000 0.000000
33.000000 342.856831 8.072364 0.429177 1.425601 0.000000 0.000000 0.000000 1.000000 0.000000 0.000000
33.000000 342.866596 7.668106 0.227103 1.449378 0.000000 0.000000 0.000000 1.000000 0.000000 0.000000
33.000000 342.866997 7.986023 0.436584 1.357620 0.000000 0.000000 0.000000 1.000000 0.000000 0.000000
33.000000 342.876487 7.586903 0.234167 1.381372 0.000000 0.000000 0.000000 1.000000 0.000000 0.000000
33.000000 342.876831 7.891332 0.436436 1.294029 0.000000 0.000000 0.000000 1.000000 0.000000 0.000000
33.000000 342.886613 7.488758 0.229905 1.308068 0.000000 0.000000 0.000000 1.000000 0.000000 0.000000
33.000000 342.886848 7.800147 0.432291 1.213408 0.000000 0.000000 0.000000 1.000000 0.000000 0.000000
33.000000 342.896548 7.401369 0.237736 1.245999 0.000000 0.000000 0.000000 1.000000 0.000000 0.000000
33.000000 342.896826 7.713750 0.447203 1.150093 0.000000 0.000000 0.000000 1.000000 0.000000 0.000000
33.000000 342.906676 7.315505 0.238213 1.180162 0.000000 0.000000 0.000000 1.000000 0.000000 0.000000
33.000000 342.906895 7.626230 0.445735 1.079530 0.000000 0.000000 0.000000 1.000000 0.000000 0.000000
33.000000 342.916630 7.223621 0.246706 1.109752 0.000000 0.000000 0.000000 1.000000 0.000000 0.000000
33.000000 342.916860 7.530685 0.452880 1.006379 0.000000 0.000000 0.000000 1.000000 0.000000 0.000000
33.000000 342.926638 7.125057 0.244709 1.040373 0.000000 0.000000 0.000000 1.000000 0.000000 0.000000
33.000000 342.926937 7.424099 0.447672 0.941497 0.000000 0.000000 0.000000 1.000000 0.000000 0.000000
33.000000 342.936621 7.045748 0.246501 0.960075 0.000000 0.000000 0.000000 1.000000 0.000000 0.000000
33.000000 342.936840 7.352938 0.453650 0.857144 0.000000 0.000000 0.000000 1.000000 0.000000 0.000000
33.000000 342.946855 6.952175 0.248685 0.897697 0.000000 0.000000 0.000000 1.000000 0.000000 0.000000
33.000000 342.946919 7.255121 0.457007 0.791126 0.000000 0.000000 0.000000 1.000000 0.000000 0.000000
33.000000 342.956591 6.864731 0.253259 0.813923 0.000000 0.000000 0.000000 1.000000 0.000000 0.000000
33.000000 342.956842 7.159931 0.460549 0.717596 0.000000 0.000000 0.000000 1.000000 0.000000 0.000000
33.000000 342.966623 6.770663 0.258006 0.745768 0.000000 0.000000 0.000000 1.000000 0.000000 0.000000
33.000000 342.967009 7.065034 0.463238 0.642304 0.000000 0.000000 0.000000 1.000000 0.000000 0.000000
33.000000 342.976635 6.697411 0.258801 0.668679 0.000000 0.000000 0.000000 1.000000 0.000000 0.000000
33.000000 342.976821 6.991944 0.465902 0.563298 0.000000 0.000000 0.000000 1.000000 0.000000 0.000000
33.000000 342.986653 6.596437 0.263609 0.585259 0.000000 0.000000 0.000000 1.000000 0.000000 0.000000
33.000000 342.986873 6.886467 0.466348 0.484445 0.000000 0.000000 0.000000 1.000000 0.000000 0.000000
33.000000 342.996560 6.521777 0.265770 0.512937 0.000000 0.000000 0.000000 1.000000 0.000000 0.000000
33.000000 342.996969 6.807671 0.470160 0.416098 0.000000 0.000000 0.000000 1.000000 0.000000 0.000000
33.000000 343.006673 6.432354 0.269137 0.437248 0.000000 0.000000 0.000000 1.000000 0.000000 0.000000
33.000000 343.006984 6.723157 0.477431 0.330102 0.000000 0.000000 0.000000 1.000000 0.000000 0.000000
33.000000 343.016767 6.344143 0.274418 0.355814 0.000000 0.000000 0.000000 1.000000 0.000000 0.000000
33.000000 343.016916 6.629132 0.482827 0.254887 0.000000 0.000000 0.000000 1.000000 0.000000 0.000000
33.000000 343.026711 6.254396 0.278505 0.281157 0.000000 0.000000 0.000000 1.000000 0.000000 0.000000
33.000000 343.027054 6.540307 0.487924 0.177779 0.000000 0.000000 0.000000 1.000000 0.000000 0.000000
33.000000 343.036647 6.173086 0.279928 0.195422 0.000000 0.000000 0.000000 1.000000 0.000000 0.000000
33.000000 343.036918 6.455302 0.486827 0.093098 0.000000 0.000000 0.000000 1.000000 0.000000 0.000000
33.000000 343.046891 6.084787 0.287700 0.121490 0.000000 0.000000 0.000000 1.000000 0.000000 0.000000
33.000000 343.047005 6.361683 0.493353 0.022845 0.000000 0.000000 0.000000 1.000000 0.000000 0.000000
33.000000 343.056575 6.045093 0.288087 0.166933 0.000000 0.000000 0.000000 1.000000 0.000000 0.000000
33.000000 343.056861 6.307309 0.488949 0.080144 0.000000 0.000000 0.000000 1.000000 0.000000 0.000000
33.000000 343.066667 5.990743 0.280553 0.218730 0.000000 0.000000 0.000000 1.000000 0.000000 0.000000
33.000000 343.066976 6.250020 0.485269 0.143317 0.000000 0.000000 0.000000 1.000000 0.000000 0.000000
33.000000 343.076599 5.943640 0.283418 0.283526 0.000000 0.000000 0.000000 1.000000 0.000000 0.000000
33.000000 343.076900 6.202936 0.484870 0.199277 0.000000 0.000000 0.000000 1.000000 0.000000 0.000000
33.000000 343.086773 5.900659 0.284447 0.335868 0.000000 0.000000 0.000000 1.000000 0.000000 0.000000
33.000000 343.087085 6.167448 0.490749 0.251057 0.000000 0.000000 0.000000 1.000000 0.000000 0.000000
33.000000 343.096639 5.847365 0.285117 0.399885 0.000000 0.000000 0.000000 1.000000 0.000000 0.000000
33.000000 343.096864 6.101574 0.487310 0.318988 0.000000 0.000000 0.000000 1.000000 0.000000 0.000000
33.000000 343.106735 5.795743 0.283008 0.460148 0.000000 0.000000 0.000000 1.000000 0.000000 0.000000
33.000000 343.107123 6.050544 0.484191 0.373820 0.000000 0.000000 0.000000 1.000000 0.000000 0.000000
33.000000 343.116636 5.752238 0.286320 0.511009 0.000000 0.000000 0.000000 1.000000 0.000000 0.000000
33.000000 343.117047 6.001363 0.484873 0.428425 0.000000 0.000000 0.000000 1.000000 0.000000 0.000000
33.000000 343.126879 5.695429 0.285959 0.566363 0.000000 0.000000 0.000000 1.000000 0.000000 0.000000
33.000000 343.127063 5.945862 0.488037 0.483923 0.000000 0.000000 0.000000 1.000000 0.000000 0.000000
33.000000 343.136595 5.652757 0.280714 0.615194 0.000000 0.000000 0.000000 1.000000 0.000000 0.000000
33.000000 343.136925 5.912235 0.486148 0.527111 0.000000 0.000000 0.000000 1.000000 0.000000 0.000000
33.000000 343.146698 5.605507 0.280574 0.674187 0.000000 0.000000 0.000000 1.000000 0.000000 0.000000
33.000000 343.147232 5.858650 0.484363 0.583975 0.000000 0.000000 0.000000 1.000000 0.000000 0.000000
33.000000 343.156619 5.554435 0.286875 0.717061 0.000000 0.000000 0.000000 1.000000 0.000000 0.000000
33.000000 343.157122 5.801103 0.488049 0.633665 0.000000 0.000000 0.000000 1.000000 0.000000 0.000000
33.000000 343.166707 5.494168 0.285146 0.772677 0.000000 0.000000 0.000000 1.000000 0.000000 0.000000
33.000000 343.167222 5.742181 0.487423 0.686474 0.000000 0.000000 0.000000 1.000000 0.000000 0.000000
33.000000 343.176642 5.452590 0.286343 0.821808 0.000000 0.000000 0.000000 1.000000 0.000000 0.000000
33.000000 343.176974 5.698011 0.487317 0.732869 0.000000 0.000000 0.000000 1.000000 0.000000 0.000000
33.000000 343.186840 5.403767 0.283456 0.866976 0.000000 0.000000 0.000000 1.000000 0.000000 0.000000
33.000000 343.187057 5.654147 0.486024 0.775376 0.000000 0.000000 0.000000 1.000000 0.000000 0.000000
33.000000 343.196790 5.364036 0.288294 0.911234 0.000000 0.000000 0.000000 1.000000 0.000000 0.000000
33.000000 343.197016 5.603701 0.486663 0.824638 0.000000 0.000000 0.000000 1.000000 0.000000 0.000000
33.000000 343.207099 5.549889 0.488123 0.871362 0.000000 0.000000 0.000000 1.000000 0.000000 0.000000
33.000000 343.216707 5.256387 0.280035 1.001908 0.000000 0.000000 0.000000 1.000000 0.000000 0.000000
33.000000 343.217098 5.497484 0.482080 0.913524 0.000000 0.000000 0.000000 1.000000 0.000000 0.000000
33.000000 343.226733 5.211206 0.282908 1.040722 0.000000 0.000000 0.000000 1.000000 0.000000 0.000000
33.000000 343.227005 5.448965 0.484783 0.957035 0.000000 0.000000 0.000000 1.000000 0.000000 0.000000
33.000000 343.236685 5.167927 0.279552 1.076224 0.000000 0.000000 0.000000 1.000000 0.000000 0.000000
33.000000 343.236911 5.416337 0.489390 0.988404 0.000000 0.000000 0.000000 1.000000 0.000000 0.000000
33.000000 343.246865 5.105394 0.282183 1.121639 0.000000 0.000000 0.000000 1.000000 0.000000 0.000000
33.000000 343.246969 5.343887 0.487235 1.037958 0.000000 0.000000 0.000000 1.000000 0.000000 0.000000
33.000000 343.256704 5.058589 0.274063 1.164576 0.000000 0.000000 0.000000 1.000000 0.000000 0.000000
33.000000 343.256942 5.301078 0.483328 1.076996 0.000000 0.000000 0.000000 1.000000 0.000000 0.000000
33.000000 343.266838 5.010654 0.277309 1.203691 0.000000 0.000000 0.000000 1.000000 0.000000 0.000000
33.000000 343.267021 5.251157 0.484802 1.113949 0.000000 0.000000 0.000000 1.000000 0.000000 0.000000
33.000000 343.276774 4.971034 0.282593 1.233049 0.000000 0.000000 0.000000 1.000000 0.000000 0.000000
33.000000 343.277080 5.205910 0.486934 1.148754 0.000000 0.000000 0.000000 1.000000 0.000000 0.000000
33.000000 343.286888 4.909302 0.277409 1.274911 0.000000 0.000000 0.000000 1.000000 0.000000 0.000000
33.000000 343.287273 5.151370 0.487042 1.186132 0.000000 0.000000 0.000000 1.000000 0.000000 0.000000
33.000000 343.296718 4.867622 0.282353 1.309060 0.000000 0.000000 0.000000 1.000000 0.000000 0.000000
33.000000 343.297012 5.099938 0.484854 1.223180 0.000000 0.000000 0.000000 1.000000 0.000000 0.000000
33.000000 343.306817 4.813994 0.279579 1.348121 0.000000 0.000000 0.000000 1.000000 0.000000 0.000000
33.000000 343.307062 5.041594 0.479719 1.257379 0.000000 0.000000 0.000000 1.000000 0.000000 0.000000
33.000000 343.316796 4.772364 0.281058 1.376312 0.000000 0.000000 0.000000 1.000000 0.000000 0.000000
33.000000 343.316966 5.002513 0.485002 1.287164 0.000000 0.000000 0.000000 1.000000 0.000000 0.000000
33.000000 343.326785 4.723136 0.279796 1.409990 0.000000 0.000000 0.000000 1.000000 0.000000 0.000000
33.000000 343.327056 4.958148 0.488203 1.317721 0.000000 0.000000 0.000000 1.000000 0.000000 0.000000
33.000000 343.336792 4.684252 0.277237 1.439348 0.000000 0.000000 0.000000 1.000000 0.000000 0.000000
33.000000 343.336944 4.919783 0.485487 1.345194 0.000000 0.000000 0.000000 1.000000 0.000000 0.000000
33.000000 343.346875 4.625269 0.280518 1.474235 0.000000 0.000000 0.000000 1.000000 0.000000 0.000000
33.000000 343.347113 4.854598 0.483111 1.376801 0.000000 0.000000 0.000000 1.000000 0.000000 0.000000
33.000000 343.356792 4.578368 0.279065 1.502050 0.000000 0.000000 0.000000 1.000000 0.000000 0.000000
33.000000 343.356942 4.811352 0.485822 1.401990 0.000000 0.000000 0.000000 1.000000 0.000000 0.000000
33.000000 343.366818 4.522835 0.271368 1.531536 0.000000 0.000000 0.000000 1.000000 0.000000 0.000000
33.000000 343.367082 4.766388 0.488696 1.429311 0.000000 0.000000 0.000000 1.000000 0.000000 0.000000
33.000000 343.376795 4.475116 0.275923 1.557492 0.000000 0.000000 0.000000 1.000000 0.000000 0.000000
33.000000 343.376952 4.709200 0.486556 1.458439 0.000000 0.000000 0.000000 1.000000 0.000000 0.000000
33.000000 343.386905 4.435648 0.275774 1.575113 0.000000 0.000000 0.000000 1.000000 0.000000 0.000000
33.000000 343.387145 4.670196 0.486089 1.477435 0.000000 0.000000 0.000000 1.000000 0.000000 0.000000
33.000000 343.396804 4.391470 0.281962 1.600158 0.000000 0.000000 0.000000 1.000000 0.000000 0.000000
33.000000 343.397017 4.611945 0.483271 1.506800 0.000000 0.000000 0.000000 1.000000 0.000000 0.000000
33.000000 343.406874 4.348329 0.282687 1.622569 0.000000 0.000000 0.000000 1.000000 0.000000 0.000000
33.000000 343.407096 4.559692 0.477106 1.530638 0.000000 0.000000 0.000000 1.000000 0.000000 0.000000
33.000000 343.416845 4.291313 0.280273 1.647861 0.000000 0.000000 0.000000 1.000000 0.000000 0.000000
33.000000 343.417010 4.516862 0.487945 1.551585 0.000000 0.000000 0.000000 1.000000 0.000000 0.000000
33.000000 343.427053 4.248701 0.278758 1.666024 0.000000 0.000000 0.000000 1.000000 0.000000 0.000000
33.000000 343.427094 4.471764 0.485089 1.569453 0.000000 0.000000 0.000000 1.000000 0.000000 0.000000
33.000000 343.436927 4.205195 0.278219 1.679859 0.000000 0.000000 0.000000 1.000000 0.000000 0.000000
33.000000 343.437027 4.429925 0.483902 1.580731 0.000000 0.000000 0.000000 1.000000 0.000000 0.000000
33.000000 343.447082 4.147100 0.277140 1.707275 0.000000 0.000000 0.000000 1.000000 0.000000 0.000000
33.000000 343.447155 4.364762 0.480988 1.609501 0.000000 0.000000 0.000000 1.000000 0.000000 0.000000
33.000000 343.456846 4.101270 0.278088 1.720422 0.000000 0.000000 0.000000 1.000000 0.000000 0.000000
33.000000 343.456994 4.319448 0.485957 1.627541 0.000000 0.000000 0.000000 1.000000 0.000000 0.000000
33.000000 343.466887 4.049566 0.272705 1.737820 0.000000 0.000000 0.000000 1.000000 0.000000 0.000000
33.000000 343.467110 4.268309 0.481408 1.643218 0.000000 0.000000 0.000000 1.000000 0.000000 0.000000
33.000000 343.477034 4.013676 0.279815 1.756228 0.000000 0.000000 0.000000 1.000000 0.000000 0.000000
33.000000 343.477085 4.228898 0.484892 1.658653 0.000000 0.000000 0.000000 1.000000 0.000000 0.000000
33.000000 343.486936 3.968636 0.274896 1.767585 0.000000 0.000000 0.000000 1.000000 0.000000 0.000000
33.000000 343.487128 4.190771 0.485708 1.666880 0.000000 0.000000 0.000000 1.000000 0.000000 0.000000
33.000000 343.496911 3.915825 0.283207 1.781564 0.000000 0.000000 0.000000 1.000000 0.000000 0.000000
33.000000 343.497096 4.122468 0.483588 1.684049 0.000000 0.000000 0.000000 1.000000 0.000000 0.000000
33.000000 343.506826 3.859573 0.274428 1.800039 0.000000 0.000000 0.000000 1.000000 0.000000 0.000000
33.000000 343.507125 4.077470 0.482698 1.696643 0.000000 0.000000 0.000000 1.000000 0.000000 0.000000
33.000000 343.516797 3.829513 0.291292 1.803973 0.000000 0.000000 0.000000 1.000000 0.000000 0.000000
33.000000 343.517102 4.026393 0.481759 1.707206 0.000000 0.000000 0.000000 1.000000 0.000000 0.000000
33.000000 343.526832 3.767351 0.278169 1.816803 0.000000 0.000000 0.000000 1.000000 0.000000 0.000000
33.000000 343.527152 3.983060 0.485514 1.711317 0.000000 0.000000 0.000000 1.000000 0.000000 0.000000
33.000000 343.536806 3.737945 0.268718 1.826206 0.000000 0.000000 0.000000 1.000000 0.000000 0.000000
33.000000 343.537246 3.970754 0.492308 1.711624 0.000000 0.000000 0.000000 1.000000 0.000000 0.000000
33.000000 343.546927 3.687094 0.272059 1.835435 0.000000 0.000000 0.000000 1.000000 0.000000 0.000000
33.000000 343.547221 3.908785 0.487526 1.729694 0.000000 0.000000 0.000000 1.000000 0.000000 0.000000
33.000000 343.556858 3.645927 0.273407 1.843093 0.000000 0.000000 0.000000 1.000000 0.000000 0.000000
33.000000 343.557105 3.858044 0.481356 1.736446 0.000000 0.000000 0.000000 1.000000 0.000000 0.000000
33.000000 343.566938 3.599979 0.263443 1.845976 0.000000 0.000000 0.000000 1.000000 0.000000 0.000000
33.000000 343.567103 3.832232 0.487279 1.728605 0.000000 0.000000 0.000000 1.000000 0.000000 0.000000
33.000000 343.577257 3.157277 0.425991 1.824668 0.000000 0.000000 0.000000 1.000000 0.000000 0.000000
33.000000 343.587134 3.122622 0.425866 1.828716 0.000000 0.000000 0.000000 1.000000 0.000000 0.000000
33.000000 343.597192 3.084058 0.426649 1.828540 0.000000 0.000000 0.000000 1.000000 0.000000 0.000000
33.000000 343.607174 3.043754 0.423410 1.826357 0.000000 0.000000 0.000000 1.000000 0.000000 0.000000
33.000000 343.617043 2.990237 0.425388 1.828833 0.000000 0.000000 0.000000 1.000000 0.000000 0.000000
33.000000 343.627316 2.935040 0.426290 1.831332 0.000000 0.000000 0.000000 1.000000 0.000000 0.000000
33.000000 343.637260 2.897433 0.423097 1.830379 0.000000 0.000000 0.000000 1.000000 0.000000 0.000000
33.000000 343.647354 2.855970 0.423522 1.827843 0.000000 0.000000 0.000000 1.000000 0.000000 0.000000
33.000000 343.657175 2.803395 0.424380 1.825201 0.000000 0.000000 0.000000 1.000000 0.000000 0.000000
33.000000 343.667344 2.757898 0.424380 1.820292 0.000000 0.000000 0.000000 1.000000 0.000000 0.000000
33.000000 343.677308 2.713789 0.424510 1.815106 0.000000 0.000000 0.000000 1.000000 0.000000 0.000000
33.000000 343.687300 2.683129 0.422577 1.808688 0.000000 0.000000 0.000000 1.000000 0.000000 0.000000
33.000000 343.697235 2.633334 0.416195 1.798563 0.000000 0.000000 0.000000 1.000000 0.000000 0.000000
33.000000 343.707428 2.575769 0.426374 1.792484 0.000000 0.000000 0.000000 1.000000 0.000000 0.000000
33.000000 343.717237 2.532286 0.423586 1.785885 0.000000 0.000000 0.000000 1.000000 0.000000 0.000000
33.000000 343.727212 2.501492 0.422664 1.772079 0.000000 0.000000 0.000000 1.000000 0.000000 0.000000
33.000000 343.737180 2.447468 0.423461 1.765131 0.000000 0.000000 0.000000 1.000000 0.000000 0.000000
33.000000 343.743622 2.091214 0.409469 1.892586 0.000000 0.000000 0.000000 1.000000 0.000000 0.000000
33.000000 343.747239 2.410913 0.424746 1.747852 0.000000 0.000000 0.000000 1.000000 0.000000 0.000000
33.000000 343.757175 2.363031 0.421287 1.737534 0.000000 0.000000 0.000000 1.000000 0.000000 0.000000
33.000000 343.767261 2.327648 0.420630 1.721605 0.000000 0.000000 0.000000 1.000000 0.000000 0.000000
33.000000 343.777223 2.292902 0.421063 1.703471 0.000000 0.000000 0.000000 1.000000 0.000000 0.000000
33.000000 343.787319 2.239095 0.422311 1.687755 0.000000 0.000000 0.000000 1.000000 0.000000 0.000000
33.000000 343.797224 2.223731 0.420134 1.664080 0.000000 0.000000 0.000000 1.000000 0.000000 0.000000
33.000000 343.807275 2.163272 0.420070 1.654049 0.000000 0.000000 0.000000 1.000000 0.000000 0.000000
33.000000 343.817189 2.136758 0.421317 1.629112 0.000000 0.000000 0.000000 1.000000 0.000000 0.000000
33.000000 343.827400 2.098776 0.420895 1.608888 0.000000 0.000000 0.000000 1.000000 0.000000 0.000000
33.000000 343.837320 2.077093 0.413914 1.575171 0.000000 0.000000 0.000000 1.000000 0.000000 0.000000
33.000000 343.847484 2.004678 0.415165 1.568748 0.000000 0.000000 0.000000 1.000000 0.000000 0.000000
33.000000 343.857268 1.959773 0.413500 1.548432 0.000000 0.000000 0.000000 1.000000 0.000000 0.000000
33.000000 343.867446 1.936694 0.411757 1.513719 0.000000 0.000000 0.000000 1.000000 0.000000 0.000000
33.000000 343.877401 1.897565 0.414595 1.489946 0.000000 0.000000 0.000000 1.000000 0.000000 0.000000
33.000000 343.887320 1.876576 0.424474 1.467170 0.000000 0.000000 0.000000 1.000000 0.000000 0.000000
33.000000 343.897359 1.835720 0.421256 1.441973 0.000000 0.000000 0.000000 1.000000 0.000000 0.000000
33.000000 343.907436 1.798148 0.427225 1.408259 0.000000 0.000000 0.000000 1.000000 0.000000 0.000000
33.000000 343.917304 1.730911 0.410610 1.381086 0.000000 0.000000 0.000000 1.000000 0.000000 0.000000
33.000000 343.927440 1.725700 0.420803 1.348957 0.000000 0.000000 0.000000 1.000000 0.000000 0.000000
33.000000 343.937324 1.680022 0.422285 1.319510 0.000000 0.000000 0.000000 1.000000 0.000000 0.000000
33.000000 343.947516 1.652160 0.418508 1.284067 0.000000 0.000000 0.000000 1.000000 0.000000 0.000000
33.000000 343.953721 1.394205 0.401943 1.407919 0.000000 0.000000 0.000000 1.000000 0.000000 0.000000
33.000000 343.957242 1.575307 0.408776 1.261553 0.000000 0.000000 0.000000 1.000000 0.000000 0.000000
33.000000 343.963639 1.320924 0.396968 1.390887 0.000000 0.000000 0.000000 1.000000 0.000000 0.000000
33.000000 343.967302 1.530144 0.411337 1.234573 0.000000 0.000000 0.000000 1.000000 0.000000 0.000000
33.000000 343.973747 1.307462 0.397711 1.349525 0.000000 0.000000 0.000000 1.000000 0.000000 0.000000
33.000000 343.977203 1.530098 0.419370 1.184813 0.000000 0.000000 0.000000 1.000000 0.000000 0.000000
33.000000 343.983693 1.295083 0.399080 1.303293 0.000000 0.000000 0.000000 1.000000 0.000000 0.000000
33.000000 343.987266 1.506730 0.419322 1.144990 0.000000 0.000000 0.000000 1.000000 0.000000 0.000000
33.000000 343.993738 1.244041 0.399999 1.278296 0.000000 0.000000 0.000000 1.000000 0.000000 0.000000
33.000000 343.997212 1.509178 0.406991 1.111288 0.000000 0.000000 0.000000 1.000000 0.000000 0.000000
33.000000 344.003669 1.271773 0.386438 1.232712 0.000000 0.000000 0.000000 1.000000 0.000000 0.000000
33.000000 344.013722 1.899635 0.235332 1.177745 0.000000 0.000000 0.000000 1.000000 0.000000 0.000000
33.000000 344.023686 1.722774 0.251216 1.127888 0.000000 0.000000 0.000000 1.000000 0.000000 0.000000
33.000000 344.033763 1.720744 0.239758 1.088690 0.000000 0.000000 0.000000 1.000000 0.000000 0.000000
33.000000 344.043700 1.661626 0.251222 1.042238 0.000000 0.000000 0.000000 1.000000 0.000000 0.000000
33.000000 344.053894 1.710856 0.234476 1.011564 0.000000 0.000000 0.000000 1.000000 0.000000 0.000000
33.000000 344.063889 1.587210 0.254561 0.960342 0.000000 0.000000 0.000000 1.000000 0.000000 0.000000
33.000000 344.073932 1.585876 0.243087 0.916006 0.000000 0.000000 0.000000 1.000000 0.000000 0.000000
33.000000 344.083768 1.559544 0.223475 0.868391 0.000000 0.000000 0.000000 1.000000 0.000000 0.000000
33.000000 344.093801 1.470683 0.238135 0.805553 0.000000 0.000000 0.000000 1.000000 0.000000 0.000000
33.000000 344.094712 1.589195 0.211119 0.806715 0.000000 0.000000 0.000000 1.000000 0.000000 0.000000
33.000000 344.104701 1.509926 0.216377 0.759093 0.000000 0.000000 0.000000 1.000000 0.000000 0.000000
33.000000 344.113720 1.326525 0.253512 0.712241 0.000000 0.000000 0.000000 1.000000 0.000000 0.000000
33.000000 344.123650 1.381692 0.228273 0.673036 0.000000 0.000000 0.000000 1.000000 0.000000 0.000000
33.000000 344.133789 1.374562 0.218668 0.621004 0.000000 0.000000 0.000000 1.000000 0.000000 0.000000
33.000000 344.143749 1.274422 0.231465 0.561780 0.000000 0.000000 0.000000 1.000000 0.000000 0.000000
33.000000 344.153897 1.442605 0.193024 0.533222 0.000000 0.000000 0.000000 1.000000 0.000000 0.000000
33.000000 344.163727 1.257531 0.223320 0.470735 0.000000 0.000000 0.000000 1.000000 0.000000 0.000000
33.000000 344.183722 1.231725 0.213684 0.374636 0.000000 0.000000 0.000000 1.000000 0.000000 0.000000
33.000000 344.193883 1.228755 0.204495 0.326475 0.000000 0.000000 0.000000 1.000000 0.000000 0.000000
33.000000 344.203725 1.439649 0.152417 0.331462 0.000000 0.000000 0.000000 1.000000 0.000000 0.000000
33.000000 344.213832 1.672743 0.094678 0.380597 0.000000 0.000000 0.000000 1.000000 0.000000 0.000000
33.000000 344.223766 1.866093 0.042697 0.460395 0.000000 0.000000 0.000000 1.000000 0.000000 0.000000
33.000000 344.233867 1.678588 0.079304 0.476429 0.000000 0.000000 0.000000 1.000000 0.000000 0.000000
33.000000 344.253870 1.639747 0.068601 0.553107 0.000000 0.000000 0.000000 1.000000 0.000000 0.000000
33.000000 344.263801 2.131361 -0.045243 0.672661 0.000000 0.000000 0.000000 1.000000 0.000000 0.000000
33.000000 344.273970 1.825996 0.011354 0.669732 0.000000 0.000000 0.000000 1.000000 0.000000 0.000000
33.000000 344.283802 1.527709 0.058394 0.654280 0.000000 0.000000 0.000000 1.000000 0.000000 0.000000
33.000000 344.284711 1.096692 0.140348 0.615650 0.000000 0.000000 0.000000 1.000000 0.000000 0.000000
33.000000 344.303834 1.459046 0.066724 0.741065 0.000000 0.000000 0.000000 1.000000 0.000000 0.000000
33.000000 344.313906 1.590563 0.022587 0.791828 0.000000 0.000000 0.000000 1.000000 0.000000 0.000000
33.000000 344.323778 1.415917 0.040944 0.803901 0.000000 0.000000 0.000000 1.000000 0.000000 0.000000
33.000000 344.333934 1.383145 0.040246 0.829776 0.000000 0.000000 0.000000 1.000000 0.000000 0.000000
33.000000 344.343902 1.389149 0.058674 0.870798 0.000000 0.000000 0.000000 1.000000 0.000000 0.000000
33.000000 344.354002 1.308257 0.050011 0.902439 0.000000 0.000000 0.000000 1.000000 0.000000 0.000000
33.000000 344.363880 1.075223 0.082919 0.900235 0.000000 0.000000 0.000000 1.000000 0.000000 0.000000
33.000000 344.373983 1.053091 0.093245 0.928345 0.000000 0.000000 0.000000 1.000000 0.000000 0.000000
33.000000 344.383936 0.908170 0.113446 0.946004 0.000000 0.000000 0.000000 1.000000 0.000000 0.000000
33.000000 344.393967 1.182841 0.061923 1.009584 0.000000 0.000000 0.000000 1.000000 0.000000 0.000000
33.000000 344.403891 0.900505 0.083039 1.005768 0.000000 0.000000 0.000000 1.000000 0.000000 0.000000
33.000000 344.413997 1.067592 0.062426 1.053652 0.000000 0.000000 0.000000 1.000000 0.000000 0.000000
33.000000 344.423888 1.318248 -0.005747 1.108938 0.000000 0.000000 0.000000 1.000000 0.000000 0.000000
33.000000 344.433981 0.407508 0.168472 1.029549 0.000000 0.000000 0.000000 1.000000 0.000000 0.000000
33.000000 344.444034 0.688774 0.104628 1.084596 0.000000 0.000000 0.000000 1.000000 0.000000 0.000000
33.000000 344.453907 0.697781 0.087058 1.103609 0.000000 0.000000 0.000000 1.000000 0.000000 0.000000
33.000000 344.463806 -0.663005 0.365126 0.979600 0.000000 0.000000 0.000000 1.000000 0.000000 0.000000
33.000000 344.473963 -0.038701 0.228471 1.060968 0.000000 0.000000 0.000000 1.000000 0.000000 0.000000
33.000000 344.483851 -0.312250 0.274615 1.049350 0.000000 0.000000 0.000000 1.000000 0.000000 0.000000
33.000000 344.493922 -0.308825 0.260846 1.076737 0.000000 0.000000 0.000000 1.000000 0.000000 0.000000
33.000000 344.503860 -0.454116 0.268514 1.074372 0.000000 0.000000 0.000000 1.000000 0.000000 0.000000
33.000000 344.513920 -0.655999 0.315307 1.074897 0.000000 0.000000 0.000000 1.000000 0.000000 0.000000
33.000000 344.523830 -0.787586 0.327570 1.075084 0.000000 0.000000 0.000000 1.000000 0.000000 0.000000
33.000000 344.524820 -0.564810 0.290110 1.104532 0.000000 0.000000 0.000000 1.000000 0.000000 0.000000
33.000000 344.543894 -0.951875 0.329606 1.091015 0.000000 0.000000 0.000000 1.000000 0.000000 0.000000
33.000000 344.554146 -0.662090 0.285964 1.137998 0.000000 0.000000 0.000000 1.000000 0.000000 0.000000
33.000000 344.563947 -0.740265 0.296132 1.137606 0.000000 0.000000 0.000000 1.000000 0.000000 0.000000
33.000000 344.574094 -1.066901 0.338754 1.109487 0.000000 0.000000 0.000000 1.000000 0.000000 0.000000
33.000000 344.584019 -0.813564 0.295985 1.145192 0.000000 0.000000 0.000000 1.000000 0.000000 0.000000
33.000000 344.594145 -1.134647 0.340565 1.114499 0.000000 0.000000 0.000000 1.000000 0.000000 0.000000
33.000000 344.604127 -1.393255 0.405757 1.088052 0.000000 0.000000 0.000000 1.000000 0.000000 0.000000
33.000000 344.614082 -0.961488 0.299198 1.146826 0.000000 0.000000 0.000000 1.000000 0.000000 0.000000
33.000000 344.624088 -1.254951 0.337151 1.116051 0.000000 0.000000 0.000000 1.000000 0.000000 0.000000
33.000000 344.634159 -1.058790 0.297153 1.145363 0.000000 0.000000 0.000000 1.000000 0.000000 0.000000
33.000000 344.644017 -1.200065 0.320524 1.135202 0.000000 0.000000 0.000000 1.000000 0.000000 0.000000
33.000000 344.654022 -1.395683 0.341132 1.116855 0.000000 0.000000 0.000000 1.000000 0.000000 0.000000
33.000000 344.663920 -1.454394 0.346534 1.106802 0.000000 0.000000 0.000000 1.000000 0.000000 0.000000
33.000000 344.674028 -1.415384 0.331005 1.112744 0.000000 0.000000 0.000000 1.000000 0.000000 0.000000
33.000000 344.684115 -1.533405 0.348125 1.102427 0.000000 0.000000 0.000000 1.000000 0.000000 0.000000
33.000000 344.694209 -1.640289 0.367161 1.084072 0.000000 0.000000 0.000000 1.000000 0.000000 0.000000
33.000000 344.704034 -1.515853 0.339258 1.093166 0.000000 0.000000 0.000000 1.000000 0.000000 0.000000
33.000000 344.714153 -1.765422 0.371807 1.052999 0.000000 0.000000 0.000000 1.000000 0.000000 0.000000
33.000000 344.724151 -1.656927 0.339751 1.069805 0.000000 0.000000 0.000000 1.000000 0.000000 0.000000
33.000000 344.733989 -1.843876 0.373859 1.044001 0.000000 0.000000 0.000000 1.000000 0.000000 0.000000
33.000000 344.744100 -1.896140 0.371687 1.034982 0.000000 0.000000 0.000000 1.000000 0.000000 0.000000
33.000000 344.754127 -1.674163 0.325035 1.046514 0.000000 0.000000 0.000000 1.000000 0.000000 0.000000
33.000000 344.764067 -1.921686 0.350322 1.008673 0.000000 0.000000 0.000000 1.000000 0.000000 0.000000
33.000000 344.774192 -1.947025 0.358029 0.985824 0.000000 0.000000 0.000000 1.000000 0.000000 0.000000
33.000000 344.784171 -1.974100 0.348272 0.981713 0.000000 0.000000 0.000000 1.000000 0.000000 0.000000
33.000000 344.794197 -2.024600 0.344887 0.953784 0.000000 0.000000 0.000000 1.000000 0.000000 0.000000
33.000000 344.804126 -2.108820 0.371068 0.941427 0.000000 0.000000 0.000000 1.000000 0.000000 0.000000
33.000000 344.813998 -2.144007 0.359862 0.914085 0.000000 0.000000 0.000000 1.000000 0.000000 0.000000
33.000000 344.824283 -2.104643 0.346170 0.904888 0.000000 0.000000 0.000000 1.000000 0.000000 0.000000
33.000000 344.834267 -2.207284 0.360676 0.872264 0.000000 0.000000 0.000000 1.000000 0.000000 0.000000
33.000000 344.844225 -2.077302 0.329050 0.868265 0.000000 0.000000 0.000000 1.000000 0.000000 0.000000
33.000000 344.854106 -2.075691 0.322313 0.845288 0.000000 0.000000 0.000000 1.000000 0.000000 0.000000
33.000000 344.864089 -2.231326 0.341526 0.810445 0.000000 0.000000 0.000000 1.000000 0.000000 0.000000
33.000000 344.874169 -2.202089 0.333205 0.792391 0.000000 0.000000 0.000000 1.000000 0.000000 0.000000
33.000000 344.884232 -2.354958 0.353205 0.753253 0.000000 0.000000 0.000000 1.000000 0.000000 0.000000
33.000000 344.894202 -2.350298 0.345964 0.730307 0.000000 0.000000 0.000000 1.000000 0.000000 0.000000
33.000000 344.904083 -2.330507 0.337477 0.703325 0.000000 0.000000 0.000000 1.000000 0.000000 0.000000
33.000000 344.905100 -2.491393 0.364446 0.673114 0.000000 0.000000 0.000000 1.000000 0.000000 0.000000
33.000000 344.914183 -2.205839 0.291005 0.696549 0.000000 0.000000 0.000000 1.000000 0.000000 0.000000
33.000000 344.924109 -2.166782 0.278525 0.672156 0.000000 0.000000 0.000000 1.000000 0.000000 0.000000
33.000000 344.925055 -2.350903 0.309017 0.637640 0.000000 0.000000 0.000000 1.000000 0.000000 0.000000
33.000000 344.944064 -2.258717 0.281874 0.610758 0.000000 0.000000 0.000000 1.000000 0.000000 0.000000
33.000000 344.954166 -2.252475 0.274850 0.571632 0.000000 0.000000 0.000000 1.000000 0.000000 0.000000
33.000000 344.954996 -2.495430 0.315352 0.523352 0.000000 0.000000 0.000000 1.000000 0.000000 0.000000
33.000000 344.964089 -2.510215 0.326680 0.516101 0.000000 0.000000 0.000000 1.000000 0.000000 0.000000
33.000000 344.974307 -2.274854 0.258936 0.504861 0.000000 0.000000 0.000000 1.000000 0.000000 0.000000
33.000000 344.984112 -2.499550 0.296298 0.441720 0.000000 0.000000 0.000000 1.000000 0.000000 0.000000
33.000000 344.994217 -2.450881 0.276183 0.424700 0.000000 0.000000 0.000000 1.000000 0.000000 0.000000
33.000000 344.995132 -2.679525 0.312718 0.379855 0.000000 0.000000 0.000000 1.000000 0.000000 0.000000
33.000000 345.004194 -2.528707 0.287667 0.382295 0.000000 0.000000 0.000000 1.000000 0.000000 0.000000
33.000000 345.014207 -2.636644 0.305836 0.337071 0.000000 0.000000 0.000000 1.000000 0.000000 0.000000
33.000000 345.024183 -2.493599 0.254525 0.315448 0.000000 0.000000 0.000000 1.000000 0.000000 0.000000
33.000000 345.025044 -2.694492 0.290174 0.272582 0.000000 0.000000 0.000000 1.000000 0.000000 0.000000
33.000000 345.034210 -2.446967 0.240371 0.284618 0.000000 0.000000 0.000000 1.000000 0.000000 0.000000
33.000000 345.035115 -2.695240 0.280672 0.233473 0.000000 0.000000 0.000000 1.000000 0.000000 0.000000
33.000000 345.044272 -2.486036 0.240475 0.241972 0.000000 0.000000 0.000000 1.000000 0.000000 0.000000
33.000000 345.045088 -2.744304 0.286734 0.185097 0.000000 0.000000 0.000000 1.000000 0.000000 0.000000
33.000000 345.054215 -3.018709 0.338867 0.169631 0.000000 0.000000 0.000000 1.000000 0.000000 0.000000
33.000000 345.065129 -2.964400 0.326635 0.234290 0.000000 0.000000 0.000000 1.000000 0.000000 0.000000
33.000000 345.074219 -2.962831 0.312259 0.244516 0.000000 0.000000 0.000000 1.000000 0.000000 0.000000
33.000000 345.085153 -2.947919 0.304438 0.305472 0.000000 0.000000 0.000000 1.000000 0.000000 0.000000
33.000000 345.094265 -3.177277 0.346151 0.297493 0.000000 0.000000 0.000000 1.000000 0.000000 0.000000
33.000000 345.095109 -3.046230 0.318909 0.327412 0.000000 0.000000 0.000000 1.000000 0.000000 0.000000
33.000000 345.104123 -3.383838 0.392193 0.306408 0.000000 0.000000 0.000000 1.000000 0.000000 0.000000
33.000000 345.105170 -3.166439 0.346279 0.356534 0.000000 0.000000 0.000000 1.000000 0.000000 0.000000
33.000000 345.114248 -3.139696 0.326882 0.368577 0.000000 0.000000 0.000000 1.000000 0.000000 0.000000
33.000000 345.115190 -2.989665 0.296482 0.402960 0.000000 0.000000 0.000000 1.000000 0.000000 0.000000
33.000000 345.124221 -3.129509 0.327539 0.394758 0.000000 0.000000 0.000000 1.000000 0.000000 0.000000
33.000000 345.125147 -3.030962 0.303537 0.421400 0.000000 0.000000 0.000000 1.000000 0.000000 0.000000
33.000000 345.134493 -3.321028 0.355148 0.414674 0.000000 0.000000 0.000000 1.000000 0.000000 0.000000
33.000000 345.135116 -3.161368 0.321935 0.451003 0.000000 0.000000 0.000000 1.000000 0.000000 0.000000
33.000000 345.144279 -3.344591 0.357110 0.444291 0.000000 0.000000 0.000000 1.000000 0.000000 0.000000
33.000000 345.145170 -3.224611 0.326940 0.475651 0.000000 0.000000 0.000000 1.000000 0.000000 0.000000
33.000000 345.154400 -3.343458 0.345058 0.475485 0.000000 0.000000 0.000000 1.000000 0.000000 0.000000
33.000000 345.155504 -3.254934 0.325628 0.496463 0.000000 0.000000 0.000000 1.000000 0.000000 0.000000
33.000000 345.164223 -3.308248 0.334148 0.496112 0.000000 0.000000 0.000000 1.000000 0.000000 0.000000
33.000000 345.165085 -3.288013 0.329843 0.521615 0.000000 0.000000 0.000000 1.000000 0.000000 0.000000
33.000000 345.174302 -3.348883 0.339385 0.521409 0.000000 0.000000 0.000000 1.000000 0.000000 0.000000
33.000000 345.175351 -3.341122 0.332673 0.553253 0.000000 0.000000 0.000000 1.000000 0.000000 0.000000
33.000000 345.184199 -3.363823 0.339462 0.550583 0.000000 0.000000 0.000000 1.000000 0.000000 0.000000
33.000000 345.185345 -3.322994 0.325979 0.564045 0.000000 0.000000 0.000000 1.000000 0.000000 0.000000
33.000000 345.194253 -3.455875 0.354413 0.557984 0.000000 0.000000 0.000000 1.000000 0.000000 0.000000
33.000000 345.195070 -3.323683 0.324758 0.591349 0.000000 0.000000 0.000000 1.000000 0.000000 0.000000
33.000000 345.204274 -3.449369 0.346563 0.591009 0.000000 0.000000 0.000000 1.000000 0.000000 0.000000
33.000000 345.205106 -3.407820 0.337255 0.601355 0.000000 0.000000 0.000000 1.000000 0.000000 0.000000
33.000000 345.214458 -3.529268 0.355592 0.602388 0.000000 0.000000 0.000000 1.000000 0.000000 0.000000
33.000000 345.215402 -3.462696 0.336985 0.621296 0.000000 0.000000 0.000000 1.000000 0.000000 0.000000
33.000000 345.224271 -3.569445 0.356487 0.619355 0.000000 0.000000 0.000000 1.000000 0.000000 0.000000
33.000000 345.225056 -3.563563 0.348484 0.625989 0.000000 0.000000 0.000000 1.000000 0.000000 0.000000
33.000000 345.234362 -3.589876 0.349734 0.628546 0.000000 0.000000 0.000000 1.000000 0.000000 0.000000
33.000000 345.235093 -3.457575 0.326004 0.656066 0.000000 0.000000 0.000000 1.000000 0.000000 0.000000
33.000000 345.244344 -3.568708 0.349843 0.651352 0.000000 0.000000 0.000000 1.000000 0.000000 0.000000
33.000000 345.245086 -3.645079 0.352120 0.644856 0.000000 0.000000 0.000000 1.000000 0.000000 0.000000
33.000000 345.254284 -3.800505 0.383250 0.639983 0.000000 0.000000 0.000000 1.000000 0.000000 0.000000
33.000000 345.255364 -3.549477 0.343946 0.687437 0.000000 0.000000 0.000000 1.000000 0.000000 0.000000
33.000000 345.264141 -3.611145 0.351137 0.690445 0.000000 0.000000 0.000000 1.000000 0.000000 0.000000
33.000000 345.265183 -3.540488 0.331156 0.711564 0.000000 0.000000 0.000000 1.000000 0.000000 0.000000
33.000000 345.274258 -3.533858 0.325588 0.715892 0.000000 0.000000 0.000000 1.000000 0.000000 0.000000
33.000000 345.275224 -3.514728 0.319954 0.721973 0.000000 0.000000 0.000000 1.000000 0.000000 0.000000
33.000000 345.284274 -3.593498 0.335510 0.720334 0.000000 0.000000 0.000000 1.000000 0.000000 0.000000
33.000000 345.295386 -3.799913 0.365353 0.711524 0.000000 0.000000 0.000000 1.000000 0.000000 0.000000
33.000000 345.304241 -3.713582 0.336898 0.723731 0.000000 0.000000 0.000000 1.000000 0.000000 0.000000
33.000000 345.315413 -3.810796 0.356043 0.738740 0.000000 0.000000 0.000000 1.000000 0.000000 0.000000
33.000000 345.324273 -3.725331 0.323224 0.755774 0.000000 0.000000 0.000000 1.000000 0.000000 0.000000
33.000000 345.325158 -3.748406 0.320972 0.756382 0.000000 0.000000 0.000000 1.000000 0.000000 0.000000
33.000000 345.334221 -3.741111 0.317570 0.758386 0.000000 0.000000 0.000000 1.000000 0.000000 0.000000
33.000000 345.335155 -3.638644 0.297834 0.781306 0.000000 0.000000 0.000000 1.000000 0.000000 0.000000
33.000000 345.344393 -3.707747 0.312640 0.778922 0.000000 0.000000 0.000000 1.000000 0.000000 0.000000
33.000000 345.345222 -3.735676 0.310715 0.779466 0.000000 0.000000 0.000000 1.000000 0.000000 0.000000
33.000000 345.354342 -3.790011 0.323640 0.776324 0.000000 0.000000 0.000000 1.000000 0.000000 0.000000
33.000000 345.355411 -3.921376 0.343110 0.752168 0.000000 0.000000 0.000000 1.000000 0.000000 0.000000
33.000000 345.364376 -3.880934 0.329696 0.758208 0.000000 0.000000 0.000000 1.000000 0.000000 0.000000
33.000000 345.365216 -3.757848 0.306203 0.785632 0.000000 0.000000 0.000000 1.000000 0.000000 0.000000
33.000000 345.374238 -3.793792 0.312667 0.785714 0.000000 0.000000 0.000000 1.000000 0.000000 0.000000
33.000000 345.375155 -3.965854 0.334997 0.757010 0.000000 0.000000 0.000000 1.000000 0.000000 0.000000
33.000000 345.384272 -3.939845 0.327490 0.759854 0.000000 0.000000 0.000000 1.000000 0.000000 0.000000
33.000000 345.385175 -3.947578 0.326271 0.760540 0.000000 0.000000 0.000000 1.000000 0.000000 0.000000
33.000000 345.394276 -3.940870 0.324751 0.760871 0.000000 0.000000 0.000000 1.000000 0.000000 0.000000
33.000000 345.395245 -3.982844 0.331300 0.752904 0.000000 0.000000 0.000000 1.000000 0.000000 0.000000
33.000000 345.404340 -3.947259 0.326010 0.751976 0.000000 0.000000 0.000000 1.000000 0.000000 0.000000
33.000000 345.405190 -3.859654 0.308605 0.772654 0.000000 0.000000 0.000000 1.000000 0.000000 0.000000
33.000000 345.414407 -3.984602 0.339853 0.763842 0.000000 0.000000 0.000000 1.000000 0.000000 0.000000
33.000000 345.415243 -4.022999 0.345242 0.756945 0.000000 0.000000 0.000000 1.000000 0.000000 0.000000
33.000000 345.424292 -4.006966 0.341415 0.757889 0.000000 0.000000 0.000000 1.000000 0.000000 0.000000
33.000000 345.425314 -4.018392 0.342783 0.756071 0.000000 0.000000 0.000000 1.000000 0.000000 0.000000
33.000000 345.434368 -4.007129 0.339182 0.757703 0.000000 0.000000 0.000000 1.000000 0.000000 0.000000
33.000000 345.435394 -4.032547 0.339790 0.756063 0.000000 0.000000 0.000000 1.000000 0.000000 0.000000
33.000000 345.444360 -3.932214 0.315966 0.761787 0.000000 0.000000 0.000000 1.000000 0.000000 0.000000
33.000000 345.445327 -4.089776 0.336011 0.735341 0.000000 0.000000 0.000000 1.000000 0.000000 0.000000
33.000000 345.454271 -4.094673 0.336254 0.736014 0.000000 0.000000 0.000000 1.000000 0.000000 0.000000
33.000000 345.455429 -4.113976 0.337990 0.733490 0.000000 0.000000 0.000000 1.000000 0.000000 0.000000
33.000000 345.464373 -4.075241 0.330744 0.733700 0.000000 0.000000 0.000000 1.000000 0.000000 0.000000
33.000000 345.465383 -4.125046 0.337777 0.724651 0.000000 0.000000 0.000000 1.000000 0.000000 0.000000
33.000000 345.474466 -4.077939 0.325870 0.728206 0.000000 0.000000 0.000000 1.000000 0.000000 0.000000
33.000000 345.475574 -4.093498 0.327943 0.725503 0.000000 0.000000 0.000000 1.000000 0.000000 0.000000
33.000000 345.484382 -4.029167 0.314500 0.727332 0.000000 0.000000 0.000000 1.000000 0.000000 0.000000
33.000000 345.485443 -4.136445 0.328406 0.708961 0.000000 0.000000 0.000000 1.000000 0.000000 0.000000
33.000000 345.494336 -4.130989 0.329494 0.706737 0.000000 0.000000 0.000000 1.000000 0.000000 0.000000
33.000000 345.495384 -4.310726 0.346913 0.681806 0.000000 0.000000 0.000000 1.000000 0.000000 0.000000
33.000000 345.504374 -4.287543 0.340714 0.683957 0.000000 0.000000 0.000000 1.000000 0.000000 0.000000
33.000000 345.505292 -4.175949 0.332622 0.696739 0.000000 0.000000 0.000000 1.000000 0.000000 0.000000
33.000000 345.514350 -4.127403 0.322218 0.698464 0.000000 0.000000 0.000000 1.000000 0.000000 0.000000
33.000000 345.515246 -4.302327 0.345987 0.667474 0.000000 0.000000 0.000000 1.000000 0.000000 0.000000
33.000000 345.524388 -4.256876 0.335024 0.670486 0.000000 0.000000 0.000000 1.000000 0.000000 0.000000
33.000000 345.525266 -4.312423 0.341718 0.661490 0.000000 0.000000 0.000000 1.000000 0.000000 0.000000
33.000000 345.534451 -4.195006 0.316528 0.666031 0.000000 0.000000 0.000000 1.000000 0.000000 0.000000
33.000000 345.535380 -4.257704 0.326815 0.653132 0.000000 0.000000 0.000000 1.000000 0.000000 0.000000
33.000000 345.544295 -4.209364 0.317741 0.653664 0.000000 0.000000 0.000000 1.000000 0.000000 0.000000
33.000000 345.545325 -4.426420 0.348830 0.613632 0.000000 0.000000 0.000000 1.000000 0.000000 0.000000
33.000000 345.554365 -4.226236 0.305950 0.621895 0.000000 0.000000 0.000000 1.000000 0.000000 0.000000
33.000000 345.555415 -4.195285 0.302152 0.627083 0.000000 0.000000 0.000000 1.000000 0.000000 0.000000
33.000000 345.564338 -4.096249 0.287631 0.622879 0.000000 0.000000 0.000000 1.000000 0.000000 0.000000
33.000000 345.565253 -4.224327 0.304588 0.599500 0.000000 0.000000 0.000000 1.000000 0.000000 0.000000
33.000000 345.574353 -4.100907 0.279577 0.601740 0.000000 0.000000 0.000000 1.000000 0.000000 0.000000
33.000000 345.575391 -4.237749 0.299350 0.574569 0.000000 0.000000 0.000000 1.000000 0.000000 0.000000
33.000000 345.584329 -4.182473 0.286552 0.577615 0.000000 0.000000 0.000000 1.000000 0.000000 0.000000
33.000000 345.585338 -4.280879 0.300380 0.558717 0.000000 0.000000 0.000000 1.000000 0.000000 0.000000
33.000000 345.594408 -4.267128 0.304033 0.551374 0.000000 0.000000 0.000000 1.000000 0.000000 0.000000
33.000000 345.595393 -4.380063 0.320785 0.528481 0.000000 0.000000 0.000000 1.000000 0.000000 0.000000
33.000000 345.604362 -4.289759 0.303563 0.529091 0.000000 0.000000 0.000000 1.000000 0.000000 0.000000
33.000000 345.605316 -4.454428 0.324681 0.499264 0.000000 0.000000 0.000000 1.000000 0.000000 0.000000
33.000000 345.614414 -4.327333 0.297150 0.504149 0.000000 0.000000 0.000000 1.000000 0.000000 0.000000
33.000000 345.615372 -4.383852 0.306730 0.491106 0.000000 0.000000 0.000000 1.000000 0.000000 0.000000
33.000000 345.624406 -4.252411 0.279116 0.494949 0.000000 0.000000 0.000000 1.000000 0.000000 0.000000
33.000000 345.625332 -4.414133 0.302789 0.461731 0.000000 0.000000 0.000000 1.000000 0.000000 0.000000
33.000000 345.634403 -4.284446 0.275188 0.466271 0.000000 0.000000 0.000000 1.000000 0.000000 0.000000
33.000000 345.635397 -4.423926 0.297039 0.436032 0.000000 0.000000 0.000000 1.000000 0.000000 0.000000
33.000000 345.644526 -4.478392 0.311599 0.430477 0.000000 0.000000 0.000000 1.000000 0.000000 0.000000
33.000000 345.645297 -4.786395 0.368071 0.371266 0.000000 0.000000 0.000000 1.000000 0.000000 0.000000
33.000000 345.654553 -4.515293 0.303754 0.389272 0.000000 0.000000 0.000000 1.000000 0.000000 0.000000
33.000000 345.655420 -4.522668 0.311552 0.379652 0.000000 0.000000 0.000000 1.000000 0.000000 0.000000
33.000000 345.664452 -4.522327 0.318284 0.371130 0.000000 0.000000 0.000000 1.000000 0.000000 0.000000
33.000000 345.665293 -4.674928 0.340691 0.339196 0.000000 0.000000 0.000000 1.000000 0.000000 0.000000
33.000000 345.674631 -4.584414 0.329365 0.332182 0.000000 0.000000 0.000000 1.000000 0.000000 0.000000
33.000000 345.675431 -4.749687 0.354286 0.296062 0.000000 0.000000 0.000000 1.000000 0.000000 0.000000
33.000000 345.684621 -4.557912 0.312678 0.303929 0.000000 0.000000 0.000000 1.000000 0.000000 0.000000
33.000000 345.685388 -4.680791 0.334587 0.272775 0.000000 0.000000 0.000000 1.000000 0.000000 0.000000
33.000000 345.694626 -4.516350 0.295752 0.284063 0.000000 0.000000 0.000000 1.000000 0.000000 0.000000
33.000000 345.695433 -4.537139 0.296739 0.282161 0.000000 0.000000 0.000000 1.000000 0.000000 0.000000
33.000000 345.704612 -4.614502 0.307026 0.286495 0.000000 0.000000 0.000000 1.000000 0.000000 0.000000
33.000000 345.705391 -4.533661 0.288093 0.311894 0.000000 0.000000 0.000000 1.000000 0.000000 0.000000
33.000000 345.714655 -4.658562 0.310877 0.311625 0.000000 0.000000 0.000000 1.000000 0.000000 0.000000
33.000000 345.715543 -4.654074 0.307917 0.315171 0.000000 0.000000 0.000000 1.000000 0.000000 0.000000
33.000000 345.724411 -4.866564 0.354844 0.303945 0.000000 0.000000 0.000000 1.000000 0.000000 0.000000
33.000000 345.725430 -4.744081 0.329530 0.337548 0.000000 0.000000 0.000000 1.000000 0.000000 0.000000
33.000000 345.734763 -4.796614 0.328004 0.350188 0.000000 0.000000 0.000000 1.000000 0.000000 0.000000
33.000000 345.735567 -4.747055 0.312506 0.374554 0.000000 0.000000 0.000000 1.000000 0.000000 0.000000
33.000000 345.744752 -4.800372 0.320363 0.376075 0.000000 0.000000 0.000000 1.000000 0.000000 0.000000
33.000000 345.745414 -4.844571 0.325879 0.394584 0.000000 0.000000 0.000000 1.000000 0.000000 0.000000
33.000000 345.754466 -4.847355 0.327014 0.393849 0.000000 0.000000 0.000000 1.000000 0.000000 0.000000
33.000000 345.755526 -4.731175 0.304605 0.424021 0.000000 0.000000 0.000000 1.000000 0.000000 0.000000
