17.000000 180.569908 25.072678 -0.300969 0.428306 0.000000 0.000000 0.000000 1.000000 0.000000 0.000000
17.000000 180.580001 24.963613 -0.310736 0.526506 0.000000 0.000000 0.000000 1.000000 0.000000 0.000000
17.000000 180.589959 24.747339 -0.349164 0.637362 0.000000 0.000000 0.000000 1.000000 0.000000 0.000000
17.000000 180.600104 24.510537 -0.359918 0.782706 0.000000 0.000000 0.000000 1.000000 0.000000 0.000000
17.000000 180.610200 24.379341 -0.369908 0.860003 0.000000 0.000000 0.000000 1.000000 0.000000 0.000000
17.000000 180.620184 24.171077 -0.386685 0.944099 0.000000 0.000000 0.000000 1.000000 0.000000 0.000000
17.000000 180.630030 24.042402 -0.388354 1.029801 0.000000 0.000000 0.000000 1.000000 0.000000 0.000000
17.000000 180.633218 23.057231 -0.400121 1.307476 0.000000 0.000000 0.000000 1.000000 0.000000 0.000000
17.000000 180.640070 23.927679 -0.405152 1.110568 0.000000 0.000000 0.000000 1.000000 0.000000 0.000000
17.000000 180.643226 23.004834 -0.414237 1.385210 0.000000 0.000000 0.000000 1.000000 0.000000 0.000000
17.000000 180.650063 23.793300 -0.399867 1.189855 0.000000 0.000000 0.000000 1.000000 0.000000 0.000000
17.000000 180.653271 22.867283 -0.412154 1.445713 0.000000 0.000000 0.000000 1.000000 0.000000 0.000000
17.000000 180.660309 23.620187 -0.418823 1.274381 0.000000 0.000000 0.000000 1.000000 0.000000 0.000000
17.000000 180.663275 22.780569 -0.429773 1.522399 0.000000 0.000000 0.000000 1.000000 0.000000 0.000000
17.000000 180.670173 23.445161 -0.428143 1.360207 0.000000 0.000000 0.000000 1.000000 0.000000 0.000000
17.000000 180.673258 22.674422 -0.438713 1.592099 0.000000 0.000000 0.000000 1.000000 0.000000 0.000000
17.000000 180.680315 23.232185 -0.460689 1.441630 0.000000 0.000000 0.000000 1.000000 0.000000 0.000000
17.000000 180.683448 22.592099 -0.463744 1.659211 0.000000 0.000000 0.000000 1.000000 0.000000 0.000000
17.000000 180.690008 23.266457 -0.438132 1.494328 0.000000 0.000000 0.000000 1.000000 0.000000 0.000000
17.000000 180.693256 22.467656 -0.453956 1.728652 0.000000 0.000000 0.000000 1.000000 0.000000 0.000000
17.000000 180.700050 23.054185 -0.444519 1.576868 0.000000 0.000000 0.000000 1.000000 0.000000 0.000000
17.000000 180.703276 22.348718 -0.460906 1.789856 0.000000 0.000000 0.000000 1.000000 0.000000 0.000000
17.000000 180.710099 22.936282 -0.449982 1.648933 0.000000 0.000000 0.000000 1.000000 0.000000 0.000000
17.000000 180.713309 22.254126 -0.464347 1.859414 0.000000 0.000000 0.000000 1.000000 0.000000 0.000000
17.000000 180.720128 22.764314 -0.467084 1.717497 0.000000 0.000000 0.000000 1.000000 0.000000 0.000000
17.000000 180.723206 22.149824 -0.481659 1.918090 0.000000 0.000000 0.000000 1.000000 0.000000 0.000000
17.000000 180.730091 22.648900 -0.472017 1.787463 0.000000 0.000000 0.000000 1.000000 0.000000 0.000000
17.000000 180.733220 22.046181 -0.486079 1.986386 0.000000 0.000000 0.000000 1.000000 0.000000 0.000000
17.000000 180.740143 22.610136 -0.477452 1.819244 0.000000 0.000000 0.000000 1.000000 0.000000 0.000000
17.000000 180.743152 21.941389 -0.491279 2.047021 0.000000 0.000000 0.000000 1.000000 0.000000 0.000000
17.000000 180.750052 22.385184 -0.486007 1.920810 0.000000 0.000000 0.000000 1.000000 0.000000 0.000000
17.000000 180.753174 21.840538 -0.502154 2.107196 0.000000 0.000000 0.000000 1.000000 0.000000 0.000000
17.000000 180.760150 22.246258 -0.494425 1.985627 0.000000 0.000000 0.000000 1.000000 0.000000 0.000000
17.000000 180.763319 21.732123 -0.510686 2.165512 0.000000 0.000000 0.000000 1.000000 0.000000 0.000000
17.000000 180.769998 22.092150 -0.511189 2.050426 0.000000 0.000000 0.000000 1.000000 0.000000 0.000000
17.000000 180.773211 21.633907 -0.525452 2.222937 0.000000 0.000000 0.000000 1.000000 0.000000 0.000000
17.000000 180.780200 21.968256 -0.516582 2.110482 0.000000 0.000000 0.000000 1.000000 0.000000 0.000000
17.000000 180.783276 21.514927 -0.533757 2.275996 0.000000 0.000000 0.000000 1.000000 0.000000 0.000000
17.000000 180.793217 21.408656 -0.536944 2.331898 0.000000 0.000000 0.000000 1.000000 0.000000 0.000000
17.000000 180.797330 20.843653 -0.785739 2.194222 0.000000 0.000000 0.000000 1.000000 0.000000 0.000000
17.000000 180.803254 21.299303 -0.550362 2.387336 0.000000 0.000000 0.000000 1.000000 0.000000 0.000000
17.000000 180.810113 21.599502 -0.537673 2.283268 0.000000 0.000000 0.000000 1.000000 0.000000 0.000000
17.000000 180.813222 21.194327 -0.553348 2.438412 0.000000 0.000000 0.000000 1.000000 0.000000 0.000000
17.000000 180.817354 20.604256 -0.800210 2.309111 0.000000 0.000000 0.000000 1.000000 0.000000 0.000000
17.000000 180.823266 21.084238 -0.567720 2.492138 0.000000 0.000000 0.000000 1.000000 0.000000 0.000000
17.000000 180.830240 21.320079 -0.556929 2.399647 0.000000 0.000000 0.000000 1.000000 0.000000 0.000000
17.000000 180.833290 20.963341 -0.574862 2.539508 0.000000 0.000000 0.000000 1.000000 0.000000 0.000000
17.000000 180.840194 21.270624 -0.560450 2.439464 0.000000 0.000000 0.000000 1.000000 0.000000 0.000000
17.000000 180.843378 20.856377 -0.576631 2.590844 0.000000 0.000000 0.000000 1.000000 0.000000 0.000000
17.000000 180.850044 21.137806 -0.577782 2.499807 0.000000 0.000000 0.000000 1.000000 0.000000 0.000000
17.000000 180.853260 20.752743 -0.596541 2.635161 0.000000 0.000000 0.000000 1.000000 0.000000 0.000000
17.000000 180.860274 20.955205 -0.576830 2.552609 0.000000 0.000000 0.000000 1.000000 0.000000 0.000000
17.000000 180.863291 20.639642 -0.598631 2.681477 0.000000 0.000000 0.000000 1.000000 0.000000 0.000000
17.000000 180.870198 20.794832 -0.598405 2.605006 0.000000 0.000000 0.000000 1.000000 0.000000 0.000000
17.000000 180.873279 20.580022 -0.617258 2.733341 0.000000 0.000000 0.000000 1.000000 0.000000 0.000000
17.000000 180.880220 20.681428 -0.598834 2.653664 0.000000 0.000000 0.000000 1.000000 0.000000 0.000000
17.000000 180.883499 20.475007 -0.619614 2.772210 0.000000 0.000000 0.000000 1.000000 0.000000 0.000000
17.000000 180.890123 20.655896 -0.613727 2.684839 0.000000 0.000000 0.000000 1.000000 0.000000 0.000000
17.000000 180.893364 20.345726 -0.624680 2.823041 0.000000 0.000000 0.000000 1.000000 0.000000 0.000000
17.000000 180.897485 19.653227 -0.851934 2.704253 0.000000 0.000000 0.000000 1.000000 0.000000 0.000000
17.000000 180.903398 20.206108 -0.635796 2.857386 0.000000 0.000000 0.000000 1.000000 0.000000 0.000000
17.000000 180.910273 20.298635 -0.627791 2.797153 0.000000 0.000000 0.000000 1.000000 0.000000 0.000000
17.000000 180.913352 20.139872 -0.646612 2.906745 0.000000 0.000000 0.000000 1.000000 0.000000 0.000000
17.000000 180.917464 19.422030 -0.868137 2.796391 0.000000 0.000000 0.000000 1.000000 0.000000 0.000000
17.000000 180.923435 19.996301 -0.653513 2.944664 0.000000 0.000000 0.000000 1.000000 0.000000 0.000000
17.000000 180.927446 19.305593 -0.874528 2.834955 0.000000 0.000000 0.000000 1.000000 0.000000 0.000000
17.000000 180.933401 19.930746 -0.661332 2.985058 0.000000 0.000000 0.000000 1.000000 0.000000 0.000000
17.000000 180.937361 19.186581 -0.877378 2.868308 0.000000 0.000000 0.000000 1.000000 0.000000 0.000000
17.000000 180.943332 19.794836 -0.666108 3.022546 0.000000 0.000000 0.000000 1.000000 0.000000 0.000000
17.000000 180.950102 19.789934 -0.656207 2.962551 0.000000 0.000000 0.000000 1.000000 0.000000 0.000000
17.000000 180.953265 19.681070 -0.673586 3.059156 0.000000 0.000000 0.000000 1.000000 0.000000 0.000000
17.000000 180.960165 19.681473 -0.666296 2.997954 0.000000 0.000000 0.000000 1.000000 0.000000 0.000000
17.000000 180.963520 19.587132 -0.681979 3.099965 0.000000 0.000000 0.000000 1.000000 0.000000 0.000000
17.000000 180.967471 18.839508 -0.903218 2.996202 0.000000 0.000000 0.000000 1.000000 0.000000 0.000000
17.000000 180.973219 19.472324 -0.693701 3.129893 0.000000 0.000000 0.000000 1.000000 0.000000 0.000000
17.000000 180.977524 18.713686 -0.905161 3.037697 0.000000 0.000000 0.000000 1.000000 0.000000 0.000000
17.000000 180.983414 19.378507 -0.703669 3.165627 0.000000 0.000000 0.000000 1.000000 0.000000 0.000000
17.000000 180.990231 19.305221 -0.690851 3.111361 0.000000 0.000000 0.000000 1.000000 0.000000 0.000000
17.000000 180.993345 19.280233 -0.707981 3.201997 0.000000 0.000000 0.000000 1.000000 0.000000 0.000000
17.000000 180.997464 18.481283 -0.916547 3.107412 0.000000 0.000000 0.000000 1.000000 0.000000 0.000000
17.000000 181.003205 19.152773 -0.711599 3.230759 0.000000 0.000000 0.000000 1.000000 0.000000 0.000000
17.000000 181.007451 18.372738 -0.927341 3.140196 0.000000 0.000000 0.000000 1.000000 0.000000 0.000000
17.000000 181.013324 19.043954 -0.721341 3.264245 0.000000 0.000000 0.000000 1.000000 0.000000 0.000000
17.000000 181.017433 18.256213 -0.933937 3.179136 0.000000 0.000000 0.000000 1.000000 0.000000 0.000000
17.000000 181.023221 18.954752 -0.734965 3.297986 0.000000 0.000000 0.000000 1.000000 0.000000 0.000000
17.000000 181.030117 18.817680 -0.720605 3.250289 0.000000 0.000000 0.000000 1.000000 0.000000 0.000000
17.000000 181.033186 18.831067 -0.736734 3.327797 0.000000 0.000000 0.000000 1.000000 0.000000 0.000000
17.000000 181.037527 18.042727 -0.950683 3.228911 0.000000 0.000000 0.000000 1.000000 0.000000 0.000000
17.000000 181.040186 18.697482 -0.737055 3.265561 0.000000 0.000000 0.000000 1.000000 0.000000 0.000000
17.000000 181.043388 18.701647 -0.746068 3.352869 0.000000 0.000000 0.000000 1.000000 0.000000 0.000000
17.000000 181.050125 18.572063 -0.740649 3.305926 0.000000 0.000000 0.000000 1.000000 0.000000 0.000000
17.000000 181.053322 18.576198 -0.756274 3.378316 0.000000 0.000000 0.000000 1.000000 0.000000 0.000000
17.000000 181.057437 17.809543 -0.962454 3.296069 0.000000 0.000000 0.000000 1.000000 0.000000 0.000000
17.000000 181.063276 18.481278 -0.765249 3.407085 0.000000 0.000000 0.000000 1.000000 0.000000 0.000000
17.000000 181.070101 18.313989 -0.760828 3.362112 0.000000 0.000000 0.000000 1.000000 0.000000 0.000000
17.000000 181.073308 18.348850 -0.768072 3.436324 0.000000 0.000000 0.000000 1.000000 0.000000 0.000000
17.000000 181.077546 17.580021 -0.975803 3.350351 0.000000 0.000000 0.000000 1.000000 0.000000 0.000000
17.000000 181.083325 18.221567 -0.772475 3.465277 0.000000 0.000000 0.000000 1.000000 0.000000 0.000000
17.000000 181.090142 18.123458 -0.780057 3.400480 0.000000 0.000000 0.000000 1.000000 0.000000 0.000000
17.000000 181.093241 18.083838 -0.782241 3.477828 0.000000 0.000000 0.000000 1.000000 0.000000 0.000000
17.000000 181.097557 17.332715 -0.983851 3.395688 0.000000 0.000000 0.000000 1.000000 0.000000 0.000000
17.000000 181.103205 17.878195 -0.780338 3.493898 0.000000 0.000000 0.000000 1.000000 0.000000 0.000000
17.000000 181.107518 17.220177 -0.989922 3.411103 0.000000 0.000000 0.000000 1.000000 0.000000 0.000000
17.000000 181.113283 17.830793 -0.791602 3.520284 0.000000 0.000000 0.000000 1.000000 0.000000 0.000000
17.000000 181.117503 17.116545 -1.000789 3.443230 0.000000 0.000000 0.000000 1.000000 0.000000 0.000000
17.000000 181.123280 17.651743 -0.791919 3.536599 0.000000 0.000000 0.000000 1.000000 0.000000 0.000000
17.000000 181.127478 17.012949 -1.006606 3.458399 0.000000 0.000000 0.000000 1.000000 0.000000 0.000000
17.000000 181.133216 17.545215 -0.799060 3.550118 0.000000 0.000000 0.000000 1.000000 0.000000 0.000000
17.000000 181.137586 16.885477 -1.010791 3.473069 0.000000 0.000000 0.000000 1.000000 0.000000 0.000000
17.000000 181.143257 17.454765 -0.820174 3.570696 0.000000 0.000000 0.000000 1.000000 0.000000 0.000000
17.000000 181.147637 16.774796 -1.022673 3.493640 0.000000 0.000000 0.000000 1.000000 0.000000 0.000000
17.000000 181.153239 17.289358 -0.820254 3.576445 0.000000 0.000000 0.000000 1.000000 0.000000 0.000000
17.000000 181.157593 16.678046 -1.034091 3.511774 0.000000 0.000000 0.000000 1.000000 0.000000 0.000000
17.000000 181.163303 17.093643 -0.821105 3.595456 0.000000 0.000000 0.000000 1.000000 0.000000 0.000000
17.000000 181.170238 17.097247 -0.841724 3.544101 0.000000 0.000000 0.000000 1.000000 0.000000 0.000000
17.000000 181.173516 17.090100 -0.835109 3.622189 0.000000 0.000000 0.000000 1.000000 0.000000 0.000000
17.000000 181.177491 16.446598 -1.038874 3.537607 0.000000 0.000000 0.000000 1.000000 0.000000 0.000000
17.000000 181.183405 16.978430 -0.844617 3.630270 0.000000 0.000000 0.000000 1.000000 0.000000 0.000000
17.000000 181.190248 16.918345 -0.851288 3.572960 0.000000 0.000000 0.000000 1.000000 0.000000 0.000000
17.000000 181.193400 16.776944 -0.841899 3.636552 0.000000 0.000000 0.000000 1.000000 0.000000 0.000000
17.000000 181.197491 16.221201 -1.055216 3.561232 0.000000 0.000000 0.000000 1.000000 0.000000 0.000000
17.000000 181.203381 16.620293 -0.847008 3.648037 0.000000 0.000000 0.000000 1.000000 0.000000 0.000000
17.000000 181.207122 15.464432 -0.691941 3.552437 0.000000 0.000000 0.000000 1.000000 0.000000 0.000000
17.000000 181.207574 16.110658 -1.060152 3.574475 0.000000 0.000000 0.000000 1.000000 0.000000 0.000000
17.000000 181.213413 16.480667 -0.849455 3.662681 0.000000 0.000000 0.000000 1.000000 0.000000 0.000000
17.000000 181.217189 15.358177 -0.701530 3.566873 0.000000 0.000000 0.000000 1.000000 0.000000 0.000000
17.000000 181.217473 16.007105 -1.068078 3.583817 0.000000 0.000000 0.000000 1.000000 0.000000 0.000000
17.000000 181.223447 16.306328 -0.846724 3.674265 0.000000 0.000000 0.000000 1.000000 0.000000 0.000000
17.000000 181.230229 16.361557 -0.899186 3.624575 0.000000 0.000000 0.000000 1.000000 0.000000 0.000000
17.000000 181.233352 16.407378 -0.888746 3.688062 0.000000 0.000000 0.000000 1.000000 0.000000 0.000000
17.000000 181.237182 15.130341 -0.713351 3.595277 0.000000 0.000000 0.000000 1.000000 0.000000 0.000000
17.000000 181.237493 15.782918 -1.075777 3.613009 0.000000 0.000000 0.000000 1.000000 0.000000 0.000000
17.000000 181.240376 16.319558 -0.886461 3.623449 0.000000 0.000000 0.000000 1.000000 0.000000 0.000000
17.000000 181.243483 16.114374 -0.869571 3.689467 0.000000 0.000000 0.000000 1.000000 0.000000 0.000000
17.000000 181.247111 15.007145 -0.720239 3.600677 0.000000 0.000000 0.000000 1.000000 0.000000 0.000000
17.000000 181.250268 16.220923 -0.886716 3.631211 0.000000 0.000000 0.000000 1.000000 0.000000 0.000000
17.000000 181.253533 15.968635 -0.868805 3.698538 0.000000 0.000000 0.000000 1.000000 0.000000 0.000000
17.000000 181.257614 15.558578 -1.092257 3.625487 0.000000 0.000000 0.000000 1.000000 0.000000 0.000000
17.000000 181.263436 15.876159 -0.880551 3.701700 0.000000 0.000000 0.000000 1.000000 0.000000 0.000000
17.000000 181.270190 16.001377 -0.897181 3.643114 0.000000 0.000000 0.000000 1.000000 0.000000 0.000000
17.000000 181.273474 15.714670 -0.878691 3.708423 0.000000 0.000000 0.000000 1.000000 0.000000 0.000000
17.000000 181.277649 15.335895 -1.103060 3.637206 0.000000 0.000000 0.000000 1.000000 0.000000 0.000000
17.000000 181.283597 15.483012 -0.879827 3.710906 0.000000 0.000000 0.000000 1.000000 0.000000 0.000000
17.000000 181.290190 15.715470 -0.908688 3.645508 0.000000 0.000000 0.000000 1.000000 0.000000 0.000000
17.000000 181.293376 15.432155 -0.887391 3.714106 0.000000 0.000000 0.000000 1.000000 0.000000 0.000000
17.000000 181.297616 15.115675 -1.115137 3.647782 0.000000 0.000000 0.000000 1.000000 0.000000 0.000000
17.000000 181.303573 15.253438 -0.891815 3.716558 0.000000 0.000000 0.000000 1.000000 0.000000 0.000000
17.000000 181.310185 15.546473 -0.934483 3.649054 0.000000 0.000000 0.000000 1.000000 0.000000 0.000000
17.000000 181.313533 15.080206 -0.898011 3.717801 0.000000 0.000000 0.000000 1.000000 0.000000 0.000000
17.000000 181.317138 14.243420 -0.782029 3.651475 0.000000 0.000000 0.000000 1.000000 0.000000 0.000000
17.000000 181.317605 14.910568 -1.127547 3.655869 0.000000 0.000000 0.000000 1.000000 0.000000 0.000000
17.000000 181.323571 14.870124 -0.903667 3.725718 0.000000 0.000000 0.000000 1.000000 0.000000 0.000000
17.000000 181.327025 14.173849 -0.819932 3.658187 0.000000 0.000000 0.000000 1.000000 0.000000 0.000000
17.000000 181.330362 15.284958 -0.955873 3.651362 0.000000 0.000000 0.000000 1.000000 0.000000 0.000000
17.000000 181.333575 14.919280 -0.923333 3.716605 0.000000 0.000000 0.000000 1.000000 0.000000 0.000000
17.000000 181.337561 14.700072 -1.150219 3.659833 0.000000 0.000000 0.000000 1.000000 0.000000 0.000000
17.000000 181.343517 14.716251 -0.916656 3.725451 0.000000 0.000000 0.000000 1.000000 0.000000 0.000000
17.000000 181.350228 15.112060 -0.968909 3.655531 0.000000 0.000000 0.000000 1.000000 0.000000 0.000000
17.000000 181.353439 14.502177 -0.928991 3.720879 0.000000 0.000000 0.000000 1.000000 0.000000 0.000000
17.000000 181.357124 13.848897 -0.842669 3.666321 0.000000 0.000000 0.000000 1.000000 0.000000 0.000000
17.000000 181.357794 14.485609 -1.163183 3.663470 0.000000 0.000000 0.000000 1.000000 0.000000 0.000000
17.000000 181.363685 14.398056 -0.929864 3.717318 0.000000 0.000000 0.000000 1.000000 0.000000 0.000000
17.000000 181.367709 14.363439 -1.161206 3.652994 0.000000 0.000000 0.000000 1.000000 0.000000 0.000000
17.000000 181.373511 14.225067 -0.929115 3.708294 0.000000 0.000000 0.000000 1.000000 0.000000 0.000000
17.000000 181.377641 14.262655 -1.166738 3.649139 0.000000 0.000000 0.000000 1.000000 0.000000 0.000000
17.000000 181.383558 14.217001 -0.949193 3.710772 0.000000 0.000000 0.000000 1.000000 0.000000 0.000000
17.000000 181.390434 14.640958 -0.993996 3.637633 0.000000 0.000000 0.000000 1.000000 0.000000 0.000000
17.000000 181.393458 14.039520 -0.947780 3.705201 0.000000 0.000000 0.000000 1.000000 0.000000 0.000000
17.000000 181.400530 14.522016 -1.001844 3.631893 0.000000 0.000000 0.000000 1.000000 0.000000 0.000000
17.000000 181.403474 13.877543 -0.954006 3.697525 0.000000 0.000000 0.000000 1.000000 0.000000 0.000000
17.000000 181.410339 14.430339 -1.003469 3.624931 0.000000 0.000000 0.000000 1.000000 0.000000 0.000000
17.000000 181.413491 13.694801 -0.954250 3.687359 0.000000 0.000000 0.000000 1.000000 0.000000 0.000000
17.000000 181.417717 13.843136 -1.199066 3.633621 0.000000 0.000000 0.000000 1.000000 0.000000 0.000000
17.000000 181.423517 13.593270 -0.964085 3.682865 0.000000 0.000000 0.000000 1.000000 0.000000 0.000000
17.000000 181.430440 14.203319 -1.019849 3.618916 0.000000 0.000000 0.000000 1.000000 0.000000 0.000000
17.000000 181.433624 13.564199 -0.975610 3.678978 0.000000 0.000000 0.000000 1.000000 0.000000 0.000000
17.000000 181.437654 13.661540 -1.210836 3.618972 0.000000 0.000000 0.000000 1.000000 0.000000 0.000000
17.000000 181.443567 13.411787 -0.982858 3.666092 0.000000 0.000000 0.000000 1.000000 0.000000 0.000000
17.000000 181.450488 13.989543 -1.040252 3.595627 0.000000 0.000000 0.000000 1.000000 0.000000 0.000000
17.000000 181.453566 13.373945 -0.997614 3.649375 0.000000 0.000000 0.000000 1.000000 0.000000 0.000000
17.000000 181.457667 13.418465 -1.218994 3.595340 0.000000 0.000000 0.000000 1.000000 0.000000 0.000000
17.000000 181.463570 13.151537 -0.993497 3.642794 0.000000 0.000000 0.000000 1.000000 0.000000 0.000000
17.000000 181.470363 13.768628 -1.051513 3.566386 0.000000 0.000000 0.000000 1.000000 0.000000 0.000000
17.000000 181.473585 12.986646 -0.998608 3.627987 0.000000 0.000000 0.000000 1.000000 0.000000 0.000000
17.000000 181.480434 13.660268 -1.056949 3.552531 0.000000 0.000000 0.000000 1.000000 0.000000 0.000000
17.000000 181.483558 12.877424 -1.006438 3.611403 0.000000 0.000000 0.000000 1.000000 0.000000 0.000000
17.000000 181.490427 13.565796 -1.058639 3.536203 0.000000 0.000000 0.000000 1.000000 0.000000 0.000000
17.000000 181.493487 12.750484 -1.015500 3.593132 0.000000 0.000000 0.000000 1.000000 0.000000 0.000000
17.000000 181.500430 13.452620 -1.072932 3.516723 0.000000 0.000000 0.000000 1.000000 0.000000 0.000000
17.000000 181.503531 12.571874 -1.021107 3.575965 0.000000 0.000000 0.000000 1.000000 0.000000 0.000000
17.000000 181.510465 13.354856 -1.070258 3.494973 0.000000 0.000000 0.000000 1.000000 0.000000 0.000000
17.000000 181.513490 12.445526 -1.016191 3.558345 0.000000 0.000000 0.000000 1.000000 0.000000 0.000000
17.000000 181.520449 13.256265 -1.077932 3.477611 0.000000 0.000000 0.000000 1.000000 0.000000 0.000000
17.000000 181.523570 12.271094 -1.019778 3.541851 0.000000 0.000000 0.000000 1.000000 0.000000 0.000000
17.000000 181.530487 13.144179 -1.084858 3.455348 0.000000 0.000000 0.000000 1.000000 0.000000 0.000000
17.000000 181.533546 12.130022 -1.033738 3.516534 0.000000 0.000000 0.000000 1.000000 0.000000 0.000000
17.000000 181.537826 12.611924 -1.278073 3.449525 0.000000 0.000000 0.000000 1.000000 0.000000 0.000000
17.000000 181.543540 12.054961 -1.047118 3.497870 0.000000 0.000000 0.000000 1.000000 0.000000 0.000000
17.000000 181.550485 12.929434 -1.100186 3.411369 0.000000 0.000000 0.000000 1.000000 0.000000 0.000000
17.000000 181.553636 11.960174 -1.052288 3.473547 0.000000 0.000000 0.000000 1.000000 0.000000 0.000000
17.000000 181.557672 12.381147 -1.284733 3.410579 0.000000 0.000000 0.000000 1.000000 0.000000 0.000000
17.000000 181.563560 11.799025 -1.055672 3.450286 0.000000 0.000000 0.000000 1.000000 0.000000 0.000000
17.000000 181.570498 12.710457 -1.121205 3.366348 0.000000 0.000000 0.000000 1.000000 0.000000 0.000000
17.000000 181.573605 11.704690 -1.068066 3.430059 0.000000 0.000000 0.000000 1.000000 0.000000 0.000000
17.000000 181.577739 12.159925 -1.303242 3.372692 0.000000 0.000000 0.000000 1.000000 0.000000 0.000000
17.000000 181.583579 11.521401 -1.069265 3.399852 0.000000 0.000000 0.000000 1.000000 0.000000 0.000000
17.000000 181.590377 12.517849 -1.129537 3.309112 0.000000 0.000000 0.000000 1.000000 0.000000 0.000000
17.000000 181.593627 11.452414 -1.077783 3.379270 0.000000 0.000000 0.000000 1.000000 0.000000 0.000000
17.000000 181.597685 11.973917 -1.314762 3.316179 0.000000 0.000000 0.000000 1.000000 0.000000 0.000000
17.000000 181.603602 11.313902 -1.084463 3.353023 0.000000 0.000000 0.000000 1.000000 0.000000 0.000000
17.000000 181.607784 11.878624 -1.322174 3.289770 0.000000 0.000000 0.000000 1.000000 0.000000 0.000000
17.000000 181.613675 11.206698 -1.094126 3.324241 0.000000 0.000000 0.000000 1.000000 0.000000 0.000000
17.000000 181.617746 11.773764 -1.328630 3.261034 0.000000 0.000000 0.000000 1.000000 0.000000 0.000000
17.000000 181.623647 11.060108 -1.102136 3.302073 0.000000 0.000000 0.000000 1.000000 0.000000 0.000000
17.000000 181.627797 11.665252 -1.339358 3.231922 0.000000 0.000000 0.000000 1.000000 0.000000 0.000000
17.000000 181.633541 10.907321 -1.099298 3.272209 0.000000 0.000000 0.000000 1.000000 0.000000 0.000000
17.000000 181.637726 11.568838 -1.340904 3.194863 0.000000 0.000000 0.000000 1.000000 0.000000 0.000000
17.000000 181.643642 10.904463 -1.120210 3.236463 0.000000 0.000000 0.000000 1.000000 0.000000 0.000000
17.000000 181.647835 11.459619 -1.351678 3.169923 0.000000 0.000000 0.000000 1.000000 0.000000 0.000000
17.000000 181.653527 10.697011 -1.116646 3.208093 0.000000 0.000000 0.000000 1.000000 0.000000 0.000000
17.000000 181.657741 11.359933 -1.353800 3.141576 0.000000 0.000000 0.000000 1.000000 0.000000 0.000000
17.000000 181.663617 10.592930 -1.126338 3.179644 0.000000 0.000000 0.000000 1.000000 0.000000 0.000000
17.000000 181.667828 11.254580 -1.364063 3.104793 0.000000 0.000000 0.000000 1.000000 0.000000 0.000000
17.000000 181.673595 10.491558 -1.136832 3.143579 0.000000 0.000000 0.000000 1.000000 0.000000 0.000000
17.000000 181.677729 11.168638 -1.366141 3.073323 0.000000 0.000000 0.000000 1.000000 0.000000 0.000000
17.000000 181.683573 10.383791 -1.133438 3.112731 0.000000 0.000000 0.000000 1.000000 0.000000 0.000000
17.000000 181.690457 11.498761 -1.192094 2.982267 0.000000 0.000000 0.000000 1.000000 0.000000 0.000000
17.000000 181.693564 10.344608 -1.154602 3.071881 0.000000 0.000000 0.000000 1.000000 0.000000 0.000000
17.000000 181.697782 10.957826 -1.384165 3.001146 0.000000 0.000000 0.000000 1.000000 0.000000 0.000000
17.000000 181.703562 10.238143 -1.159256 3.035117 0.000000 0.000000 0.000000 1.000000 0.000000 0.000000
17.000000 181.710416 11.287703 -1.206184 2.908441 0.000000 0.000000 0.000000 1.000000 0.000000 0.000000
17.000000 181.713651 10.132983 -1.171086 3.003258 0.000000 0.000000 0.000000 1.000000 0.000000 0.000000
17.000000 181.717786 10.765544 -1.393741 2.925544 0.000000 0.000000 0.000000 1.000000 0.000000 0.000000
17.000000 181.723681 10.030856 -1.185123 2.966146 0.000000 0.000000 0.000000 1.000000 0.000000 0.000000
17.000000 181.730385 11.100609 -1.224986 2.830008 0.000000 0.000000 0.000000 1.000000 0.000000 0.000000
17.000000 181.733609 9.974374 -1.188267 2.925308 0.000000 0.000000 0.000000 1.000000 0.000000 0.000000
17.000000 181.737733 10.593808 -1.420309 2.837683 0.000000 0.000000 0.000000 1.000000 0.000000 0.000000
17.000000 181.743635 9.953616 -1.199711 2.881457 0.000000 0.000000 0.000000 1.000000 0.000000 0.000000
17.000000 181.750458 10.884611 -1.238964 2.748903 0.000000 0.000000 0.000000 1.000000 0.000000 0.000000
17.000000 181.753614 9.824596 -1.212523 2.847482 0.000000 0.000000 0.000000 1.000000 0.000000 0.000000
17.000000 181.757718 10.380788 -1.427073 2.760369 0.000000 0.000000 0.000000 1.000000 0.000000 0.000000
17.000000 181.763583 9.690974 -1.213593 2.802049 0.000000 0.000000 0.000000 1.000000 0.000000 0.000000
17.000000 181.767823 10.285241 -1.438372 2.721810 0.000000 0.000000 0.000000 1.000000 0.000000 0.000000
17.000000 181.773636 9.644529 -1.223789 2.755376 0.000000 0.000000 0.000000 1.000000 0.000000 0.000000
17.000000 181.777750 10.187169 -1.441278 2.675626 0.000000 0.000000 0.000000 1.000000 0.000000 0.000000
17.000000 181.783693 9.494435 -1.231022 2.718476 0.000000 0.000000 0.000000 1.000000 0.000000 0.000000
17.000000 181.787795 10.094734 -1.444156 2.627091 0.000000 0.000000 0.000000 1.000000 0.000000 0.000000
17.000000 181.793625 9.422649 -1.233849 2.671535 0.000000 0.000000 0.000000 1.000000 0.000000 0.000000
17.000000 181.797737 9.989900 -1.452737 2.585686 0.000000 0.000000 0.000000 1.000000 0.000000 0.000000
17.000000 181.803579 9.356217 -1.247290 2.620395 0.000000 0.000000 0.000000 1.000000 0.000000 0.000000
17.000000 181.810493 10.302208 -1.274844 2.462950 0.000000 0.000000 0.000000 1.000000 0.000000 0.000000
17.000000 181.813638 9.217111 -1.255634 2.581244 0.000000 0.000000 0.000000 1.000000 0.000000 0.000000
17.000000 181.817822 9.798783 -1.468055 2.486289 0.000000 0.000000 0.000000 1.000000 0.000000 0.000000
17.000000 181.823825 9.132309 -1.268736 2.534109 0.000000 0.000000 0.000000 1.000000 0.000000 0.000000
17.000000 181.827851 9.701685 -1.475048 2.439195 0.000000 0.000000 0.000000 1.000000 0.000000 0.000000
17.000000 181.833703 9.060413 -1.280856 2.484044 0.000000 0.000000 0.000000 1.000000 0.000000 0.000000
17.000000 181.837765 9.618101 -1.476089 2.393421 0.000000 0.000000 0.000000 1.000000 0.000000 0.000000
17.000000 181.843760 8.976910 -1.287037 2.436594 0.000000 0.000000 0.000000 1.000000 0.000000 0.000000
17.000000 181.850526 9.888480 -1.306369 2.272975 0.000000 0.000000 0.000000 1.000000 0.000000 0.000000
17.000000 181.853729 8.918828 -1.294233 2.390823 0.000000 0.000000 0.000000 1.000000 0.000000 0.000000
17.000000 181.857735 9.422070 -1.489183 2.301709 0.000000 0.000000 0.000000 1.000000 0.000000 0.000000
17.000000 181.863689 8.852031 -1.306191 2.339283 0.000000 0.000000 0.000000 1.000000 0.000000 0.000000
17.000000 181.870528 9.710278 -1.315355 2.163907 0.000000 0.000000 0.000000 1.000000 0.000000 0.000000
17.000000 181.873787 8.801406 -1.307945 2.282285 0.000000 0.000000 0.000000 1.000000 0.000000 0.000000
17.000000 181.877956 9.226350 -1.505378 2.195433 0.000000 0.000000 0.000000 1.000000 0.000000 0.000000
17.000000 181.883702 8.722764 -1.318899 2.226638 0.000000 0.000000 0.000000 1.000000 0.000000 0.000000
17.000000 181.890547 9.517538 -1.328198 2.052804 0.000000 0.000000 0.000000 1.000000 0.000000 0.000000
17.000000 181.893840 8.636019 -1.324779 2.175265 0.000000 0.000000 0.000000 1.000000 0.000000 0.000000
17.000000 181.897867 9.036321 -1.516262 2.087691 0.000000 0.000000 0.000000 1.000000 0.000000 0.000000
17.000000 181.903776 8.554746 -1.343174 2.123073 0.000000 0.000000 0.000000 1.000000 0.000000 0.000000
17.000000 181.910498 9.317850 -1.343540 1.941303 0.000000 0.000000 0.000000 1.000000 0.000000 0.000000
17.000000 181.913674 8.476772 -1.354471 2.066258 0.000000 0.000000 0.000000 1.000000 0.000000 0.000000
17.000000 181.917921 8.844974 -1.531782 1.966472 0.000000 0.000000 0.000000 1.000000 0.000000 0.000000
17.000000 181.923852 8.413826 -1.366695 2.008436 0.000000 0.000000 0.000000 1.000000 0.000000 0.000000
17.000000 181.930552 9.144275 -1.358541 1.824476 0.000000 0.000000 0.000000 1.000000 0.000000 0.000000
17.000000 181.933875 8.319001 -1.365800 1.953570 0.000000 0.000000 0.000000 1.000000 0.000000 0.000000
17.000000 181.937903 8.670300 -1.541914 1.859920 0.000000 0.000000 0.000000 1.000000 0.000000 0.000000
17.000000 181.943834 8.254017 -1.377735 1.894447 0.000000 0.000000 0.000000 1.000000 0.000000 0.000000
17.000000 181.950691 8.934639 -1.371209 1.705773 0.000000 0.000000 0.000000 1.000000 0.000000 0.000000
17.000000 181.953841 8.188793 -1.382689 1.829810 0.000000 0.000000 0.000000 1.000000 0.000000 0.000000
17.000000 181.957904 8.478885 -1.560530 1.726074 0.000000 0.000000 0.000000 1.000000 0.000000 0.000000
17.000000 181.963839 8.017250 -1.392355 1.770564 0.000000 0.000000 0.000000 1.000000 0.000000 0.000000
17.000000 181.968042 8.390565 -1.562787 1.680975 0.000000 0.000000 0.000000 1.000000 0.000000 0.000000
17.000000 181.973753 8.052932 -1.410130 1.714660 0.000000 0.000000 0.000000 1.000000 0.000000 0.000000
17.000000 181.977965 8.303266 -1.574767 1.614881 0.000000 0.000000 0.000000 1.000000 0.000000 0.000000
17.000000 181.983845 7.991583 -1.420720 1.648013 0.000000 0.000000 0.000000 1.000000 0.000000 0.000000
17.000000 181.990513 8.556481 -1.391069 1.461763 0.000000 0.000000 0.000000 1.000000 0.000000 0.000000
17.000000 181.993887 7.873400 -1.428417 1.592087 0.000000 0.000000 0.000000 1.000000 0.000000 0.000000
17.000000 181.997880 8.115598 -1.578016 1.489377 0.000000 0.000000 0.000000 1.000000 0.000000 0.000000
17.000000 182.003760 7.787996 -1.431010 1.530729 0.000000 0.000000 0.000000 1.000000 0.000000 0.000000
17.000000 182.008001 8.026865 -1.588338 1.427151 0.000000 0.000000 0.000000 1.000000 0.000000 0.000000
17.000000 182.013746 7.713026 -1.441084 1.466814 0.000000 0.000000 0.000000 1.000000 0.000000 0.000000
17.000000 182.017938 7.939120 -1.592397 1.359490 0.000000 0.000000 0.000000 1.000000 0.000000 0.000000
17.000000 182.023802 7.614326 -1.438790 1.408013 0.000000 0.000000 0.000000 1.000000 0.000000 0.000000
17.000000 182.030595 8.186970 -1.411445 1.194330 0.000000 0.000000 0.000000 1.000000 0.000000 0.000000
17.000000 182.033733 7.530484 -1.447356 1.341344 0.000000 0.000000 0.000000 1.000000 0.000000 0.000000
17.000000 182.037975 7.752073 -1.600956 1.232324 0.000000 0.000000 0.000000 1.000000 0.000000 0.000000
17.000000 182.043865 7.447435 -1.465131 1.280131 0.000000 0.000000 0.000000 1.000000 0.000000 0.000000
17.000000 182.050774 8.009999 -1.426280 1.062434 0.000000 0.000000 0.000000 1.000000 0.000000 0.000000
17.000000 182.053884 7.386491 -1.466288 1.203924 0.000000 0.000000 0.000000 1.000000 0.000000 0.000000
17.000000 182.057852 7.558185 -1.618519 1.102364 0.000000 0.000000 0.000000 1.000000 0.000000 0.000000
17.000000 182.063916 7.293753 -1.478919 1.141517 0.000000 0.000000 0.000000 1.000000 0.000000 0.000000
17.000000 182.070810 7.832387 -1.435623 0.919765 0.000000 0.000000 0.000000 1.000000 0.000000 0.000000
17.000000 182.073896 7.206049 -1.490477 1.076065 0.000000 0.000000 0.000000 1.000000 0.000000 0.000000
17.000000 182.078009 7.383095 -1.634332 0.959447 0.000000 0.000000 0.000000 1.000000 0.000000 0.000000
17.000000 182.083777 7.124272 -1.494169 1.004607 0.000000 0.000000 0.000000 1.000000 0.000000 0.000000
17.000000 182.090658 7.628255 -1.449051 0.783550 0.000000 0.000000 0.000000 1.000000 0.000000 0.000000
17.000000 182.093742 7.045461 -1.499337 0.934978 0.000000 0.000000 0.000000 1.000000 0.000000 0.000000
17.000000 182.097915 7.196252 -1.645368 0.817685 0.000000 0.000000 0.000000 1.000000 0.000000 0.000000
17.000000 182.103717 6.995251 -1.519786 0.860960 0.000000 0.000000 0.000000 1.000000 0.000000 0.000000
17.000000 182.110625 7.456308 -1.455843 0.637249 0.000000 0.000000 0.000000 1.000000 0.000000 0.000000
17.000000 182.113822 6.898185 -1.509609 0.791918 0.000000 0.000000 0.000000 1.000000 0.000000 0.000000
17.000000 182.117992 7.025754 -1.656415 0.675050 0.000000 0.000000 0.000000 1.000000 0.000000 0.000000
17.000000 182.123947 6.822873 -1.517812 0.716566 0.000000 0.000000 0.000000 1.000000 0.000000 0.000000
17.000000 182.130649 7.302559 -1.473879 0.476012 0.000000 0.000000 0.000000 1.000000 0.000000 0.000000
17.000000 182.133888 6.759575 -1.535828 0.645664 0.000000 0.000000 0.000000 1.000000 0.000000 0.000000
17.000000 182.138002 6.855999 -1.672888 0.523200 0.000000 0.000000 0.000000 1.000000 0.000000 0.000000
17.000000 182.143791 6.658789 -1.542237 0.574449 0.000000 0.000000 0.000000 1.000000 0.000000 0.000000
17.000000 182.150655 7.093804 -1.481381 0.334042 0.000000 0.000000 0.000000 1.000000 0.000000 0.000000
17.000000 182.153864 6.605082 -1.553683 0.492643 0.000000 0.000000 0.000000 1.000000 0.000000 0.000000
17.000000 182.157970 6.668302 -1.683435 0.377736 0.000000 0.000000 0.000000 1.000000 0.000000 0.000000
17.000000 182.163876 6.508025 -1.554721 0.422014 0.000000 0.000000 0.000000 1.000000 0.000000 0.000000
17.000000 182.167941 6.582402 -1.688507 0.297526 0.000000 0.000000 0.000000 1.000000 0.000000 0.000000
17.000000 182.173734 6.456173 -1.565319 0.337526 0.000000 0.000000 0.000000 1.000000 0.000000 0.000000
17.000000 182.178048 6.488331 -1.693762 0.222480 0.000000 0.000000 0.000000 1.000000 0.000000 0.000000
17.000000 182.183734 6.375327 -1.573932 0.259927 0.000000 0.000000 0.000000 1.000000 0.000000 0.000000
17.000000 182.187907 6.404893 -1.704126 0.141793 0.000000 0.000000 0.000000 1.000000 0.000000 0.000000
17.000000 182.193824 6.285496 -1.582065 0.189295 0.000000 0.000000 0.000000 1.000000 0.000000 0.000000
17.000000 182.200785 6.665551 -1.510086 0.010145 0.000000 0.000000 0.000000 1.000000 0.000000 0.000000
17.000000 182.203961 6.122251 -1.578182 0.229059 0.000000 0.000000 0.000000 1.000000 0.000000 0.000000
17.000000 182.207956 6.289090 -1.712517 0.166428 0.000000 0.000000 0.000000 1.000000 0.000000 0.000000
17.000000 182.213817 6.094808 -1.589880 0.282220 0.000000 0.000000 0.000000 1.000000 0.000000 0.000000
17.000000 182.218093 6.235833 -1.717911 0.226311 0.000000 0.000000 0.000000 1.000000 0.000000 0.000000
17.000000 182.223856 6.033458 -1.585169 0.340198 0.000000 0.000000 0.000000 1.000000 0.000000 0.000000
17.000000 182.227950 6.185277 -1.718662 0.275727 0.000000 0.000000 0.000000 1.000000 0.000000 0.000000
17.000000 182.233766 5.992400 -1.593237 0.389089 0.000000 0.000000 0.000000 1.000000 0.000000 0.000000
17.000000 182.238003 6.128928 -1.729971 0.337673 0.000000 0.000000 0.000000 1.000000 0.000000 0.000000
17.000000 182.243791 5.932486 -1.603011 0.442829 0.000000 0.000000 0.000000 1.000000 0.000000 0.000000
17.000000 182.250710 6.405312 -1.532909 0.290551 0.000000 0.000000 0.000000 1.000000 0.000000 0.000000
17.000000 182.253788 5.829174 -1.598138 0.508275 0.000000 0.000000 0.000000 1.000000 0.000000 0.000000
17.000000 182.258059 6.033673 -1.737650 0.441359 0.000000 0.000000 0.000000 1.000000 0.000000 0.000000
17.000000 182.263758 5.781373 -1.603282 0.558610 0.000000 0.000000 0.000000 1.000000 0.000000 0.000000
17.000000 182.267992 5.978592 -1.743022 0.496848 0.000000 0.000000 0.000000 1.000000 0.000000 0.000000
17.000000 182.273845 5.739570 -1.626304 0.612494 0.000000 0.000000 0.000000 1.000000 0.000000 0.000000
17.000000 182.277930 5.923210 -1.751988 0.547375 0.000000 0.000000 0.000000 1.000000 0.000000 0.000000
17.000000 182.283786 5.699203 -1.628561 0.655846 0.000000 0.000000 0.000000 1.000000 0.000000 0.000000
17.000000 182.288095 5.873974 -1.755399 0.596400 0.000000 0.000000 0.000000 1.000000 0.000000 0.000000
17.000000 182.293845 5.637154 -1.630779 0.702203 0.000000 0.000000 0.000000 1.000000 0.000000 0.000000
17.000000 182.298088 5.825156 -1.762973 0.643525 0.000000 0.000000 0.000000 1.000000 0.000000 0.000000
17.000000 182.303819 5.557682 -1.622836 0.755348 0.000000 0.000000 0.000000 1.000000 0.000000 0.000000
17.000000 182.308077 5.771060 -1.767375 0.692646 0.000000 0.000000 0.000000 1.000000 0.000000 0.000000
17.000000 182.313998 5.521331 -1.641763 0.802831 0.000000 0.000000 0.000000 1.000000 0.000000 0.000000
17.000000 182.318024 5.718591 -1.771793 0.737603 0.000000 0.000000 0.000000 1.000000 0.000000 0.000000
17.000000 182.323882 5.460785 -1.648199 0.848479 0.000000 0.000000 0.000000 1.000000 0.000000 0.000000
17.000000 182.328077 5.668651 -1.775101 0.784733 0.000000 0.000000 0.000000 1.000000 0.000000 0.000000
17.000000 182.333876 5.402035 -1.646030 0.892444 0.000000 0.000000 0.000000 1.000000 0.000000 0.000000
17.000000 182.338061 5.618502 -1.780338 0.826248 0.000000 0.000000 0.000000 1.000000 0.000000 0.000000
17.000000 182.343861 5.340861 -1.650951 0.935341 0.000000 0.000000 0.000000 1.000000 0.000000 0.000000
17.000000 182.348100 5.580290 -1.782026 0.868430 0.000000 0.000000 0.000000 1.000000 0.000000 0.000000
17.000000 182.353876 5.275278 -1.651250 0.979673 0.000000 0.000000 0.000000 1.000000 0.000000 0.000000
17.000000 182.358005 5.510004 -1.793182 0.909951 0.000000 0.000000 0.000000 1.000000 0.000000 0.000000
17.000000 182.363904 5.235989 -1.668919 1.021799 0.000000 0.000000 0.000000 1.000000 0.000000 0.000000
17.000000 182.368103 5.468282 -1.801685 0.942153 0.000000 0.000000 0.000000 1.000000 0.000000 0.000000
17.000000 182.374005 5.197933 -1.662541 1.053231 0.000000 0.000000 0.000000 1.000000 0.000000 0.000000
17.000000 182.378093 5.418023 -1.800904 0.985263 0.000000 0.000000 0.000000 1.000000 0.000000 0.000000
17.000000 182.383856 5.134183 -1.666742 1.091359 0.000000 0.000000 0.000000 1.000000 0.000000 0.000000
17.000000 182.388038 5.369601 -1.807278 1.025624 0.000000 0.000000 0.000000 1.000000 0.000000 0.000000
17.000000 182.393869 5.059656 -1.671363 1.134473 0.000000 0.000000 0.000000 1.000000 0.000000 0.000000
17.000000 182.398089 5.322310 -1.811485 1.062007 0.000000 0.000000 0.000000 1.000000 0.000000 0.000000
17.000000 182.403830 4.981373 -1.674678 1.179185 0.000000 0.000000 0.000000 1.000000 0.000000 0.000000
17.000000 182.410726 5.572301 -1.612348 1.000109 0.000000 0.000000 0.000000 1.000000 0.000000 0.000000
17.000000 182.413844 4.970112 -1.685122 1.203675 0.000000 0.000000 0.000000 1.000000 0.000000 0.000000
17.000000 182.418024 5.220892 -1.823306 1.131169 0.000000 0.000000 0.000000 1.000000 0.000000 0.000000
17.000000 182.423883 4.916452 -1.689461 1.238868 0.000000 0.000000 0.000000 1.000000 0.000000 0.000000
17.000000 182.430744 5.470125 -1.622980 1.066634 0.000000 0.000000 0.000000 1.000000 0.000000 0.000000
17.000000 182.433860 4.854599 -1.693833 1.275610 0.000000 0.000000 0.000000 1.000000 0.000000 0.000000
17.000000 182.440730 5.414750 -1.625991 1.103857 0.000000 0.000000 0.000000 1.000000 0.000000 0.000000
17.000000 182.443932 4.796042 -1.698189 1.307467 0.000000 0.000000 0.000000 1.000000 0.000000 0.000000
17.000000 182.450704 5.374823 -1.630022 1.130777 0.000000 0.000000 0.000000 1.000000 0.000000 0.000000
17.000000 182.453859 4.780324 -1.710001 1.331823 0.000000 0.000000 0.000000 1.000000 0.000000 0.000000
17.000000 182.458120 5.021583 -1.839681 1.262449 0.000000 0.000000 0.000000 1.000000 0.000000 0.000000
17.000000 182.463904 4.690540 -1.707991 1.368925 0.000000 0.000000 0.000000 1.000000 0.000000 0.000000
17.000000 182.470761 5.272953 -1.639603 1.190836 0.000000 0.000000 0.000000 1.000000 0.000000 0.000000
17.000000 182.473854 4.684672 -1.717256 1.387424 0.000000 0.000000 0.000000 1.000000 0.000000 0.000000
17.000000 182.478132 4.918142 -1.860606 1.320380 0.000000 0.000000 0.000000 1.000000 0.000000 0.000000
17.000000 182.483927 4.586302 -1.717449 1.428328 0.000000 0.000000 0.000000 1.000000 0.000000 0.000000
17.000000 182.488097 4.858493 -1.860154 1.353615 0.000000 0.000000 0.000000 1.000000 0.000000 0.000000
17.000000 182.494044 4.566496 -1.733685 1.449984 0.000000 0.000000 0.000000 1.000000 0.000000 0.000000
17.000000 182.497656 5.035832 -1.931784 1.471440 0.000000 0.000000 0.000000 1.000000 0.000000 0.000000
17.000000 182.500975 5.111978 -1.654270 1.272209 0.000000 0.000000 0.000000 1.000000 0.000000 0.000000
17.000000 182.503942 4.467469 -1.719509 1.479875 0.000000 0.000000 0.000000 1.000000 0.000000 0.000000
17.000000 182.507556 4.878153 -1.904158 1.486174 0.000000 0.000000 0.000000 1.000000 0.000000 0.000000
17.000000 182.508163 4.766056 -1.871135 1.401752 0.000000 0.000000 0.000000 1.000000 0.000000 0.000000
17.000000 182.514012 4.467541 -1.752836 1.507054 0.000000 0.000000 0.000000 1.000000 0.000000 0.000000
17.000000 182.517592 5.017150 -1.962862 1.537818 0.000000 0.000000 0.000000 1.000000 0.000000 0.000000
17.000000 182.518153 4.709735 -1.876351 1.425500 0.000000 0.000000 0.000000 1.000000 0.000000 0.000000
17.000000 182.523992 4.405238 -1.754042 1.533334 0.000000 0.000000 0.000000 1.000000 0.000000 0.000000
17.000000 182.527570 4.937928 -1.962452 1.563009 0.000000 0.000000 0.000000 1.000000 0.000000 0.000000
17.000000 182.530896 4.979839 -1.673520 1.338165 0.000000 0.000000 0.000000 1.000000 0.000000 0.000000
17.000000 182.534027 4.302845 -1.731483 1.557143 0.000000 0.000000 0.000000 1.000000 0.000000 0.000000
17.000000 182.537690 4.776664 -1.923187 1.557382 0.000000 0.000000 0.000000 1.000000 0.000000 0.000000
17.000000 182.538187 4.623278 -1.880335 1.462509 0.000000 0.000000 0.000000 1.000000 0.000000 0.000000
17.000000 182.544111 4.272805 -1.741727 1.574578 0.000000 0.000000 0.000000 1.000000 0.000000 0.000000
17.000000 182.547809 4.717854 -1.932395 1.584847 0.000000 0.000000 0.000000 1.000000 0.000000 0.000000
17.000000 182.548102 4.566475 -1.890268 1.493751 0.000000 0.000000 0.000000 1.000000 0.000000 0.000000
17.000000 182.554080 4.245910 -1.763866 1.600469 0.000000 0.000000 0.000000 1.000000 0.000000 0.000000
17.000000 182.557622 4.799360 -1.975656 1.627547 0.000000 0.000000 0.000000 1.000000 0.000000 0.000000
17.000000 182.561178 4.811480 -1.684364 1.406855 0.000000 0.000000 0.000000 1.000000 0.000000 0.000000
17.000000 182.563873 4.114623 -1.736430 1.628330 0.000000 0.000000 0.000000 1.000000 0.000000 0.000000
17.000000 182.567547 4.545637 -1.925837 1.624025 0.000000 0.000000 0.000000 1.000000 0.000000 0.000000
17.000000 182.571007 4.744101 -1.694799 1.427105 0.000000 0.000000 0.000000 1.000000 0.000000 0.000000
17.000000 182.574137 4.117678 -1.774307 1.637200 0.000000 0.000000 0.000000 1.000000 0.000000 0.000000
17.000000 182.577670 4.742822 -1.985548 1.665997 0.000000 0.000000 0.000000 1.000000 0.000000 0.000000
17.000000 182.578114 4.422614 -1.902188 1.543345 0.000000 0.000000 0.000000 1.000000 0.000000 0.000000
17.000000 182.583987 4.108885 -1.780954 1.654530 0.000000 0.000000 0.000000 1.000000 0.000000 0.000000
17.000000 182.587597 4.747902 -1.996899 1.690346 0.000000 0.000000 0.000000 1.000000 0.000000 0.000000
17.000000 182.590930 4.664680 -1.697202 1.457816 0.000000 0.000000 0.000000 1.000000 0.000000 0.000000
17.000000 182.594102 4.057376 -1.787460 1.674788 0.000000 0.000000 0.000000 1.000000 0.000000 0.000000
17.000000 182.597670 4.739107 -2.008578 1.716096 0.000000 0.000000 0.000000 1.000000 0.000000 0.000000
17.000000 182.598109 4.331334 -1.903742 1.579890 0.000000 0.000000 0.000000 1.000000 0.000000 0.000000
17.000000 182.603997 4.002514 -1.789381 1.689149 0.000000 0.000000 0.000000 1.000000 0.000000 0.000000
17.000000 182.607634 4.665489 -2.008807 1.723261 0.000000 0.000000 0.000000 1.000000 0.000000 0.000000
17.000000 182.608100 4.279247 -1.909669 1.590691 0.000000 0.000000 0.000000 1.000000 0.000000 0.000000
17.000000 182.614041 3.951213 -1.790701 1.696766 0.000000 0.000000 0.000000 1.000000 0.000000 0.000000
17.000000 182.617700 4.625300 -2.008494 1.734784 0.000000 0.000000 0.000000 1.000000 0.000000 0.000000
17.000000 182.618098 4.236960 -1.908559 1.603928 0.000000 0.000000 0.000000 1.000000 0.000000 0.000000
17.000000 182.623943 3.892981 -1.793274 1.715419 0.000000 0.000000 0.000000 1.000000 0.000000 0.000000
17.000000 182.627563 4.629650 -2.016564 1.751365 0.000000 0.000000 0.000000 1.000000 0.000000 0.000000
17.000000 182.628120 4.204704 -1.910499 1.607726 0.000000 0.000000 0.000000 1.000000 0.000000 0.000000
17.000000 182.634120 3.880863 -1.812694 1.726571 0.000000 0.000000 0.000000 1.000000 0.000000 0.000000
17.000000 182.637596 4.654593 -2.043873 1.773227 0.000000 0.000000 0.000000 1.000000 0.000000 0.000000
17.000000 182.638164 4.152787 -1.915584 1.624594 0.000000 0.000000 0.000000 1.000000 0.000000 0.000000
17.000000 182.644053 3.796150 -1.797181 1.734868 0.000000 0.000000 0.000000 1.000000 0.000000 0.000000
17.000000 182.647621 4.523585 -2.011878 1.767812 0.000000 0.000000 0.000000 1.000000 0.000000 0.000000
17.000000 182.650758 4.357574 -1.727119 1.534770 0.000000 0.000000 0.000000 1.000000 0.000000 0.000000
17.000000 182.654170 3.781634 -1.814852 1.740572 0.000000 0.000000 0.000000 1.000000 0.000000 0.000000
17.000000 182.657651 4.619197 -2.042006 1.784283 0.000000 0.000000 0.000000 1.000000 0.000000 0.000000
17.000000 182.658091 4.084828 -1.905311 1.631807 0.000000 0.000000 0.000000 1.000000 0.000000 0.000000
17.000000 182.664081 3.742273 -1.826476 1.756278 0.000000 0.000000 0.000000 1.000000 0.000000 0.000000
17.000000 182.668196 3.770428 -2.040254 1.810005 0.000000 0.000000 0.000000 1.000000 0.000000 0.000000
17.000000 182.674188 3.697266 -1.825409 1.760560 0.000000 0.000000 0.000000 1.000000 0.000000 0.000000
17.000000 182.678121 3.737809 -2.034495 1.810818 0.000000 0.000000 0.000000 1.000000 0.000000 0.000000
17.000000 182.684050 3.609727 -1.830649 1.784082 0.000000 0.000000 0.000000 1.000000 0.000000 0.000000
17.000000 182.688178 3.666075 -2.048241 1.834408 0.000000 0.000000 0.000000 1.000000 0.000000 0.000000
17.000000 182.694115 3.605572 -1.841807 1.775697 0.000000 0.000000 0.000000 1.000000 0.000000 0.000000
17.000000 182.698133 3.621922 -2.055382 1.830085 0.000000 0.000000 0.000000 1.000000 0.000000 0.000000
17.000000 182.703941 3.569065 -1.846780 1.778524 0.000000 0.000000 0.000000 1.000000 0.000000 0.000000
17.000000 182.708165 3.571751 -2.062763 1.833559 0.000000 0.000000 0.000000 1.000000 0.000000 0.000000
17.000000 182.714036 3.521371 -1.848434 1.779809 0.000000 0.000000 0.000000 1.000000 0.000000 0.000000
17.000000 182.718178 3.539403 -2.061186 1.833495 0.000000 0.000000 0.000000 1.000000 0.000000 0.000000
17.000000 182.723975 3.478278 -1.853007 1.783170 0.000000 0.000000 0.000000 1.000000 0.000000 0.000000
17.000000 182.728180 3.487461 -2.067322 1.834151 0.000000 0.000000 0.000000 1.000000 0.000000 0.000000
17.000000 182.734008 3.420388 -1.862113 1.786802 0.000000 0.000000 0.000000 1.000000 0.000000 0.000000
17.000000 182.738158 3.429269 -2.075012 1.840859 0.000000 0.000000 0.000000 1.000000 0.000000 0.000000
17.000000 182.744002 3.392237 -1.867760 1.782833 0.000000 0.000000 0.000000 1.000000 0.000000 0.000000
17.000000 182.748188 3.383315 -2.082316 1.838828 0.000000 0.000000 0.000000 1.000000 0.000000 0.000000
17.000000 182.754107 3.348169 -1.871271 1.782060 0.000000 0.000000 0.000000 1.000000 0.000000 0.000000
17.000000 182.758180 3.343535 -2.084025 1.837313 0.000000 0.000000 0.000000 1.000000 0.000000 0.000000
17.000000 182.764006 3.311832 -1.876639 1.780014 0.000000 0.000000 0.000000 1.000000 0.000000 0.000000
17.000000 182.771018 3.771693 -1.780477 1.570833 0.000000 0.000000 0.000000 1.000000 0.000000 0.000000
17.000000 182.774083 3.224344 -1.880010 1.793544 0.000000 0.000000 0.000000 1.000000 0.000000 0.000000
17.000000 182.778195 3.234521 -2.102933 1.843644 0.000000 0.000000 0.000000 1.000000 0.000000 0.000000
17.000000 182.784099 3.213957 -1.897017 1.778829 0.000000 0.000000 0.000000 1.000000 0.000000 0.000000
17.000000 182.788244 3.175263 -2.115244 1.838093 0.000000 0.000000 0.000000 1.000000 0.000000 0.000000
17.000000 182.794090 3.120907 -1.880095 1.779043 0.000000 0.000000 0.000000 1.000000 0.000000 0.000000
17.000000 182.798204 3.156953 -2.096988 1.829073 0.000000 0.000000 0.000000 1.000000 0.000000 0.000000
17.000000 182.804016 3.133914 -1.905855 1.772317 0.000000 0.000000 0.000000 1.000000 0.000000 0.000000
17.000000 182.808191 3.072889 -2.132660 1.831945 0.000000 0.000000 0.000000 1.000000 0.000000 0.000000
17.000000 182.814138 3.086248 -1.912882 1.766907 0.000000 0.000000 0.000000 1.000000 0.000000 0.000000
17.000000 182.818217 3.024677 -2.136025 1.825100 0.000000 0.000000 0.000000 1.000000 0.000000 0.000000
17.000000 182.824004 3.043600 -1.915944 1.759274 0.000000 0.000000 0.000000 1.000000 0.000000 0.000000
17.000000 182.828199 2.978871 -2.140619 1.816624 0.000000 0.000000 0.000000 1.000000 0.000000 0.000000
17.000000 182.834118 3.027408 -1.922176 1.741999 0.000000 0.000000 0.000000 1.000000 0.000000 0.000000
17.000000 182.838187 2.940848 -2.142132 1.800065 0.000000 0.000000 0.000000 1.000000 0.000000 0.000000
17.000000 182.844058 2.966963 -1.924787 1.732345 0.000000 0.000000 0.000000 1.000000 0.000000 0.000000
17.000000 182.848284 2.894940 -2.147765 1.792502 0.000000 0.000000 0.000000 1.000000 0.000000 0.000000
17.000000 182.854168 2.920514 -1.929303 1.726427 0.000000 0.000000 0.000000 1.000000 0.000000 0.000000
17.000000 182.858329 2.842544 -2.151852 1.784783 0.000000 0.000000 0.000000 1.000000 0.000000 0.000000
17.000000 182.864204 2.883272 -1.938317 1.715222 0.000000 0.000000 0.000000 1.000000 0.000000 0.000000
17.000000 182.868253 2.789093 -2.162352 1.775196 0.000000 0.000000 0.000000 1.000000 0.000000 0.000000
17.000000 182.874275 2.825883 -1.946283 1.702501 0.000000 0.000000 0.000000 1.000000 0.000000 0.000000
17.000000 182.878186 2.736320 -2.173271 1.762796 0.000000 0.000000 0.000000 1.000000 0.000000 0.000000
17.000000 182.884087 2.793650 -1.949240 1.691456 0.000000 0.000000 0.000000 1.000000 0.000000 0.000000
17.000000 182.888233 2.696022 -2.177137 1.750713 0.000000 0.000000 0.000000 1.000000 0.000000 0.000000
17.000000 182.894094 2.767495 -1.951435 1.670897 0.000000 0.000000 0.000000 1.000000 0.000000 0.000000
17.000000 182.898203 2.655872 -2.176158 1.731156 0.000000 0.000000 0.000000 1.000000 0.000000 0.000000
17.000000 182.904115 2.737859 -1.961225 1.644919 0.000000 0.000000 0.000000 1.000000 0.000000 0.000000
17.000000 182.908323 2.612914 -2.181133 1.708195 0.000000 0.000000 0.000000 1.000000 0.000000 0.000000
17.000000 182.914126 2.689710 -1.969049 1.640080 0.000000 0.000000 0.000000 1.000000 0.000000 0.000000
17.000000 182.918277 2.550516 -2.195763 1.701406 0.000000 0.000000 0.000000 1.000000 0.000000 0.000000
17.000000 182.924062 2.648603 -1.969899 1.620077 0.000000 0.000000 0.000000 1.000000 0.000000 0.000000
17.000000 182.930911 3.012867 -1.848179 1.383593 0.000000 0.000000 0.000000 1.000000 0.000000 0.000000
17.000000 182.934115 2.568202 -1.971171 1.605274 0.000000 0.000000 0.000000 1.000000 0.000000 0.000000
17.000000 182.938318 2.468591 -2.197608 1.664566 0.000000 0.000000 0.000000 1.000000 0.000000 0.000000
17.000000 182.944121 2.560765 -1.981864 1.580156 0.000000 0.000000 0.000000 1.000000 0.000000 0.000000
17.000000 182.950918 2.917883 -1.852517 1.345636 0.000000 0.000000 0.000000 1.000000 0.000000 0.000000
17.000000 182.954195 2.516425 -1.991056 1.565808 0.000000 0.000000 0.000000 1.000000 0.000000 0.000000
17.000000 182.958275 2.357251 -2.222019 1.627871 0.000000 0.000000 0.000000 1.000000 0.000000 0.000000
17.000000 182.964272 2.464879 -1.984704 1.541756 0.000000 0.000000 0.000000 1.000000 0.000000 0.000000
17.000000 182.970999 2.827994 -1.858254 1.298612 0.000000 0.000000 0.000000 1.000000 0.000000 0.000000
17.000000 182.974359 2.693253 -2.068215 1.450043 0.000000 0.000000 0.000000 1.000000 0.000000 0.000000
17.000000 182.981110 2.778034 -1.864757 1.274975 0.000000 0.000000 0.000000 1.000000 0.000000 0.000000
17.000000 182.984104 2.400780 -2.004633 1.491515 0.000000 0.000000 0.000000 1.000000 0.000000 0.000000
17.000000 182.988301 2.231701 -2.231368 1.552802 0.000000 0.000000 0.000000 1.000000 0.000000 0.000000
17.000000 182.994392 2.400127 -2.026756 1.462538 0.000000 0.000000 0.000000 1.000000 0.000000 0.000000
17.000000 182.998329 2.165770 -2.258111 1.530828 0.000000 0.000000 0.000000 1.000000 0.000000 0.000000
17.000000 183.004174 2.309545 -1.998419 1.432353 0.000000 0.000000 0.000000 1.000000 0.000000 0.000000
17.000000 183.008293 2.169471 -2.216686 1.487068 0.000000 0.000000 0.000000 1.000000 0.000000 0.000000
17.000000 183.014179 2.278475 -2.015743 1.409989 0.000000 0.000000 0.000000 1.000000 0.000000 0.000000
17.000000 183.018314 2.105462 -2.241128 1.468618 0.000000 0.000000 0.000000 1.000000 0.000000 0.000000
17.000000 183.024158 2.254764 -2.022391 1.381234 0.000000 0.000000 0.000000 1.000000 0.000000 0.000000
17.000000 183.030973 2.565559 -1.883039 1.127981 0.000000 0.000000 0.000000 1.000000 0.000000 0.000000
17.000000 183.034236 2.206963 -2.026760 1.350872 0.000000 0.000000 0.000000 1.000000 0.000000 0.000000
17.000000 183.038368 2.013371 -2.251428 1.412275 0.000000 0.000000 0.000000 1.000000 0.000000 0.000000
17.000000 183.048343 2.469457 -1.884146 1.096975 0.000000 0.000000 0.000000 1.000000 0.000000 0.000000
17.000000 183.054275 2.178304 -2.063645 1.293620 0.000000 0.000000 0.000000 1.000000 0.000000 0.000000
17.000000 183.061107 2.413980 -1.895663 1.049143 0.000000 0.000000 0.000000 1.000000 0.000000 0.000000
17.000000 183.064143 2.123975 -2.065125 1.262632 0.000000 0.000000 0.000000 1.000000 0.000000 0.000000
17.000000 183.070988 2.366936 -1.896483 1.015774 0.000000 0.000000 0.000000 1.000000 0.000000 0.000000
17.000000 183.074265 2.091140 -2.069372 1.223276 0.000000 0.000000 0.000000 1.000000 0.000000 0.000000
17.000000 183.078420 1.810205 -2.298072 1.290378 0.000000 0.000000 0.000000 1.000000 0.000000 0.000000
17.000000 183.084243 2.000942 -2.052992 1.203164 0.000000 0.000000 0.000000 1.000000 0.000000 0.000000
17.000000 183.088312 1.779579 -2.285150 1.260307 0.000000 0.000000 0.000000 1.000000 0.000000 0.000000
17.000000 183.094240 2.002114 -2.077682 1.163648 0.000000 0.000000 0.000000 1.000000 0.000000 0.000000
17.000000 183.101429 2.236971 -1.904203 0.907150 0.000000 0.000000 0.000000 1.000000 0.000000 0.000000
17.000000 183.104282 1.950952 -2.070042 1.121360 0.000000 0.000000 0.000000 1.000000 0.000000 0.000000
17.000000 183.111122 2.195558 -1.905364 0.872095 0.000000 0.000000 0.000000 1.000000 0.000000 0.000000
17.000000 183.114347 1.907785 -2.071553 1.088562 0.000000 0.000000 0.000000 1.000000 0.000000 0.000000
17.000000 183.118368 1.651781 -2.299926 1.147563 0.000000 0.000000 0.000000 1.000000 0.000000 0.000000
17.000000 183.124258 1.935330 -2.084776 1.050396 0.000000 0.000000 0.000000 1.000000 0.000000 0.000000
17.000000 183.134271 1.606531 -2.323735 1.084845 0.000000 0.000000 0.000000 1.000000 0.000000 0.000000
17.000000 183.138392 1.550768 -2.329107 1.070039 0.000000 0.000000 0.000000 1.000000 0.000000 0.000000
17.000000 183.154313 1.527732 -2.331577 1.008430 0.000000 0.000000 0.000000 1.000000 0.000000 0.000000
17.000000 183.158419 1.462005 -2.339760 0.988593 0.000000 0.000000 0.000000 1.000000 0.000000 0.000000
17.000000 183.174279 1.441499 -2.340668 0.922044 0.000000 0.000000 0.000000 1.000000 0.000000 0.000000
17.000000 183.178426 1.379209 -2.350419 0.900701 0.000000 0.000000 0.000000 1.000000 0.000000 0.000000
17.000000 183.184251 1.391814 -2.352247 0.881298 0.000000 0.000000 0.000000 1.000000 0.000000 0.000000
