25.000000 242.709675 25.229301 -0.223323 0.286496 0.000000 0.000000 0.000000 1.000000 0.000000 0.000000
25.000000 242.714085 25.045512 -0.220560 0.352645 0.000000 0.000000 0.000000 1.000000 0.000000 0.000000
25.000000 242.729771 24.966467 -0.229635 0.464644 0.000000 0.000000 0.000000 1.000000 0.000000 0.000000
25.000000 242.739516 24.801315 -0.238553 0.555477 0.000000 0.000000 0.000000 1.000000 0.000000 0.000000
25.000000 242.749690 24.703109 -0.198517 0.649052 0.000000 0.000000 0.000000 1.000000 0.000000 0.000000
25.000000 242.759567 24.486888 -0.200793 0.753221 0.000000 0.000000 0.000000 1.000000 0.000000 0.000000
25.000000 242.769640 24.219557 -0.197306 0.853880 0.000000 0.000000 0.000000 1.000000 0.000000 0.000000
25.000000 242.779623 24.113715 -0.193217 0.923045 0.000000 0.000000 0.000000 1.000000 0.000000 0.000000
25.000000 242.789620 23.934096 -0.190309 1.023274 0.000000 0.000000 0.000000 1.000000 0.000000 0.000000
25.000000 242.794038 22.953305 -0.316384 1.133164 0.000000 0.000000 0.000000 1.000000 0.000000 0.000000
25.000000 242.799706 23.887333 -0.153132 1.078620 0.000000 0.000000 0.000000 1.000000 0.000000 0.000000
25.000000 242.804124 22.834851 -0.306839 1.197305 0.000000 0.000000 0.000000 1.000000 0.000000 0.000000
25.000000 242.809760 23.749724 -0.146386 1.151702 0.000000 0.000000 0.000000 1.000000 0.000000 0.000000
25.000000 242.814095 22.735715 -0.290110 1.285772 0.000000 0.000000 0.000000 1.000000 0.000000 0.000000
25.000000 242.819744 23.595793 -0.132850 1.249890 0.000000 0.000000 0.000000 1.000000 0.000000 0.000000
25.000000 242.824146 22.616628 -0.276826 1.353199 0.000000 0.000000 0.000000 1.000000 0.000000 0.000000
25.000000 242.829855 23.440251 -0.120698 1.325858 0.000000 0.000000 0.000000 1.000000 0.000000 0.000000
25.000000 242.834135 22.507972 -0.263511 1.421369 0.000000 0.000000 0.000000 1.000000 0.000000 0.000000
25.000000 242.839540 23.239865 -0.128432 1.413126 0.000000 0.000000 0.000000 1.000000 0.000000 0.000000
25.000000 242.844128 22.397099 -0.252797 1.491125 0.000000 0.000000 0.000000 1.000000 0.000000 0.000000
25.000000 242.849749 23.212638 -0.089311 1.474596 0.000000 0.000000 0.000000 1.000000 0.000000 0.000000
25.000000 242.854203 22.277603 -0.239649 1.554855 0.000000 0.000000 0.000000 1.000000 0.000000 0.000000
25.000000 242.859703 23.073652 -0.077380 1.539931 0.000000 0.000000 0.000000 1.000000 0.000000 0.000000
25.000000 242.864207 22.167217 -0.227770 1.622303 0.000000 0.000000 0.000000 1.000000 0.000000 0.000000
25.000000 242.869687 22.918461 -0.075303 1.609338 0.000000 0.000000 0.000000 1.000000 0.000000 0.000000
25.000000 242.874346 22.056512 -0.220840 1.684773 0.000000 0.000000 0.000000 1.000000 0.000000 0.000000
25.000000 242.879528 22.774452 -0.072242 1.676912 0.000000 0.000000 0.000000 1.000000 0.000000 0.000000
25.000000 242.884029 21.950852 -0.203369 1.757635 0.000000 0.000000 0.000000 1.000000 0.000000 0.000000
25.000000 242.894027 21.825245 -0.194809 1.812096 0.000000 0.000000 0.000000 1.000000 0.000000 0.000000
25.000000 242.904082 21.719898 -0.180655 1.876008 0.000000 0.000000 0.000000 1.000000 0.000000 0.000000
25.000000 242.914083 21.605173 -0.163635 1.935582 0.000000 0.000000 0.000000 1.000000 0.000000 0.000000
25.000000 242.924020 21.487543 -0.156225 1.995416 0.000000 0.000000 0.000000 1.000000 0.000000 0.000000
25.000000 242.934099 21.376445 -0.145445 2.050647 0.000000 0.000000 0.000000 1.000000 0.000000 0.000000
25.000000 242.944020 21.270553 -0.129737 2.111391 0.000000 0.000000 0.000000 1.000000 0.000000 0.000000
25.000000 242.954026 21.148748 -0.121398 2.166755 0.000000 0.000000 0.000000 1.000000 0.000000 0.000000
25.000000 242.964001 21.020084 -0.110601 2.226043 0.000000 0.000000 0.000000 1.000000 0.000000 0.000000
25.000000 242.974010 20.921775 -0.098185 2.271151 0.000000 0.000000 0.000000 1.000000 0.000000 0.000000
25.000000 242.984258 20.799928 -0.084074 2.325264 0.000000 0.000000 0.000000 1.000000 0.000000 0.000000
25.000000 242.986679 20.375683 -0.251658 2.332106 0.000000 0.000000 0.000000 1.000000 0.000000 0.000000
25.000000 242.994158 20.684108 -0.075489 2.378106 0.000000 0.000000 0.000000 1.000000 0.000000 0.000000
25.000000 242.996529 20.258645 -0.241773 2.385425 0.000000 0.000000 0.000000 1.000000 0.000000 0.000000
25.000000 243.004033 20.608350 -0.071165 2.434168 0.000000 0.000000 0.000000 1.000000 0.000000 0.000000
25.000000 243.006661 20.157189 -0.247021 2.442052 0.000000 0.000000 0.000000 1.000000 0.000000 0.000000
25.000000 243.014050 20.449534 -0.052931 2.480869 0.000000 0.000000 0.000000 1.000000 0.000000 0.000000
25.000000 243.016606 20.019850 -0.218854 2.491790 0.000000 0.000000 0.000000 1.000000 0.000000 0.000000
25.000000 243.024076 20.349828 -0.038771 2.528072 0.000000 0.000000 0.000000 1.000000 0.000000 0.000000
25.000000 243.026720 19.894395 -0.213398 2.538768 0.000000 0.000000 0.000000 1.000000 0.000000 0.000000
25.000000 243.034006 20.229187 -0.031127 2.578368 0.000000 0.000000 0.000000 1.000000 0.000000 0.000000
25.000000 243.036710 19.774672 -0.204106 2.590571 0.000000 0.000000 0.000000 1.000000 0.000000 0.000000
25.000000 243.044024 20.109860 -0.021327 2.615378 0.000000 0.000000 0.000000 1.000000 0.000000 0.000000
25.000000 243.046872 19.670650 -0.186212 2.634512 0.000000 0.000000 0.000000 1.000000 0.000000 0.000000
25.000000 243.054128 20.026456 -0.014675 2.669031 0.000000 0.000000 0.000000 1.000000 0.000000 0.000000
25.000000 243.056727 19.551154 -0.194861 2.680685 0.000000 0.000000 0.000000 1.000000 0.000000 0.000000
25.000000 243.064078 19.871388 0.003338 2.710434 0.000000 0.000000 0.000000 1.000000 0.000000 0.000000
25.000000 243.066662 19.415531 -0.168225 2.725543 0.000000 0.000000 0.000000 1.000000 0.000000 0.000000
25.000000 243.074012 19.766011 0.014208 2.746150 0.000000 0.000000 0.000000 1.000000 0.000000 0.000000
25.000000 243.076663 19.294347 -0.162434 2.766131 0.000000 0.000000 0.000000 1.000000 0.000000 0.000000
25.000000 243.084060 19.638610 0.022795 2.790024 0.000000 0.000000 0.000000 1.000000 0.000000 0.000000
25.000000 243.086872 19.173996 -0.149607 2.811475 0.000000 0.000000 0.000000 1.000000 0.000000 0.000000
25.000000 243.094046 19.533561 0.036321 2.834686 0.000000 0.000000 0.000000 1.000000 0.000000 0.000000
25.000000 243.096608 19.058438 -0.141381 2.850810 0.000000 0.000000 0.000000 1.000000 0.000000 0.000000
25.000000 243.104125 19.402702 0.038302 2.856443 0.000000 0.000000 0.000000 1.000000 0.000000 0.000000
25.000000 243.106740 18.945093 -0.136516 2.875847 0.000000 0.000000 0.000000 1.000000 0.000000 0.000000
25.000000 243.114033 19.296655 0.060997 2.914721 0.000000 0.000000 0.000000 1.000000 0.000000 0.000000
25.000000 243.116679 18.808642 -0.121757 2.933167 0.000000 0.000000 0.000000 1.000000 0.000000 0.000000
25.000000 243.124073 19.172046 0.065290 2.951807 0.000000 0.000000 0.000000 1.000000 0.000000 0.000000
25.000000 243.126733 18.699981 -0.111423 2.970345 0.000000 0.000000 0.000000 1.000000 0.000000 0.000000
25.000000 243.134092 19.056990 0.079218 2.988291 0.000000 0.000000 0.000000 1.000000 0.000000 0.000000
25.000000 243.136663 18.576830 -0.100535 3.005759 0.000000 0.000000 0.000000 1.000000 0.000000 0.000000
25.000000 243.144110 18.949425 0.090466 3.019937 0.000000 0.000000 0.000000 1.000000 0.000000 0.000000
25.000000 243.146698 18.470783 -0.087887 3.041050 0.000000 0.000000 0.000000 1.000000 0.000000 0.000000
25.000000 243.154073 18.813389 0.097752 3.056963 0.000000 0.000000 0.000000 1.000000 0.000000 0.000000
25.000000 243.156765 18.344523 -0.076643 3.082449 0.000000 0.000000 0.000000 1.000000 0.000000 0.000000
25.000000 243.164057 18.704709 0.107230 3.093781 0.000000 0.000000 0.000000 1.000000 0.000000 0.000000
25.000000 243.166908 18.228680 -0.071829 3.115459 0.000000 0.000000 0.000000 1.000000 0.000000 0.000000
25.000000 243.174148 18.585514 0.121074 3.124982 0.000000 0.000000 0.000000 1.000000 0.000000 0.000000
25.000000 243.176760 18.108877 -0.058154 3.149473 0.000000 0.000000 0.000000 1.000000 0.000000 0.000000
25.000000 243.184053 18.479393 0.125680 3.157787 0.000000 0.000000 0.000000 1.000000 0.000000 0.000000
25.000000 243.186819 17.995340 -0.055169 3.185428 0.000000 0.000000 0.000000 1.000000 0.000000 0.000000
25.000000 243.194122 18.362565 0.139675 3.196313 0.000000 0.000000 0.000000 1.000000 0.000000 0.000000
25.000000 243.196679 17.878234 -0.044700 3.212534 0.000000 0.000000 0.000000 1.000000 0.000000 0.000000
25.000000 243.206840 17.768337 -0.036224 3.239086 0.000000 0.000000 0.000000 1.000000 0.000000 0.000000
25.000000 243.214099 18.134870 0.161192 3.249486 0.000000 0.000000 0.000000 1.000000 0.000000 0.000000
25.000000 243.216795 17.650848 -0.025646 3.260103 0.000000 0.000000 0.000000 1.000000 0.000000 0.000000
25.000000 243.224479 18.011209 0.166651 3.276352 0.000000 0.000000 0.000000 1.000000 0.000000 0.000000
25.000000 243.226776 17.537171 -0.016668 3.290126 0.000000 0.000000 0.000000 1.000000 0.000000 0.000000
25.000000 243.234319 17.896674 0.182099 3.310547 0.000000 0.000000 0.000000 1.000000 0.000000 0.000000
25.000000 243.236757 17.411608 -0.007189 3.318856 0.000000 0.000000 0.000000 1.000000 0.000000 0.000000
25.000000 243.244169 17.760335 0.182510 3.333984 0.000000 0.000000 0.000000 1.000000 0.000000 0.000000
25.000000 243.246870 17.309292 0.004964 3.339126 0.000000 0.000000 0.000000 1.000000 0.000000 0.000000
25.000000 243.254127 17.654827 0.187323 3.358898 0.000000 0.000000 0.000000 1.000000 0.000000 0.000000
25.000000 243.256772 17.192078 0.003338 3.353379 0.000000 0.000000 0.000000 1.000000 0.000000 0.000000
25.000000 243.264092 17.526237 0.198624 3.382772 0.000000 0.000000 0.000000 1.000000 0.000000 0.000000
25.000000 243.274165 17.415013 0.209543 3.401292 0.000000 0.000000 0.000000 1.000000 0.000000 0.000000
25.000000 243.284187 17.329639 0.224395 3.426617 0.000000 0.000000 0.000000 1.000000 0.000000 0.000000
25.000000 243.294326 17.203140 0.232604 3.448451 0.000000 0.000000 0.000000 1.000000 0.000000 0.000000
25.000000 243.304329 17.103870 0.223927 3.460420 0.000000 0.000000 0.000000 1.000000 0.000000 0.000000
25.000000 243.314377 16.958298 0.255736 3.474895 0.000000 0.000000 0.000000 1.000000 0.000000 0.000000
25.000000 243.324342 16.833313 0.268070 3.490660 0.000000 0.000000 0.000000 1.000000 0.000000 0.000000
25.000000 243.334392 16.727909 0.277091 3.513489 0.000000 0.000000 0.000000 1.000000 0.000000 0.000000
25.000000 243.339782 16.905120 0.340733 3.527718 0.000000 0.000000 0.000000 1.000000 0.000000 0.000000
25.000000 243.344424 16.623351 0.281998 3.521771 0.000000 0.000000 0.000000 1.000000 0.000000 0.000000
25.000000 243.354184 16.447500 0.289354 3.524039 0.000000 0.000000 0.000000 1.000000 0.000000 0.000000
25.000000 243.364211 16.344272 0.287466 3.549378 0.000000 0.000000 0.000000 1.000000 0.000000 0.000000
25.000000 243.384372 16.117744 0.305939 3.572228 0.000000 0.000000 0.000000 1.000000 0.000000 0.000000
25.000000 243.394387 16.016496 0.316014 3.591532 0.000000 0.000000 0.000000 1.000000 0.000000 0.000000
25.000000 243.404363 15.924703 0.333033 3.595881 0.000000 0.000000 0.000000 1.000000 0.000000 0.000000
25.000000 243.414348 15.825371 0.337697 3.602624 0.000000 0.000000 0.000000 1.000000 0.000000 0.000000
25.000000 243.424468 15.714399 0.349601 3.600529 0.000000 0.000000 0.000000 1.000000 0.000000 0.000000
25.000000 243.434481 15.590123 0.344046 3.620581 0.000000 0.000000 0.000000 1.000000 0.000000 0.000000
25.000000 243.454375 15.410582 0.368579 3.637488 0.000000 0.000000 0.000000 1.000000 0.000000 0.000000
25.000000 243.464441 15.256489 0.373916 3.635087 0.000000 0.000000 0.000000 1.000000 0.000000 0.000000
25.000000 243.474220 15.105645 0.378859 3.627548 0.000000 0.000000 0.000000 1.000000 0.000000 0.000000
25.000000 243.484233 15.000850 0.385533 3.634139 0.000000 0.000000 0.000000 1.000000 0.000000 0.000000
25.000000 243.494219 14.919810 0.403846 3.633297 0.000000 0.000000 0.000000 1.000000 0.000000 0.000000
25.000000 243.504214 14.789998 0.410425 3.638902 0.000000 0.000000 0.000000 1.000000 0.000000 0.000000
25.000000 243.514191 14.678433 0.421135 3.636233 0.000000 0.000000 0.000000 1.000000 0.000000 0.000000
25.000000 243.524257 14.561592 0.424340 3.635469 0.000000 0.000000 0.000000 1.000000 0.000000 0.000000
25.000000 243.534309 14.453530 0.430725 3.628707 0.000000 0.000000 0.000000 1.000000 0.000000 0.000000
25.000000 243.544269 14.321600 0.436971 3.630397 0.000000 0.000000 0.000000 1.000000 0.000000 0.000000
25.000000 243.554253 14.216647 0.442787 3.621582 0.000000 0.000000 0.000000 1.000000 0.000000 0.000000
25.000000 243.564267 14.101728 0.448614 3.615234 0.000000 0.000000 0.000000 1.000000 0.000000 0.000000
25.000000 243.574237 13.993001 0.458367 3.605312 0.000000 0.000000 0.000000 1.000000 0.000000 0.000000
25.000000 243.584317 13.900608 0.478846 3.600620 0.000000 0.000000 0.000000 1.000000 0.000000 0.000000
25.000000 243.594284 13.745908 0.473148 3.589263 0.000000 0.000000 0.000000 1.000000 0.000000 0.000000
25.000000 243.604299 13.678761 0.493772 3.576200 0.000000 0.000000 0.000000 1.000000 0.000000 0.000000
25.000000 243.607164 13.312221 0.312101 3.546254 0.000000 0.000000 0.000000 1.000000 0.000000 0.000000
25.000000 243.614270 13.542718 0.493963 3.559793 0.000000 0.000000 0.000000 1.000000 0.000000 0.000000
25.000000 243.616845 13.192503 0.320709 3.540788 0.000000 0.000000 0.000000 1.000000 0.000000 0.000000
25.000000 243.624316 13.435402 0.493371 3.554330 0.000000 0.000000 0.000000 1.000000 0.000000 0.000000
25.000000 243.626965 13.094333 0.322729 3.531362 0.000000 0.000000 0.000000 1.000000 0.000000 0.000000
25.000000 243.634313 13.351682 0.509891 3.544144 0.000000 0.000000 0.000000 1.000000 0.000000 0.000000
25.000000 243.636959 12.998099 0.331696 3.519480 0.000000 0.000000 0.000000 1.000000 0.000000 0.000000
25.000000 243.644343 13.191872 0.507678 3.524145 0.000000 0.000000 0.000000 1.000000 0.000000 0.000000
25.000000 243.647007 12.892339 0.354897 3.502845 0.000000 0.000000 0.000000 1.000000 0.000000 0.000000
25.000000 243.654280 13.123942 0.525633 3.505580 0.000000 0.000000 0.000000 1.000000 0.000000 0.000000
25.000000 243.656891 12.789123 0.354116 3.481655 0.000000 0.000000 0.000000 1.000000 0.000000 0.000000
25.000000 243.664320 12.983659 0.519458 3.490936 0.000000 0.000000 0.000000 1.000000 0.000000 0.000000
25.000000 243.666908 12.675639 0.360422 3.469814 0.000000 0.000000 0.000000 1.000000 0.000000 0.000000
25.000000 243.674385 12.879820 0.532573 3.470216 0.000000 0.000000 0.000000 1.000000 0.000000 0.000000
25.000000 243.676899 12.568314 0.371953 3.456873 0.000000 0.000000 0.000000 1.000000 0.000000 0.000000
25.000000 243.684303 12.783392 0.542865 3.447819 0.000000 0.000000 0.000000 1.000000 0.000000 0.000000
25.000000 243.687012 12.467539 0.379622 3.437019 0.000000 0.000000 0.000000 1.000000 0.000000 0.000000
25.000000 243.694321 12.675778 0.546361 3.433145 0.000000 0.000000 0.000000 1.000000 0.000000 0.000000
25.000000 243.696828 12.366647 0.383988 3.415821 0.000000 0.000000 0.000000 1.000000 0.000000 0.000000
25.000000 243.704333 12.558528 0.551972 3.410695 0.000000 0.000000 0.000000 1.000000 0.000000 0.000000
25.000000 243.706901 12.254791 0.391708 3.395590 0.000000 0.000000 0.000000 1.000000 0.000000 0.000000
25.000000 243.714295 12.435134 0.557855 3.389723 0.000000 0.000000 0.000000 1.000000 0.000000 0.000000
25.000000 243.716936 12.151126 0.405502 3.370873 0.000000 0.000000 0.000000 1.000000 0.000000 0.000000
25.000000 243.724368 12.326221 0.559993 3.371293 0.000000 0.000000 0.000000 1.000000 0.000000 0.000000
25.000000 243.727113 12.043958 0.406730 3.348433 0.000000 0.000000 0.000000 1.000000 0.000000 0.000000
25.000000 243.734313 12.228759 0.574404 3.339723 0.000000 0.000000 0.000000 1.000000 0.000000 0.000000
25.000000 243.736886 11.943101 0.418746 3.320929 0.000000 0.000000 0.000000 1.000000 0.000000 0.000000
25.000000 243.744333 12.132146 0.577651 3.315859 0.000000 0.000000 0.000000 1.000000 0.000000 0.000000
25.000000 243.747038 11.849954 0.422647 3.295846 0.000000 0.000000 0.000000 1.000000 0.000000 0.000000
25.000000 243.754352 12.018052 0.587202 3.287748 0.000000 0.000000 0.000000 1.000000 0.000000 0.000000
25.000000 243.756962 11.742881 0.435218 3.270843 0.000000 0.000000 0.000000 1.000000 0.000000 0.000000
25.000000 243.764366 11.947646 0.595412 3.261336 0.000000 0.000000 0.000000 1.000000 0.000000 0.000000
25.000000 243.766995 11.647577 0.428434 3.241744 0.000000 0.000000 0.000000 1.000000 0.000000 0.000000
25.000000 243.774515 11.769098 0.591129 3.241773 0.000000 0.000000 0.000000 1.000000 0.000000 0.000000
25.000000 243.776880 11.526559 0.451915 3.214451 0.000000 0.000000 0.000000 1.000000 0.000000 0.000000
25.000000 243.784651 11.707668 0.614197 3.209986 0.000000 0.000000 0.000000 1.000000 0.000000 0.000000
25.000000 243.787047 11.432582 0.456579 3.184312 0.000000 0.000000 0.000000 1.000000 0.000000 0.000000
25.000000 243.794560 11.605892 0.619149 3.181238 0.000000 0.000000 0.000000 1.000000 0.000000 0.000000
25.000000 243.797069 11.329524 0.458607 3.151062 0.000000 0.000000 0.000000 1.000000 0.000000 0.000000
25.000000 243.804599 11.537090 0.616833 3.149222 0.000000 0.000000 0.000000 1.000000 0.000000 0.000000
25.000000 243.807164 11.253080 0.452066 3.123389 0.000000 0.000000 0.000000 1.000000 0.000000 0.000000
25.000000 243.814428 11.385498 0.627253 3.121801 0.000000 0.000000 0.000000 1.000000 0.000000 0.000000
25.000000 243.816899 11.134707 0.477771 3.090915 0.000000 0.000000 0.000000 1.000000 0.000000 0.000000
25.000000 243.824422 11.258668 0.621012 3.083800 0.000000 0.000000 0.000000 1.000000 0.000000 0.000000
25.000000 243.826981 11.029931 0.484017 3.057978 0.000000 0.000000 0.000000 1.000000 0.000000 0.000000
25.000000 243.834422 11.168377 0.634920 3.046115 0.000000 0.000000 0.000000 1.000000 0.000000 0.000000
25.000000 243.836864 10.925273 0.489149 3.022141 0.000000 0.000000 0.000000 1.000000 0.000000 0.000000
25.000000 243.844593 11.044560 0.624631 3.019840 0.000000 0.000000 0.000000 1.000000 0.000000 0.000000
25.000000 243.847085 10.830348 0.492587 2.988860 0.000000 0.000000 0.000000 1.000000 0.000000 0.000000
25.000000 243.854578 10.963323 0.648191 2.976295 0.000000 0.000000 0.000000 1.000000 0.000000 0.000000
25.000000 243.857021 10.719528 0.499487 2.951999 0.000000 0.000000 0.000000 1.000000 0.000000 0.000000
25.000000 243.864470 10.871748 0.653393 2.948217 0.000000 0.000000 0.000000 1.000000 0.000000 0.000000
25.000000 243.867054 10.634526 0.504893 2.914725 0.000000 0.000000 0.000000 1.000000 0.000000 0.000000
25.000000 243.874499 10.737004 0.650776 2.905925 0.000000 0.000000 0.000000 1.000000 0.000000 0.000000
25.000000 243.876865 10.529330 0.518873 2.875272 0.000000 0.000000 0.000000 1.000000 0.000000 0.000000
25.000000 243.884665 10.631026 0.653994 2.869017 0.000000 0.000000 0.000000 1.000000 0.000000 0.000000
25.000000 243.886997 10.427836 0.523191 2.836703 0.000000 0.000000 0.000000 1.000000 0.000000 0.000000
25.000000 243.894460 10.528075 0.659238 2.828495 0.000000 0.000000 0.000000 1.000000 0.000000 0.000000
25.000000 243.897017 10.334278 0.532005 2.792094 0.000000 0.000000 0.000000 1.000000 0.000000 0.000000
25.000000 243.904444 10.419917 0.663310 2.789688 0.000000 0.000000 0.000000 1.000000 0.000000 0.000000
25.000000 243.907047 10.223045 0.534049 2.758368 0.000000 0.000000 0.000000 1.000000 0.000000 0.000000
25.000000 243.914532 10.318490 0.674432 2.747199 0.000000 0.000000 0.000000 1.000000 0.000000 0.000000
25.000000 243.917043 10.134305 0.550332 2.713204 0.000000 0.000000 0.000000 1.000000 0.000000 0.000000
25.000000 243.924406 10.210088 0.672720 2.699212 0.000000 0.000000 0.000000 1.000000 0.000000 0.000000
25.000000 243.927015 10.030881 0.550547 2.665332 0.000000 0.000000 0.000000 1.000000 0.000000 0.000000
25.000000 243.934427 10.109119 0.677609 2.655477 0.000000 0.000000 0.000000 1.000000 0.000000 0.000000
25.000000 243.936995 9.933811 0.556360 2.621862 0.000000 0.000000 0.000000 1.000000 0.000000 0.000000
25.000000 243.944444 10.009759 0.697179 2.612110 0.000000 0.000000 0.000000 1.000000 0.000000 0.000000
25.000000 243.947122 9.826136 0.568848 2.576583 0.000000 0.000000 0.000000 1.000000 0.000000 0.000000
25.000000 243.954428 9.903255 0.698335 2.567880 0.000000 0.000000 0.000000 1.000000 0.000000 0.000000
25.000000 243.956994 9.732168 0.576806 2.532914 0.000000 0.000000 0.000000 1.000000 0.000000 0.000000
25.000000 243.964404 9.792484 0.693584 2.519622 0.000000 0.000000 0.000000 1.000000 0.000000 0.000000
25.000000 243.967067 9.634479 0.579999 2.487631 0.000000 0.000000 0.000000 1.000000 0.000000 0.000000
25.000000 243.974689 9.692854 0.705911 2.468872 0.000000 0.000000 0.000000 1.000000 0.000000 0.000000
25.000000 243.976994 9.531093 0.587560 2.432888 0.000000 0.000000 0.000000 1.000000 0.000000 0.000000
25.000000 243.984435 9.597238 0.705235 2.423481 0.000000 0.000000 0.000000 1.000000 0.000000 0.000000
25.000000 243.987079 9.437812 0.587978 2.389949 0.000000 0.000000 0.000000 1.000000 0.000000 0.000000
25.000000 243.994650 9.514683 0.724743 2.378757 0.000000 0.000000 0.000000 1.000000 0.000000 0.000000
25.000000 243.997128 9.345197 0.597888 2.338495 0.000000 0.000000 0.000000 1.000000 0.000000 0.000000
25.000000 244.004588 9.421765 0.728091 2.322743 0.000000 0.000000 0.000000 1.000000 0.000000 0.000000
25.000000 244.007140 9.257456 0.602844 2.284570 0.000000 0.000000 0.000000 1.000000 0.000000 0.000000
25.000000 244.014529 9.285663 0.724204 2.271383 0.000000 0.000000 0.000000 1.000000 0.000000 0.000000
25.000000 244.017079 9.147025 0.614116 2.230140 0.000000 0.000000 0.000000 1.000000 0.000000 0.000000
25.000000 244.024611 9.180869 0.720337 2.228372 0.000000 0.000000 0.000000 1.000000 0.000000 0.000000
25.000000 244.027049 9.058485 0.618886 2.183634 0.000000 0.000000 0.000000 1.000000 0.000000 0.000000
25.000000 244.034598 9.109563 0.741938 2.166875 0.000000 0.000000 0.000000 1.000000 0.000000 0.000000
25.000000 244.037025 8.962406 0.626826 2.134627 0.000000 0.000000 0.000000 1.000000 0.000000 0.000000
25.000000 244.044674 8.993350 0.737321 2.114307 0.000000 0.000000 0.000000 1.000000 0.000000 0.000000
25.000000 244.047097 8.868063 0.632490 2.070496 0.000000 0.000000 0.000000 1.000000 0.000000 0.000000
25.000000 244.054571 8.878000 0.736849 2.058689 0.000000 0.000000 0.000000 1.000000 0.000000 0.000000
25.000000 244.057038 8.763519 0.639457 2.020317 0.000000 0.000000 0.000000 1.000000 0.000000 0.000000
25.000000 244.064675 8.791082 0.745059 2.005734 0.000000 0.000000 0.000000 1.000000 0.000000 0.000000
25.000000 244.067188 8.673603 0.645588 1.967819 0.000000 0.000000 0.000000 1.000000 0.000000 0.000000
25.000000 244.074628 8.705237 0.761388 1.947154 0.000000 0.000000 0.000000 1.000000 0.000000 0.000000
25.000000 244.077067 8.577218 0.653034 1.910511 0.000000 0.000000 0.000000 1.000000 0.000000 0.000000
25.000000 244.084732 8.594659 0.749519 1.887845 0.000000 0.000000 0.000000 1.000000 0.000000 0.000000
25.000000 244.087224 8.488019 0.653962 1.847499 0.000000 0.000000 0.000000 1.000000 0.000000 0.000000
25.000000 244.094682 8.492960 0.770311 1.825302 0.000000 0.000000 0.000000 1.000000 0.000000 0.000000
25.000000 244.097107 8.394041 0.676635 1.778001 0.000000 0.000000 0.000000 1.000000 0.000000 0.000000
25.000000 244.104666 8.418495 0.768573 1.771477 0.000000 0.000000 0.000000 1.000000 0.000000 0.000000
25.000000 244.107182 8.303259 0.665174 1.732243 0.000000 0.000000 0.000000 1.000000 0.000000 0.000000
25.000000 244.114524 8.305089 0.789348 1.720615 0.000000 0.000000 0.000000 1.000000 0.000000 0.000000
25.000000 244.117093 8.190008 0.684247 1.679183 0.000000 0.000000 0.000000 1.000000 0.000000 0.000000
25.000000 244.124466 8.197525 0.777378 1.654546 0.000000 0.000000 0.000000 1.000000 0.000000 0.000000
25.000000 244.127285 8.102415 0.688340 1.616729 0.000000 0.000000 0.000000 1.000000 0.000000 0.000000
25.000000 244.134565 8.108508 0.791057 1.591507 0.000000 0.000000 0.000000 1.000000 0.000000 0.000000
25.000000 244.137037 8.005623 0.695906 1.556336 0.000000 0.000000 0.000000 1.000000 0.000000 0.000000
25.000000 244.144755 8.003474 0.789100 1.530038 0.000000 0.000000 0.000000 1.000000 0.000000 0.000000
25.000000 244.147169 7.909885 0.698956 1.493106 0.000000 0.000000 0.000000 1.000000 0.000000 0.000000
25.000000 244.154611 7.881810 0.781314 1.465382 0.000000 0.000000 0.000000 1.000000 0.000000 0.000000
25.000000 244.157113 7.819568 0.708355 1.416002 0.000000 0.000000 0.000000 1.000000 0.000000 0.000000
25.000000 244.164818 7.838819 0.815521 1.403524 0.000000 0.000000 0.000000 1.000000 0.000000 0.000000
25.000000 244.167177 7.739527 0.715747 1.361129 0.000000 0.000000 0.000000 1.000000 0.000000 0.000000
25.000000 244.174608 7.690722 0.800855 1.348597 0.000000 0.000000 0.000000 1.000000 0.000000 0.000000
25.000000 244.177071 7.631980 0.728049 1.295342 0.000000 0.000000 0.000000 1.000000 0.000000 0.000000
25.000000 244.184700 7.602064 0.797481 1.284470 0.000000 0.000000 0.000000 1.000000 0.000000 0.000000
25.000000 244.187141 7.555123 0.732697 1.230623 0.000000 0.000000 0.000000 1.000000 0.000000 0.000000
25.000000 244.194712 7.501827 0.809678 1.219310 0.000000 0.000000 0.000000 1.000000 0.000000 0.000000
25.000000 244.197207 7.454914 0.746104 1.170214 0.000000 0.000000 0.000000 1.000000 0.000000 0.000000
25.000000 244.204817 7.411507 0.810056 1.145222 0.000000 0.000000 0.000000 1.000000 0.000000 0.000000
25.000000 244.207195 7.361576 0.742821 1.097536 0.000000 0.000000 0.000000 1.000000 0.000000 0.000000
25.000000 244.214880 7.315160 0.815511 1.081677 0.000000 0.000000 0.000000 1.000000 0.000000 0.000000
25.000000 244.217124 7.270127 0.751845 1.033814 0.000000 0.000000 0.000000 1.000000 0.000000 0.000000
25.000000 244.220273 6.974206 0.901936 1.007538 0.000000 0.000000 0.000000 1.000000 0.000000 0.000000
25.000000 244.224863 7.213570 0.816808 1.013816 0.000000 0.000000 0.000000 1.000000 0.000000 0.000000
25.000000 244.227400 7.175536 0.756039 0.961155 0.000000 0.000000 0.000000 1.000000 0.000000 0.000000
25.000000 244.234565 7.148070 0.845997 0.940936 0.000000 0.000000 0.000000 1.000000 0.000000 0.000000
25.000000 244.237094 7.084098 0.763929 0.893015 0.000000 0.000000 0.000000 1.000000 0.000000 0.000000
25.000000 244.244592 7.031231 0.834288 0.869618 0.000000 0.000000 0.000000 1.000000 0.000000 0.000000
25.000000 244.247280 6.989826 0.770739 0.821112 0.000000 0.000000 0.000000 1.000000 0.000000 0.000000
25.000000 244.254557 6.924187 0.828903 0.797093 0.000000 0.000000 0.000000 1.000000 0.000000 0.000000
25.000000 244.257272 6.898075 0.775412 0.744466 0.000000 0.000000 0.000000 1.000000 0.000000 0.000000
25.000000 244.264677 6.859159 0.848921 0.722325 0.000000 0.000000 0.000000 1.000000 0.000000 0.000000
25.000000 244.267237 6.813315 0.780239 0.674816 0.000000 0.000000 0.000000 1.000000 0.000000 0.000000
25.000000 244.274603 6.744283 0.844932 0.654164 0.000000 0.000000 0.000000 1.000000 0.000000 0.000000
25.000000 244.277090 6.712171 0.786396 0.604816 0.000000 0.000000 0.000000 1.000000 0.000000 0.000000
25.000000 244.284661 6.666194 0.853927 0.581078 0.000000 0.000000 0.000000 1.000000 0.000000 0.000000
25.000000 244.287274 6.633146 0.790891 0.526223 0.000000 0.000000 0.000000 1.000000 0.000000 0.000000
25.000000 244.294600 6.563452 0.850239 0.502192 0.000000 0.000000 0.000000 1.000000 0.000000 0.000000
25.000000 244.297125 6.542571 0.799510 0.449371 0.000000 0.000000 0.000000 1.000000 0.000000 0.000000
25.000000 244.304671 6.452616 0.852989 0.423614 0.000000 0.000000 0.000000 1.000000 0.000000 0.000000
25.000000 244.307271 6.441886 0.808281 0.367589 0.000000 0.000000 0.000000 1.000000 0.000000 0.000000
25.000000 244.314638 6.386723 0.876944 0.353368 0.000000 0.000000 0.000000 1.000000 0.000000 0.000000
25.000000 244.317147 6.362765 0.817914 0.295050 0.000000 0.000000 0.000000 1.000000 0.000000 0.000000
25.000000 244.324667 6.294132 0.876893 0.281011 0.000000 0.000000 0.000000 1.000000 0.000000 0.000000
25.000000 244.327326 6.273381 0.820705 0.224528 0.000000 0.000000 0.000000 1.000000 0.000000 0.000000
25.000000 244.334702 6.186115 0.865105 0.200505 0.000000 0.000000 0.000000 1.000000 0.000000 0.000000
25.000000 244.337145 6.182108 0.826755 0.146090 0.000000 0.000000 0.000000 1.000000 0.000000 0.000000
25.000000 244.344882 6.152480 0.893922 0.185307 0.000000 0.000000 0.000000 1.000000 0.000000 0.000000
25.000000 244.347301 6.130444 0.844599 0.146577 0.000000 0.000000 0.000000 1.000000 0.000000 0.000000
25.000000 244.354657 6.103384 0.885249 0.246515 0.000000 0.000000 0.000000 1.000000 0.000000 0.000000
25.000000 244.357187 6.072231 0.830027 0.212793 0.000000 0.000000 0.000000 1.000000 0.000000 0.000000
25.000000 244.364771 6.056957 0.899243 0.306095 0.000000 0.000000 0.000000 1.000000 0.000000 0.000000
25.000000 244.367290 6.018623 0.838154 0.273637 0.000000 0.000000 0.000000 1.000000 0.000000 0.000000
25.000000 244.374718 6.003119 0.896818 0.364448 0.000000 0.000000 0.000000 1.000000 0.000000 0.000000
25.000000 244.377126 5.971701 0.842313 0.330088 0.000000 0.000000 0.000000 1.000000 0.000000 0.000000
25.000000 244.384865 5.951947 0.885105 0.418531 0.000000 0.000000 0.000000 1.000000 0.000000 0.000000
25.000000 244.387225 5.927258 0.840819 0.388599 0.000000 0.000000 0.000000 1.000000 0.000000 0.000000
25.000000 244.394783 5.919293 0.900722 0.482266 0.000000 0.000000 0.000000 1.000000 0.000000 0.000000
25.000000 244.397280 5.889704 0.842407 0.435232 0.000000 0.000000 0.000000 1.000000 0.000000 0.000000
25.000000 244.404920 5.877098 0.904405 0.532076 0.000000 0.000000 0.000000 1.000000 0.000000 0.000000
25.000000 244.407353 5.839064 0.842030 0.493700 0.000000 0.000000 0.000000 1.000000 0.000000 0.000000
25.000000 244.414587 5.826155 0.912201 0.589044 0.000000 0.000000 0.000000 1.000000 0.000000 0.000000
25.000000 244.417303 5.787530 0.849597 0.549794 0.000000 0.000000 0.000000 1.000000 0.000000 0.000000
25.000000 244.424861 5.765145 0.892612 0.641105 0.000000 0.000000 0.000000 1.000000 0.000000 0.000000
25.000000 244.427311 5.755739 0.858010 0.598104 0.000000 0.000000 0.000000 1.000000 0.000000 0.000000
25.000000 244.434785 5.724700 0.895918 0.694488 0.000000 0.000000 0.000000 1.000000 0.000000 0.000000
25.000000 244.437329 5.711527 0.854641 0.645529 0.000000 0.000000 0.000000 1.000000 0.000000 0.000000
25.000000 244.444863 5.697494 0.918391 0.741536 0.000000 0.000000 0.000000 1.000000 0.000000 0.000000
25.000000 244.447273 5.663589 0.858572 0.695877 0.000000 0.000000 0.000000 1.000000 0.000000 0.000000
25.000000 244.454722 5.629622 0.894826 0.788769 0.000000 0.000000 0.000000 1.000000 0.000000 0.000000
25.000000 244.457396 5.614604 0.854001 0.743421 0.000000 0.000000 0.000000 1.000000 0.000000 0.000000
25.000000 244.464757 5.606106 0.920291 0.837502 0.000000 0.000000 0.000000 1.000000 0.000000 0.000000
25.000000 244.467672 5.571514 0.862565 0.795232 0.000000 0.000000 0.000000 1.000000 0.000000 0.000000
25.000000 244.474874 5.563303 0.926703 0.884240 0.000000 0.000000 0.000000 1.000000 0.000000 0.000000
25.000000 244.477277 5.525395 0.865800 0.842171 0.000000 0.000000 0.000000 1.000000 0.000000 0.000000
25.000000 244.484807 5.519001 0.929223 0.930055 0.000000 0.000000 0.000000 1.000000 0.000000 0.000000
25.000000 244.487308 5.480467 0.866725 0.885290 0.000000 0.000000 0.000000 1.000000 0.000000 0.000000
25.000000 244.494650 5.475636 0.932902 0.973054 0.000000 0.000000 0.000000 1.000000 0.000000 0.000000
25.000000 244.497247 5.427548 0.861794 0.928787 0.000000 0.000000 0.000000 1.000000 0.000000 0.000000
25.000000 244.504757 5.427135 0.928064 1.016552 0.000000 0.000000 0.000000 1.000000 0.000000 0.000000
25.000000 244.507378 5.391499 0.865431 0.962368 0.000000 0.000000 0.000000 1.000000 0.000000 0.000000
25.000000 244.514702 5.379807 0.933328 1.058380 0.000000 0.000000 0.000000 1.000000 0.000000 0.000000
25.000000 244.517337 5.340774 0.871395 1.012361 0.000000 0.000000 0.000000 1.000000 0.000000 0.000000
25.000000 244.524792 5.343794 0.942695 1.097435 0.000000 0.000000 0.000000 1.000000 0.000000 0.000000
25.000000 244.527407 5.295033 0.871310 1.051742 0.000000 0.000000 0.000000 1.000000 0.000000 0.000000
25.000000 244.534646 5.282219 0.931967 1.139702 0.000000 0.000000 0.000000 1.000000 0.000000 0.000000
25.000000 244.537342 5.249864 0.876068 1.091591 0.000000 0.000000 0.000000 1.000000 0.000000 0.000000
25.000000 244.544739 5.235746 0.930227 1.183475 0.000000 0.000000 0.000000 1.000000 0.000000 0.000000
25.000000 244.547354 5.212864 0.882054 1.130665 0.000000 0.000000 0.000000 1.000000 0.000000 0.000000
25.000000 244.554704 5.199441 0.929741 1.219481 0.000000 0.000000 0.000000 1.000000 0.000000 0.000000
25.000000 244.557250 5.167454 0.870594 1.162792 0.000000 0.000000 0.000000 1.000000 0.000000 0.000000
25.000000 244.564770 5.153990 0.942473 1.255412 0.000000 0.000000 0.000000 1.000000 0.000000 0.000000
25.000000 244.567389 5.114082 0.878873 1.204427 0.000000 0.000000 0.000000 1.000000 0.000000 0.000000
25.000000 244.574719 5.104509 0.945080 1.289253 0.000000 0.000000 0.000000 1.000000 0.000000 0.000000
25.000000 244.577219 5.065219 0.882335 1.239579 0.000000 0.000000 0.000000 1.000000 0.000000 0.000000
25.000000 244.584820 5.069781 0.947624 1.323223 0.000000 0.000000 0.000000 1.000000 0.000000 0.000000
25.000000 244.587294 5.024466 0.879706 1.274266 0.000000 0.000000 0.000000 1.000000 0.000000 0.000000
25.000000 244.594711 5.023534 0.948825 1.357987 0.000000 0.000000 0.000000 1.000000 0.000000 0.000000
25.000000 244.597204 4.977558 0.882181 1.312913 0.000000 0.000000 0.000000 1.000000 0.000000 0.000000
25.000000 244.604748 4.987090 0.949620 1.390332 0.000000 0.000000 0.000000 1.000000 0.000000 0.000000
25.000000 244.607340 4.948533 0.888097 1.340038 0.000000 0.000000 0.000000 1.000000 0.000000 0.000000
25.000000 244.614698 4.943865 0.957247 1.423773 0.000000 0.000000 0.000000 1.000000 0.000000 0.000000
25.000000 244.617385 4.897069 0.884367 1.365425 0.000000 0.000000 0.000000 1.000000 0.000000 0.000000
25.000000 244.624793 4.877927 0.949003 1.456800 0.000000 0.000000 0.000000 1.000000 0.000000 0.000000
25.000000 244.627390 4.853970 0.898594 1.396249 0.000000 0.000000 0.000000 1.000000 0.000000 0.000000
25.000000 244.634702 4.849078 0.952053 1.472407 0.000000 0.000000 0.000000 1.000000 0.000000 0.000000
25.000000 244.637324 4.812790 0.895232 1.425829 0.000000 0.000000 0.000000 1.000000 0.000000 0.000000
25.000000 244.644852 4.802608 0.965198 1.510576 0.000000 0.000000 0.000000 1.000000 0.000000 0.000000
25.000000 244.647401 4.760716 0.900251 1.457708 0.000000 0.000000 0.000000 1.000000 0.000000 0.000000
25.000000 244.654746 4.758561 0.968703 1.539211 0.000000 0.000000 0.000000 1.000000 0.000000 0.000000
25.000000 244.657396 4.714320 0.900914 1.484711 0.000000 0.000000 0.000000 1.000000 0.000000 0.000000
25.000000 244.664832 4.708117 0.970193 1.565588 0.000000 0.000000 0.000000 1.000000 0.000000 0.000000
25.000000 244.667431 4.666851 0.904984 1.509019 0.000000 0.000000 0.000000 1.000000 0.000000 0.000000
25.000000 244.674924 4.672653 0.970958 1.598479 0.000000 0.000000 0.000000 1.000000 0.000000 0.000000
25.000000 244.677415 4.629857 0.901481 1.534493 0.000000 0.000000 0.000000 1.000000 0.000000 0.000000
25.000000 244.684858 4.607950 0.961575 1.620520 0.000000 0.000000 0.000000 1.000000 0.000000 0.000000
25.000000 244.687462 4.579786 0.907767 1.558499 0.000000 0.000000 0.000000 1.000000 0.000000 0.000000
25.000000 244.690349 4.284826 1.039568 1.534752 0.000000 0.000000 0.000000 1.000000 0.000000 0.000000
25.000000 244.694809 4.564739 0.962670 1.640304 0.000000 0.000000 0.000000 1.000000 0.000000 0.000000
25.000000 244.697300 4.544981 0.915312 1.571904 0.000000 0.000000 0.000000 1.000000 0.000000 0.000000
25.000000 244.704837 4.531378 0.974831 1.660920 0.000000 0.000000 0.000000 1.000000 0.000000 0.000000
25.000000 244.707476 4.491106 0.908605 1.598909 0.000000 0.000000 0.000000 1.000000 0.000000 0.000000
25.000000 244.714792 4.500976 0.985111 1.674093 0.000000 0.000000 0.000000 1.000000 0.000000 0.000000
25.000000 244.717387 4.448316 0.911402 1.625473 0.000000 0.000000 0.000000 1.000000 0.000000 0.000000
25.000000 244.724861 4.450509 0.972095 1.699776 0.000000 0.000000 0.000000 1.000000 0.000000 0.000000
25.000000 244.727382 4.409029 0.905659 1.639649 0.000000 0.000000 0.000000 1.000000 0.000000 0.000000
25.000000 244.734763 4.419594 0.976703 1.720942 0.000000 0.000000 0.000000 1.000000 0.000000 0.000000
25.000000 244.737368 4.372917 0.904919 1.659907 0.000000 0.000000 0.000000 1.000000 0.000000 0.000000
25.000000 244.744862 4.367304 0.982457 1.739868 0.000000 0.000000 0.000000 1.000000 0.000000 0.000000
25.000000 244.747478 4.327202 0.914760 1.670891 0.000000 0.000000 0.000000 1.000000 0.000000 0.000000
25.000000 244.757551 3.898418 1.066586 1.706356 0.000000 0.000000 0.000000 1.000000 0.000000 0.000000
25.000000 244.767608 3.895414 1.053913 1.728655 0.000000 0.000000 0.000000 1.000000 0.000000 0.000000
25.000000 244.777469 3.831018 1.063957 1.739802 0.000000 0.000000 0.000000 1.000000 0.000000 0.000000
25.000000 244.787413 3.801037 1.056744 1.759300 0.000000 0.000000 0.000000 1.000000 0.000000 0.000000
25.000000 244.797395 3.818083 1.045796 1.765071 0.000000 0.000000 0.000000 1.000000 0.000000 0.000000
25.000000 244.807496 3.758173 1.046197 1.785564 0.000000 0.000000 0.000000 1.000000 0.000000 0.000000
25.000000 244.817370 3.656544 1.073001 1.789445 0.000000 0.000000 0.000000 1.000000 0.000000 0.000000
25.000000 244.827393 3.703923 1.039534 1.803669 0.000000 0.000000 0.000000 1.000000 0.000000 0.000000
25.000000 244.837424 3.629909 1.057950 1.807587 0.000000 0.000000 0.000000 1.000000 0.000000 0.000000
25.000000 244.847523 3.599949 1.048964 1.819866 0.000000 0.000000 0.000000 1.000000 0.000000 0.000000
25.000000 244.857369 3.657803 1.039140 1.830622 0.000000 0.000000 0.000000 1.000000 0.000000 0.000000
25.000000 244.867418 3.574930 1.035238 1.837985 0.000000 0.000000 0.000000 1.000000 0.000000 0.000000
25.000000 244.877516 3.326356 1.109925 1.812330 0.000000 0.000000 0.000000 1.000000 0.000000 0.000000
25.000000 244.887503 3.293073 1.116667 1.819371 0.000000 0.000000 0.000000 1.000000 0.000000 0.000000
25.000000 244.897454 3.292512 1.102345 1.826271 0.000000 0.000000 0.000000 1.000000 0.000000 0.000000
25.000000 244.907487 3.227317 1.113900 1.830809 0.000000 0.000000 0.000000 1.000000 0.000000 0.000000
25.000000 244.917365 3.144994 1.121215 1.815446 0.000000 0.000000 0.000000 1.000000 0.000000 0.000000
25.000000 244.927462 3.163085 1.107946 1.826626 0.000000 0.000000 0.000000 1.000000 0.000000 0.000000
25.000000 244.937373 3.082448 1.119826 1.816184 0.000000 0.000000 0.000000 1.000000 0.000000 0.000000
25.000000 244.947431 3.098342 1.106417 1.820506 0.000000 0.000000 0.000000 1.000000 0.000000 0.000000
25.000000 244.957379 3.025047 1.113634 1.811421 0.000000 0.000000 0.000000 1.000000 0.000000 0.000000
25.000000 244.967414 3.031086 1.094261 1.804180 0.000000 0.000000 0.000000 1.000000 0.000000 0.000000
25.000000 244.977436 3.164258 1.041604 1.816142 0.000000 0.000000 0.000000 1.000000 0.000000 0.000000
25.000000 244.987480 2.895818 1.123633 1.792488 0.000000 0.000000 0.000000 1.000000 0.000000 0.000000
25.000000 244.997420 2.928088 1.114340 1.787497 0.000000 0.000000 0.000000 1.000000 0.000000 0.000000
25.000000 245.007478 3.026817 1.046229 1.797842 0.000000 0.000000 0.000000 1.000000 0.000000 0.000000
25.000000 245.017427 2.750929 1.128090 1.754152 0.000000 0.000000 0.000000 1.000000 0.000000 0.000000
25.000000 245.027432 2.768308 1.118006 1.757560 0.000000 0.000000 0.000000 1.000000 0.000000 0.000000
25.000000 245.037422 2.928122 1.044458 1.760720 0.000000 0.000000 0.000000 1.000000 0.000000 0.000000
25.000000 245.047505 2.956019 1.032338 1.748632 0.000000 0.000000 0.000000 1.000000 0.000000 0.000000
25.000000 245.057377 2.854787 1.045183 1.730274 0.000000 0.000000 0.000000 1.000000 0.000000 0.000000
25.000000 245.067529 2.783530 1.051925 1.717154 0.000000 0.000000 0.000000 1.000000 0.000000 0.000000
25.000000 245.077480 2.796693 1.048760 1.698518 0.000000 0.000000 0.000000 1.000000 0.000000 0.000000
25.000000 245.087522 2.738483 1.051081 1.684360 0.000000 0.000000 0.000000 1.000000 0.000000 0.000000
25.000000 245.097551 2.695894 1.058117 1.663855 0.000000 0.000000 0.000000 1.000000 0.000000 0.000000
25.000000 245.107542 2.411748 1.142795 1.618660 0.000000 0.000000 0.000000 1.000000 0.000000 0.000000
25.000000 245.117508 2.402883 1.124883 1.587219 0.000000 0.000000 0.000000 1.000000 0.000000 0.000000
25.000000 245.127585 2.527257 1.066113 1.589369 0.000000 0.000000 0.000000 1.000000 0.000000 0.000000
25.000000 245.137493 2.614135 1.045550 1.586551 0.000000 0.000000 0.000000 1.000000 0.000000 0.000000
25.000000 245.140476 2.385297 1.126933 1.491050 0.000000 0.000000 0.000000 1.000000 0.000000 0.000000
25.000000 245.147542 2.477630 1.049069 1.547582 0.000000 0.000000 0.000000 1.000000 0.000000 0.000000
25.000000 245.157440 2.500950 1.051388 1.529450 0.000000 0.000000 0.000000 1.000000 0.000000 0.000000
25.000000 245.167570 2.234840 1.104355 1.478925 0.000000 0.000000 0.000000 1.000000 0.000000 0.000000
25.000000 245.177480 2.147043 1.144413 1.442199 0.000000 0.000000 0.000000 1.000000 0.000000 0.000000
25.000000 245.187721 2.422972 1.039175 1.444134 0.000000 0.000000 0.000000 1.000000 0.000000 0.000000
25.000000 245.197652 2.032115 1.177314 1.378710 0.000000 0.000000 0.000000 1.000000 0.000000 0.000000
25.000000 245.207567 2.079863 1.144352 1.358117 0.000000 0.000000 0.000000 1.000000 0.000000 0.000000
25.000000 245.217691 1.761299 1.165462 1.290824 0.000000 0.000000 0.000000 1.000000 0.000000 0.000000
25.000000 245.227642 1.751633 1.181327 1.263711 0.000000 0.000000 0.000000 1.000000 0.000000 0.000000
25.000000 245.237625 1.559619 1.227720 1.216520 0.000000 0.000000 0.000000 1.000000 0.000000 0.000000
25.000000 245.247649 2.198272 1.060191 1.240923 0.000000 0.000000 0.000000 1.000000 0.000000 0.000000
25.000000 245.257633 1.827338 1.111637 1.179903 0.000000 0.000000 0.000000 1.000000 0.000000 0.000000
25.000000 245.267778 2.189589 1.027305 1.181127 0.000000 0.000000 0.000000 1.000000 0.000000 0.000000
25.000000 245.277662 1.940532 1.100167 1.121953 0.000000 0.000000 0.000000 1.000000 0.000000 0.000000
25.000000 245.287586 1.831321 1.122305 1.062332 0.000000 0.000000 0.000000 1.000000 0.000000 0.000000
25.000000 245.297741 1.914143 1.080438 1.043669 0.000000 0.000000 0.000000 1.000000 0.000000 0.000000
25.000000 245.307707 1.708326 1.125866 0.995074 0.000000 0.000000 0.000000 1.000000 0.000000 0.000000
25.000000 245.317592 1.678640 1.126578 0.949945 0.000000 0.000000 0.000000 1.000000 0.000000 0.000000
25.000000 245.327499 1.756360 1.105090 0.911731 0.000000 0.000000 0.000000 1.000000 0.000000 0.000000
25.000000 245.337716 1.767570 1.086150 0.865768 0.000000 0.000000 0.000000 1.000000 0.000000 0.000000
25.000000 245.347725 1.822962 1.055628 0.830574 0.000000 0.000000 0.000000 1.000000 0.000000 0.000000
25.000000 245.357749 1.672463 1.101114 0.774839 0.000000 0.000000 0.000000 1.000000 0.000000 0.000000
25.000000 245.367723 1.645287 1.102224 0.735914 0.000000 0.000000 0.000000 1.000000 0.000000 0.000000
25.000000 245.377659 1.597163 1.103075 0.682274 0.000000 0.000000 0.000000 1.000000 0.000000 0.000000
25.000000 245.384496 1.527983 1.116708 0.647659 0.000000 0.000000 0.000000 1.000000 0.000000 0.000000
25.000000 245.387651 1.481477 1.116167 0.620736 0.000000 0.000000 0.000000 1.000000 0.000000 0.000000
25.000000 245.394482 1.466787 1.115231 0.604415 0.000000 0.000000 0.000000 1.000000 0.000000 0.000000
25.000000 245.397638 1.657173 1.074794 0.597560 0.000000 0.000000 0.000000 1.000000 0.000000 0.000000
25.000000 245.407734 1.697736 1.037268 0.568398 0.000000 0.000000 0.000000 1.000000 0.000000 0.000000
25.000000 245.414429 1.494456 1.100597 0.524153 0.000000 0.000000 0.000000 1.000000 0.000000 0.000000
25.000000 245.417715 0.984449 1.167077 0.437862 0.000000 0.000000 0.000000 1.000000 0.000000 0.000000
25.000000 245.427533 1.449516 1.094692 0.434395 0.000000 0.000000 0.000000 1.000000 0.000000 0.000000
25.000000 245.437630 1.222183 1.127201 0.376569 0.000000 0.000000 0.000000 1.000000 0.000000 0.000000
25.000000 245.444556 1.114169 1.153145 0.336356 0.000000 0.000000 0.000000 1.000000 0.000000 0.000000
25.000000 245.447556 1.114746 1.145846 0.313538 0.000000 0.000000 0.000000 1.000000 0.000000 0.000000
25.000000 245.454448 1.083363 1.145171 0.280266 0.000000 0.000000 0.000000 1.000000 0.000000 0.000000
25.000000 245.457571 1.088272 1.139057 0.260670 0.000000 0.000000 0.000000 1.000000 0.000000 0.000000
25.000000 245.467624 1.035108 1.144540 0.197025 0.000000 0.000000 0.000000 1.000000 0.000000 0.000000
25.000000 245.477570 1.099439 1.111903 0.196630 0.000000 0.000000 0.000000 1.000000 0.000000 0.000000
25.000000 245.487677 1.339564 1.063566 0.270961 0.000000 0.000000 0.000000 1.000000 0.000000 0.000000
25.000000 245.494386 1.481668 1.029149 0.316183 0.000000 0.000000 0.000000 1.000000 0.000000 0.000000
25.000000 245.497706 1.388244 1.051299 0.320382 0.000000 0.000000 0.000000 1.000000 0.000000 0.000000
25.000000 245.504534 1.362054 1.075476 0.340661 0.000000 0.000000 0.000000 1.000000 0.000000 0.000000
25.000000 245.508120 1.125729 1.122309 0.333750 0.000000 0.000000 0.000000 1.000000 0.000000 0.000000
25.000000 245.514439 1.230579 1.097219 0.368050 0.000000 0.000000 0.000000 1.000000 0.000000 0.000000
25.000000 245.517885 1.164352 1.115239 0.378659 0.000000 0.000000 0.000000 1.000000 0.000000 0.000000
25.000000 245.524485 1.240739 1.097077 0.404622 0.000000 0.000000 0.000000 1.000000 0.000000 0.000000
25.000000 245.537636 0.961997 1.140723 0.429887 0.000000 0.000000 0.000000 1.000000 0.000000 0.000000
25.000000 245.544456 1.284110 1.045208 0.497374 0.000000 0.000000 0.000000 1.000000 0.000000 0.000000
25.000000 245.547915 1.145415 1.074456 0.498223 0.000000 0.000000 0.000000 1.000000 0.000000 0.000000
25.000000 245.554408 1.226636 1.052969 0.520617 0.000000 0.000000 0.000000 1.000000 0.000000 0.000000
25.000000 245.557678 1.126073 1.076450 0.531819 0.000000 0.000000 0.000000 1.000000 0.000000 0.000000
25.000000 245.564577 1.141107 1.089901 0.571319 0.000000 0.000000 0.000000 1.000000 0.000000 0.000000
25.000000 245.567766 0.923172 1.128798 0.556901 0.000000 0.000000 0.000000 1.000000 0.000000 0.000000
25.000000 245.574474 0.975463 1.110917 0.562564 0.000000 0.000000 0.000000 1.000000 0.000000 0.000000
25.000000 245.577863 0.985816 1.112809 0.574454 0.000000 0.000000 0.000000 1.000000 0.000000 0.000000
25.000000 245.584518 1.251276 1.039418 0.638877 0.000000 0.000000 0.000000 1.000000 0.000000 0.000000
25.000000 245.587899 0.959467 1.092299 0.624491 0.000000 0.000000 0.000000 1.000000 0.000000 0.000000
25.000000 245.594558 1.007188 1.089718 0.657481 0.000000 0.000000 0.000000 1.000000 0.000000 0.000000
25.000000 245.597681 0.768003 1.132526 0.643957 0.000000 0.000000 0.000000 1.000000 0.000000 0.000000
25.000000 245.604556 0.840744 1.115551 0.668860 0.000000 0.000000 0.000000 1.000000 0.000000 0.000000
25.000000 245.607827 0.825807 1.124044 0.686757 0.000000 0.000000 0.000000 1.000000 0.000000 0.000000
25.000000 245.614558 0.930618 1.100593 0.724372 0.000000 0.000000 0.000000 1.000000 0.000000 0.000000
25.000000 245.617683 0.663959 1.146954 0.708148 0.000000 0.000000 0.000000 1.000000 0.000000 0.000000
25.000000 245.624590 0.555316 1.184849 0.704541 0.000000 0.000000 0.000000 1.000000 0.000000 0.000000
25.000000 245.627674 0.906089 1.132917 0.756472 0.000000 0.000000 0.000000 1.000000 0.000000 0.000000
25.000000 245.634583 1.020584 1.103671 0.787901 0.000000 0.000000 0.000000 1.000000 0.000000 0.000000
25.000000 245.637797 0.285260 1.221473 0.723777 0.000000 0.000000 0.000000 1.000000 0.000000 0.000000
25.000000 245.644502 0.393492 1.190010 0.758283 0.000000 0.000000 0.000000 1.000000 0.000000 0.000000
25.000000 245.657962 0.594880 1.152036 0.810381 0.000000 0.000000 0.000000 1.000000 0.000000 0.000000
25.000000 245.664576 0.526842 1.177395 0.814945 0.000000 0.000000 0.000000 1.000000 0.000000 0.000000
25.000000 245.667705 0.482358 1.186458 0.825192 0.000000 0.000000 0.000000 1.000000 0.000000 0.000000
25.000000 245.674557 0.450551 1.201739 0.843083 0.000000 0.000000 0.000000 1.000000 0.000000 0.000000
25.000000 245.677880 0.032046 1.267231 0.817587 0.000000 0.000000 0.000000 1.000000 0.000000 0.000000
25.000000 245.684587 0.138973 1.233495 0.841027 0.000000 0.000000 0.000000 1.000000 0.000000 0.000000
25.000000 245.687799 0.355355 1.199716 0.865049 0.000000 0.000000 0.000000 1.000000 0.000000 0.000000
25.000000 245.694611 0.446331 1.174742 0.891556 0.000000 0.000000 0.000000 1.000000 0.000000 0.000000
25.000000 245.697783 0.358363 1.190097 0.896528 0.000000 0.000000 0.000000 1.000000 0.000000 0.000000
25.000000 245.704725 0.430955 1.168693 0.912473 0.000000 0.000000 0.000000 1.000000 0.000000 0.000000
25.000000 245.707959 0.069186 1.223647 0.890044 0.000000 0.000000 0.000000 1.000000 0.000000 0.000000
25.000000 245.714581 -0.068926 1.267297 0.887796 0.000000 0.000000 0.000000 1.000000 0.000000 0.000000
25.000000 245.717944 0.219039 1.222586 0.925544 0.000000 0.000000 0.000000 1.000000 0.000000 0.000000
25.000000 245.724598 0.375078 1.175127 0.956159 0.000000 0.000000 0.000000 1.000000 0.000000 0.000000
25.000000 245.727998 0.356678 1.178506 0.963143 0.000000 0.000000 0.000000 1.000000 0.000000 0.000000
25.000000 245.734519 0.475196 1.143828 0.989838 0.000000 0.000000 0.000000 1.000000 0.000000 0.000000
25.000000 245.737977 -0.055961 1.224738 0.946718 0.000000 0.000000 0.000000 1.000000 0.000000 0.000000
25.000000 245.744748 -0.227684 1.277359 0.944225 0.000000 0.000000 0.000000 1.000000 0.000000 0.000000
25.000000 245.747969 0.042109 1.235984 0.969330 0.000000 0.000000 0.000000 1.000000 0.000000 0.000000
25.000000 245.754680 0.229513 1.178868 0.993900 0.000000 0.000000 0.000000 1.000000 0.000000 0.000000
25.000000 245.757723 0.270543 1.172312 1.013704 0.000000 0.000000 0.000000 1.000000 0.000000 0.000000
25.000000 245.764583 0.098736 1.227029 1.005976 0.000000 0.000000 0.000000 1.000000 0.000000 0.000000
25.000000 245.767789 0.041655 1.235187 1.006677 0.000000 0.000000 0.000000 1.000000 0.000000 0.000000
25.000000 245.774619 0.111958 1.213654 1.022476 0.000000 0.000000 0.000000 1.000000 0.000000 0.000000
25.000000 245.777742 -0.422539 1.292693 0.974328 0.000000 0.000000 0.000000 1.000000 0.000000 0.000000
25.000000 245.784832 -0.412156 1.288210 0.981247 0.000000 0.000000 0.000000 1.000000 0.000000 0.000000
25.000000 245.787985 0.030251 1.220618 1.032901 0.000000 0.000000 0.000000 1.000000 0.000000 0.000000
25.000000 245.794623 0.074435 1.207114 1.046855 0.000000 0.000000 0.000000 1.000000 0.000000 0.000000
25.000000 245.797808 0.090073 1.204215 1.052699 0.000000 0.000000 0.000000 1.000000 0.000000 0.000000
25.000000 245.804786 0.202095 1.170752 1.077606 0.000000 0.000000 0.000000 1.000000 0.000000 0.000000
25.000000 245.807852 -0.267257 1.241357 1.041104 0.000000 0.000000 0.000000 1.000000 0.000000 0.000000
25.000000 245.814696 -0.266587 1.240781 1.043945 0.000000 0.000000 0.000000 1.000000 0.000000 0.000000
25.000000 245.817840 -0.398596 1.258057 1.036107 0.000000 0.000000 0.000000 1.000000 0.000000 0.000000
25.000000 245.824701 -0.375377 1.248881 1.048762 0.000000 0.000000 0.000000 1.000000 0.000000 0.000000
25.000000 245.827963 -0.360695 1.245222 1.054735 0.000000 0.000000 0.000000 1.000000 0.000000 0.000000
25.000000 245.834671 -0.444913 1.270753 1.049857 0.000000 0.000000 0.000000 1.000000 0.000000 0.000000
25.000000 245.837897 -0.446171 1.274961 1.039940 0.000000 0.000000 0.000000 1.000000 0.000000 0.000000
25.000000 245.844758 -0.042910 1.203304 1.100075 0.000000 0.000000 0.000000 1.000000 0.000000 0.000000
25.000000 245.847888 -0.192034 1.225884 1.087438 0.000000 0.000000 0.000000 1.000000 0.000000 0.000000
25.000000 245.854586 -0.296305 1.257941 1.076681 0.000000 0.000000 0.000000 1.000000 0.000000 0.000000
25.000000 245.857838 -0.587820 1.298918 1.051348 0.000000 0.000000 0.000000 1.000000 0.000000 0.000000
25.000000 245.864737 -0.649037 1.315533 1.053166 0.000000 0.000000 0.000000 1.000000 0.000000 0.000000
25.000000 245.867966 -0.777491 1.330915 1.045169 0.000000 0.000000 0.000000 1.000000 0.000000 0.000000
25.000000 245.874682 -0.588806 1.271492 1.065715 0.000000 0.000000 0.000000 1.000000 0.000000 0.000000
25.000000 245.877907 0.158239 1.159106 1.138421 0.000000 0.000000 0.000000 1.000000 0.000000 0.000000
25.000000 245.884770 -0.881159 1.373981 1.035434 0.000000 0.000000 0.000000 1.000000 0.000000 0.000000
25.000000 245.887849 -0.217059 1.270788 1.109560 0.000000 0.000000 0.000000 1.000000 0.000000 0.000000
25.000000 245.894590 -0.610260 1.284692 1.060449 0.000000 0.000000 0.000000 1.000000 0.000000 0.000000
25.000000 245.897897 -0.294279 1.235450 1.097416 0.000000 0.000000 0.000000 1.000000 0.000000 0.000000
25.000000 245.904773 -0.332963 1.247005 1.094883 0.000000 0.000000 0.000000 1.000000 0.000000 0.000000
25.000000 245.907861 -0.761789 1.305877 1.058516 0.000000 0.000000 0.000000 1.000000 0.000000 0.000000
25.000000 245.914701 -0.879137 1.346097 1.037719 0.000000 0.000000 0.000000 1.000000 0.000000 0.000000
25.000000 245.917829 -0.975156 1.358338 1.028859 0.000000 0.000000 0.000000 1.000000 0.000000 0.000000
25.000000 245.924691 -0.750472 1.284618 1.058582 0.000000 0.000000 0.000000 1.000000 0.000000 0.000000
25.000000 245.928017 -0.430083 1.241567 1.086722 0.000000 0.000000 0.000000 1.000000 0.000000 0.000000
25.000000 245.934609 -0.510846 1.264559 1.086197 0.000000 0.000000 0.000000 1.000000 0.000000 0.000000
25.000000 245.937852 -0.718148 1.297641 1.059654 0.000000 0.000000 0.000000 1.000000 0.000000 0.000000
25.000000 245.944642 -0.722015 1.298172 1.060958 0.000000 0.000000 0.000000 1.000000 0.000000 0.000000
25.000000 245.947836 -0.865405 1.332996 1.026667 0.000000 0.000000 0.000000 1.000000 0.000000 0.000000
25.000000 245.954605 -0.717237 1.292144 1.035355 0.000000 0.000000 0.000000 1.000000 0.000000 0.000000
25.000000 245.957907 -0.674266 1.276096 1.055744 0.000000 0.000000 0.000000 1.000000 0.000000 0.000000
25.000000 245.964812 -0.909588 1.347551 1.034027 0.000000 0.000000 0.000000 1.000000 0.000000 0.000000
25.000000 245.967813 -1.001550 1.364777 1.018350 0.000000 0.000000 0.000000 1.000000 0.000000 0.000000
25.000000 245.974631 -0.711237 1.277228 1.045193 0.000000 0.000000 0.000000 1.000000 0.000000 0.000000
25.000000 245.977939 -1.054214 1.318961 1.018168 0.000000 0.000000 0.000000 1.000000 0.000000 0.000000
25.000000 245.984709 -1.041034 1.317137 1.014368 0.000000 0.000000 0.000000 1.000000 0.000000 0.000000
25.000000 245.987759 -0.825872 1.296279 1.023543 0.000000 0.000000 0.000000 1.000000 0.000000 0.000000
25.000000 245.994722 -0.766407 1.277422 1.031155 0.000000 0.000000 0.000000 1.000000 0.000000 0.000000
25.000000 245.997839 -0.682994 1.270667 1.031335 0.000000 0.000000 0.000000 1.000000 0.000000 0.000000
25.000000 246.004641 -0.994550 1.368174 0.992909 0.000000 0.000000 0.000000 1.000000 0.000000 0.000000
25.000000 246.007866 -1.574471 1.438532 0.938337 0.000000 0.000000 0.000000 1.000000 0.000000 0.000000
25.000000 246.014694 -1.527751 1.424629 0.941480 0.000000 0.000000 0.000000 1.000000 0.000000 0.000000
25.000000 246.017889 -1.528204 1.427839 0.937329 0.000000 0.000000 0.000000 1.000000 0.000000 0.000000
25.000000 246.024810 -1.452164 1.407681 0.938404 0.000000 0.000000 0.000000 1.000000 0.000000 0.000000
25.000000 246.028040 -0.927667 1.347500 0.982080 0.000000 0.000000 0.000000 1.000000 0.000000 0.000000
25.000000 246.034641 -0.884303 1.336246 0.982502 0.000000 0.000000 0.000000 1.000000 0.000000 0.000000
25.000000 246.037961 -1.362541 1.405542 0.924969 0.000000 0.000000 0.000000 1.000000 0.000000 0.000000
25.000000 246.044832 -1.191549 1.357922 0.932574 0.000000 0.000000 0.000000 1.000000 0.000000 0.000000
25.000000 246.047888 -1.182297 1.370910 0.916065 0.000000 0.000000 0.000000 1.000000 0.000000 0.000000
25.000000 246.054586 -0.916130 1.292441 0.938465 0.000000 0.000000 0.000000 1.000000 0.000000 0.000000
25.000000 246.057947 -0.975777 1.297043 0.936938 0.000000 0.000000 0.000000 1.000000 0.000000 0.000000
25.000000 246.064844 -1.080670 1.337955 0.909658 0.000000 0.000000 0.000000 1.000000 0.000000 0.000000
25.000000 246.067906 -1.374767 1.384119 0.865194 0.000000 0.000000 0.000000 1.000000 0.000000 0.000000
25.000000 246.074669 -1.291621 1.357697 0.874055 0.000000 0.000000 0.000000 1.000000 0.000000 0.000000
25.000000 246.077929 -1.367038 1.372559 0.858936 0.000000 0.000000 0.000000 1.000000 0.000000 0.000000
25.000000 246.084782 -1.356956 1.373562 0.853275 0.000000 0.000000 0.000000 1.000000 0.000000 0.000000
25.000000 246.087885 -1.450462 1.390690 0.836051 0.000000 0.000000 0.000000 1.000000 0.000000 0.000000
25.000000 246.094705 -1.253631 1.333276 0.848814 0.000000 0.000000 0.000000 1.000000 0.000000 0.000000
25.000000 246.097957 -1.447183 1.359994 0.823871 0.000000 0.000000 0.000000 1.000000 0.000000 0.000000
25.000000 246.104815 -0.787510 1.260523 0.885884 0.000000 0.000000 0.000000 1.000000 0.000000 0.000000
25.000000 246.107947 -0.993545 1.299215 0.851318 0.000000 0.000000 0.000000 1.000000 0.000000 0.000000
25.000000 246.114685 -0.981421 1.309290 0.829131 0.000000 0.000000 0.000000 1.000000 0.000000 0.000000
25.000000 246.118023 -1.107813 1.332518 0.806239 0.000000 0.000000 0.000000 1.000000 0.000000 0.000000
25.000000 246.124749 -0.720218 1.212387 0.849869 0.000000 0.000000 0.000000 1.000000 0.000000 0.000000
25.000000 246.128016 -1.527937 1.318749 0.755930 0.000000 0.000000 0.000000 1.000000 0.000000 0.000000
25.000000 246.134693 -1.457491 1.303415 0.752097 0.000000 0.000000 0.000000 1.000000 0.000000 0.000000
25.000000 246.137936 -1.629168 1.327250 0.727919 0.000000 0.000000 0.000000 1.000000 0.000000 0.000000
25.000000 246.144832 -1.705559 1.363382 0.697073 0.000000 0.000000 0.000000 1.000000 0.000000 0.000000
25.000000 246.147985 -1.079656 1.309036 0.734729 0.000000 0.000000 0.000000 1.000000 0.000000 0.000000
25.000000 246.154686 -1.057328 1.302030 0.737348 0.000000 0.000000 0.000000 1.000000 0.000000 0.000000
25.000000 246.158043 -1.920754 1.401554 0.645374 0.000000 0.000000 0.000000 1.000000 0.000000 0.000000
25.000000 246.164831 -1.912983 1.406597 0.633305 0.000000 0.000000 0.000000 1.000000 0.000000 0.000000
25.000000 246.167922 -1.946651 1.427226 0.606074 0.000000 0.000000 0.000000 1.000000 0.000000 0.000000
25.000000 246.174765 -1.831428 1.396018 0.610621 0.000000 0.000000 0.000000 1.000000 0.000000 0.000000
25.000000 246.177935 -1.988098 1.426154 0.577683 0.000000 0.000000 0.000000 1.000000 0.000000 0.000000
25.000000 246.184870 -1.925262 1.414955 0.572246 0.000000 0.000000 0.000000 1.000000 0.000000 0.000000
25.000000 246.187929 -1.898739 1.429446 0.555136 0.000000 0.000000 0.000000 1.000000 0.000000 0.000000
25.000000 246.194830 -1.713808 1.381686 0.561516 0.000000 0.000000 0.000000 1.000000 0.000000 0.000000
25.000000 246.197931 -1.827234 1.418167 0.523828 0.000000 0.000000 0.000000 1.000000 0.000000 0.000000
25.000000 246.204766 -1.689526 1.386843 0.525352 0.000000 0.000000 0.000000 1.000000 0.000000 0.000000
25.000000 246.207950 -1.704077 1.394004 0.517903 0.000000 0.000000 0.000000 1.000000 0.000000 0.000000
25.000000 246.214863 -1.560091 1.357797 0.521967 0.000000 0.000000 0.000000 1.000000 0.000000 0.000000
25.000000 246.217947 -2.103817 1.427332 0.448535 0.000000 0.000000 0.000000 1.000000 0.000000 0.000000
25.000000 246.224891 -1.843099 1.355710 0.459929 0.000000 0.000000 0.000000 1.000000 0.000000 0.000000
25.000000 246.228043 -1.653550 1.349924 0.461236 0.000000 0.000000 0.000000 1.000000 0.000000 0.000000
25.000000 246.234874 -1.627337 1.352959 0.447931 0.000000 0.000000 0.000000 1.000000 0.000000 0.000000
25.000000 246.237939 -2.058245 1.412140 0.382802 0.000000 0.000000 0.000000 1.000000 0.000000 0.000000
25.000000 246.244932 -1.991112 1.398371 0.378182 0.000000 0.000000 0.000000 1.000000 0.000000 0.000000
25.000000 246.247962 -2.144648 1.425361 0.345668 0.000000 0.000000 0.000000 1.000000 0.000000 0.000000
25.000000 246.254793 -1.992035 1.381514 0.355629 0.000000 0.000000 0.000000 1.000000 0.000000 0.000000
25.000000 246.257996 -2.129145 1.412786 0.317626 0.000000 0.000000 0.000000 1.000000 0.000000 0.000000
25.000000 246.264818 -2.005307 1.383361 0.317677 0.000000 0.000000 0.000000 1.000000 0.000000 0.000000
25.000000 246.267937 -2.099937 1.408501 0.287250 0.000000 0.000000 0.000000 1.000000 0.000000 0.000000
25.000000 246.274827 -2.028280 1.397298 0.279283 0.000000 0.000000 0.000000 1.000000 0.000000 0.000000
25.000000 246.278131 -2.006021 1.422826 0.250166 0.000000 0.000000 0.000000 1.000000 0.000000 0.000000
25.000000 246.284852 -1.816371 1.379069 0.253621 0.000000 0.000000 0.000000 1.000000 0.000000 0.000000
25.000000 246.298012 -1.959024 1.404341 0.181106 0.000000 0.000000 0.000000 1.000000 0.000000 0.000000
25.000000 246.304906 -1.753815 1.343870 0.199694 0.000000 0.000000 0.000000 1.000000 0.000000 0.000000
