33.000000 346.871376 24.866330 -0.279102 0.485712 0.000000 0.000000 0.000000 1.000000 0.000000 0.000000
33.000000 346.881369 24.734429 -0.277549 0.598241 0.000000 0.000000 0.000000 1.000000 0.000000 0.000000
33.000000 346.891459 24.579339 -0.269932 0.703376 0.000000 0.000000 0.000000 1.000000 0.000000 0.000000
33.000000 346.901267 24.413544 -0.266352 0.803726 0.000000 0.000000 0.000000 1.000000 0.000000 0.000000
33.000000 346.911477 24.257026 -0.253246 0.885389 0.000000 0.000000 0.000000 1.000000 0.000000 0.000000
33.000000 346.921243 24.116289 -0.252808 0.962632 0.000000 0.000000 0.000000 1.000000 0.000000 0.000000
33.000000 346.931419 23.945311 -0.258754 1.051834 0.000000 0.000000 0.000000 1.000000 0.000000 0.000000
33.000000 346.936319 22.976452 -0.269849 1.325372 0.000000 0.000000 0.000000 1.000000 0.000000 0.000000
33.000000 346.941361 23.780503 -0.257811 1.130581 0.000000 0.000000 0.000000 1.000000 0.000000 0.000000
33.000000 346.946302 22.869530 -0.268042 1.394300 0.000000 0.000000 0.000000 1.000000 0.000000 0.000000
33.000000 346.951294 23.710056 -0.228940 1.206414 0.000000 0.000000 0.000000 1.000000 0.000000 0.000000
33.000000 346.956358 22.736183 -0.247987 1.460020 0.000000 0.000000 0.000000 1.000000 0.000000 0.000000
33.000000 346.961404 23.567151 -0.225684 1.280502 0.000000 0.000000 0.000000 1.000000 0.000000 0.000000
33.000000 346.966335 22.647911 -0.248267 1.541527 0.000000 0.000000 0.000000 1.000000 0.000000 0.000000
33.000000 346.971322 23.415487 -0.218511 1.368023 0.000000 0.000000 0.000000 1.000000 0.000000 0.000000
33.000000 346.976285 22.538240 -0.241714 1.608476 0.000000 0.000000 0.000000 1.000000 0.000000 0.000000
33.000000 346.981218 23.257279 -0.219386 1.452049 0.000000 0.000000 0.000000 1.000000 0.000000 0.000000
33.000000 346.986308 22.444128 -0.242773 1.681554 0.000000 0.000000 0.000000 1.000000 0.000000 0.000000
33.000000 346.991452 23.090437 -0.215627 1.529024 0.000000 0.000000 0.000000 1.000000 0.000000 0.000000
33.000000 346.996344 22.338096 -0.239985 1.745899 0.000000 0.000000 0.000000 1.000000 0.000000 0.000000
33.000000 347.001451 22.988049 -0.201718 1.595343 0.000000 0.000000 0.000000 1.000000 0.000000 0.000000
33.000000 347.006387 22.217253 -0.230071 1.806960 0.000000 0.000000 0.000000 1.000000 0.000000 0.000000
33.000000 347.011532 22.956872 -0.193258 1.661678 0.000000 0.000000 0.000000 1.000000 0.000000 0.000000
33.000000 347.016364 22.104995 -0.223498 1.870592 0.000000 0.000000 0.000000 1.000000 0.000000 0.000000
33.000000 347.021319 22.736754 -0.188630 1.732737 0.000000 0.000000 0.000000 1.000000 0.000000 0.000000
33.000000 347.026343 21.993407 -0.218360 1.934085 0.000000 0.000000 0.000000 1.000000 0.000000 0.000000
33.000000 347.031344 22.571877 -0.186646 1.801896 0.000000 0.000000 0.000000 1.000000 0.000000 0.000000
33.000000 347.036336 21.883942 -0.215832 1.993987 0.000000 0.000000 0.000000 1.000000 0.000000 0.000000
33.000000 347.041384 22.445408 -0.181703 1.866552 0.000000 0.000000 0.000000 1.000000 0.000000 0.000000
33.000000 347.051429 22.253588 -0.196290 1.938325 0.000000 0.000000 0.000000 1.000000 0.000000 0.000000
33.000000 347.061287 22.216077 -0.163841 1.994505 0.000000 0.000000 0.000000 1.000000 0.000000 0.000000
33.000000 347.071525 22.077822 -0.158084 2.060996 0.000000 0.000000 0.000000 1.000000 0.000000 0.000000
33.000000 347.081307 21.924735 -0.157463 2.124365 0.000000 0.000000 0.000000 1.000000 0.000000 0.000000
33.000000 347.091559 21.802516 -0.146819 2.184333 0.000000 0.000000 0.000000 1.000000 0.000000 0.000000
33.000000 347.101296 21.680591 -0.142471 2.245341 0.000000 0.000000 0.000000 1.000000 0.000000 0.000000
33.000000 347.111362 21.554383 -0.138747 2.296099 0.000000 0.000000 0.000000 1.000000 0.000000 0.000000
33.000000 347.121424 21.408421 -0.137177 2.353975 0.000000 0.000000 0.000000 1.000000 0.000000 0.000000
33.000000 347.128622 19.936223 0.041881 2.268181 0.000000 0.000000 0.000000 1.000000 0.000000 0.000000
33.000000 347.128840 20.416338 -0.400294 2.376415 0.000000 0.000000 0.000000 1.000000 0.000000 0.000000
33.000000 347.131432 21.291603 -0.124986 2.409477 0.000000 0.000000 0.000000 1.000000 0.000000 0.000000
33.000000 347.138830 20.301331 -0.391910 2.435846 0.000000 0.000000 0.000000 1.000000 0.000000 0.000000
33.000000 347.141392 21.155418 -0.122671 2.467016 0.000000 0.000000 0.000000 1.000000 0.000000 0.000000
33.000000 347.148790 20.171643 -0.390520 2.484016 0.000000 0.000000 0.000000 1.000000 0.000000 0.000000
33.000000 347.151318 21.036303 -0.116014 2.516506 0.000000 0.000000 0.000000 1.000000 0.000000 0.000000
33.000000 347.158846 20.061664 -0.377491 2.533114 0.000000 0.000000 0.000000 1.000000 0.000000 0.000000
33.000000 347.161384 20.894331 -0.110419 2.570534 0.000000 0.000000 0.000000 1.000000 0.000000 0.000000
33.000000 347.169049 19.944032 -0.369651 2.586573 0.000000 0.000000 0.000000 1.000000 0.000000 0.000000
33.000000 347.171365 20.762368 -0.105883 2.623444 0.000000 0.000000 0.000000 1.000000 0.000000 0.000000
33.000000 347.178990 19.829812 -0.364664 2.631391 0.000000 0.000000 0.000000 1.000000 0.000000 0.000000
33.000000 347.181438 20.632500 -0.105637 2.667337 0.000000 0.000000 0.000000 1.000000 0.000000 0.000000
33.000000 347.186497 20.237314 -0.136942 2.789494 0.000000 0.000000 0.000000 1.000000 0.000000 0.000000
33.000000 347.188862 19.686240 -0.363688 2.685927 0.000000 0.000000 0.000000 1.000000 0.000000 0.000000
33.000000 347.191325 20.514432 -0.094481 2.718469 0.000000 0.000000 0.000000 1.000000 0.000000 0.000000
33.000000 347.198946 19.600292 -0.350324 2.724445 0.000000 0.000000 0.000000 1.000000 0.000000 0.000000
33.000000 347.201449 20.333130 -0.110351 2.765156 0.000000 0.000000 0.000000 1.000000 0.000000 0.000000
33.000000 347.208875 19.481812 -0.341523 2.772022 0.000000 0.000000 0.000000 1.000000 0.000000 0.000000
33.000000 347.211475 20.251665 -0.086777 2.813994 0.000000 0.000000 0.000000 1.000000 0.000000 0.000000
33.000000 347.218927 19.349767 -0.339763 2.821522 0.000000 0.000000 0.000000 1.000000 0.000000 0.000000
33.000000 347.221443 20.126840 -0.081236 2.858347 0.000000 0.000000 0.000000 1.000000 0.000000 0.000000
33.000000 347.228703 18.719184 0.091829 2.774141 0.000000 0.000000 0.000000 1.000000 0.000000 0.000000
33.000000 347.228861 19.230358 -0.328749 2.861412 0.000000 0.000000 0.000000 1.000000 0.000000 0.000000
33.000000 347.231594 19.996008 -0.072917 2.899993 0.000000 0.000000 0.000000 1.000000 0.000000 0.000000
33.000000 347.238516 18.596249 0.108631 2.814185 0.000000 0.000000 0.000000 1.000000 0.000000 0.000000
33.000000 347.239017 19.124863 -0.322090 2.901647 0.000000 0.000000 0.000000 1.000000 0.000000 0.000000
33.000000 347.241307 19.854687 -0.077140 2.937736 0.000000 0.000000 0.000000 1.000000 0.000000 0.000000
33.000000 347.248864 19.021609 -0.312662 2.944719 0.000000 0.000000 0.000000 1.000000 0.000000 0.000000
33.000000 347.251565 19.700946 -0.082427 2.984289 0.000000 0.000000 0.000000 1.000000 0.000000 0.000000
33.000000 347.258661 18.390558 0.099115 2.900195 0.000000 0.000000 0.000000 1.000000 0.000000 0.000000
33.000000 347.258952 18.902932 -0.309373 2.982114 0.000000 0.000000 0.000000 1.000000 0.000000 0.000000
33.000000 347.261492 19.638126 -0.059006 3.022896 0.000000 0.000000 0.000000 1.000000 0.000000 0.000000
33.000000 347.268871 18.781885 -0.300050 3.022705 0.000000 0.000000 0.000000 1.000000 0.000000 0.000000
33.000000 347.271717 19.508773 -0.050172 3.062893 0.000000 0.000000 0.000000 1.000000 0.000000 0.000000
33.000000 347.278920 18.656001 -0.298901 3.063684 0.000000 0.000000 0.000000 1.000000 0.000000 0.000000
33.000000 347.281481 19.387144 -0.046906 3.101168 0.000000 0.000000 0.000000 1.000000 0.000000 0.000000
33.000000 347.288940 18.525545 -0.291801 3.099084 0.000000 0.000000 0.000000 1.000000 0.000000 0.000000
33.000000 347.291526 19.238552 -0.044560 3.138179 0.000000 0.000000 0.000000 1.000000 0.000000 0.000000
33.000000 347.298949 18.425110 -0.285158 3.131717 0.000000 0.000000 0.000000 1.000000 0.000000 0.000000
33.000000 347.301446 19.133908 -0.038076 3.170360 0.000000 0.000000 0.000000 1.000000 0.000000 0.000000
33.000000 347.308892 18.306751 -0.282725 3.167134 0.000000 0.000000 0.000000 1.000000 0.000000 0.000000
33.000000 347.311524 19.012580 -0.035640 3.205099 0.000000 0.000000 0.000000 1.000000 0.000000 0.000000
33.000000 347.318932 18.166245 -0.279241 3.206934 0.000000 0.000000 0.000000 1.000000 0.000000 0.000000
33.000000 347.321611 18.844408 -0.039303 3.246715 0.000000 0.000000 0.000000 1.000000 0.000000 0.000000
33.000000 347.328888 18.057493 -0.279107 3.237053 0.000000 0.000000 0.000000 1.000000 0.000000 0.000000
33.000000 347.331483 18.742816 -0.036027 3.273521 0.000000 0.000000 0.000000 1.000000 0.000000 0.000000
33.000000 347.338954 17.966275 -0.266166 3.263674 0.000000 0.000000 0.000000 1.000000 0.000000 0.000000
33.000000 347.341358 18.639717 -0.025547 3.301551 0.000000 0.000000 0.000000 1.000000 0.000000 0.000000
33.000000 347.348946 17.865299 -0.268656 3.286308 0.000000 0.000000 0.000000 1.000000 0.000000 0.000000
33.000000 347.351410 18.534032 -0.028448 3.328597 0.000000 0.000000 0.000000 1.000000 0.000000 0.000000
33.000000 347.358472 17.111543 0.166593 3.248655 0.000000 0.000000 0.000000 1.000000 0.000000 0.000000
33.000000 347.359068 17.710077 -0.261095 3.318748 0.000000 0.000000 0.000000 1.000000 0.000000 0.000000
33.000000 347.361350 18.360872 -0.025597 3.358108 0.000000 0.000000 0.000000 1.000000 0.000000 0.000000
33.000000 347.368525 17.048986 0.155676 3.277597 0.000000 0.000000 0.000000 1.000000 0.000000 0.000000
33.000000 347.369095 17.620696 -0.248313 3.343644 0.000000 0.000000 0.000000 1.000000 0.000000 0.000000
33.000000 347.371566 18.263164 -0.013720 3.383334 0.000000 0.000000 0.000000 1.000000 0.000000 0.000000
33.000000 347.379173 17.501441 -0.241690 3.369092 0.000000 0.000000 0.000000 1.000000 0.000000 0.000000
33.000000 347.381449 18.116705 -0.015983 3.407004 0.000000 0.000000 0.000000 1.000000 0.000000 0.000000
33.000000 347.388983 17.348907 -0.252018 3.393634 0.000000 0.000000 0.000000 1.000000 0.000000 0.000000
33.000000 347.391495 18.047834 0.005835 3.424500 0.000000 0.000000 0.000000 1.000000 0.000000 0.000000
33.000000 347.399096 17.338205 -0.230663 3.396334 0.000000 0.000000 0.000000 1.000000 0.000000 0.000000
33.000000 347.401429 17.949659 -0.001897 3.447631 0.000000 0.000000 0.000000 1.000000 0.000000 0.000000
33.000000 347.411499 17.785321 0.005531 3.465941 0.000000 0.000000 0.000000 1.000000 0.000000 0.000000
33.000000 347.421432 17.664700 0.007658 3.480097 0.000000 0.000000 0.000000 1.000000 0.000000 0.000000
33.000000 347.431579 17.555777 0.017670 3.497918 0.000000 0.000000 0.000000 1.000000 0.000000 0.000000
33.000000 347.441448 17.431134 0.026811 3.512145 0.000000 0.000000 0.000000 1.000000 0.000000 0.000000
33.000000 347.448955 17.116399 -0.030450 3.508624 0.000000 0.000000 0.000000 1.000000 0.000000 0.000000
33.000000 347.451658 17.276508 0.019065 3.521001 0.000000 0.000000 0.000000 1.000000 0.000000 0.000000
33.000000 347.461500 17.165866 0.025053 3.548505 0.000000 0.000000 0.000000 1.000000 0.000000 0.000000
33.000000 347.471715 17.045168 0.027227 3.568073 0.000000 0.000000 0.000000 1.000000 0.000000 0.000000
33.000000 347.479138 16.797520 -0.012712 3.569668 0.000000 0.000000 0.000000 1.000000 0.000000 0.000000
33.000000 347.481481 16.957702 0.040047 3.579838 0.000000 0.000000 0.000000 1.000000 0.000000 0.000000
33.000000 347.488983 16.687200 -0.007270 3.586810 0.000000 0.000000 0.000000 1.000000 0.000000 0.000000
33.000000 347.491700 16.879364 0.057866 3.592474 0.000000 0.000000 0.000000 1.000000 0.000000 0.000000
33.000000 347.499015 16.560265 0.001801 3.608030 0.000000 0.000000 0.000000 1.000000 0.000000 0.000000
33.000000 347.501651 16.729603 0.060176 3.608997 0.000000 0.000000 0.000000 1.000000 0.000000 0.000000
33.000000 347.511712 16.620044 0.062082 3.610823 0.000000 0.000000 0.000000 1.000000 0.000000 0.000000
33.000000 347.518941 16.349358 0.010684 3.619062 0.000000 0.000000 0.000000 1.000000 0.000000 0.000000
33.000000 347.521539 16.525099 0.070578 3.619754 0.000000 0.000000 0.000000 1.000000 0.000000 0.000000
33.000000 347.528978 16.226235 0.021369 3.632106 0.000000 0.000000 0.000000 1.000000 0.000000 0.000000
33.000000 347.531607 16.367399 0.067977 3.637715 0.000000 0.000000 0.000000 1.000000 0.000000 0.000000
33.000000 347.538966 16.116881 0.026463 3.642762 0.000000 0.000000 0.000000 1.000000 0.000000 0.000000
33.000000 347.541436 16.216145 0.056368 3.651270 0.000000 0.000000 0.000000 1.000000 0.000000 0.000000
33.000000 347.561415 16.007570 0.084057 3.663849 0.000000 0.000000 0.000000 1.000000 0.000000 0.000000
33.000000 347.569064 15.753069 0.035397 3.672943 0.000000 0.000000 0.000000 1.000000 0.000000 0.000000
33.000000 347.571525 15.900965 0.086429 3.670795 0.000000 0.000000 0.000000 1.000000 0.000000 0.000000
33.000000 347.579042 15.659591 0.045901 3.681460 0.000000 0.000000 0.000000 1.000000 0.000000 0.000000
33.000000 347.581456 15.787602 0.088592 3.676914 0.000000 0.000000 0.000000 1.000000 0.000000 0.000000
33.000000 347.589064 15.538413 0.045443 3.678050 0.000000 0.000000 0.000000 1.000000 0.000000 0.000000
33.000000 347.591608 15.695727 0.098775 3.669817 0.000000 0.000000 0.000000 1.000000 0.000000 0.000000
33.000000 347.601483 15.213388 0.106207 3.723471 0.000000 0.000000 0.000000 1.000000 0.000000 0.000000
33.000000 347.611645 15.105265 0.106696 3.729657 0.000000 0.000000 0.000000 1.000000 0.000000 0.000000
33.000000 347.621452 15.016621 0.109896 3.730037 0.000000 0.000000 0.000000 1.000000 0.000000 0.000000
33.000000 347.631558 14.887193 0.120216 3.728386 0.000000 0.000000 0.000000 1.000000 0.000000 0.000000
33.000000 347.651716 15.027615 0.124710 3.677241 0.000000 0.000000 0.000000 1.000000 0.000000 0.000000
33.000000 347.656642 14.635494 0.122871 3.730362 0.000000 0.000000 0.000000 1.000000 0.000000 0.000000
33.000000 347.661519 14.901583 0.130407 3.670968 0.000000 0.000000 0.000000 1.000000 0.000000 0.000000
33.000000 347.669091 14.655415 0.092394 3.694759 0.000000 0.000000 0.000000 1.000000 0.000000 0.000000
33.000000 347.671550 14.765111 0.130579 3.676062 0.000000 0.000000 0.000000 1.000000 0.000000 0.000000
33.000000 347.679184 14.556192 0.097754 3.688698 0.000000 0.000000 0.000000 1.000000 0.000000 0.000000
33.000000 347.681428 14.686029 0.143610 3.665108 0.000000 0.000000 0.000000 1.000000 0.000000 0.000000
33.000000 347.689170 14.437702 0.103335 3.680829 0.000000 0.000000 0.000000 1.000000 0.000000 0.000000
33.000000 347.691570 14.578915 0.153883 3.656334 0.000000 0.000000 0.000000 1.000000 0.000000 0.000000
33.000000 347.699204 14.339690 0.112423 3.684071 0.000000 0.000000 0.000000 1.000000 0.000000 0.000000
33.000000 347.701554 14.457236 0.152609 3.652832 0.000000 0.000000 0.000000 1.000000 0.000000 0.000000
33.000000 347.709156 14.247184 0.116799 3.680442 0.000000 0.000000 0.000000 1.000000 0.000000 0.000000
33.000000 347.711581 14.365911 0.157938 3.646900 0.000000 0.000000 0.000000 1.000000 0.000000 0.000000
33.000000 347.721469 14.254506 0.166541 3.644732 0.000000 0.000000 0.000000 1.000000 0.000000 0.000000
33.000000 347.729127 14.016654 0.127625 3.671385 0.000000 0.000000 0.000000 1.000000 0.000000 0.000000
33.000000 347.731563 14.141226 0.173417 3.639069 0.000000 0.000000 0.000000 1.000000 0.000000 0.000000
33.000000 347.739300 13.643653 0.006665 3.602787 0.000000 0.000000 0.000000 1.000000 0.000000 0.000000
33.000000 347.741548 14.011029 0.175120 3.635653 0.000000 0.000000 0.000000 1.000000 0.000000 0.000000
33.000000 347.749063 13.435995 -0.045520 3.612382 0.000000 0.000000 0.000000 1.000000 0.000000 0.000000
33.000000 347.751599 13.921475 0.172304 3.617099 0.000000 0.000000 0.000000 1.000000 0.000000 0.000000
33.000000 347.759180 13.364502 -0.016510 3.607434 0.000000 0.000000 0.000000 1.000000 0.000000 0.000000
33.000000 347.761599 13.816186 0.187744 3.607666 0.000000 0.000000 0.000000 1.000000 0.000000 0.000000
33.000000 347.769179 13.246213 -0.012131 3.598914 0.000000 0.000000 0.000000 1.000000 0.000000 0.000000
33.000000 347.771836 13.710769 0.198869 3.595061 0.000000 0.000000 0.000000 1.000000 0.000000 0.000000
33.000000 347.779456 13.111816 -0.011108 3.586907 0.000000 0.000000 0.000000 1.000000 0.000000 0.000000
33.000000 347.781595 13.576273 0.201770 3.583814 0.000000 0.000000 0.000000 1.000000 0.000000 0.000000
33.000000 347.789189 13.021848 -0.005293 3.567167 0.000000 0.000000 0.000000 1.000000 0.000000 0.000000
33.000000 347.791736 13.483321 0.207545 3.565917 0.000000 0.000000 0.000000 1.000000 0.000000 0.000000
33.000000 347.798714 12.360717 0.302859 3.542629 0.000000 0.000000 0.000000 1.000000 0.000000 0.000000
33.000000 347.799156 12.931975 0.005050 3.545441 0.000000 0.000000 0.000000 1.000000 0.000000 0.000000
33.000000 347.801621 13.360785 0.202638 3.537256 0.000000 0.000000 0.000000 1.000000 0.000000 0.000000
33.000000 347.809231 12.821765 0.019830 3.537035 0.000000 0.000000 0.000000 1.000000 0.000000 0.000000
33.000000 347.811695 13.254782 0.220690 3.524788 0.000000 0.000000 0.000000 1.000000 0.000000 0.000000
33.000000 347.819176 12.714734 0.026671 3.523956 0.000000 0.000000 0.000000 1.000000 0.000000 0.000000
33.000000 347.821790 13.142664 0.225346 3.501926 0.000000 0.000000 0.000000 1.000000 0.000000 0.000000
33.000000 347.829238 12.623158 0.031472 3.507334 0.000000 0.000000 0.000000 1.000000 0.000000 0.000000
33.000000 347.831617 13.060716 0.235194 3.480047 0.000000 0.000000 0.000000 1.000000 0.000000 0.000000
33.000000 347.839210 12.517506 0.032865 3.487836 0.000000 0.000000 0.000000 1.000000 0.000000 0.000000
33.000000 347.841745 12.942997 0.231913 3.459668 0.000000 0.000000 0.000000 1.000000 0.000000 0.000000
33.000000 347.849186 12.399212 0.032159 3.464220 0.000000 0.000000 0.000000 1.000000 0.000000 0.000000
33.000000 347.851621 12.812263 0.226850 3.433944 0.000000 0.000000 0.000000 1.000000 0.000000 0.000000
33.000000 347.859296 12.318947 0.051857 3.443086 0.000000 0.000000 0.000000 1.000000 0.000000 0.000000
33.000000 347.861662 12.729768 0.246812 3.413664 0.000000 0.000000 0.000000 1.000000 0.000000 0.000000
33.000000 347.869251 12.200722 0.055414 3.416968 0.000000 0.000000 0.000000 1.000000 0.000000 0.000000
33.000000 347.871689 12.605652 0.248858 3.387393 0.000000 0.000000 0.000000 1.000000 0.000000 0.000000
33.000000 347.878708 11.509140 0.350293 3.395184 0.000000 0.000000 0.000000 1.000000 0.000000 0.000000
33.000000 347.879326 12.094993 0.056047 3.394520 0.000000 0.000000 0.000000 1.000000 0.000000 0.000000
33.000000 347.881625 12.490633 0.245752 3.361735 0.000000 0.000000 0.000000 1.000000 0.000000 0.000000
33.000000 347.889306 11.995310 0.059974 3.372580 0.000000 0.000000 0.000000 1.000000 0.000000 0.000000
33.000000 347.891822 12.404706 0.257935 3.338305 0.000000 0.000000 0.000000 1.000000 0.000000 0.000000
33.000000 347.899310 11.882850 0.036724 3.331578 0.000000 0.000000 0.000000 1.000000 0.000000 0.000000
33.000000 347.901645 12.313368 0.245200 3.298703 0.000000 0.000000 0.000000 1.000000 0.000000 0.000000
33.000000 347.909224 11.799300 0.078006 3.319645 0.000000 0.000000 0.000000 1.000000 0.000000 0.000000
33.000000 347.911743 12.202115 0.274782 3.276833 0.000000 0.000000 0.000000 1.000000 0.000000 0.000000
33.000000 347.919123 11.700183 0.079174 3.290983 0.000000 0.000000 0.000000 1.000000 0.000000 0.000000
33.000000 347.921641 12.101379 0.275985 3.247769 0.000000 0.000000 0.000000 1.000000 0.000000 0.000000
33.000000 347.929245 11.604956 0.088682 3.260427 0.000000 0.000000 0.000000 1.000000 0.000000 0.000000
33.000000 347.931798 11.988465 0.278092 3.220460 0.000000 0.000000 0.000000 1.000000 0.000000 0.000000
33.000000 347.939170 11.408012 0.046247 3.239484 0.000000 0.000000 0.000000 1.000000 0.000000 0.000000
33.000000 347.941660 11.875876 0.279167 3.190332 0.000000 0.000000 0.000000 1.000000 0.000000 0.000000
33.000000 347.949189 11.311738 0.049453 3.208205 0.000000 0.000000 0.000000 1.000000 0.000000 0.000000
33.000000 347.951785 11.772486 0.279371 3.153997 0.000000 0.000000 0.000000 1.000000 0.000000 0.000000
33.000000 347.958788 10.637097 0.336794 3.168922 0.000000 0.000000 0.000000 1.000000 0.000000 0.000000
33.000000 347.959102 11.212367 0.060840 3.177278 0.000000 0.000000 0.000000 1.000000 0.000000 0.000000
33.000000 347.961695 11.674244 0.292972 3.120622 0.000000 0.000000 0.000000 1.000000 0.000000 0.000000
33.000000 347.969260 11.093608 0.051654 3.149209 0.000000 0.000000 0.000000 1.000000 0.000000 0.000000
33.000000 347.971808 11.585311 0.300537 3.085273 0.000000 0.000000 0.000000 1.000000 0.000000 0.000000
33.000000 347.979284 10.975390 0.058758 3.115471 0.000000 0.000000 0.000000 1.000000 0.000000 0.000000
33.000000 347.981665 11.468409 0.310133 3.050083 0.000000 0.000000 0.000000 1.000000 0.000000 0.000000
33.000000 347.989286 10.898257 0.069620 3.080562 0.000000 0.000000 0.000000 1.000000 0.000000 0.000000
33.000000 347.991874 11.354630 0.303635 3.016843 0.000000 0.000000 0.000000 1.000000 0.000000 0.000000
33.000000 347.999194 10.801842 0.073300 3.037806 0.000000 0.000000 0.000000 1.000000 0.000000 0.000000
33.000000 348.001725 11.266332 0.312091 2.971814 0.000000 0.000000 0.000000 1.000000 0.000000 0.000000
33.000000 348.009179 10.662804 0.060019 3.010767 0.000000 0.000000 0.000000 1.000000 0.000000 0.000000
33.000000 348.011819 11.165247 0.320727 2.936252 0.000000 0.000000 0.000000 1.000000 0.000000 0.000000
33.000000 348.019204 10.570854 0.068158 2.973797 0.000000 0.000000 0.000000 1.000000 0.000000 0.000000
33.000000 348.021783 11.044360 0.316015 2.903973 0.000000 0.000000 0.000000 1.000000 0.000000 0.000000
33.000000 348.029322 10.481363 0.073694 2.934773 0.000000 0.000000 0.000000 1.000000 0.000000 0.000000
33.000000 348.031798 10.955257 0.323678 2.866364 0.000000 0.000000 0.000000 1.000000 0.000000 0.000000
33.000000 348.038799 9.832949 0.361536 2.879028 0.000000 0.000000 0.000000 1.000000 0.000000 0.000000
33.000000 348.039169 10.412009 0.095517 2.892501 0.000000 0.000000 0.000000 1.000000 0.000000 0.000000
33.000000 348.041626 10.832259 0.318759 2.820967 0.000000 0.000000 0.000000 1.000000 0.000000 0.000000
33.000000 348.048833 9.761230 0.360201 2.837529 0.000000 0.000000 0.000000 1.000000 0.000000 0.000000
33.000000 348.049299 10.312303 0.105366 2.838617 0.000000 0.000000 0.000000 1.000000 0.000000 0.000000
33.000000 348.051748 10.735760 0.329806 2.773564 0.000000 0.000000 0.000000 1.000000 0.000000 0.000000
33.000000 348.059450 10.204117 0.097722 2.810432 0.000000 0.000000 0.000000 1.000000 0.000000 0.000000
33.000000 348.061680 10.656996 0.340540 2.733402 0.000000 0.000000 0.000000 1.000000 0.000000 0.000000
33.000000 348.069343 10.121536 0.115941 2.764403 0.000000 0.000000 0.000000 1.000000 0.000000 0.000000
33.000000 348.071723 10.543334 0.343394 2.687035 0.000000 0.000000 0.000000 1.000000 0.000000 0.000000
33.000000 348.078832 9.425220 0.389850 2.711021 0.000000 0.000000 0.000000 1.000000 0.000000 0.000000
33.000000 348.079415 10.026520 0.116585 2.720997 0.000000 0.000000 0.000000 1.000000 0.000000 0.000000
33.000000 348.081674 10.443787 0.342798 2.642758 0.000000 0.000000 0.000000 1.000000 0.000000 0.000000
33.000000 348.089346 9.918235 0.117044 2.678864 0.000000 0.000000 0.000000 1.000000 0.000000 0.000000
33.000000 348.091742 10.340726 0.347292 2.593892 0.000000 0.000000 0.000000 1.000000 0.000000 0.000000
33.000000 348.099376 9.873246 0.145651 2.617388 0.000000 0.000000 0.000000 1.000000 0.000000 0.000000
33.000000 348.101698 10.256834 0.356551 2.541231 0.000000 0.000000 0.000000 1.000000 0.000000 0.000000
33.000000 348.109388 9.743371 0.137863 2.581752 0.000000 0.000000 0.000000 1.000000 0.000000 0.000000
33.000000 348.111809 10.129319 0.352026 2.501728 0.000000 0.000000 0.000000 1.000000 0.000000 0.000000
33.000000 348.119320 9.636835 0.132381 2.536444 0.000000 0.000000 0.000000 1.000000 0.000000 0.000000
33.000000 348.121642 10.038994 0.357133 2.450135 0.000000 0.000000 0.000000 1.000000 0.000000 0.000000
33.000000 348.129213 9.530055 0.132589 2.490398 0.000000 0.000000 0.000000 1.000000 0.000000 0.000000
33.000000 348.131767 9.942394 0.363150 2.401270 0.000000 0.000000 0.000000 1.000000 0.000000 0.000000
33.000000 348.138812 8.863478 0.389946 2.431853 0.000000 0.000000 0.000000 1.000000 0.000000 0.000000
33.000000 348.139323 9.434119 0.137314 2.441862 0.000000 0.000000 0.000000 1.000000 0.000000 0.000000
33.000000 348.141671 9.843140 0.368190 2.350664 0.000000 0.000000 0.000000 1.000000 0.000000 0.000000
33.000000 348.149425 9.390382 0.167666 2.383932 0.000000 0.000000 0.000000 1.000000 0.000000 0.000000
33.000000 348.151763 9.752186 0.371894 2.300221 0.000000 0.000000 0.000000 1.000000 0.000000 0.000000
33.000000 348.159325 9.279912 0.167286 2.337199 0.000000 0.000000 0.000000 1.000000 0.000000 0.000000
33.000000 348.161755 9.656620 0.381204 2.250413 0.000000 0.000000 0.000000 1.000000 0.000000 0.000000
33.000000 348.169221 9.182373 0.171608 2.281409 0.000000 0.000000 0.000000 1.000000 0.000000 0.000000
33.000000 348.171778 9.564643 0.388729 2.189262 0.000000 0.000000 0.000000 1.000000 0.000000 0.000000
33.000000 348.179384 9.104559 0.184668 2.221270 0.000000 0.000000 0.000000 1.000000 0.000000 0.000000
33.000000 348.181778 9.462151 0.389317 2.135924 0.000000 0.000000 0.000000 1.000000 0.000000 0.000000
33.000000 348.189391 8.989173 0.183664 2.182524 0.000000 0.000000 0.000000 1.000000 0.000000 0.000000
33.000000 348.192015 9.349456 0.392727 2.090592 0.000000 0.000000 0.000000 1.000000 0.000000 0.000000
33.000000 348.199449 8.884571 0.175726 2.126195 0.000000 0.000000 0.000000 1.000000 0.000000 0.000000
33.000000 348.202024 9.255052 0.393265 2.033878 0.000000 0.000000 0.000000 1.000000 0.000000 0.000000
33.000000 348.209670 8.807051 0.200580 2.072552 0.000000 0.000000 0.000000 1.000000 0.000000 0.000000
33.000000 348.211815 9.146992 0.401406 1.981065 0.000000 0.000000 0.000000 1.000000 0.000000 0.000000
33.000000 348.219365 8.713701 0.203179 2.017602 0.000000 0.000000 0.000000 1.000000 0.000000 0.000000
33.000000 348.221749 9.052744 0.404066 1.923106 0.000000 0.000000 0.000000 1.000000 0.000000 0.000000
33.000000 348.229318 8.621652 0.205747 1.951672 0.000000 0.000000 0.000000 1.000000 0.000000 0.000000
33.000000 348.231984 8.960665 0.410232 1.866143 0.000000 0.000000 0.000000 1.000000 0.000000 0.000000
33.000000 348.239409 8.523239 0.211180 1.900098 0.000000 0.000000 0.000000 1.000000 0.000000 0.000000
33.000000 348.241789 8.855975 0.413785 1.812192 0.000000 0.000000 0.000000 1.000000 0.000000 0.000000
33.000000 348.249468 8.426555 0.208639 1.833680 0.000000 0.000000 0.000000 1.000000 0.000000 0.000000
33.000000 348.251927 8.768474 0.416044 1.737723 0.000000 0.000000 0.000000 1.000000 0.000000 0.000000
33.000000 348.259434 8.328734 0.220832 1.781372 0.000000 0.000000 0.000000 1.000000 0.000000 0.000000
33.000000 348.261796 8.658153 0.422971 1.677836 0.000000 0.000000 0.000000 1.000000 0.000000 0.000000
33.000000 348.269428 8.221571 0.219243 1.747997 0.000000 0.000000 0.000000 1.000000 0.000000 0.000000
33.000000 348.272097 8.572057 0.435015 1.635852 0.000000 0.000000 0.000000 1.000000 0.000000 0.000000
33.000000 348.279424 8.142549 0.235537 1.665482 0.000000 0.000000 0.000000 1.000000 0.000000 0.000000
33.000000 348.281945 8.462819 0.439003 1.575775 0.000000 0.000000 0.000000 1.000000 0.000000 0.000000
33.000000 348.289396 8.040083 0.230503 1.601475 0.000000 0.000000 0.000000 1.000000 0.000000 0.000000
33.000000 348.292037 8.361500 0.436609 1.511520 0.000000 0.000000 0.000000 1.000000 0.000000 0.000000
33.000000 348.298842 7.641254 0.370063 1.539849 0.000000 0.000000 0.000000 1.000000 0.000000 0.000000
33.000000 348.299403 7.960973 0.238407 1.537119 0.000000 0.000000 0.000000 1.000000 0.000000 0.000000
33.000000 348.301868 8.278714 0.441878 1.439355 0.000000 0.000000 0.000000 1.000000 0.000000 0.000000
33.000000 348.309343 7.807041 0.205529 1.487953 0.000000 0.000000 0.000000 1.000000 0.000000 0.000000
33.000000 348.312005 8.183096 0.450602 1.379378 0.000000 0.000000 0.000000 1.000000 0.000000 0.000000
33.000000 348.319380 7.714857 0.218116 1.420618 0.000000 0.000000 0.000000 1.000000 0.000000 0.000000
33.000000 348.321971 8.076877 0.458413 1.320940 0.000000 0.000000 0.000000 1.000000 0.000000 0.000000
33.000000 348.329390 7.621226 0.211897 1.359894 0.000000 0.000000 0.000000 1.000000 0.000000 0.000000
33.000000 348.331898 7.993137 0.461158 1.253408 0.000000 0.000000 0.000000 1.000000 0.000000 0.000000
33.000000 348.339020 7.094836 0.392866 1.269162 0.000000 0.000000 0.000000 1.000000 0.000000 0.000000
33.000000 348.339518 7.529573 0.222216 1.293480 0.000000 0.000000 0.000000 1.000000 0.000000 0.000000
33.000000 348.341790 7.885991 0.462645 1.191177 0.000000 0.000000 0.000000 1.000000 0.000000 0.000000
33.000000 348.349396 7.499671 0.249180 1.217703 0.000000 0.000000 0.000000 1.000000 0.000000 0.000000
33.000000 348.351847 7.825665 0.467572 1.113041 0.000000 0.000000 0.000000 1.000000 0.000000 0.000000
33.000000 348.359329 7.347943 0.231448 1.161650 0.000000 0.000000 0.000000 1.000000 0.000000 0.000000
33.000000 348.361753 7.698458 0.468826 1.050268 0.000000 0.000000 0.000000 1.000000 0.000000 0.000000
33.000000 348.369432 7.249987 0.235171 1.095607 0.000000 0.000000 0.000000 1.000000 0.000000 0.000000
33.000000 348.371918 7.597107 0.471467 0.981721 0.000000 0.000000 0.000000 1.000000 0.000000 0.000000
33.000000 348.378916 6.591021 0.454140 0.973604 0.000000 0.000000 0.000000 1.000000 0.000000 0.000000
33.000000 348.379335 7.160264 0.231159 1.024679 0.000000 0.000000 0.000000 1.000000 0.000000 0.000000
33.000000 348.381797 7.515441 0.476414 0.909365 0.000000 0.000000 0.000000 1.000000 0.000000 0.000000
33.000000 348.389393 7.060123 0.239551 0.952898 0.000000 0.000000 0.000000 1.000000 0.000000 0.000000
33.000000 348.391837 7.409735 0.483412 0.839445 0.000000 0.000000 0.000000 1.000000 0.000000 0.000000
33.000000 348.399367 7.018049 0.268928 0.862944 0.000000 0.000000 0.000000 1.000000 0.000000 0.000000
33.000000 348.401817 7.322417 0.482538 0.762169 0.000000 0.000000 0.000000 1.000000 0.000000 0.000000
33.000000 348.409529 6.892919 0.254675 0.808451 0.000000 0.000000 0.000000 1.000000 0.000000 0.000000
33.000000 348.412218 7.219681 0.486433 0.697000 0.000000 0.000000 0.000000 1.000000 0.000000 0.000000
33.000000 348.419422 6.804858 0.256066 0.735811 0.000000 0.000000 0.000000 1.000000 0.000000 0.000000
33.000000 348.421834 7.130974 0.490354 0.624407 0.000000 0.000000 0.000000 1.000000 0.000000 0.000000
33.000000 348.429392 6.714434 0.258215 0.664114 0.000000 0.000000 0.000000 1.000000 0.000000 0.000000
33.000000 348.431868 7.051050 0.500558 0.545803 0.000000 0.000000 0.000000 1.000000 0.000000 0.000000
33.000000 348.439632 6.630251 0.266835 0.585147 0.000000 0.000000 0.000000 1.000000 0.000000 0.000000
33.000000 348.441807 6.948520 0.498952 0.472943 0.000000 0.000000 0.000000 1.000000 0.000000 0.000000
33.000000 348.449425 6.567710 0.280473 0.504432 0.000000 0.000000 0.000000 1.000000 0.000000 0.000000
33.000000 348.451932 6.879294 0.503114 0.385310 0.000000 0.000000 0.000000 1.000000 0.000000 0.000000
33.000000 348.459388 6.449307 0.273596 0.434974 0.000000 0.000000 0.000000 1.000000 0.000000 0.000000
33.000000 348.461801 6.766480 0.508534 0.320196 0.000000 0.000000 0.000000 1.000000 0.000000 0.000000
33.000000 348.469471 6.355969 0.276834 0.361744 0.000000 0.000000 0.000000 1.000000 0.000000 0.000000
33.000000 348.471913 6.672425 0.512211 0.244609 0.000000 0.000000 0.000000 1.000000 0.000000 0.000000
33.000000 348.479470 6.278973 0.285844 0.277488 0.000000 0.000000 0.000000 1.000000 0.000000 0.000000
33.000000 348.481837 6.584926 0.517262 0.166706 0.000000 0.000000 0.000000 1.000000 0.000000 0.000000
33.000000 348.489470 6.190677 0.293060 0.203184 0.000000 0.000000 0.000000 1.000000 0.000000 0.000000
33.000000 348.491941 6.492448 0.520937 0.087570 0.000000 0.000000 0.000000 1.000000 0.000000 0.000000
33.000000 348.498995 5.871570 0.415238 0.118029 0.000000 0.000000 0.000000 1.000000 0.000000 0.000000
33.000000 348.499437 6.131603 0.318042 0.112153 0.000000 0.000000 0.000000 1.000000 0.000000 0.000000
33.000000 348.501836 6.407365 0.523881 0.019626 0.000000 0.000000 0.000000 1.000000 0.000000 0.000000
33.000000 348.509442 6.065386 0.299128 0.168662 0.000000 0.000000 0.000000 1.000000 0.000000 0.000000
33.000000 348.511965 6.355256 0.520697 0.077023 0.000000 0.000000 0.000000 1.000000 0.000000 0.000000
33.000000 348.519412 6.009666 0.292690 0.227748 0.000000 0.000000 0.000000 1.000000 0.000000 0.000000
33.000000 348.521832 6.307398 0.520807 0.133597 0.000000 0.000000 0.000000 1.000000 0.000000 0.000000
33.000000 348.529478 5.963840 0.298218 0.284884 0.000000 0.000000 0.000000 1.000000 0.000000 0.000000
33.000000 348.531904 6.249608 0.517305 0.192962 0.000000 0.000000 0.000000 1.000000 0.000000 0.000000
33.000000 348.539442 5.919343 0.299245 0.337493 0.000000 0.000000 0.000000 1.000000 0.000000 0.000000
33.000000 348.541886 6.204328 0.519529 0.246417 0.000000 0.000000 0.000000 1.000000 0.000000 0.000000
33.000000 348.549544 5.899657 0.301085 0.380206 0.000000 0.000000 0.000000 1.000000 0.000000 0.000000
33.000000 348.551903 6.188400 0.520983 0.283424 0.000000 0.000000 0.000000 1.000000 0.000000 0.000000
33.000000 348.559653 5.821561 0.296465 0.442876 0.000000 0.000000 0.000000 1.000000 0.000000 0.000000
33.000000 348.561858 6.101247 0.515077 0.351542 0.000000 0.000000 0.000000 1.000000 0.000000 0.000000
33.000000 348.569495 5.777421 0.295226 0.496651 0.000000 0.000000 0.000000 1.000000 0.000000 0.000000
33.000000 348.571883 6.058313 0.514945 0.402267 0.000000 0.000000 0.000000 1.000000 0.000000 0.000000
33.000000 348.578970 5.347047 0.436250 0.513197 0.000000 0.000000 0.000000 1.000000 0.000000 0.000000
33.000000 348.579588 5.731652 0.297256 0.543322 0.000000 0.000000 0.000000 1.000000 0.000000 0.000000
33.000000 348.581868 6.014615 0.519630 0.450327 0.000000 0.000000 0.000000 1.000000 0.000000 0.000000
33.000000 348.589700 5.690097 0.291676 0.590447 0.000000 0.000000 0.000000 1.000000 0.000000 0.000000
33.000000 348.591917 5.976053 0.518713 0.496077 0.000000 0.000000 0.000000 1.000000 0.000000 0.000000
33.000000 348.599081 5.393247 0.397900 0.626399 0.000000 0.000000 0.000000 1.000000 0.000000 0.000000
33.000000 348.599610 5.660886 0.301236 0.622083 0.000000 0.000000 0.000000 1.000000 0.000000 0.000000
33.000000 348.601906 5.932375 0.515626 0.534566 0.000000 0.000000 0.000000 1.000000 0.000000 0.000000
33.000000 348.609067 5.285029 0.411576 0.682122 0.000000 0.000000 0.000000 1.000000 0.000000 0.000000
33.000000 348.609494 5.595798 0.299612 0.685793 0.000000 0.000000 0.000000 1.000000 0.000000 0.000000
33.000000 348.611909 5.860290 0.511881 0.595944 0.000000 0.000000 0.000000 1.000000 0.000000 0.000000
33.000000 348.618999 5.255071 0.405268 0.720993 0.000000 0.000000 0.000000 1.000000 0.000000 0.000000
33.000000 348.619469 5.552338 0.299264 0.728589 0.000000 0.000000 0.000000 1.000000 0.000000 0.000000
33.000000 348.621915 5.815516 0.511020 0.637705 0.000000 0.000000 0.000000 1.000000 0.000000 0.000000
33.000000 348.629494 5.508875 0.298800 0.772444 0.000000 0.000000 0.000000 1.000000 0.000000 0.000000
33.000000 348.631899 5.777625 0.516354 0.680137 0.000000 0.000000 0.000000 1.000000 0.000000 0.000000
33.000000 348.639037 5.146293 0.407298 0.811897 0.000000 0.000000 0.000000 1.000000 0.000000 0.000000
33.000000 348.639433 5.454195 0.297352 0.821413 0.000000 0.000000 0.000000 1.000000 0.000000 0.000000
33.000000 348.641912 5.721928 0.514182 0.725818 0.000000 0.000000 0.000000 1.000000 0.000000 0.000000
33.000000 348.649448 5.428469 0.314168 0.856385 0.000000 0.000000 0.000000 1.000000 0.000000 0.000000
33.000000 348.651978 5.672615 0.511076 0.765705 0.000000 0.000000 0.000000 1.000000 0.000000 0.000000
33.000000 348.659091 4.990181 0.428151 0.890744 0.000000 0.000000 0.000000 1.000000 0.000000 0.000000
33.000000 348.659453 5.357461 0.295773 0.906120 0.000000 0.000000 0.000000 1.000000 0.000000 0.000000
33.000000 348.661898 5.622112 0.512049 0.809602 0.000000 0.000000 0.000000 1.000000 0.000000 0.000000
33.000000 348.669542 5.321313 0.298340 0.938307 0.000000 0.000000 0.000000 1.000000 0.000000 0.000000
33.000000 348.671914 5.574581 0.508724 0.849412 0.000000 0.000000 0.000000 1.000000 0.000000 0.000000
33.000000 348.679204 4.930715 0.417324 0.969643 0.000000 0.000000 0.000000 1.000000 0.000000 0.000000
33.000000 348.679550 5.273647 0.295168 0.978450 0.000000 0.000000 0.000000 1.000000 0.000000 0.000000
33.000000 348.681895 5.532802 0.510720 0.886839 0.000000 0.000000 0.000000 1.000000 0.000000 0.000000
33.000000 348.689570 5.236543 0.299319 1.012782 0.000000 0.000000 0.000000 1.000000 0.000000 0.000000
33.000000 348.691924 5.489689 0.511054 0.922696 0.000000 0.000000 0.000000 1.000000 0.000000 0.000000
33.000000 348.699231 4.900549 0.398692 1.052114 0.000000 0.000000 0.000000 1.000000 0.000000 0.000000
33.000000 348.699506 5.183738 0.297665 1.048042 0.000000 0.000000 0.000000 1.000000 0.000000 0.000000
33.000000 348.701991 5.437729 0.509602 0.956417 0.000000 0.000000 0.000000 1.000000 0.000000 0.000000
33.000000 348.709215 4.991200 0.346730 1.103190 0.000000 0.000000 0.000000 1.000000 0.000000 0.000000
33.000000 348.709548 5.138110 0.298735 1.086026 0.000000 0.000000 0.000000 1.000000 0.000000 0.000000
33.000000 348.711995 5.385956 0.509169 0.995416 0.000000 0.000000 0.000000 1.000000 0.000000 0.000000
33.000000 348.719258 4.776812 0.413606 1.114874 0.000000 0.000000 0.000000 1.000000 0.000000 0.000000
33.000000 348.719595 5.097783 0.299843 1.115681 0.000000 0.000000 0.000000 1.000000 0.000000 0.000000
33.000000 348.721901 5.342256 0.508219 1.029548 0.000000 0.000000 0.000000 1.000000 0.000000 0.000000
33.000000 348.729704 5.033033 0.288470 1.155735 0.000000 0.000000 0.000000 1.000000 0.000000 0.000000
33.000000 348.732046 5.288991 0.507301 1.065534 0.000000 0.000000 0.000000 1.000000 0.000000 0.000000
33.000000 348.739513 4.996792 0.293985 1.183477 0.000000 0.000000 0.000000 1.000000 0.000000 0.000000
33.000000 348.741948 5.242476 0.506618 1.095456 0.000000 0.000000 0.000000 1.000000 0.000000 0.000000
33.000000 348.749542 4.956013 0.292091 1.208494 0.000000 0.000000 0.000000 1.000000 0.000000 0.000000
33.000000 348.751959 5.209692 0.508044 1.115189 0.000000 0.000000 0.000000 1.000000 0.000000 0.000000
33.000000 348.759506 4.913330 0.294123 1.250104 0.000000 0.000000 0.000000 1.000000 0.000000 0.000000
33.000000 348.761989 5.161844 0.508512 1.153041 0.000000 0.000000 0.000000 1.000000 0.000000 0.000000
33.000000 348.769547 4.861916 0.295013 1.275842 0.000000 0.000000 0.000000 1.000000 0.000000 0.000000
33.000000 348.772067 5.103773 0.506025 1.183162 0.000000 0.000000 0.000000 1.000000 0.000000 0.000000
33.000000 348.779282 4.454733 0.406885 1.302901 0.000000 0.000000 0.000000 1.000000 0.000000 0.000000
33.000000 348.779569 4.802848 0.284667 1.309137 0.000000 0.000000 0.000000 1.000000 0.000000 0.000000
33.000000 348.782018 5.056161 0.505567 1.213522 0.000000 0.000000 0.000000 1.000000 0.000000 0.000000
33.000000 348.789132 4.593794 0.354987 1.351479 0.000000 0.000000 0.000000 1.000000 0.000000 0.000000
33.000000 348.789735 4.768806 0.295278 1.330753 0.000000 0.000000 0.000000 1.000000 0.000000 0.000000
33.000000 348.792061 5.007772 0.505541 1.239764 0.000000 0.000000 0.000000 1.000000 0.000000 0.000000
33.000000 348.799139 4.598470 0.342982 1.378187 0.000000 0.000000 0.000000 1.000000 0.000000 0.000000
33.000000 348.799553 4.727017 0.298476 1.341819 0.000000 0.000000 0.000000 1.000000 0.000000 0.000000
33.000000 348.802103 4.958858 0.505351 1.258922 0.000000 0.000000 0.000000 1.000000 0.000000 0.000000
33.000000 348.809532 4.683190 0.294424 1.384361 0.000000 0.000000 0.000000 1.000000 0.000000 0.000000
33.000000 348.812027 4.917391 0.502328 1.288895 0.000000 0.000000 0.000000 1.000000 0.000000 0.000000
33.000000 348.819167 4.487208 0.349045 1.434728 0.000000 0.000000 0.000000 1.000000 0.000000 0.000000
33.000000 348.819511 4.637703 0.296876 1.404506 0.000000 0.000000 0.000000 1.000000 0.000000 0.000000
33.000000 348.821983 4.869095 0.504168 1.311967 0.000000 0.000000 0.000000 1.000000 0.000000 0.000000
33.000000 348.829543 4.586305 0.291975 1.427572 0.000000 0.000000 0.000000 1.000000 0.000000 0.000000
33.000000 348.832191 4.814674 0.497486 1.335497 0.000000 0.000000 0.000000 1.000000 0.000000 0.000000
33.000000 348.839524 4.539464 0.295586 1.448428 0.000000 0.000000 0.000000 1.000000 0.000000 0.000000
33.000000 348.841993 4.770228 0.503496 1.356563 0.000000 0.000000 0.000000 1.000000 0.000000 0.000000
33.000000 348.849141 4.301902 0.385564 1.493165 0.000000 0.000000 0.000000 1.000000 0.000000 0.000000
33.000000 348.849583 4.510488 0.307023 1.456079 0.000000 0.000000 0.000000 1.000000 0.000000 0.000000
33.000000 348.852021 4.728399 0.500777 1.365191 0.000000 0.000000 0.000000 1.000000 0.000000 0.000000
33.000000 348.859149 4.176630 0.392850 1.506012 0.000000 0.000000 0.000000 1.000000 0.000000 0.000000
33.000000 348.859625 4.450506 0.295406 1.491279 0.000000 0.000000 0.000000 1.000000 0.000000 0.000000
33.000000 348.862030 4.677318 0.500459 1.393129 0.000000 0.000000 0.000000 1.000000 0.000000 0.000000
33.000000 348.869144 4.126669 0.397358 1.529735 0.000000 0.000000 0.000000 1.000000 0.000000 0.000000
33.000000 348.869771 4.412614 0.293136 1.506838 0.000000 0.000000 0.000000 1.000000 0.000000 0.000000
33.000000 348.872005 4.642169 0.501686 1.408283 0.000000 0.000000 0.000000 1.000000 0.000000 0.000000
33.000000 348.879193 4.085369 0.392756 1.554940 0.000000 0.000000 0.000000 1.000000 0.000000 0.000000
33.000000 348.879600 4.360402 0.291430 1.526893 0.000000 0.000000 0.000000 1.000000 0.000000 0.000000
33.000000 348.881993 4.591147 0.502008 1.428880 0.000000 0.000000 0.000000 1.000000 0.000000 0.000000
33.000000 348.889698 4.310727 0.292532 1.545357 0.000000 0.000000 0.000000 1.000000 0.000000 0.000000
33.000000 348.891971 4.533210 0.496750 1.444102 0.000000 0.000000 0.000000 1.000000 0.000000 0.000000
33.000000 348.899572 4.263765 0.288856 1.561960 0.000000 0.000000 0.000000 1.000000 0.000000 0.000000
33.000000 348.902209 4.488331 0.495669 1.461898 0.000000 0.000000 0.000000 1.000000 0.000000 0.000000
33.000000 348.909714 4.223166 0.290698 1.571602 0.000000 0.000000 0.000000 1.000000 0.000000 0.000000
33.000000 348.912164 4.444596 0.495132 1.472671 0.000000 0.000000 0.000000 1.000000 0.000000 0.000000
33.000000 348.919603 4.179340 0.287761 1.586974 0.000000 0.000000 0.000000 1.000000 0.000000 0.000000
33.000000 348.922109 4.406222 0.497244 1.483522 0.000000 0.000000 0.000000 1.000000 0.000000 0.000000
33.000000 348.929813 4.147069 0.301885 1.601697 0.000000 0.000000 0.000000 1.000000 0.000000 0.000000
33.000000 348.932327 4.362397 0.500793 1.495458 0.000000 0.000000 0.000000 1.000000 0.000000 0.000000
33.000000 348.939766 4.095535 0.294925 1.617148 0.000000 0.000000 0.000000 1.000000 0.000000 0.000000
33.000000 348.942165 4.315726 0.498838 1.506813 0.000000 0.000000 0.000000 1.000000 0.000000 0.000000
33.000000 348.949732 4.063701 0.312171 1.622297 0.000000 0.000000 0.000000 1.000000 0.000000 0.000000
33.000000 348.952220 4.260423 0.496380 1.519529 0.000000 0.000000 0.000000 1.000000 0.000000 0.000000
33.000000 348.959739 3.996730 0.289762 1.628810 0.000000 0.000000 0.000000 1.000000 0.000000 0.000000
33.000000 348.962266 4.212366 0.494823 1.528892 0.000000 0.000000 0.000000 1.000000 0.000000 0.000000
33.000000 348.969711 3.943747 0.279934 1.644698 0.000000 0.000000 0.000000 1.000000 0.000000 0.000000
33.000000 348.972356 4.170549 0.493140 1.534169 0.000000 0.000000 0.000000 1.000000 0.000000 0.000000
33.000000 348.979595 3.905994 0.284615 1.646834 0.000000 0.000000 0.000000 1.000000 0.000000 0.000000
33.000000 348.982010 4.133246 0.499799 1.538173 0.000000 0.000000 0.000000 1.000000 0.000000 0.000000
33.000000 348.989707 3.997627 0.416407 1.622735 0.000000 0.000000 0.000000 1.000000 0.000000 0.000000
33.000000 348.992105 4.077313 0.496094 1.547108 0.000000 0.000000 0.000000 1.000000 0.000000 0.000000
33.000000 348.999637 3.957683 0.414693 1.618960 0.000000 0.000000 0.000000 1.000000 0.000000 0.000000
33.000000 349.002049 4.034373 0.494382 1.550153 0.000000 0.000000 0.000000 1.000000 0.000000 0.000000
33.000000 349.009701 3.795542 0.306056 1.657624 0.000000 0.000000 0.000000 1.000000 0.000000 0.000000
33.000000 349.012141 3.982453 0.487799 1.555849 0.000000 0.000000 0.000000 1.000000 0.000000 0.000000
33.000000 349.019269 3.498145 0.387096 1.709157 0.000000 0.000000 0.000000 1.000000 0.000000 0.000000
33.000000 349.019660 3.738705 0.294648 1.665727 0.000000 0.000000 0.000000 1.000000 0.000000 0.000000
33.000000 349.022042 3.947366 0.496289 1.556694 0.000000 0.000000 0.000000 1.000000 0.000000 0.000000
33.000000 349.029704 3.700777 0.289787 1.669098 0.000000 0.000000 0.000000 1.000000 0.000000 0.000000
33.000000 349.032084 3.912939 0.495901 1.557583 0.000000 0.000000 0.000000 1.000000 0.000000 0.000000
33.000000 349.039265 3.483099 0.373694 1.718349 0.000000 0.000000 0.000000 1.000000 0.000000 0.000000
33.000000 349.039728 3.672268 0.297415 1.664280 0.000000 0.000000 0.000000 1.000000 0.000000 0.000000
33.000000 349.042047 3.866257 0.487578 1.553530 0.000000 0.000000 0.000000 1.000000 0.000000 0.000000
33.000000 349.049696 3.608159 0.278165 1.652491 0.000000 0.000000 0.000000 1.000000 0.000000 0.000000
33.000000 349.052134 3.821638 0.488398 1.548200 0.000000 0.000000 0.000000 1.000000 0.000000 0.000000
33.000000 349.059416 3.330414 0.357846 1.703133 0.000000 0.000000 0.000000 1.000000 0.000000 0.000000
33.000000 349.059613 3.577667 0.262878 1.659189 0.000000 0.000000 0.000000 1.000000 0.000000 0.000000
33.000000 349.062088 3.817465 0.494628 1.536532 0.000000 0.000000 0.000000 1.000000 0.000000 0.000000
33.000000 349.072074 3.166929 0.421288 1.628175 0.000000 0.000000 0.000000 1.000000 0.000000 0.000000
33.000000 349.082076 3.114067 0.421732 1.628175 0.000000 0.000000 0.000000 1.000000 0.000000 0.000000
33.000000 349.092132 3.068044 0.424241 1.627060 0.000000 0.000000 0.000000 1.000000 0.000000 0.000000
33.000000 349.099399 3.472310 0.275347 1.710506 0.000000 0.000000 0.000000 1.000000 0.000000 0.000000
33.000000 349.102259 3.084247 0.425161 1.600788 0.000000 0.000000 0.000000 1.000000 0.000000 0.000000
33.000000 349.112267 2.978303 0.426687 1.613161 0.000000 0.000000 0.000000 1.000000 0.000000 0.000000
33.000000 349.119288 3.318988 0.274868 1.698021 0.000000 0.000000 0.000000 1.000000 0.000000 0.000000
33.000000 349.122281 2.956055 0.420366 1.595727 0.000000 0.000000 0.000000 1.000000 0.000000 0.000000
33.000000 349.132154 2.898192 0.423190 1.597813 0.000000 0.000000 0.000000 1.000000 0.000000 0.000000
33.000000 349.139258 3.213857 0.299306 1.687171 0.000000 0.000000 0.000000 1.000000 0.000000 0.000000
33.000000 349.142211 2.881759 0.425205 1.585220 0.000000 0.000000 0.000000 1.000000 0.000000 0.000000
33.000000 349.152270 2.819972 0.417740 1.572893 0.000000 0.000000 0.000000 1.000000 0.000000 0.000000
33.000000 349.162233 2.792798 0.424558 1.563036 0.000000 0.000000 0.000000 1.000000 0.000000 0.000000
33.000000 349.172189 2.719206 0.420047 1.557747 0.000000 0.000000 0.000000 1.000000 0.000000 0.000000
33.000000 349.182189 2.708713 0.421069 1.539300 0.000000 0.000000 0.000000 1.000000 0.000000 0.000000
33.000000 349.192250 2.659607 0.411180 1.517852 0.000000 0.000000 0.000000 1.000000 0.000000 0.000000
33.000000 349.202193 2.612101 0.417680 1.510681 0.000000 0.000000 0.000000 1.000000 0.000000 0.000000
33.000000 349.212210 2.594275 0.423968 1.486108 0.000000 0.000000 0.000000 1.000000 0.000000 0.000000
33.000000 349.219482 2.825635 0.315458 1.567287 0.000000 0.000000 0.000000 1.000000 0.000000 0.000000
33.000000 349.222144 2.553322 0.422473 1.472384 0.000000 0.000000 0.000000 1.000000 0.000000 0.000000
33.000000 349.232145 2.512063 0.418324 1.453220 0.000000 0.000000 0.000000 1.000000 0.000000 0.000000
33.000000 349.242128 2.458643 0.408934 1.432031 0.000000 0.000000 0.000000 1.000000 0.000000 0.000000
33.000000 349.252318 2.446658 0.404964 1.398310 0.000000 0.000000 0.000000 1.000000 0.000000 0.000000
33.000000 349.262360 2.332628 0.397494 1.400914 0.000000 0.000000 0.000000 1.000000 0.000000 0.000000
33.000000 349.272211 2.298315 0.394435 1.376401 0.000000 0.000000 0.000000 1.000000 0.000000 0.000000
33.000000 349.282360 2.301110 0.406319 1.343763 0.000000 0.000000 0.000000 1.000000 0.000000 0.000000
33.000000 349.289366 2.637698 0.261438 1.424153 0.000000 0.000000 0.000000 1.000000 0.000000 0.000000
33.000000 349.292321 2.279359 0.405066 1.315589 0.000000 0.000000 0.000000 1.000000 0.000000 0.000000
33.000000 349.302292 2.190377 0.394512 1.302912 0.000000 0.000000 0.000000 1.000000 0.000000 0.000000
33.000000 349.312260 2.163344 0.391119 1.275177 0.000000 0.000000 0.000000 1.000000 0.000000 0.000000
33.000000 349.322280 2.160131 0.396665 1.235263 0.000000 0.000000 0.000000 1.000000 0.000000 0.000000
33.000000 349.332253 2.125005 0.398870 1.203823 0.000000 0.000000 0.000000 1.000000 0.000000 0.000000
33.000000 349.342276 2.093784 0.398079 1.173572 0.000000 0.000000 0.000000 1.000000 0.000000 0.000000
33.000000 349.352386 2.062557 0.397986 1.143647 0.000000 0.000000 0.000000 1.000000 0.000000 0.000000
33.000000 349.362205 2.019704 0.397216 1.113366 0.000000 0.000000 0.000000 1.000000 0.000000 0.000000
33.000000 349.372304 1.984495 0.396435 1.080656 0.000000 0.000000 0.000000 1.000000 0.000000 0.000000
33.000000 349.382298 1.961416 0.389875 1.045579 0.000000 0.000000 0.000000 1.000000 0.000000 0.000000
33.000000 349.392248 1.928500 0.384978 1.008756 0.000000 0.000000 0.000000 1.000000 0.000000 0.000000
33.000000 349.402403 1.889144 0.381700 0.976653 0.000000 0.000000 0.000000 1.000000 0.000000 0.000000
33.000000 349.479548 1.930881 0.227769 0.754949 0.000000 0.000000 0.000000 1.000000 0.000000 0.000000
33.000000 349.489486 1.895477 0.220619 0.703744 0.000000 0.000000 0.000000 1.000000 0.000000 0.000000
33.000000 349.499497 1.954447 0.203500 0.680334 0.000000 0.000000 0.000000 1.000000 0.000000 0.000000
33.000000 349.519557 1.918744 0.188333 0.586086 0.000000 0.000000 0.000000 1.000000 0.000000 0.000000
33.000000 349.529434 1.766289 0.228777 0.522691 0.000000 0.000000 0.000000 1.000000 0.000000 0.000000
33.000000 349.539487 1.723658 0.217654 0.477923 0.000000 0.000000 0.000000 1.000000 0.000000 0.000000
33.000000 349.549489 1.909183 0.143500 0.470998 0.000000 0.000000 0.000000 1.000000 0.000000 0.000000
33.000000 349.559489 1.782339 0.172682 0.401754 0.000000 0.000000 0.000000 1.000000 0.000000 0.000000
33.000000 349.569411 1.687701 0.198153 0.341507 0.000000 0.000000 0.000000 1.000000 0.000000 0.000000
33.000000 349.579565 1.669541 0.200647 0.300615 0.000000 0.000000 0.000000 1.000000 0.000000 0.000000
33.000000 349.589489 1.487388 0.227139 0.241716 0.000000 0.000000 0.000000 1.000000 0.000000 0.000000
33.000000 349.599642 1.516467 0.217266 0.300050 0.000000 0.000000 0.000000 1.000000 0.000000 0.000000
33.000000 349.609579 1.540108 0.182962 0.339407 0.000000 0.000000 0.000000 1.000000 0.000000 0.000000
33.000000 349.619793 1.619322 0.154349 0.391597 0.000000 0.000000 0.000000 1.000000 0.000000 0.000000
33.000000 349.629530 1.518784 0.190902 0.425085 0.000000 0.000000 0.000000 1.000000 0.000000 0.000000
33.000000 349.649493 1.408092 0.205778 0.477654 0.000000 0.000000 0.000000 1.000000 0.000000 0.000000
33.000000 349.659652 1.599759 0.143770 0.543430 0.000000 0.000000 0.000000 1.000000 0.000000 0.000000
33.000000 349.667483 1.694705 0.138684 0.572969 0.000000 0.000000 0.000000 1.000000 0.000000 0.000000
33.000000 349.669616 1.459008 0.183607 0.554417 0.000000 0.000000 0.000000 1.000000 0.000000 0.000000
33.000000 349.679622 1.345472 0.203484 0.583388 0.000000 0.000000 0.000000 1.000000 0.000000 0.000000
33.000000 349.699595 1.354047 0.187299 0.656676 0.000000 0.000000 0.000000 1.000000 0.000000 0.000000
33.000000 349.709459 1.257851 0.206204 0.674174 0.000000 0.000000 0.000000 1.000000 0.000000 0.000000
33.000000 349.719564 1.309371 0.192757 0.715637 0.000000 0.000000 0.000000 1.000000 0.000000 0.000000
33.000000 349.729507 1.231734 0.197997 0.733492 0.000000 0.000000 0.000000 1.000000 0.000000 0.000000
33.000000 349.739640 1.251858 0.165544 0.765755 0.000000 0.000000 0.000000 1.000000 0.000000 0.000000
33.000000 349.749583 1.266587 0.143110 0.806760 0.000000 0.000000 0.000000 1.000000 0.000000 0.000000
33.000000 349.759674 1.185185 0.159468 0.824540 0.000000 0.000000 0.000000 1.000000 0.000000 0.000000
33.000000 349.767456 1.348446 0.125454 0.857019 0.000000 0.000000 0.000000 1.000000 0.000000 0.000000
33.000000 349.769624 1.142161 0.165205 0.841684 0.000000 0.000000 0.000000 1.000000 0.000000 0.000000
33.000000 349.779685 1.074216 0.175484 0.863209 0.000000 0.000000 0.000000 1.000000 0.000000 0.000000
33.000000 349.789558 1.496297 0.092948 0.925271 0.000000 0.000000 0.000000 1.000000 0.000000 0.000000
33.000000 349.799639 0.989681 0.186184 0.899437 0.000000 0.000000 0.000000 1.000000 0.000000 0.000000
33.000000 349.809555 0.841298 0.211396 0.902816 0.000000 0.000000 0.000000 1.000000 0.000000 0.000000
33.000000 349.819710 0.983073 0.173500 0.948153 0.000000 0.000000 0.000000 1.000000 0.000000 0.000000
33.000000 349.829529 0.835971 0.197624 0.952857 0.000000 0.000000 0.000000 1.000000 0.000000 0.000000
33.000000 349.839852 0.785182 0.200168 0.972889 0.000000 0.000000 0.000000 1.000000 0.000000 0.000000
33.000000 349.849505 0.567561 0.256256 0.958806 0.000000 0.000000 0.000000 1.000000 0.000000 0.000000
33.000000 349.859625 0.622477 0.237011 0.985372 0.000000 0.000000 0.000000 1.000000 0.000000 0.000000
33.000000 349.869532 0.153701 0.336266 0.947696 0.000000 0.000000 0.000000 1.000000 0.000000 0.000000
33.000000 349.879705 0.320436 0.291032 0.981187 0.000000 0.000000 0.000000 1.000000 0.000000 0.000000
33.000000 349.889706 0.162566 0.317499 0.977433 0.000000 0.000000 0.000000 1.000000 0.000000 0.000000
33.000000 349.899728 -0.142711 0.384902 0.962727 0.000000 0.000000 0.000000 1.000000 0.000000 0.000000
33.000000 349.909644 0.171898 0.299069 1.003954 0.000000 0.000000 0.000000 1.000000 0.000000 0.000000
33.000000 349.919789 0.053743 0.319714 0.998332 0.000000 0.000000 0.000000 1.000000 0.000000 0.000000
33.000000 349.929665 0.045902 0.308474 1.016150 0.000000 0.000000 0.000000 1.000000 0.000000 0.000000
33.000000 349.939726 0.062846 0.305890 1.019032 0.000000 0.000000 0.000000 1.000000 0.000000 0.000000
33.000000 349.949789 0.203607 0.257653 1.045303 0.000000 0.000000 0.000000 1.000000 0.000000 0.000000
33.000000 349.959810 0.129406 0.264017 1.044434 0.000000 0.000000 0.000000 1.000000 0.000000 0.000000
33.000000 349.969642 -0.044237 0.290308 1.028989 0.000000 0.000000 0.000000 1.000000 0.000000 0.000000
33.000000 349.979767 0.156492 0.233262 1.060116 0.000000 0.000000 0.000000 1.000000 0.000000 0.000000
33.000000 349.989729 -0.031175 0.265444 1.044539 0.000000 0.000000 0.000000 1.000000 0.000000 0.000000
33.000000 349.999818 -0.574710 0.395409 0.971750 0.000000 0.000000 0.000000 1.000000 0.000000 0.000000
33.000000 350.009678 -0.518509 0.366337 0.992213 0.000000 0.000000 0.000000 1.000000 0.000000 0.000000
33.000000 350.019898 -0.460984 0.347416 0.991975 0.000000 0.000000 0.000000 1.000000 0.000000 0.000000
33.000000 350.029705 -1.006457 0.473419 0.937128 0.000000 0.000000 0.000000 1.000000 0.000000 0.000000
33.000000 350.039781 -1.091009 0.475085 0.915725 0.000000 0.000000 0.000000 1.000000 0.000000 0.000000
33.000000 350.049813 -1.310329 0.520083 0.894084 0.000000 0.000000 0.000000 1.000000 0.000000 0.000000
33.000000 350.059842 -1.249267 0.502767 0.894213 0.000000 0.000000 0.000000 1.000000 0.000000 0.000000
33.000000 350.067567 -1.125356 0.474117 0.903815 0.000000 0.000000 0.000000 1.000000 0.000000 0.000000
33.000000 350.079785 -1.108984 0.458835 0.896075 0.000000 0.000000 0.000000 1.000000 0.000000 0.000000
33.000000 350.089737 -1.303097 0.497710 0.871472 0.000000 0.000000 0.000000 1.000000 0.000000 0.000000
33.000000 350.100007 -0.914479 0.386517 0.910190 0.000000 0.000000 0.000000 1.000000 0.000000 0.000000
33.000000 350.109859 -0.821891 0.355865 0.909129 0.000000 0.000000 0.000000 1.000000 0.000000 0.000000
33.000000 350.119928 -1.428727 0.503150 0.820960 0.000000 0.000000 0.000000 1.000000 0.000000 0.000000
33.000000 350.129742 -1.405765 0.493489 0.813983 0.000000 0.000000 0.000000 1.000000 0.000000 0.000000
33.000000 350.139770 -1.398777 0.479961 0.801863 0.000000 0.000000 0.000000 1.000000 0.000000 0.000000
33.000000 350.149713 -1.466354 0.490714 0.782555 0.000000 0.000000 0.000000 1.000000 0.000000 0.000000
33.000000 350.159773 -1.553761 0.498126 0.753142 0.000000 0.000000 0.000000 1.000000 0.000000 0.000000
33.000000 350.169677 -1.592828 0.500959 0.734379 0.000000 0.000000 0.000000 1.000000 0.000000 0.000000
33.000000 350.179850 -1.605189 0.494368 0.713772 0.000000 0.000000 0.000000 1.000000 0.000000 0.000000
33.000000 350.189690 -1.845576 0.545021 0.663159 0.000000 0.000000 0.000000 1.000000 0.000000 0.000000
33.000000 350.199790 -1.582153 0.475700 0.679709 0.000000 0.000000 0.000000 1.000000 0.000000 0.000000
33.000000 350.209734 -1.682836 0.493811 0.651704 0.000000 0.000000 0.000000 1.000000 0.000000 0.000000
33.000000 350.217686 -1.575781 0.470462 0.658291 0.000000 0.000000 0.000000 1.000000 0.000000 0.000000
33.000000 350.219848 -1.888093 0.528503 0.602681 0.000000 0.000000 0.000000 1.000000 0.000000 0.000000
33.000000 350.229861 -1.778765 0.501771 0.592788 0.000000 0.000000 0.000000 1.000000 0.000000 0.000000
33.000000 350.239864 -1.839467 0.511871 0.569670 0.000000 0.000000 0.000000 1.000000 0.000000 0.000000
33.000000 350.249794 -1.990841 0.527960 0.525158 0.000000 0.000000 0.000000 1.000000 0.000000 0.000000
33.000000 350.259984 -1.974450 0.522599 0.498723 0.000000 0.000000 0.000000 1.000000 0.000000 0.000000
33.000000 350.267684 -1.753448 0.475290 0.513665 0.000000 0.000000 0.000000 1.000000 0.000000 0.000000
33.000000 350.269772 -2.029493 0.528570 0.462427 0.000000 0.000000 0.000000 1.000000 0.000000 0.000000
33.000000 350.279895 -2.109917 0.539935 0.424772 0.000000 0.000000 0.000000 1.000000 0.000000 0.000000
33.000000 350.289767 -2.166973 0.546315 0.382257 0.000000 0.000000 0.000000 1.000000 0.000000 0.000000
33.000000 350.299894 -2.178377 0.536458 0.362304 0.000000 0.000000 0.000000 1.000000 0.000000 0.000000
33.000000 350.309808 -2.130895 0.519148 0.337045 0.000000 0.000000 0.000000 1.000000 0.000000 0.000000
33.000000 350.317775 -1.892392 0.471900 0.350990 0.000000 0.000000 0.000000 1.000000 0.000000 0.000000
33.000000 350.319929 -2.131625 0.518081 0.303148 0.000000 0.000000 0.000000 1.000000 0.000000 0.000000
33.000000 350.327760 -1.865454 0.460421 0.321732 0.000000 0.000000 0.000000 1.000000 0.000000 0.000000
33.000000 350.330123 -2.134557 0.509156 0.269342 0.000000 0.000000 0.000000 1.000000 0.000000 0.000000
33.000000 350.339927 -2.186072 0.513326 0.230318 0.000000 0.000000 0.000000 1.000000 0.000000 0.000000
33.000000 350.359921 -2.295321 0.523673 0.156392 0.000000 0.000000 0.000000 1.000000 0.000000 0.000000
33.000000 350.369763 -1.905748 0.433210 0.154630 0.000000 0.000000 0.000000 1.000000 0.000000 0.000000
33.000000 350.377802 -2.514457 0.564322 0.107027 0.000000 0.000000 0.000000 1.000000 0.000000 0.000000
33.000000 350.379858 -2.253306 0.506579 0.161660 0.000000 0.000000 0.000000 1.000000 0.000000 0.000000
33.000000 350.399910 -2.190131 0.484154 0.239565 0.000000 0.000000 0.000000 1.000000 0.000000 0.000000
33.000000 350.409821 -2.387919 0.518855 0.249218 0.000000 0.000000 0.000000 1.000000 0.000000 0.000000
33.000000 350.419873 -2.055353 0.440665 0.310205 0.000000 0.000000 0.000000 1.000000 0.000000 0.000000
33.000000 350.427833 -2.297072 0.488880 0.297036 0.000000 0.000000 0.000000 1.000000 0.000000 0.000000
33.000000 350.429733 -2.132344 0.451367 0.334304 0.000000 0.000000 0.000000 1.000000 0.000000 0.000000
33.000000 350.437951 -2.355448 0.481378 0.329186 0.000000 0.000000 0.000000 1.000000 0.000000 0.000000
33.000000 350.439860 -2.173215 0.445175 0.365042 0.000000 0.000000 0.000000 1.000000 0.000000 0.000000
33.000000 350.447945 -2.392388 0.489271 0.350738 0.000000 0.000000 0.000000 1.000000 0.000000 0.000000
33.000000 350.449822 -2.184819 0.440573 0.395284 0.000000 0.000000 0.000000 1.000000 0.000000 0.000000
33.000000 350.457963 -2.435841 0.506268 0.372485 0.000000 0.000000 0.000000 1.000000 0.000000 0.000000
33.000000 350.469811 -2.325504 0.474208 0.425223 0.000000 0.000000 0.000000 1.000000 0.000000 0.000000
33.000000 350.478030 -2.472370 0.488051 0.426832 0.000000 0.000000 0.000000 1.000000 0.000000 0.000000
33.000000 350.479952 -2.273180 0.448347 0.466487 0.000000 0.000000 0.000000 1.000000 0.000000 0.000000
33.000000 350.487856 -2.514826 0.514062 0.443569 0.000000 0.000000 0.000000 1.000000 0.000000 0.000000
33.000000 350.489866 -2.406977 0.489771 0.467887 0.000000 0.000000 0.000000 1.000000 0.000000 0.000000
33.000000 350.497874 -2.636896 0.531511 0.459545 0.000000 0.000000 0.000000 1.000000 0.000000 0.000000
33.000000 350.499911 -2.502562 0.498320 0.490337 0.000000 0.000000 0.000000 1.000000 0.000000 0.000000
33.000000 350.507985 -2.571738 0.513887 0.486115 0.000000 0.000000 0.000000 1.000000 0.000000 0.000000
33.000000 350.509837 -2.518507 0.495917 0.502214 0.000000 0.000000 0.000000 1.000000 0.000000 0.000000
33.000000 350.517974 -2.624305 0.507939 0.504069 0.000000 0.000000 0.000000 1.000000 0.000000 0.000000
33.000000 350.520063 -2.499994 0.483681 0.529237 0.000000 0.000000 0.000000 1.000000 0.000000 0.000000
33.000000 350.527848 -2.533428 0.492238 0.526528 0.000000 0.000000 0.000000 1.000000 0.000000 0.000000
33.000000 350.529869 -2.427742 0.467681 0.551583 0.000000 0.000000 0.000000 1.000000 0.000000 0.000000
33.000000 350.538001 -2.542715 0.491948 0.546702 0.000000 0.000000 0.000000 1.000000 0.000000 0.000000
33.000000 350.539905 -2.472010 0.482738 0.558330 0.000000 0.000000 0.000000 1.000000 0.000000 0.000000
33.000000 350.547773 -2.682510 0.521622 0.551428 0.000000 0.000000 0.000000 1.000000 0.000000 0.000000
33.000000 350.549863 -2.588622 0.493680 0.575938 0.000000 0.000000 0.000000 1.000000 0.000000 0.000000
33.000000 350.557996 -2.774321 0.538966 0.562863 0.000000 0.000000 0.000000 1.000000 0.000000 0.000000
33.000000 350.560008 -2.693804 0.520027 0.581578 0.000000 0.000000 0.000000 1.000000 0.000000 0.000000
33.000000 350.567957 -2.779499 0.538274 0.577713 0.000000 0.000000 0.000000 1.000000 0.000000 0.000000
33.000000 350.569846 -2.713752 0.521989 0.593848 0.000000 0.000000 0.000000 1.000000 0.000000 0.000000
33.000000 350.577989 -2.875336 0.556590 0.586612 0.000000 0.000000 0.000000 1.000000 0.000000 0.000000
33.000000 350.579971 -2.813961 0.535904 0.605651 0.000000 0.000000 0.000000 1.000000 0.000000 0.000000
33.000000 350.587834 -2.871091 0.543255 0.607243 0.000000 0.000000 0.000000 1.000000 0.000000 0.000000
33.000000 350.589918 -2.840135 0.546100 0.607676 0.000000 0.000000 0.000000 1.000000 0.000000 0.000000
33.000000 350.597922 -2.798117 0.533757 0.612051 0.000000 0.000000 0.000000 1.000000 0.000000 0.000000
33.000000 350.600002 -2.721837 0.506376 0.636972 0.000000 0.000000 0.000000 1.000000 0.000000 0.000000
33.000000 350.607835 -2.903647 0.546787 0.628583 0.000000 0.000000 0.000000 1.000000 0.000000 0.000000
33.000000 350.609831 -2.880724 0.539318 0.635599 0.000000 0.000000 0.000000 1.000000 0.000000 0.000000
33.000000 350.617892 -2.894309 0.539293 0.637447 0.000000 0.000000 0.000000 1.000000 0.000000 0.000000
33.000000 350.619964 -2.880121 0.531438 0.644281 0.000000 0.000000 0.000000 1.000000 0.000000 0.000000
33.000000 350.627859 -2.706504 0.471278 0.669948 0.000000 0.000000 0.000000 1.000000 0.000000 0.000000
33.000000 350.629903 -2.692388 0.465495 0.674863 0.000000 0.000000 0.000000 1.000000 0.000000 0.000000
33.000000 350.638033 -2.911859 0.527305 0.653800 0.000000 0.000000 0.000000 1.000000 0.000000 0.000000
33.000000 350.640097 -2.761015 0.502621 0.681956 0.000000 0.000000 0.000000 1.000000 0.000000 0.000000
33.000000 350.647896 -2.768189 0.508884 0.677397 0.000000 0.000000 0.000000 1.000000 0.000000 0.000000
33.000000 350.649902 -2.862499 0.516956 0.665614 0.000000 0.000000 0.000000 1.000000 0.000000 0.000000
33.000000 350.657918 -2.863133 0.504488 0.676738 0.000000 0.000000 0.000000 1.000000 0.000000 0.000000
33.000000 350.660016 -2.853185 0.497596 0.682598 0.000000 0.000000 0.000000 1.000000 0.000000 0.000000
33.000000 350.667959 -2.804273 0.480859 0.689829 0.000000 0.000000 0.000000 1.000000 0.000000 0.000000
33.000000 350.669905 -2.818624 0.482416 0.687748 0.000000 0.000000 0.000000 1.000000 0.000000 0.000000
33.000000 350.678130 -2.996724 0.536765 0.667056 0.000000 0.000000 0.000000 1.000000 0.000000 0.000000
33.000000 350.679959 -3.027606 0.537751 0.664552 0.000000 0.000000 0.000000 1.000000 0.000000 0.000000
33.000000 350.687912 -2.926879 0.504052 0.678942 0.000000 0.000000 0.000000 1.000000 0.000000 0.000000
33.000000 350.690003 -3.047895 0.523403 0.656740 0.000000 0.000000 0.000000 1.000000 0.000000 0.000000
33.000000 350.698012 -3.028537 0.516047 0.660064 0.000000 0.000000 0.000000 1.000000 0.000000 0.000000
33.000000 350.700006 -2.942893 0.495437 0.680970 0.000000 0.000000 0.000000 1.000000 0.000000 0.000000
33.000000 350.707895 -2.937012 0.494318 0.681058 0.000000 0.000000 0.000000 1.000000 0.000000 0.000000
33.000000 350.709951 -2.964070 0.497391 0.677016 0.000000 0.000000 0.000000 1.000000 0.000000 0.000000
33.000000 350.717914 -3.003028 0.506641 0.674786 0.000000 0.000000 0.000000 1.000000 0.000000 0.000000
33.000000 350.720059 -3.047841 0.511317 0.668424 0.000000 0.000000 0.000000 1.000000 0.000000 0.000000
33.000000 350.727912 -3.140437 0.539169 0.657946 0.000000 0.000000 0.000000 1.000000 0.000000 0.000000
33.000000 350.729913 -3.177896 0.541547 0.653919 0.000000 0.000000 0.000000 1.000000 0.000000 0.000000
33.000000 350.738062 -3.025857 0.500869 0.666617 0.000000 0.000000 0.000000 1.000000 0.000000 0.000000
33.000000 350.740072 -3.051437 0.509644 0.657950 0.000000 0.000000 0.000000 1.000000 0.000000 0.000000
33.000000 350.748062 -3.083731 0.526832 0.647414 0.000000 0.000000 0.000000 1.000000 0.000000 0.000000
33.000000 350.750025 -3.188009 0.535216 0.634867 0.000000 0.000000 0.000000 1.000000 0.000000 0.000000
33.000000 350.758075 -3.235313 0.541730 0.636812 0.000000 0.000000 0.000000 1.000000 0.000000 0.000000
33.000000 350.760118 -3.273495 0.547196 0.630128 0.000000 0.000000 0.000000 1.000000 0.000000 0.000000
33.000000 350.767984 -3.106657 0.503532 0.643302 0.000000 0.000000 0.000000 1.000000 0.000000 0.000000
33.000000 350.770057 -3.162181 0.509471 0.635234 0.000000 0.000000 0.000000 1.000000 0.000000 0.000000
33.000000 350.778062 -3.272276 0.541130 0.623874 0.000000 0.000000 0.000000 1.000000 0.000000 0.000000
33.000000 350.780075 -3.311834 0.546035 0.617547 0.000000 0.000000 0.000000 1.000000 0.000000 0.000000
33.000000 350.788012 -3.095659 0.489379 0.634697 0.000000 0.000000 0.000000 1.000000 0.000000 0.000000
33.000000 350.790118 -3.148458 0.498626 0.623834 0.000000 0.000000 0.000000 1.000000 0.000000 0.000000
33.000000 350.798030 -3.106033 0.492840 0.622059 0.000000 0.000000 0.000000 1.000000 0.000000 0.000000
33.000000 350.800045 -3.223512 0.510941 0.599894 0.000000 0.000000 0.000000 1.000000 0.000000 0.000000
33.000000 350.807960 -3.207909 0.506989 0.601022 0.000000 0.000000 0.000000 1.000000 0.000000 0.000000
33.000000 350.809970 -3.254940 0.514692 0.591843 0.000000 0.000000 0.000000 1.000000 0.000000 0.000000
33.000000 350.818041 -3.194707 0.500535 0.595222 0.000000 0.000000 0.000000 1.000000 0.000000 0.000000
33.000000 350.820133 -3.331446 0.518953 0.571888 0.000000 0.000000 0.000000 1.000000 0.000000 0.000000
33.000000 350.827974 -3.440774 0.559046 0.552152 0.000000 0.000000 0.000000 1.000000 0.000000 0.000000
33.000000 350.829979 -3.473726 0.563826 0.546124 0.000000 0.000000 0.000000 1.000000 0.000000 0.000000
33.000000 350.838099 -3.202951 0.489884 0.570962 0.000000 0.000000 0.000000 1.000000 0.000000 0.000000
33.000000 350.840102 -3.198805 0.490078 0.570982 0.000000 0.000000 0.000000 1.000000 0.000000 0.000000
33.000000 350.848079 -3.140185 0.481730 0.568304 0.000000 0.000000 0.000000 1.000000 0.000000 0.000000
33.000000 350.850035 -3.324431 0.509603 0.532878 0.000000 0.000000 0.000000 1.000000 0.000000 0.000000
33.000000 350.858234 -3.445963 0.550861 0.513164 0.000000 0.000000 0.000000 1.000000 0.000000 0.000000
33.000000 350.860081 -3.593739 0.576255 0.481830 0.000000 0.000000 0.000000 1.000000 0.000000 0.000000
33.000000 350.867991 -3.476240 0.553271 0.483359 0.000000 0.000000 0.000000 1.000000 0.000000 0.000000
33.000000 350.869993 -3.569384 0.565407 0.467206 0.000000 0.000000 0.000000 1.000000 0.000000 0.000000
33.000000 350.878140 -3.474617 0.544451 0.470648 0.000000 0.000000 0.000000 1.000000 0.000000 0.000000
33.000000 350.879997 -3.586040 0.562605 0.447418 0.000000 0.000000 0.000000 1.000000 0.000000 0.000000
33.000000 350.888049 -3.541623 0.553419 0.448455 0.000000 0.000000 0.000000 1.000000 0.000000 0.000000
33.000000 350.890028 -3.819818 0.602360 0.388775 0.000000 0.000000 0.000000 1.000000 0.000000 0.000000
33.000000 350.898026 -3.682596 0.571502 0.395954 0.000000 0.000000 0.000000 1.000000 0.000000 0.000000
33.000000 350.900095 -3.660015 0.562876 0.405114 0.000000 0.000000 0.000000 1.000000 0.000000 0.000000
33.000000 350.908042 -3.534476 0.539961 0.404747 0.000000 0.000000 0.000000 1.000000 0.000000 0.000000
33.000000 350.909983 -3.655751 0.561411 0.377229 0.000000 0.000000 0.000000 1.000000 0.000000 0.000000
33.000000 350.918230 -3.552675 0.540416 0.379303 0.000000 0.000000 0.000000 1.000000 0.000000 0.000000
33.000000 350.920113 -3.649647 0.556263 0.358580 0.000000 0.000000 0.000000 1.000000 0.000000 0.000000
33.000000 350.928212 -3.434116 0.498153 0.378828 0.000000 0.000000 0.000000 1.000000 0.000000 0.000000
33.000000 350.929970 -3.582167 0.522199 0.347896 0.000000 0.000000 0.000000 1.000000 0.000000 0.000000
33.000000 350.938074 -3.426521 0.488742 0.353901 0.000000 0.000000 0.000000 1.000000 0.000000 0.000000
33.000000 350.940104 -3.603543 0.517714 0.316502 0.000000 0.000000 0.000000 1.000000 0.000000 0.000000
33.000000 350.948036 -3.616383 0.528350 0.308055 0.000000 0.000000 0.000000 1.000000 0.000000 0.000000
33.000000 350.950031 -3.731900 0.545607 0.285246 0.000000 0.000000 0.000000 1.000000 0.000000 0.000000
33.000000 350.958108 -3.459425 0.480590 0.302738 0.000000 0.000000 0.000000 1.000000 0.000000 0.000000
33.000000 350.960043 -3.558427 0.500441 0.277821 0.000000 0.000000 0.000000 1.000000 0.000000 0.000000
33.000000 350.968009 -3.476691 0.490556 0.272741 0.000000 0.000000 0.000000 1.000000 0.000000 0.000000
33.000000 350.969995 -3.608754 0.513503 0.242485 0.000000 0.000000 0.000000 1.000000 0.000000 0.000000
33.000000 350.978032 -3.660314 0.538890 0.224551 0.000000 0.000000 0.000000 1.000000 0.000000 0.000000
33.000000 350.980120 -3.705118 0.542903 0.218373 0.000000 0.000000 0.000000 1.000000 0.000000 0.000000
33.000000 350.988077 -3.786825 0.557493 0.218997 0.000000 0.000000 0.000000 1.000000 0.000000 0.000000
33.000000 351.000113 -3.695993 0.527603 0.273479 0.000000 0.000000 0.000000 1.000000 0.000000 0.000000
33.000000 351.008253 -3.759874 0.537688 0.274829 0.000000 0.000000 0.000000 1.000000 0.000000 0.000000
33.000000 351.010109 -3.647932 0.514628 0.303927 0.000000 0.000000 0.000000 1.000000 0.000000 0.000000
33.000000 351.018182 -3.880512 0.573443 0.285927 0.000000 0.000000 0.000000 1.000000 0.000000 0.000000
33.000000 351.020182 -3.859750 0.562181 0.299344 0.000000 0.000000 0.000000 1.000000 0.000000 0.000000
33.000000 351.028035 -4.054667 0.602097 0.295039 0.000000 0.000000 0.000000 1.000000 0.000000 0.000000
33.000000 351.030094 -3.933860 0.580676 0.322621 0.000000 0.000000 0.000000 1.000000 0.000000 0.000000
33.000000 351.038306 -4.006996 0.592619 0.324263 0.000000 0.000000 0.000000 1.000000 0.000000 0.000000
33.000000 351.040164 -3.900660 0.567969 0.355138 0.000000 0.000000 0.000000 1.000000 0.000000 0.000000
33.000000 351.048242 -4.014346 0.592312 0.351942 0.000000 0.000000 0.000000 1.000000 0.000000 0.000000
33.000000 351.050195 -4.007099 0.590309 0.354402 0.000000 0.000000 0.000000 1.000000 0.000000 0.000000
33.000000 351.058236 -4.120242 0.614801 0.350425 0.000000 0.000000 0.000000 1.000000 0.000000 0.000000
33.000000 351.060152 -4.017748 0.594054 0.376648 0.000000 0.000000 0.000000 1.000000 0.000000 0.000000
33.000000 351.068075 -3.942836 0.565795 0.392976 0.000000 0.000000 0.000000 1.000000 0.000000 0.000000
33.000000 351.070079 -3.923762 0.556852 0.403400 0.000000 0.000000 0.000000 1.000000 0.000000 0.000000
33.000000 351.078264 -4.182348 0.623127 0.383188 0.000000 0.000000 0.000000 1.000000 0.000000 0.000000
33.000000 351.080134 -4.108580 0.607251 0.403409 0.000000 0.000000 0.000000 1.000000 0.000000 0.000000
33.000000 351.088153 -4.199604 0.624835 0.403305 0.000000 0.000000 0.000000 1.000000 0.000000 0.000000
33.000000 351.090110 -4.128759 0.612719 0.419018 0.000000 0.000000 0.000000 1.000000 0.000000 0.000000
33.000000 351.098283 -4.234764 0.633966 0.417699 0.000000 0.000000 0.000000 1.000000 0.000000 0.000000
33.000000 351.100146 -4.173143 0.619401 0.435685 0.000000 0.000000 0.000000 1.000000 0.000000 0.000000
33.000000 351.108120 -4.155800 0.608928 0.444092 0.000000 0.000000 0.000000 1.000000 0.000000 0.000000
33.000000 351.110055 -4.141912 0.602392 0.451768 0.000000 0.000000 0.000000 1.000000 0.000000 0.000000
33.000000 351.118187 -4.225159 0.619155 0.450694 0.000000 0.000000 0.000000 1.000000 0.000000 0.000000
33.000000 351.120189 -4.207047 0.613220 0.457738 0.000000 0.000000 0.000000 1.000000 0.000000 0.000000
33.000000 351.128220 -4.253934 0.621302 0.458628 0.000000 0.000000 0.000000 1.000000 0.000000 0.000000
33.000000 351.130120 -4.165327 0.602352 0.482331 0.000000 0.000000 0.000000 1.000000 0.000000 0.000000
33.000000 351.138196 -4.214797 0.612821 0.481326 0.000000 0.000000 0.000000 1.000000 0.000000 0.000000
33.000000 351.140206 -4.293656 0.627281 0.463060 0.000000 0.000000 0.000000 1.000000 0.000000 0.000000
33.000000 351.148210 -4.404482 0.656247 0.453899 0.000000 0.000000 0.000000 1.000000 0.000000 0.000000
33.000000 351.150056 -4.315044 0.638135 0.476474 0.000000 0.000000 0.000000 1.000000 0.000000 0.000000
33.000000 351.158311 -4.313897 0.630867 0.484719 0.000000 0.000000 0.000000 1.000000 0.000000 0.000000
33.000000 351.160213 -4.262863 0.619106 0.499174 0.000000 0.000000 0.000000 1.000000 0.000000 0.000000
33.000000 351.168172 -4.262361 0.618372 0.499941 0.000000 0.000000 0.000000 1.000000 0.000000 0.000000
33.000000 351.170111 -4.275311 0.618865 0.499059 0.000000 0.000000 0.000000 1.000000 0.000000 0.000000
33.000000 351.178319 -4.306225 0.624607 0.499339 0.000000 0.000000 0.000000 1.000000 0.000000 0.000000
