24.000000 224.646745 24.712723 -0.395816 0.569554 0.000000 0.000000 0.000000 1.000000 0.000000 0.000000
24.000000 224.656508 24.595530 -0.418306 0.658742 0.000000 0.000000 0.000000 1.000000 0.000000 0.000000
24.000000 224.666384 24.471199 -0.446372 0.759065 0.000000 0.000000 0.000000 1.000000 0.000000 0.000000
24.000000 224.676344 24.309924 -0.465533 0.851608 0.000000 0.000000 0.000000 1.000000 0.000000 0.000000
24.000000 224.686338 24.174623 -0.478065 0.908098 0.000000 0.000000 0.000000 1.000000 0.000000 0.000000
24.000000 224.696486 24.002827 -0.505139 1.021229 0.000000 0.000000 0.000000 1.000000 0.000000 0.000000
24.000000 224.706527 23.838477 -0.534764 1.096722 0.000000 0.000000 0.000000 1.000000 0.000000 0.000000
24.000000 224.709402 22.887524 -0.674826 1.185206 0.000000 0.000000 0.000000 1.000000 0.000000 0.000000
24.000000 224.716381 23.661806 -0.548659 1.192857 0.000000 0.000000 0.000000 1.000000 0.000000 0.000000
24.000000 224.719443 22.779335 -0.680207 1.270797 0.000000 0.000000 0.000000 1.000000 0.000000 0.000000
24.000000 224.726530 23.593972 -0.562735 1.265803 0.000000 0.000000 0.000000 1.000000 0.000000 0.000000
24.000000 224.729455 22.677834 -0.704533 1.342663 0.000000 0.000000 0.000000 1.000000 0.000000 0.000000
24.000000 224.736494 23.478067 -0.590604 1.333189 0.000000 0.000000 0.000000 1.000000 0.000000 0.000000
24.000000 224.739440 22.572203 -0.727830 1.406424 0.000000 0.000000 0.000000 1.000000 0.000000 0.000000
24.000000 224.746425 23.281283 -0.607614 1.428634 0.000000 0.000000 0.000000 1.000000 0.000000 0.000000
24.000000 224.749420 22.464424 -0.733460 1.482045 0.000000 0.000000 0.000000 1.000000 0.000000 0.000000
24.000000 224.756493 23.032710 -0.655284 1.514849 0.000000 0.000000 0.000000 1.000000 0.000000 0.000000
24.000000 224.759438 22.355623 -0.748847 1.558829 0.000000 0.000000 0.000000 1.000000 0.000000 0.000000
24.000000 224.766432 23.007682 -0.642985 1.578167 0.000000 0.000000 0.000000 1.000000 0.000000 0.000000
24.000000 224.769423 22.242790 -0.764699 1.625547 0.000000 0.000000 0.000000 1.000000 0.000000 0.000000
24.000000 224.773548 22.416301 -0.676046 1.824597 0.000000 0.000000 0.000000 1.000000 0.000000 0.000000
24.000000 224.779452 22.142129 -0.779069 1.695324 0.000000 0.000000 0.000000 1.000000 0.000000 0.000000
24.000000 224.786482 22.793402 -0.684035 1.710177 0.000000 0.000000 0.000000 1.000000 0.000000 0.000000
24.000000 224.789398 22.041151 -0.801538 1.756927 0.000000 0.000000 0.000000 1.000000 0.000000 0.000000
24.000000 224.796630 22.584151 -0.706839 1.791279 0.000000 0.000000 0.000000 1.000000 0.000000 0.000000
24.000000 224.799404 21.937373 -0.804574 1.826238 0.000000 0.000000 0.000000 1.000000 0.000000 0.000000
24.000000 224.806398 22.440184 -0.727311 1.859966 0.000000 0.000000 0.000000 1.000000 0.000000 0.000000
24.000000 224.809522 21.825786 -0.819417 1.889643 0.000000 0.000000 0.000000 1.000000 0.000000 0.000000
24.000000 224.816500 22.202665 -0.738344 1.932239 0.000000 0.000000 0.000000 1.000000 0.000000 0.000000
24.000000 224.819411 21.659864 -0.820233 1.941481 0.000000 0.000000 0.000000 1.000000 0.000000 0.000000
24.000000 224.826435 22.190253 -0.758416 1.989463 0.000000 0.000000 0.000000 1.000000 0.000000 0.000000
24.000000 224.829480 21.595021 -0.853235 2.014413 0.000000 0.000000 0.000000 1.000000 0.000000 0.000000
24.000000 224.830869 20.693102 -0.577484 1.881677 0.000000 0.000000 0.000000 1.000000 0.000000 0.000000
24.000000 224.836506 22.184732 -0.786320 2.034322 0.000000 0.000000 0.000000 1.000000 0.000000 0.000000
24.000000 224.839476 21.531007 -0.888057 2.071216 0.000000 0.000000 0.000000 1.000000 0.000000 0.000000
24.000000 224.840734 20.590417 -0.598295 1.947573 0.000000 0.000000 0.000000 1.000000 0.000000 0.000000
24.000000 224.846447 22.018208 -0.803444 2.107582 0.000000 0.000000 0.000000 1.000000 0.000000 0.000000
24.000000 224.849457 21.428564 -0.893081 2.137584 0.000000 0.000000 0.000000 1.000000 0.000000 0.000000
24.000000 224.850997 20.446613 -0.603723 2.010158 0.000000 0.000000 0.000000 1.000000 0.000000 0.000000
24.000000 224.856602 21.833983 -0.830698 2.181862 0.000000 0.000000 0.000000 1.000000 0.000000 0.000000
24.000000 224.859476 21.320563 -0.906231 2.205841 0.000000 0.000000 0.000000 1.000000 0.000000 0.000000
24.000000 224.860927 20.318664 -0.624149 2.068247 0.000000 0.000000 0.000000 1.000000 0.000000 0.000000
24.000000 224.866481 21.756704 -0.840638 2.238061 0.000000 0.000000 0.000000 1.000000 0.000000 0.000000
24.000000 224.870874 20.741690 -1.122535 2.249012 0.000000 0.000000 0.000000 1.000000 0.000000 0.000000
24.000000 224.876626 21.645098 -0.861922 2.292451 0.000000 0.000000 0.000000 1.000000 0.000000 0.000000
24.000000 224.879444 21.119863 -0.943276 2.314778 0.000000 0.000000 0.000000 1.000000 0.000000 0.000000
24.000000 224.880821 20.062101 -0.661816 2.194560 0.000000 0.000000 0.000000 1.000000 0.000000 0.000000
24.000000 224.886499 21.468115 -0.883498 2.350427 0.000000 0.000000 0.000000 1.000000 0.000000 0.000000
24.000000 224.890906 19.951640 -0.687811 2.252927 0.000000 0.000000 0.000000 1.000000 0.000000 0.000000
24.000000 224.896605 21.359159 -0.903270 2.410171 0.000000 0.000000 0.000000 1.000000 0.000000 0.000000
24.000000 224.900811 19.818592 -0.702607 2.305704 0.000000 0.000000 0.000000 1.000000 0.000000 0.000000
24.000000 224.906505 21.202641 -0.925060 2.467161 0.000000 0.000000 0.000000 1.000000 0.000000 0.000000
24.000000 224.910909 19.711146 -0.727924 2.361655 0.000000 0.000000 0.000000 1.000000 0.000000 0.000000
24.000000 224.916710 21.079970 -0.942973 2.515923 0.000000 0.000000 0.000000 1.000000 0.000000 0.000000
24.000000 224.920845 19.584236 -0.748077 2.420916 0.000000 0.000000 0.000000 1.000000 0.000000 0.000000
24.000000 224.926544 20.930661 -0.962590 2.572012 0.000000 0.000000 0.000000 1.000000 0.000000 0.000000
24.000000 224.930887 19.451763 -0.762266 2.471532 0.000000 0.000000 0.000000 1.000000 0.000000 0.000000
24.000000 224.936607 20.825061 -0.977162 2.615162 0.000000 0.000000 0.000000 1.000000 0.000000 0.000000
24.000000 224.940809 19.324841 -0.786765 2.517133 0.000000 0.000000 0.000000 1.000000 0.000000 0.000000
24.000000 224.946579 20.507766 -0.994196 2.682643 0.000000 0.000000 0.000000 1.000000 0.000000 0.000000
24.000000 224.950920 19.220025 -0.813176 2.585676 0.000000 0.000000 0.000000 1.000000 0.000000 0.000000
24.000000 224.953827 19.547454 -1.017605 2.785634 0.000000 0.000000 0.000000 1.000000 0.000000 0.000000
24.000000 224.960750 19.102135 -0.830785 2.629535 0.000000 0.000000 0.000000 1.000000 0.000000 0.000000
24.000000 224.966548 20.406483 -1.028994 2.799981 0.000000 0.000000 0.000000 1.000000 0.000000 0.000000
24.000000 224.970798 18.962414 -0.840576 2.676203 0.000000 0.000000 0.000000 1.000000 0.000000 0.000000
24.000000 224.976591 20.219638 -1.051209 2.825495 0.000000 0.000000 0.000000 1.000000 0.000000 0.000000
24.000000 224.979546 19.968261 -1.085180 2.815334 0.000000 0.000000 0.000000 1.000000 0.000000 0.000000
24.000000 224.986636 20.102565 -1.068063 2.873909 0.000000 0.000000 0.000000 1.000000 0.000000 0.000000
24.000000 224.990941 18.724197 -0.882022 2.772896 0.000000 0.000000 0.000000 1.000000 0.000000 0.000000
24.000000 224.996696 20.012023 -1.094147 2.919523 0.000000 0.000000 0.000000 1.000000 0.000000 0.000000
24.000000 225.000748 18.612266 -0.905607 2.821500 0.000000 0.000000 0.000000 1.000000 0.000000 0.000000
24.000000 225.006485 19.844522 -1.105936 2.959760 0.000000 0.000000 0.000000 1.000000 0.000000 0.000000
24.000000 225.010904 18.488205 -0.924095 2.858095 0.000000 0.000000 0.000000 1.000000 0.000000 0.000000
24.000000 225.016755 19.741693 -1.128516 3.031578 0.000000 0.000000 0.000000 1.000000 0.000000 0.000000
24.000000 225.020750 18.358089 -0.942896 2.907245 0.000000 0.000000 0.000000 1.000000 0.000000 0.000000
24.000000 225.026627 19.650425 -1.146147 3.043267 0.000000 0.000000 0.000000 1.000000 0.000000 0.000000
24.000000 225.030916 18.233499 -0.960036 2.945076 0.000000 0.000000 0.000000 1.000000 0.000000 0.000000
24.000000 225.036667 19.472465 -1.164367 3.071083 0.000000 0.000000 0.000000 1.000000 0.000000 0.000000
24.000000 225.040835 18.112530 -0.979136 2.988605 0.000000 0.000000 0.000000 1.000000 0.000000 0.000000
24.000000 225.046551 19.241711 -1.174294 3.130405 0.000000 0.000000 0.000000 1.000000 0.000000 0.000000
24.000000 225.050902 17.985810 -0.994531 3.031069 0.000000 0.000000 0.000000 1.000000 0.000000 0.000000
24.000000 225.056679 19.234208 -1.197119 3.162670 0.000000 0.000000 0.000000 1.000000 0.000000 0.000000
24.000000 225.060814 17.888594 -1.014459 3.073049 0.000000 0.000000 0.000000 1.000000 0.000000 0.000000
24.000000 225.066521 19.117096 -1.217664 3.197408 0.000000 0.000000 0.000000 1.000000 0.000000 0.000000
24.000000 225.070948 17.739351 -1.027784 3.110229 0.000000 0.000000 0.000000 1.000000 0.000000 0.000000
24.000000 225.076678 18.954749 -1.243150 3.238115 0.000000 0.000000 0.000000 1.000000 0.000000 0.000000
24.000000 225.080886 17.631716 -1.051768 3.148279 0.000000 0.000000 0.000000 1.000000 0.000000 0.000000
24.000000 225.086556 18.855393 -1.255620 3.264914 0.000000 0.000000 0.000000 1.000000 0.000000 0.000000
24.000000 225.090856 17.504501 -1.068511 3.186449 0.000000 0.000000 0.000000 1.000000 0.000000 0.000000
24.000000 225.096701 18.663880 -1.273273 3.310905 0.000000 0.000000 0.000000 1.000000 0.000000 0.000000
24.000000 225.100812 17.381824 -1.084250 3.221636 0.000000 0.000000 0.000000 1.000000 0.000000 0.000000
24.000000 225.103638 17.751014 -1.287410 3.360914 0.000000 0.000000 0.000000 1.000000 0.000000 0.000000
24.000000 225.110841 17.258765 -1.108412 3.257567 0.000000 0.000000 0.000000 1.000000 0.000000 0.000000
24.000000 225.113617 17.647336 -1.321156 3.389465 0.000000 0.000000 0.000000 1.000000 0.000000 0.000000
24.000000 225.120879 17.143615 -1.122532 3.283437 0.000000 0.000000 0.000000 1.000000 0.000000 0.000000
24.000000 225.126645 18.327827 -1.332154 3.397215 0.000000 0.000000 0.000000 1.000000 0.000000 0.000000
24.000000 225.130978 17.067792 -1.163055 3.327487 0.000000 0.000000 0.000000 1.000000 0.000000 0.000000
24.000000 225.136717 18.324672 -1.350047 3.400899 0.000000 0.000000 0.000000 1.000000 0.000000 0.000000
24.000000 225.140915 16.917184 -1.165553 3.353975 0.000000 0.000000 0.000000 1.000000 0.000000 0.000000
24.000000 225.146593 18.108334 -1.365191 3.431501 0.000000 0.000000 0.000000 1.000000 0.000000 0.000000
24.000000 225.150966 16.844245 -1.212079 3.386252 0.000000 0.000000 0.000000 1.000000 0.000000 0.000000
24.000000 225.156766 17.986329 -1.384279 3.452491 0.000000 0.000000 0.000000 1.000000 0.000000 0.000000
24.000000 225.160808 16.728280 -1.227245 3.412667 0.000000 0.000000 0.000000 1.000000 0.000000 0.000000
24.000000 225.166625 17.625997 -1.408897 3.489913 0.000000 0.000000 0.000000 1.000000 0.000000 0.000000
24.000000 225.170916 16.603922 -1.246255 3.437694 0.000000 0.000000 0.000000 1.000000 0.000000 0.000000
24.000000 225.176762 17.210107 -1.596334 3.473005 0.000000 0.000000 0.000000 1.000000 0.000000 0.000000
24.000000 225.180930 16.475981 -1.255708 3.468790 0.000000 0.000000 0.000000 1.000000 0.000000 0.000000
24.000000 225.186613 17.645810 -1.439261 3.517556 0.000000 0.000000 0.000000 1.000000 0.000000 0.000000
24.000000 225.190957 16.384332 -1.291893 3.494747 0.000000 0.000000 0.000000 1.000000 0.000000 0.000000
24.000000 225.193636 16.637356 -1.415929 3.569580 0.000000 0.000000 0.000000 1.000000 0.000000 0.000000
24.000000 225.200825 16.271439 -1.310408 3.518909 0.000000 0.000000 0.000000 1.000000 0.000000 0.000000
24.000000 225.203703 16.497003 -1.416348 3.596054 0.000000 0.000000 0.000000 1.000000 0.000000 0.000000
24.000000 225.206623 17.429537 -1.458340 3.560593 0.000000 0.000000 0.000000 1.000000 0.000000 0.000000
24.000000 225.210953 16.159807 -1.325943 3.536689 0.000000 0.000000 0.000000 1.000000 0.000000 0.000000
24.000000 225.214123 16.378035 -1.426832 3.606601 0.000000 0.000000 0.000000 1.000000 0.000000 0.000000
24.000000 225.216717 17.352966 -1.472201 3.573608 0.000000 0.000000 0.000000 1.000000 0.000000 0.000000
24.000000 225.220860 15.999523 -1.329036 3.563336 0.000000 0.000000 0.000000 1.000000 0.000000 0.000000
24.000000 225.226593 17.198801 -1.493184 3.587401 0.000000 0.000000 0.000000 1.000000 0.000000 0.000000
24.000000 225.231372 15.928747 -1.361139 3.578323 0.000000 0.000000 0.000000 1.000000 0.000000 0.000000
24.000000 225.236746 17.104505 -1.514735 3.629333 0.000000 0.000000 0.000000 1.000000 0.000000 0.000000
24.000000 225.240901 15.806384 -1.382965 3.599143 0.000000 0.000000 0.000000 1.000000 0.000000 0.000000
24.000000 225.246619 16.985618 -1.546052 3.624081 0.000000 0.000000 0.000000 1.000000 0.000000 0.000000
24.000000 225.251067 15.697680 -1.401879 3.614901 0.000000 0.000000 0.000000 1.000000 0.000000 0.000000
24.000000 225.256702 16.854031 -1.572870 3.642495 0.000000 0.000000 0.000000 1.000000 0.000000 0.000000
24.000000 225.260961 15.589663 -1.420806 3.635199 0.000000 0.000000 0.000000 1.000000 0.000000 0.000000
24.000000 225.271103 15.463886 -1.436862 3.649276 0.000000 0.000000 0.000000 1.000000 0.000000 0.000000
24.000000 225.280996 15.361030 -1.462673 3.667909 0.000000 0.000000 0.000000 1.000000 0.000000 0.000000
24.000000 225.283706 15.568271 -1.552907 3.720244 0.000000 0.000000 0.000000 1.000000 0.000000 0.000000
24.000000 225.291007 15.280455 -1.486280 3.682178 0.000000 0.000000 0.000000 1.000000 0.000000 0.000000
24.000000 225.293792 15.462521 -1.564899 3.724914 0.000000 0.000000 0.000000 1.000000 0.000000 0.000000
24.000000 225.296770 16.386137 -1.619919 3.691712 0.000000 0.000000 0.000000 1.000000 0.000000 0.000000
24.000000 225.299813 16.352867 -1.608933 3.719627 0.000000 0.000000 0.000000 1.000000 0.000000 0.000000
24.000000 225.300962 15.111886 -1.486427 3.699039 0.000000 0.000000 0.000000 1.000000 0.000000 0.000000
24.000000 225.303771 15.346966 -1.586874 3.752559 0.000000 0.000000 0.000000 1.000000 0.000000 0.000000
24.000000 225.306671 16.252142 -1.639372 3.722355 0.000000 0.000000 0.000000 1.000000 0.000000 0.000000
24.000000 225.309654 16.244675 -1.621849 3.734485 0.000000 0.000000 0.000000 1.000000 0.000000 0.000000
24.000000 225.311055 14.998959 -1.501519 3.707001 0.000000 0.000000 0.000000 1.000000 0.000000 0.000000
24.000000 225.319638 16.104385 -1.647476 3.733396 0.000000 0.000000 0.000000 1.000000 0.000000 0.000000
24.000000 225.321097 14.934168 -1.538662 3.711878 0.000000 0.000000 0.000000 1.000000 0.000000 0.000000
24.000000 225.329593 15.981583 -1.658500 3.747011 0.000000 0.000000 0.000000 1.000000 0.000000 0.000000
24.000000 225.331040 14.777850 -1.545990 3.726352 0.000000 0.000000 0.000000 1.000000 0.000000 0.000000
24.000000 225.341069 14.675144 -1.566595 3.732879 0.000000 0.000000 0.000000 1.000000 0.000000 0.000000
24.000000 225.351178 14.556491 -1.585913 3.738007 0.000000 0.000000 0.000000 1.000000 0.000000 0.000000
24.000000 225.356971 15.183187 -1.884707 3.727830 0.000000 0.000000 0.000000 1.000000 0.000000 0.000000
24.000000 225.359772 15.642345 -1.715150 3.769594 0.000000 0.000000 0.000000 1.000000 0.000000 0.000000
24.000000 225.361141 14.531179 -1.617980 3.739431 0.000000 0.000000 0.000000 1.000000 0.000000 0.000000
24.000000 225.371355 14.382262 -1.636197 3.738521 0.000000 0.000000 0.000000 1.000000 0.000000 0.000000
24.000000 225.381001 14.282209 -1.656979 3.741847 0.000000 0.000000 0.000000 1.000000 0.000000 0.000000
24.000000 225.389767 15.310500 -1.765810 3.779046 0.000000 0.000000 0.000000 1.000000 0.000000 0.000000
24.000000 225.391232 14.176652 -1.675024 3.744878 0.000000 0.000000 0.000000 1.000000 0.000000 0.000000
24.000000 225.396868 15.247528 -1.790015 3.731385 0.000000 0.000000 0.000000 1.000000 0.000000 0.000000
24.000000 225.400996 14.089249 -1.704900 3.745896 0.000000 0.000000 0.000000 1.000000 0.000000 0.000000
24.000000 225.403790 14.184798 -1.735549 3.750839 0.000000 0.000000 0.000000 1.000000 0.000000 0.000000
24.000000 225.406696 15.118363 -1.802376 3.725526 0.000000 0.000000 0.000000 1.000000 0.000000 0.000000
24.000000 225.411108 13.981041 -1.723319 3.756672 0.000000 0.000000 0.000000 1.000000 0.000000 0.000000
24.000000 225.416770 14.535936 -1.974870 3.729386 0.000000 0.000000 0.000000 1.000000 0.000000 0.000000
24.000000 225.431234 13.795319 -1.763555 3.749187 0.000000 0.000000 0.000000 1.000000 0.000000 0.000000
24.000000 225.436793 14.767946 -1.862397 3.730445 0.000000 0.000000 0.000000 1.000000 0.000000 0.000000
24.000000 225.440989 13.659600 -1.771973 3.742477 0.000000 0.000000 0.000000 1.000000 0.000000 0.000000
24.000000 225.446678 14.674327 -1.867817 3.726063 0.000000 0.000000 0.000000 1.000000 0.000000 0.000000
24.000000 225.450957 13.569754 -1.802319 3.737319 0.000000 0.000000 0.000000 1.000000 0.000000 0.000000
24.000000 225.456778 14.493994 -1.910303 3.735189 0.000000 0.000000 0.000000 1.000000 0.000000 0.000000
24.000000 225.461031 13.438061 -1.824328 3.716312 0.000000 0.000000 0.000000 1.000000 0.000000 0.000000
24.000000 225.466715 14.419064 -1.912110 3.716893 0.000000 0.000000 0.000000 1.000000 0.000000 0.000000
24.000000 225.471274 13.390868 -1.846734 3.719409 0.000000 0.000000 0.000000 1.000000 0.000000 0.000000
24.000000 225.476776 14.340561 -1.923028 3.709677 0.000000 0.000000 0.000000 1.000000 0.000000 0.000000
24.000000 225.481148 13.267645 -1.862526 3.722212 0.000000 0.000000 0.000000 1.000000 0.000000 0.000000
24.000000 225.486711 14.206807 -1.941750 3.698929 0.000000 0.000000 0.000000 1.000000 0.000000 0.000000
24.000000 225.491153 13.200145 -1.885696 3.718696 0.000000 0.000000 0.000000 1.000000 0.000000 0.000000
24.000000 225.496806 14.128783 -1.959787 3.693851 0.000000 0.000000 0.000000 1.000000 0.000000 0.000000
24.000000 225.500990 13.087261 -1.906234 3.710118 0.000000 0.000000 0.000000 1.000000 0.000000 0.000000
24.000000 225.503802 13.110827 -1.900732 3.701983 0.000000 0.000000 0.000000 1.000000 0.000000 0.000000
24.000000 225.506702 14.022768 -1.973602 3.684122 0.000000 0.000000 0.000000 1.000000 0.000000 0.000000
24.000000 225.511084 12.986259 -1.926525 3.702198 0.000000 0.000000 0.000000 1.000000 0.000000 0.000000
24.000000 225.516799 13.893582 -1.995593 3.677442 0.000000 0.000000 0.000000 1.000000 0.000000 0.000000
24.000000 225.521009 12.895890 -1.953845 3.698086 0.000000 0.000000 0.000000 1.000000 0.000000 0.000000
24.000000 225.526785 13.814637 -1.998930 3.663083 0.000000 0.000000 0.000000 1.000000 0.000000 0.000000
24.000000 225.531145 12.742071 -1.953099 3.680803 0.000000 0.000000 0.000000 1.000000 0.000000 0.000000
24.000000 225.536799 13.793075 -2.018326 3.658180 0.000000 0.000000 0.000000 1.000000 0.000000 0.000000
24.000000 225.540913 12.669641 -1.977066 3.672535 0.000000 0.000000 0.000000 1.000000 0.000000 0.000000
24.000000 225.546795 13.581101 -2.034860 3.651004 0.000000 0.000000 0.000000 1.000000 0.000000 0.000000
24.000000 225.551072 12.548564 -1.995672 3.656909 0.000000 0.000000 0.000000 1.000000 0.000000 0.000000
24.000000 225.556769 13.471276 -2.047424 3.639860 0.000000 0.000000 0.000000 1.000000 0.000000 0.000000
24.000000 225.560976 12.471467 -2.024138 3.649946 0.000000 0.000000 0.000000 1.000000 0.000000 0.000000
24.000000 225.566756 13.341111 -2.071526 3.619758 0.000000 0.000000 0.000000 1.000000 0.000000 0.000000
24.000000 225.571190 12.376749 -2.047853 3.636195 0.000000 0.000000 0.000000 1.000000 0.000000 0.000000
24.000000 225.576815 13.263870 -2.077791 3.607262 0.000000 0.000000 0.000000 1.000000 0.000000 0.000000
24.000000 225.581081 12.235148 -2.054154 3.618584 0.000000 0.000000 0.000000 1.000000 0.000000 0.000000
24.000000 225.586769 13.174882 -2.089138 3.580417 0.000000 0.000000 0.000000 1.000000 0.000000 0.000000
24.000000 225.591117 12.198343 -2.096361 3.599811 0.000000 0.000000 0.000000 1.000000 0.000000 0.000000
24.000000 225.596899 13.050436 -2.111154 3.563842 0.000000 0.000000 0.000000 1.000000 0.000000 0.000000
24.000000 225.601017 12.054161 -2.096765 3.580161 0.000000 0.000000 0.000000 1.000000 0.000000 0.000000
24.000000 225.606798 12.962414 -2.125290 3.541707 0.000000 0.000000 0.000000 1.000000 0.000000 0.000000
24.000000 225.609898 12.783888 -2.164267 3.606542 0.000000 0.000000 0.000000 1.000000 0.000000 0.000000
24.000000 225.611176 12.006994 -2.119158 3.560033 0.000000 0.000000 0.000000 1.000000 0.000000 0.000000
24.000000 225.616862 12.834828 -2.141601 3.520799 0.000000 0.000000 0.000000 1.000000 0.000000 0.000000
24.000000 225.621218 11.873421 -2.136996 3.551105 0.000000 0.000000 0.000000 1.000000 0.000000 0.000000
24.000000 225.626837 12.742583 -2.154530 3.500001 0.000000 0.000000 0.000000 1.000000 0.000000 0.000000
24.000000 225.631267 11.807934 -2.160954 3.529603 0.000000 0.000000 0.000000 1.000000 0.000000 0.000000
24.000000 225.636822 12.650013 -2.181291 3.464900 0.000000 0.000000 0.000000 1.000000 0.000000 0.000000
24.000000 225.641238 11.690006 -2.180243 3.500751 0.000000 0.000000 0.000000 1.000000 0.000000 0.000000
24.000000 225.646806 12.533760 -2.184600 3.446501 0.000000 0.000000 0.000000 1.000000 0.000000 0.000000
24.000000 225.651238 11.630037 -2.207951 3.481479 0.000000 0.000000 0.000000 1.000000 0.000000 0.000000
24.000000 225.656855 12.437451 -2.204893 3.421931 0.000000 0.000000 0.000000 1.000000 0.000000 0.000000
24.000000 225.661263 11.535257 -2.221151 3.452276 0.000000 0.000000 0.000000 1.000000 0.000000 0.000000
24.000000 225.666957 12.322558 -2.217558 3.397129 0.000000 0.000000 0.000000 1.000000 0.000000 0.000000
24.000000 225.671245 11.377907 -2.226882 3.432071 0.000000 0.000000 0.000000 1.000000 0.000000 0.000000
24.000000 225.676922 12.219110 -2.234261 3.366854 0.000000 0.000000 0.000000 1.000000 0.000000 0.000000
24.000000 225.681237 11.323708 -2.258926 3.408355 0.000000 0.000000 0.000000 1.000000 0.000000 0.000000
24.000000 225.686870 12.169358 -2.253179 3.329719 0.000000 0.000000 0.000000 1.000000 0.000000 0.000000
24.000000 225.691250 11.230778 -2.279039 3.375975 0.000000 0.000000 0.000000 1.000000 0.000000 0.000000
24.000000 225.696971 12.014061 -2.266752 3.310233 0.000000 0.000000 0.000000 1.000000 0.000000 0.000000
24.000000 225.701315 11.127105 -2.294937 3.347546 0.000000 0.000000 0.000000 1.000000 0.000000 0.000000
24.000000 225.706774 11.908725 -2.277570 3.282839 0.000000 0.000000 0.000000 1.000000 0.000000 0.000000
24.000000 225.711272 11.024578 -2.313910 3.321809 0.000000 0.000000 0.000000 1.000000 0.000000 0.000000
24.000000 225.716914 11.775365 -2.302671 3.245835 0.000000 0.000000 0.000000 1.000000 0.000000 0.000000
24.000000 225.721254 10.919168 -2.326372 3.288375 0.000000 0.000000 0.000000 1.000000 0.000000 0.000000
24.000000 225.726831 11.696621 -2.309398 3.211553 0.000000 0.000000 0.000000 1.000000 0.000000 0.000000
24.000000 225.731375 10.829314 -2.348609 3.258701 0.000000 0.000000 0.000000 1.000000 0.000000 0.000000
24.000000 225.736928 11.634683 -2.327660 3.170268 0.000000 0.000000 0.000000 1.000000 0.000000 0.000000
24.000000 225.741144 10.761470 -2.373152 3.228407 0.000000 0.000000 0.000000 1.000000 0.000000 0.000000
24.000000 225.746892 11.498229 -2.335972 3.146062 0.000000 0.000000 0.000000 1.000000 0.000000 0.000000
24.000000 225.751225 10.678007 -2.392534 3.197260 0.000000 0.000000 0.000000 1.000000 0.000000 0.000000
24.000000 225.756919 11.407719 -2.350168 3.109733 0.000000 0.000000 0.000000 1.000000 0.000000 0.000000
24.000000 225.761337 10.572024 -2.412039 3.157184 0.000000 0.000000 0.000000 1.000000 0.000000 0.000000
24.000000 225.766837 11.305196 -2.365030 3.072335 0.000000 0.000000 0.000000 1.000000 0.000000 0.000000
24.000000 225.771399 10.481735 -2.426463 3.126008 0.000000 0.000000 0.000000 1.000000 0.000000 0.000000
24.000000 225.776928 11.190225 -2.385248 3.036322 0.000000 0.000000 0.000000 1.000000 0.000000 0.000000
24.000000 225.781296 10.432238 -2.459329 3.092077 0.000000 0.000000 0.000000 1.000000 0.000000 0.000000
24.000000 225.786833 11.124257 -2.399077 2.992092 0.000000 0.000000 0.000000 1.000000 0.000000 0.000000
24.000000 225.791379 10.333719 -2.476281 3.055316 0.000000 0.000000 0.000000 1.000000 0.000000 0.000000
24.000000 225.796889 10.992644 -2.412998 2.956591 0.000000 0.000000 0.000000 1.000000 0.000000 0.000000
24.000000 225.801078 10.251053 -2.499172 3.020405 0.000000 0.000000 0.000000 1.000000 0.000000 0.000000
24.000000 225.806827 10.901467 -2.424468 2.916609 0.000000 0.000000 0.000000 1.000000 0.000000 0.000000
24.000000 225.811372 10.129571 -2.494886 2.969454 0.000000 0.000000 0.000000 1.000000 0.000000 0.000000
24.000000 225.816905 10.780974 -2.448208 2.875471 0.000000 0.000000 0.000000 1.000000 0.000000 0.000000
24.000000 225.821115 10.083636 -2.539748 2.942931 0.000000 0.000000 0.000000 1.000000 0.000000 0.000000
24.000000 225.826862 10.690115 -2.458741 2.837845 0.000000 0.000000 0.000000 1.000000 0.000000 0.000000
24.000000 225.831327 10.004061 -2.560169 2.904274 0.000000 0.000000 0.000000 1.000000 0.000000 0.000000
24.000000 225.836911 10.626323 -2.472902 2.778771 0.000000 0.000000 0.000000 1.000000 0.000000 0.000000
24.000000 225.841087 9.850668 -2.553350 2.861218 0.000000 0.000000 0.000000 1.000000 0.000000 0.000000
24.000000 225.846868 10.518986 -2.488167 2.744744 0.000000 0.000000 0.000000 1.000000 0.000000 0.000000
24.000000 225.851280 9.770883 -2.577270 2.814771 0.000000 0.000000 0.000000 1.000000 0.000000 0.000000
24.000000 225.856936 10.408889 -2.501205 2.693762 0.000000 0.000000 0.000000 1.000000 0.000000 0.000000
24.000000 225.861208 9.667465 -2.594380 2.762903 0.000000 0.000000 0.000000 1.000000 0.000000 0.000000
24.000000 225.866855 10.313763 -2.518646 2.647238 0.000000 0.000000 0.000000 1.000000 0.000000 0.000000
24.000000 225.871300 9.641900 -2.632096 2.732551 0.000000 0.000000 0.000000 1.000000 0.000000 0.000000
24.000000 225.876908 10.205145 -2.534270 2.600821 0.000000 0.000000 0.000000 1.000000 0.000000 0.000000
24.000000 225.881356 9.509986 -2.631670 2.684130 0.000000 0.000000 0.000000 1.000000 0.000000 0.000000
24.000000 225.886881 10.106285 -2.547542 2.550340 0.000000 0.000000 0.000000 1.000000 0.000000 0.000000
24.000000 225.891380 9.416326 -2.649741 2.634933 0.000000 0.000000 0.000000 1.000000 0.000000 0.000000
24.000000 225.897130 10.023338 -2.561314 2.501303 0.000000 0.000000 0.000000 1.000000 0.000000 0.000000
24.000000 225.901356 9.322498 -2.668728 2.590753 0.000000 0.000000 0.000000 1.000000 0.000000 0.000000
24.000000 225.906894 9.924582 -2.578592 2.448660 0.000000 0.000000 0.000000 1.000000 0.000000 0.000000
24.000000 225.911341 9.283143 -2.684750 2.547242 0.000000 0.000000 0.000000 1.000000 0.000000 0.000000
24.000000 225.916955 9.826505 -2.595773 2.395984 0.000000 0.000000 0.000000 1.000000 0.000000 0.000000
24.000000 225.921421 9.180941 -2.711271 2.500122 0.000000 0.000000 0.000000 1.000000 0.000000 0.000000
24.000000 225.923960 8.873396 -2.551586 2.412826 0.000000 0.000000 0.000000 1.000000 0.000000 0.000000
24.000000 225.931348 9.153338 -2.745557 2.451519 0.000000 0.000000 0.000000 1.000000 0.000000 0.000000
24.000000 225.937045 9.632405 -2.625173 2.299144 0.000000 0.000000 0.000000 1.000000 0.000000 0.000000
24.000000 225.941194 9.017930 -2.745465 2.401622 0.000000 0.000000 0.000000 1.000000 0.000000 0.000000
24.000000 225.946943 9.527761 -2.631593 2.249828 0.000000 0.000000 0.000000 1.000000 0.000000 0.000000
24.000000 225.951336 8.967975 -2.778096 2.357492 0.000000 0.000000 0.000000 1.000000 0.000000 0.000000
24.000000 225.956990 9.438743 -2.645312 2.192673 0.000000 0.000000 0.000000 1.000000 0.000000 0.000000
24.000000 225.961221 8.852623 -2.796736 2.298263 0.000000 0.000000 0.000000 1.000000 0.000000 0.000000
24.000000 225.966886 9.344751 -2.662297 2.137905 0.000000 0.000000 0.000000 1.000000 0.000000 0.000000
24.000000 225.971348 8.752078 -2.798348 2.240733 0.000000 0.000000 0.000000 1.000000 0.000000 0.000000
24.000000 225.976983 9.243518 -2.673158 2.080857 0.000000 0.000000 0.000000 1.000000 0.000000 0.000000
24.000000 225.981246 8.776637 -2.849172 2.200832 0.000000 0.000000 0.000000 1.000000 0.000000 0.000000
24.000000 225.986976 9.159924 -2.691657 2.020757 0.000000 0.000000 0.000000 1.000000 0.000000 0.000000
24.000000 225.991297 8.595009 -2.841482 2.134004 0.000000 0.000000 0.000000 1.000000 0.000000 0.000000
24.000000 225.997037 9.070001 -2.699486 1.966117 0.000000 0.000000 0.000000 1.000000 0.000000 0.000000
24.000000 226.001257 8.566847 -2.863571 2.085142 0.000000 0.000000 0.000000 1.000000 0.000000 0.000000
24.000000 226.006900 8.980976 -2.713336 1.904002 0.000000 0.000000 0.000000 1.000000 0.000000 0.000000
24.000000 226.011308 8.557885 -2.898981 2.031601 0.000000 0.000000 0.000000 1.000000 0.000000 0.000000
24.000000 226.017057 8.849347 -2.737494 1.852033 0.000000 0.000000 0.000000 1.000000 0.000000 0.000000
24.000000 226.021233 8.374281 -2.897925 1.964552 0.000000 0.000000 0.000000 1.000000 0.000000 0.000000
24.000000 226.026947 8.772177 -2.741382 1.785638 0.000000 0.000000 0.000000 1.000000 0.000000 0.000000
24.000000 226.031344 8.306485 -2.915928 1.904213 0.000000 0.000000 0.000000 1.000000 0.000000 0.000000
24.000000 226.037145 8.680574 -2.756723 1.714149 0.000000 0.000000 0.000000 1.000000 0.000000 0.000000
24.000000 226.041221 8.249623 -2.944016 1.838376 0.000000 0.000000 0.000000 1.000000 0.000000 0.000000
24.000000 226.046935 8.603346 -2.768396 1.653797 0.000000 0.000000 0.000000 1.000000 0.000000 0.000000
24.000000 226.051324 8.174196 -2.963710 1.781956 0.000000 0.000000 0.000000 1.000000 0.000000 0.000000
24.000000 226.056999 8.485607 -2.782493 1.605018 0.000000 0.000000 0.000000 1.000000 0.000000 0.000000
24.000000 226.061234 8.055456 -2.970271 1.722596 0.000000 0.000000 0.000000 1.000000 0.000000 0.000000
24.000000 226.066964 8.404821 -2.794648 1.537913 0.000000 0.000000 0.000000 1.000000 0.000000 0.000000
24.000000 226.071323 8.044788 -3.009878 1.666986 0.000000 0.000000 0.000000 1.000000 0.000000 0.000000
24.000000 226.077033 8.305292 -2.804443 1.474906 0.000000 0.000000 0.000000 1.000000 0.000000 0.000000
24.000000 226.080088 7.711000 -3.026700 1.651436 0.000000 0.000000 0.000000 1.000000 0.000000 0.000000
24.000000 226.081238 7.984601 -3.011786 1.608567 0.000000 0.000000 0.000000 1.000000 0.000000 0.000000
24.000000 226.086972 8.232468 -2.820624 1.405788 0.000000 0.000000 0.000000 1.000000 0.000000 0.000000
24.000000 226.091361 7.940254 -3.037373 1.552105 0.000000 0.000000 0.000000 1.000000 0.000000 0.000000
24.000000 226.096995 8.111619 -2.836635 1.346017 0.000000 0.000000 0.000000 1.000000 0.000000 0.000000
24.000000 226.101295 7.818251 -3.040705 1.483797 0.000000 0.000000 0.000000 1.000000 0.000000 0.000000
24.000000 226.106956 8.021424 -2.850352 1.278794 0.000000 0.000000 0.000000 1.000000 0.000000 0.000000
24.000000 226.111330 7.675086 -3.058696 1.415530 0.000000 0.000000 0.000000 1.000000 0.000000 0.000000
24.000000 226.117117 7.934607 -2.864677 1.209893 0.000000 0.000000 0.000000 1.000000 0.000000 0.000000
24.000000 226.121288 7.724238 -3.090466 1.359745 0.000000 0.000000 0.000000 1.000000 0.000000 0.000000
24.000000 226.126936 7.849778 -2.873247 1.138925 0.000000 0.000000 0.000000 1.000000 0.000000 0.000000
24.000000 226.131422 7.629855 -3.098124 1.297328 0.000000 0.000000 0.000000 1.000000 0.000000 0.000000
24.000000 226.137086 7.767543 -2.892128 1.062577 0.000000 0.000000 0.000000 1.000000 0.000000 0.000000
24.000000 226.141359 7.696280 -3.129949 1.249326 0.000000 0.000000 0.000000 1.000000 0.000000 0.000000
24.000000 226.147021 7.649833 -2.902925 1.000068 0.000000 0.000000 0.000000 1.000000 0.000000 0.000000
24.000000 226.157094 7.564696 -2.915535 0.927266 0.000000 0.000000 0.000000 1.000000 0.000000 0.000000
24.000000 226.164014 7.069211 -2.989315 1.058730 0.000000 0.000000 0.000000 1.000000 0.000000 0.000000
24.000000 226.177073 7.394056 -2.940333 0.779402 0.000000 0.000000 0.000000 1.000000 0.000000 0.000000
24.000000 226.186997 7.322234 -2.956863 0.696524 0.000000 0.000000 0.000000 1.000000 0.000000 0.000000
24.000000 226.194105 6.862269 -3.050088 0.838137 0.000000 0.000000 0.000000 1.000000 0.000000 0.000000
24.000000 226.204067 6.730646 -3.048625 0.774256 0.000000 0.000000 0.000000 1.000000 0.000000 0.000000
24.000000 226.217141 7.032377 -2.994362 0.477740 0.000000 0.000000 0.000000 1.000000 0.000000 0.000000
24.000000 226.224085 6.579504 -3.087905 0.624117 0.000000 0.000000 0.000000 1.000000 0.000000 0.000000
24.000000 226.234136 6.531925 -3.114857 0.542769 0.000000 0.000000 0.000000 1.000000 0.000000 0.000000
24.000000 226.237123 6.851027 -3.017805 0.322546 0.000000 0.000000 0.000000 1.000000 0.000000 0.000000
24.000000 226.244069 6.422596 -3.118597 0.469375 0.000000 0.000000 0.000000 1.000000 0.000000 0.000000
24.000000 226.247180 6.770771 -3.030624 0.241622 0.000000 0.000000 0.000000 1.000000 0.000000 0.000000
24.000000 226.254107 6.340526 -3.132157 0.389813 0.000000 0.000000 0.000000 1.000000 0.000000 0.000000
24.000000 226.257105 6.680035 -3.044217 0.162100 0.000000 0.000000 0.000000 1.000000 0.000000 0.000000
24.000000 226.264054 6.262394 -3.148374 0.314874 0.000000 0.000000 0.000000 1.000000 0.000000 0.000000
24.000000 226.267002 6.590772 -3.056296 0.083793 0.000000 0.000000 0.000000 1.000000 0.000000 0.000000
24.000000 226.274147 6.211492 -3.178817 0.229373 0.000000 0.000000 0.000000 1.000000 0.000000 0.000000
24.000000 226.277114 6.504145 -3.068342 0.000188 0.000000 0.000000 0.000000 1.000000 0.000000 0.000000
24.000000 226.284052 6.208309 -3.196071 0.171548 0.000000 0.000000 0.000000 1.000000 0.000000 0.000000
24.000000 226.287103 6.440914 -3.075608 -0.018112 0.000000 0.000000 0.000000 1.000000 0.000000 0.000000
24.000000 226.294132 6.150219 -3.195094 0.227819 0.000000 0.000000 0.000000 1.000000 0.000000 0.000000
24.000000 226.297123 6.385330 -3.081610 0.048065 0.000000 0.000000 0.000000 1.000000 0.000000 0.000000
24.000000 226.304054 6.152390 -3.212239 0.268129 0.000000 0.000000 0.000000 1.000000 0.000000 0.000000
24.000000 226.307014 6.344009 -3.086557 0.102804 0.000000 0.000000 0.000000 1.000000 0.000000 0.000000
24.000000 226.314131 6.053562 -3.208745 0.337246 0.000000 0.000000 0.000000 1.000000 0.000000 0.000000
24.000000 226.317173 6.283099 -3.097817 0.162722 0.000000 0.000000 0.000000 1.000000 0.000000 0.000000
24.000000 226.324094 5.985996 -3.212687 0.397298 0.000000 0.000000 0.000000 1.000000 0.000000 0.000000
24.000000 226.327117 6.238145 -3.103662 0.212445 0.000000 0.000000 0.000000 1.000000 0.000000 0.000000
24.000000 226.334136 5.995021 -3.238048 0.439239 0.000000 0.000000 0.000000 1.000000 0.000000 0.000000
24.000000 226.337160 6.192434 -3.112743 0.260854 0.000000 0.000000 0.000000 1.000000 0.000000 0.000000
24.000000 226.344086 5.943671 -3.241704 0.491875 0.000000 0.000000 0.000000 1.000000 0.000000 0.000000
24.000000 226.347014 6.136266 -3.115738 0.322377 0.000000 0.000000 0.000000 1.000000 0.000000 0.000000
24.000000 226.354192 5.845460 -3.234223 0.551204 0.000000 0.000000 0.000000 1.000000 0.000000 0.000000
24.000000 226.357121 6.090335 -3.125764 0.370412 0.000000 0.000000 0.000000 1.000000 0.000000 0.000000
24.000000 226.364131 5.805820 -3.243135 0.603040 0.000000 0.000000 0.000000 1.000000 0.000000 0.000000
24.000000 226.367171 6.050958 -3.132874 0.419094 0.000000 0.000000 0.000000 1.000000 0.000000 0.000000
24.000000 226.374174 5.765730 -3.251791 0.647252 0.000000 0.000000 0.000000 1.000000 0.000000 0.000000
24.000000 226.377170 5.991494 -3.137984 0.469887 0.000000 0.000000 0.000000 1.000000 0.000000 0.000000
24.000000 226.384127 5.749351 -3.274868 0.695258 0.000000 0.000000 0.000000 1.000000 0.000000 0.000000
24.000000 226.387094 5.958001 -3.148741 0.513726 0.000000 0.000000 0.000000 1.000000 0.000000 0.000000
24.000000 226.394187 5.659735 -3.265738 0.747424 0.000000 0.000000 0.000000 1.000000 0.000000 0.000000
24.000000 226.397182 5.896399 -3.155337 0.566482 0.000000 0.000000 0.000000 1.000000 0.000000 0.000000
24.000000 226.404110 5.660127 -3.293183 0.785464 0.000000 0.000000 0.000000 1.000000 0.000000 0.000000
24.000000 226.407203 5.851435 -3.161078 0.608996 0.000000 0.000000 0.000000 1.000000 0.000000 0.000000
24.000000 226.414194 5.622945 -3.302236 0.828295 0.000000 0.000000 0.000000 1.000000 0.000000 0.000000
24.000000 226.417155 5.803255 -3.168278 0.653725 0.000000 0.000000 0.000000 1.000000 0.000000 0.000000
24.000000 226.424235 5.567093 -3.303966 0.872628 0.000000 0.000000 0.000000 1.000000 0.000000 0.000000
24.000000 226.427096 5.754130 -3.172864 0.698145 0.000000 0.000000 0.000000 1.000000 0.000000 0.000000
24.000000 226.434181 5.486204 -3.299373 0.918436 0.000000 0.000000 0.000000 1.000000 0.000000 0.000000
24.000000 226.437233 5.707843 -3.183391 0.733339 0.000000 0.000000 0.000000 1.000000 0.000000 0.000000
24.000000 226.444117 5.487224 -3.324421 0.955429 0.000000 0.000000 0.000000 1.000000 0.000000 0.000000
24.000000 226.447163 5.654842 -3.188001 0.781510 0.000000 0.000000 0.000000 1.000000 0.000000 0.000000
24.000000 226.454229 5.401877 -3.314037 0.998648 0.000000 0.000000 0.000000 1.000000 0.000000 0.000000
24.000000 226.457170 5.602470 -3.193753 0.821553 0.000000 0.000000 0.000000 1.000000 0.000000 0.000000
24.000000 226.464286 5.407814 -3.344007 1.032045 0.000000 0.000000 0.000000 1.000000 0.000000 0.000000
24.000000 226.467140 5.552155 -3.201379 0.861939 0.000000 0.000000 0.000000 1.000000 0.000000 0.000000
24.000000 226.474334 5.354256 -3.349601 1.070075 0.000000 0.000000 0.000000 1.000000 0.000000 0.000000
24.000000 226.477187 5.507728 -3.207124 0.894767 0.000000 0.000000 0.000000 1.000000 0.000000 0.000000
24.000000 226.484247 5.321535 -3.359633 1.101242 0.000000 0.000000 0.000000 1.000000 0.000000 0.000000
24.000000 226.487135 5.480375 -3.219187 0.925653 0.000000 0.000000 0.000000 1.000000 0.000000 0.000000
24.000000 226.494352 5.249644 -3.357106 1.140678 0.000000 0.000000 0.000000 1.000000 0.000000 0.000000
24.000000 226.497271 5.414668 -3.221969 0.966288 0.000000 0.000000 0.000000 1.000000 0.000000 0.000000
24.000000 226.504267 5.195862 -3.356232 1.178779 0.000000 0.000000 0.000000 1.000000 0.000000 0.000000
24.000000 226.507162 5.365479 -3.223787 1.001816 0.000000 0.000000 0.000000 1.000000 0.000000 0.000000
24.000000 226.514276 5.196180 -3.381766 1.201716 0.000000 0.000000 0.000000 1.000000 0.000000 0.000000
24.000000 226.517240 5.323844 -3.231773 1.029939 0.000000 0.000000 0.000000 1.000000 0.000000 0.000000
24.000000 226.524474 5.092703 -3.372605 1.244384 0.000000 0.000000 0.000000 1.000000 0.000000 0.000000
24.000000 226.527192 5.269561 -3.241262 1.063336 0.000000 0.000000 0.000000 1.000000 0.000000 0.000000
24.000000 226.534456 5.120026 -3.400405 1.268671 0.000000 0.000000 0.000000 1.000000 0.000000 0.000000
24.000000 226.537271 5.225782 -3.245219 1.093177 0.000000 0.000000 0.000000 1.000000 0.000000 0.000000
24.000000 226.544230 5.024283 -3.385547 1.310660 0.000000 0.000000 0.000000 1.000000 0.000000 0.000000
24.000000 226.547328 5.172418 -3.249911 1.132748 0.000000 0.000000 0.000000 1.000000 0.000000 0.000000
24.000000 226.554303 5.020164 -3.405280 1.330135 0.000000 0.000000 0.000000 1.000000 0.000000 0.000000
24.000000 226.557185 5.134094 -3.257384 1.157046 0.000000 0.000000 0.000000 1.000000 0.000000 0.000000
24.000000 226.564247 4.976485 -3.417825 1.360524 0.000000 0.000000 0.000000 1.000000 0.000000 0.000000
24.000000 226.567145 5.076363 -3.267872 1.189733 0.000000 0.000000 0.000000 1.000000 0.000000 0.000000
24.000000 226.574344 4.881437 -3.409310 1.396742 0.000000 0.000000 0.000000 1.000000 0.000000 0.000000
24.000000 226.577297 5.029012 -3.276366 1.215903 0.000000 0.000000 0.000000 1.000000 0.000000 0.000000
24.000000 226.584404 4.888104 -3.436969 1.411912 0.000000 0.000000 0.000000 1.000000 0.000000 0.000000
24.000000 226.587166 4.987186 -3.282581 1.235647 0.000000 0.000000 0.000000 1.000000 0.000000 0.000000
24.000000 226.594429 4.852164 -3.448294 1.435689 0.000000 0.000000 0.000000 1.000000 0.000000 0.000000
24.000000 226.597224 4.935093 -3.289442 1.263468 0.000000 0.000000 0.000000 1.000000 0.000000 0.000000
24.000000 226.604230 4.765601 -3.443104 1.470146 0.000000 0.000000 0.000000 1.000000 0.000000 0.000000
24.000000 226.607188 4.887863 -3.296140 1.285801 0.000000 0.000000 0.000000 1.000000 0.000000 0.000000
24.000000 226.614304 4.732208 -3.452620 1.494689 0.000000 0.000000 0.000000 1.000000 0.000000 0.000000
24.000000 226.617257 4.840551 -3.301448 1.309082 0.000000 0.000000 0.000000 1.000000 0.000000 0.000000
24.000000 226.624307 4.697401 -3.456835 1.510882 0.000000 0.000000 0.000000 1.000000 0.000000 0.000000
24.000000 226.627126 4.789451 -3.304769 1.333070 0.000000 0.000000 0.000000 1.000000 0.000000 0.000000
24.000000 226.634324 4.658551 -3.467040 1.530445 0.000000 0.000000 0.000000 1.000000 0.000000 0.000000
24.000000 226.637256 4.768527 -3.313126 1.340327 0.000000 0.000000 0.000000 1.000000 0.000000 0.000000
24.000000 226.644279 4.609768 -3.462209 1.545237 0.000000 0.000000 0.000000 1.000000 0.000000 0.000000
24.000000 226.647182 4.722862 -3.307517 1.356747 0.000000 0.000000 0.000000 1.000000 0.000000 0.000000
24.000000 226.654329 4.578051 -3.470751 1.565697 0.000000 0.000000 0.000000 1.000000 0.000000 0.000000
24.000000 226.657312 4.685272 -3.314969 1.374375 0.000000 0.000000 0.000000 1.000000 0.000000 0.000000
24.000000 226.667208 3.846476 -3.701966 1.711614 0.000000 0.000000 0.000000 1.000000 0.000000 0.000000
24.000000 226.677283 3.801876 -3.706186 1.730502 0.000000 0.000000 0.000000 1.000000 0.000000 0.000000
24.000000 226.687186 3.758937 -3.711634 1.738292 0.000000 0.000000 0.000000 1.000000 0.000000 0.000000
24.000000 226.697348 3.715830 -3.727093 1.752458 0.000000 0.000000 0.000000 1.000000 0.000000 0.000000
24.000000 226.707191 3.661839 -3.731409 1.771455 0.000000 0.000000 0.000000 1.000000 0.000000 0.000000
24.000000 226.717276 3.605033 -3.745397 1.783912 0.000000 0.000000 0.000000 1.000000 0.000000 0.000000
24.000000 226.727221 3.567912 -3.749838 1.792374 0.000000 0.000000 0.000000 1.000000 0.000000 0.000000
24.000000 226.757364 3.422763 -3.776244 1.824864 0.000000 0.000000 0.000000 1.000000 0.000000 0.000000
24.000000 226.767344 3.360783 -3.791491 1.835328 0.000000 0.000000 0.000000 1.000000 0.000000 0.000000
24.000000 226.777382 3.321617 -3.800579 1.838725 0.000000 0.000000 0.000000 1.000000 0.000000 0.000000
24.000000 226.787231 3.294325 -3.804173 1.839294 0.000000 0.000000 0.000000 1.000000 0.000000 0.000000
24.000000 226.797404 3.225842 -3.815748 1.847167 0.000000 0.000000 0.000000 1.000000 0.000000 0.000000
24.000000 226.817347 3.153447 -3.818975 1.848826 0.000000 0.000000 0.000000 1.000000 0.000000 0.000000
24.000000 226.827314 3.073573 -3.840332 1.864470 0.000000 0.000000 0.000000 1.000000 0.000000 0.000000
24.000000 226.837395 3.019336 -3.846741 1.863984 0.000000 0.000000 0.000000 1.000000 0.000000 0.000000
24.000000 226.847450 2.997697 -3.848415 1.857570 0.000000 0.000000 0.000000 1.000000 0.000000 0.000000
24.000000 226.857347 2.945435 -3.858305 1.864108 0.000000 0.000000 0.000000 1.000000 0.000000 0.000000
24.000000 226.867365 2.899747 -3.863115 1.858315 0.000000 0.000000 0.000000 1.000000 0.000000 0.000000
24.000000 226.877344 2.840753 -3.882993 1.859129 0.000000 0.000000 0.000000 1.000000 0.000000 0.000000
24.000000 226.887413 2.776658 -3.897572 1.854341 0.000000 0.000000 0.000000 1.000000 0.000000 0.000000
24.000000 226.897519 2.740593 -3.904514 1.849942 0.000000 0.000000 0.000000 1.000000 0.000000 0.000000
24.000000 226.907504 2.705366 -3.904135 1.841198 0.000000 0.000000 0.000000 1.000000 0.000000 0.000000
24.000000 226.917614 2.650935 -3.916364 1.838283 0.000000 0.000000 0.000000 1.000000 0.000000 0.000000
24.000000 226.927453 2.602545 -3.927686 1.828809 0.000000 0.000000 0.000000 1.000000 0.000000 0.000000
24.000000 226.937446 2.576051 -3.924755 1.805064 0.000000 0.000000 0.000000 1.000000 0.000000 0.000000
24.000000 226.947445 2.540733 -3.928430 1.796992 0.000000 0.000000 0.000000 1.000000 0.000000 0.000000
24.000000 226.957487 2.466694 -3.954318 1.796105 0.000000 0.000000 0.000000 1.000000 0.000000 0.000000
24.000000 226.967331 2.437837 -3.949619 1.777142 0.000000 0.000000 0.000000 1.000000 0.000000 0.000000
24.000000 226.977420 2.385534 -3.969842 1.765698 0.000000 0.000000 0.000000 1.000000 0.000000 0.000000
24.000000 226.987385 2.346697 -3.968542 1.744872 0.000000 0.000000 0.000000 1.000000 0.000000 0.000000
24.000000 226.997483 2.306105 -3.976587 1.733613 0.000000 0.000000 0.000000 1.000000 0.000000 0.000000
24.000000 227.007401 2.229533 -4.002504 1.731184 0.000000 0.000000 0.000000 1.000000 0.000000 0.000000
24.000000 227.017512 2.195445 -4.008212 1.701522 0.000000 0.000000 0.000000 1.000000 0.000000 0.000000
24.000000 227.027466 2.128821 -4.020912 1.701381 0.000000 0.000000 0.000000 1.000000 0.000000 0.000000
24.000000 227.037672 2.106049 -4.026851 1.666733 0.000000 0.000000 0.000000 1.000000 0.000000 0.000000
24.000000 227.057505 2.038260 -4.021019 1.625669 0.000000 0.000000 0.000000 1.000000 0.000000 0.000000
24.000000 227.067415 1.978688 -4.037600 1.607880 0.000000 0.000000 0.000000 1.000000 0.000000 0.000000
24.000000 227.077557 1.955329 -4.034982 1.571194 0.000000 0.000000 0.000000 1.000000 0.000000 0.000000
24.000000 227.087405 1.928740 -4.049525 1.543250 0.000000 0.000000 0.000000 1.000000 0.000000 0.000000
24.000000 227.097512 1.856449 -4.062545 1.523388 0.000000 0.000000 0.000000 1.000000 0.000000 0.000000
24.000000 227.107576 1.825129 -4.063332 1.498744 0.000000 0.000000 0.000000 1.000000 0.000000 0.000000
24.000000 227.117675 1.763032 -4.085867 1.478840 0.000000 0.000000 0.000000 1.000000 0.000000 0.000000
24.000000 227.127556 1.720056 -4.095344 1.446465 0.000000 0.000000 0.000000 1.000000 0.000000 0.000000
24.000000 227.137578 1.678180 -4.101343 1.416987 0.000000 0.000000 0.000000 1.000000 0.000000 0.000000
24.000000 227.147476 1.631548 -4.114809 1.386283 0.000000 0.000000 0.000000 1.000000 0.000000 0.000000
24.000000 227.157633 1.607217 -4.106599 1.355682 0.000000 0.000000 0.000000 1.000000 0.000000 0.000000
24.000000 227.160511 1.659523 -4.082579 1.326142 0.000000 0.000000 0.000000 1.000000 0.000000 0.000000
24.000000 227.177560 1.525311 -4.130218 1.280110 0.000000 0.000000 0.000000 1.000000 0.000000 0.000000
24.000000 227.187726 1.496057 -4.120485 1.245859 0.000000 0.000000 0.000000 1.000000 0.000000 0.000000
