19.000000 198.785075 25.223872 -0.246254 0.314751 0.000000 0.000000 0.000000 1.000000 0.000000 0.000000
19.000000 198.787884 25.095041 -0.280852 0.344046 0.000000 0.000000 0.000000 1.000000 0.000000 0.000000
19.000000 198.797790 25.107293 -0.260352 0.412731 0.000000 0.000000 0.000000 1.000000 0.000000 0.000000
19.000000 198.807804 25.082355 -0.209357 0.431506 0.000000 0.000000 0.000000 1.000000 0.000000 0.000000
19.000000 198.817742 24.860755 -0.212093 0.597211 0.000000 0.000000 0.000000 1.000000 0.000000 0.000000
19.000000 198.827729 24.594851 -0.211074 0.728277 0.000000 0.000000 0.000000 1.000000 0.000000 0.000000
19.000000 198.837641 24.381263 -0.195810 0.823992 0.000000 0.000000 0.000000 1.000000 0.000000 0.000000
19.000000 198.847746 24.357947 -0.163061 0.877846 0.000000 0.000000 0.000000 1.000000 0.000000 0.000000
19.000000 198.857805 24.187363 -0.143541 0.974188 0.000000 0.000000 0.000000 1.000000 0.000000 0.000000
19.000000 198.867879 24.059960 -0.128373 1.057642 0.000000 0.000000 0.000000 1.000000 0.000000 0.000000
19.000000 198.870970 23.046158 -0.152891 1.328287 0.000000 0.000000 0.000000 1.000000 0.000000 0.000000
19.000000 198.877673 23.931311 -0.106819 1.136090 0.000000 0.000000 0.000000 1.000000 0.000000 0.000000
19.000000 198.880838 22.936427 -0.136913 1.401665 0.000000 0.000000 0.000000 1.000000 0.000000 0.000000
19.000000 198.887844 23.709043 -0.104541 1.231499 0.000000 0.000000 0.000000 1.000000 0.000000 0.000000
19.000000 198.890909 22.852882 -0.131516 1.474637 0.000000 0.000000 0.000000 1.000000 0.000000 0.000000
19.000000 198.897796 23.609031 -0.088732 1.290358 0.000000 0.000000 0.000000 1.000000 0.000000 0.000000
19.000000 198.900947 22.753876 -0.119305 1.551351 0.000000 0.000000 0.000000 1.000000 0.000000 0.000000
19.000000 198.907879 23.513650 -0.060506 1.375625 0.000000 0.000000 0.000000 1.000000 0.000000 0.000000
19.000000 198.910887 22.624879 -0.093680 1.612305 0.000000 0.000000 0.000000 1.000000 0.000000 0.000000
19.000000 198.917713 23.316275 -0.056636 1.464066 0.000000 0.000000 0.000000 1.000000 0.000000 0.000000
19.000000 198.920914 22.535559 -0.088715 1.684163 0.000000 0.000000 0.000000 1.000000 0.000000 0.000000
19.000000 198.927774 23.204641 -0.031316 1.536951 0.000000 0.000000 0.000000 1.000000 0.000000 0.000000
19.000000 198.930903 22.432513 -0.070154 1.751056 0.000000 0.000000 0.000000 1.000000 0.000000 0.000000
19.000000 198.937692 23.067682 -0.016905 1.600213 0.000000 0.000000 0.000000 1.000000 0.000000 0.000000
19.000000 198.940918 22.306526 -0.052013 1.808703 0.000000 0.000000 0.000000 1.000000 0.000000 0.000000
19.000000 198.947801 23.020594 0.004713 1.658213 0.000000 0.000000 0.000000 1.000000 0.000000 0.000000
19.000000 198.950969 22.199356 -0.036218 1.875821 0.000000 0.000000 0.000000 1.000000 0.000000 0.000000
19.000000 198.957735 22.852013 0.017065 1.734299 0.000000 0.000000 0.000000 1.000000 0.000000 0.000000
19.000000 198.960870 22.085111 -0.021679 1.935081 0.000000 0.000000 0.000000 1.000000 0.000000 0.000000
19.000000 198.967794 22.723057 0.037681 1.801894 0.000000 0.000000 0.000000 1.000000 0.000000 0.000000
19.000000 198.970950 21.976503 -0.005262 1.997167 0.000000 0.000000 0.000000 1.000000 0.000000 0.000000
19.000000 198.977705 22.579346 0.054748 1.871159 0.000000 0.000000 0.000000 1.000000 0.000000 0.000000
19.000000 198.981011 21.859672 0.011087 2.057259 0.000000 0.000000 0.000000 1.000000 0.000000 0.000000
19.000000 198.987801 22.429054 0.067633 1.938026 0.000000 0.000000 0.000000 1.000000 0.000000 0.000000
19.000000 198.990898 21.757768 0.022450 2.116695 0.000000 0.000000 0.000000 1.000000 0.000000 0.000000
19.000000 198.997699 22.372462 0.085113 1.983819 0.000000 0.000000 0.000000 1.000000 0.000000 0.000000
19.000000 199.000839 21.643124 0.040563 2.171562 0.000000 0.000000 0.000000 1.000000 0.000000 0.000000
19.000000 199.007792 22.181593 0.105511 2.062984 0.000000 0.000000 0.000000 1.000000 0.000000 0.000000
19.000000 199.010999 21.529483 0.060016 2.230118 0.000000 0.000000 0.000000 1.000000 0.000000 0.000000
19.000000 199.017726 22.066171 0.119700 2.123933 0.000000 0.000000 0.000000 1.000000 0.000000 0.000000
19.000000 199.020850 21.418310 0.072889 2.285054 0.000000 0.000000 0.000000 1.000000 0.000000 0.000000
19.000000 199.027806 21.929909 0.133240 2.187472 0.000000 0.000000 0.000000 1.000000 0.000000 0.000000
19.000000 199.030949 21.310848 0.083696 2.341556 0.000000 0.000000 0.000000 1.000000 0.000000 0.000000
19.000000 199.037719 21.786274 0.150426 2.246400 0.000000 0.000000 0.000000 1.000000 0.000000 0.000000
19.000000 199.040925 21.186823 0.100117 2.391690 0.000000 0.000000 0.000000 1.000000 0.000000 0.000000
19.000000 199.047987 21.784824 0.167780 2.291856 0.000000 0.000000 0.000000 1.000000 0.000000 0.000000
19.000000 199.050964 21.072280 0.115642 2.444810 0.000000 0.000000 0.000000 1.000000 0.000000 0.000000
19.000000 199.057684 21.539443 0.176988 2.358545 0.000000 0.000000 0.000000 1.000000 0.000000 0.000000
19.000000 199.060956 20.970254 0.129429 2.498543 0.000000 0.000000 0.000000 1.000000 0.000000 0.000000
19.000000 199.067959 21.401459 0.194434 2.417223 0.000000 0.000000 0.000000 1.000000 0.000000 0.000000
19.000000 199.070956 20.859786 0.145718 2.550984 0.000000 0.000000 0.000000 1.000000 0.000000 0.000000
19.000000 199.077875 21.293423 0.214225 2.466662 0.000000 0.000000 0.000000 1.000000 0.000000 0.000000
19.000000 199.080884 20.728239 0.161429 2.590892 0.000000 0.000000 0.000000 1.000000 0.000000 0.000000
19.000000 199.087955 21.161348 0.227183 2.523343 0.000000 0.000000 0.000000 1.000000 0.000000 0.000000
19.000000 199.091069 20.605476 0.175117 2.642986 0.000000 0.000000 0.000000 1.000000 0.000000 0.000000
19.000000 199.097849 21.121635 0.247551 2.558852 0.000000 0.000000 0.000000 1.000000 0.000000 0.000000
19.000000 199.100880 20.488122 0.194035 2.689330 0.000000 0.000000 0.000000 1.000000 0.000000 0.000000
19.000000 199.107857 20.920961 0.262163 2.622150 0.000000 0.000000 0.000000 1.000000 0.000000 0.000000
19.000000 199.111010 20.380909 0.210103 2.735830 0.000000 0.000000 0.000000 1.000000 0.000000 0.000000
19.000000 199.117919 20.781369 0.274767 2.672658 0.000000 0.000000 0.000000 1.000000 0.000000 0.000000
19.000000 199.121053 20.278533 0.222110 2.777048 0.000000 0.000000 0.000000 1.000000 0.000000 0.000000
19.000000 199.127914 20.648086 0.287090 2.719060 0.000000 0.000000 0.000000 1.000000 0.000000 0.000000
19.000000 199.130956 20.150599 0.237097 2.822187 0.000000 0.000000 0.000000 1.000000 0.000000 0.000000
19.000000 199.137800 20.503690 0.298421 2.771851 0.000000 0.000000 0.000000 1.000000 0.000000 0.000000
19.000000 199.141092 20.027047 0.247698 2.869964 0.000000 0.000000 0.000000 1.000000 0.000000 0.000000
19.000000 199.147880 20.476863 0.313505 2.807474 0.000000 0.000000 0.000000 1.000000 0.000000 0.000000
19.000000 199.151157 19.916820 0.264378 2.907058 0.000000 0.000000 0.000000 1.000000 0.000000 0.000000
19.000000 199.154473 18.967772 0.477564 2.724774 0.000000 0.000000 0.000000 1.000000 0.000000 0.000000
19.000000 199.157960 20.275041 0.332749 2.858824 0.000000 0.000000 0.000000 1.000000 0.000000 0.000000
19.000000 199.160921 19.799383 0.282565 2.949592 0.000000 0.000000 0.000000 1.000000 0.000000 0.000000
19.000000 199.168038 20.164662 0.352475 2.897644 0.000000 0.000000 0.000000 1.000000 0.000000 0.000000
19.000000 199.171120 19.681290 0.303249 2.986834 0.000000 0.000000 0.000000 1.000000 0.000000 0.000000
19.000000 199.177795 20.026013 0.361443 2.945733 0.000000 0.000000 0.000000 1.000000 0.000000 0.000000
19.000000 199.181011 19.565859 0.312502 3.027777 0.000000 0.000000 0.000000 1.000000 0.000000 0.000000
19.000000 199.187895 19.912721 0.379032 2.981701 0.000000 0.000000 0.000000 1.000000 0.000000 0.000000
19.000000 199.191010 19.462239 0.330423 3.061539 0.000000 0.000000 0.000000 1.000000 0.000000 0.000000
19.000000 199.197762 19.863602 0.392318 3.018087 0.000000 0.000000 0.000000 1.000000 0.000000 0.000000
19.000000 199.200904 19.370351 0.340920 3.096082 0.000000 0.000000 0.000000 1.000000 0.000000 0.000000
19.000000 199.207995 19.641321 0.402519 3.064308 0.000000 0.000000 0.000000 1.000000 0.000000 0.000000
19.000000 199.211047 19.249115 0.357518 3.133769 0.000000 0.000000 0.000000 1.000000 0.000000 0.000000
19.000000 199.217827 19.532425 0.419244 3.097092 0.000000 0.000000 0.000000 1.000000 0.000000 0.000000
19.000000 199.221027 19.094258 0.373937 3.169700 0.000000 0.000000 0.000000 1.000000 0.000000 0.000000
19.000000 199.228026 19.411248 0.435942 3.133201 0.000000 0.000000 0.000000 1.000000 0.000000 0.000000
19.000000 199.231035 18.975984 0.389616 3.200830 0.000000 0.000000 0.000000 1.000000 0.000000 0.000000
19.000000 199.237865 19.297853 0.449027 3.163346 0.000000 0.000000 0.000000 1.000000 0.000000 0.000000
19.000000 199.240965 18.849520 0.403720 3.229941 0.000000 0.000000 0.000000 1.000000 0.000000 0.000000
19.000000 199.247945 19.200909 0.457715 3.200314 0.000000 0.000000 0.000000 1.000000 0.000000 0.000000
19.000000 199.251076 18.765659 0.411122 3.270457 0.000000 0.000000 0.000000 1.000000 0.000000 0.000000
19.000000 199.257965 19.029833 0.468708 3.239782 0.000000 0.000000 0.000000 1.000000 0.000000 0.000000
19.000000 199.260922 18.617655 0.426478 3.294851 0.000000 0.000000 0.000000 1.000000 0.000000 0.000000
19.000000 199.267918 18.909686 0.485417 3.268487 0.000000 0.000000 0.000000 1.000000 0.000000 0.000000
19.000000 199.271174 18.489795 0.444079 3.323175 0.000000 0.000000 0.000000 1.000000 0.000000 0.000000
19.000000 199.277953 18.806261 0.498978 3.301028 0.000000 0.000000 0.000000 1.000000 0.000000 0.000000
19.000000 199.287972 18.695742 0.516877 3.329479 0.000000 0.000000 0.000000 1.000000 0.000000 0.000000
19.000000 199.291170 18.270784 0.476229 3.386401 0.000000 0.000000 0.000000 1.000000 0.000000 0.000000
19.000000 199.297830 18.652386 0.528173 3.352906 0.000000 0.000000 0.000000 1.000000 0.000000 0.000000
19.000000 199.300963 18.189838 0.487237 3.404149 0.000000 0.000000 0.000000 1.000000 0.000000 0.000000
19.000000 199.307986 18.450229 0.541540 3.380033 0.000000 0.000000 0.000000 1.000000 0.000000 0.000000
19.000000 199.311220 18.024010 0.503166 3.429235 0.000000 0.000000 0.000000 1.000000 0.000000 0.000000
19.000000 199.318017 18.359485 0.562361 3.399911 0.000000 0.000000 0.000000 1.000000 0.000000 0.000000
19.000000 199.321018 17.877044 0.524798 3.447833 0.000000 0.000000 0.000000 1.000000 0.000000 0.000000
19.000000 199.328126 18.244317 0.570370 3.421370 0.000000 0.000000 0.000000 1.000000 0.000000 0.000000
19.000000 199.331081 17.784809 0.534927 3.470239 0.000000 0.000000 0.000000 1.000000 0.000000 0.000000
19.000000 199.337981 18.099018 0.586456 3.441706 0.000000 0.000000 0.000000 1.000000 0.000000 0.000000
19.000000 199.341022 17.671161 0.555754 3.492637 0.000000 0.000000 0.000000 1.000000 0.000000 0.000000
19.000000 199.348237 17.958737 0.591480 3.458805 0.000000 0.000000 0.000000 1.000000 0.000000 0.000000
19.000000 199.351108 17.542540 0.561621 3.508863 0.000000 0.000000 0.000000 1.000000 0.000000 0.000000
19.000000 199.358065 17.861732 0.614035 3.479286 0.000000 0.000000 0.000000 1.000000 0.000000 0.000000
19.000000 199.361159 17.407389 0.582477 3.529126 0.000000 0.000000 0.000000 1.000000 0.000000 0.000000
19.000000 199.371075 17.309546 0.588909 3.548924 0.000000 0.000000 0.000000 1.000000 0.000000 0.000000
19.000000 199.381018 17.161263 0.611735 3.573541 0.000000 0.000000 0.000000 1.000000 0.000000 0.000000
19.000000 199.387985 17.451204 0.644581 3.539230 0.000000 0.000000 0.000000 1.000000 0.000000 0.000000
19.000000 199.391211 17.089707 0.619993 3.586129 0.000000 0.000000 0.000000 1.000000 0.000000 0.000000
19.000000 199.397899 17.416528 0.665621 3.546342 0.000000 0.000000 0.000000 1.000000 0.000000 0.000000
19.000000 199.401147 16.943758 0.638692 3.597841 0.000000 0.000000 0.000000 1.000000 0.000000 0.000000
19.000000 199.408015 17.281020 0.682946 3.565248 0.000000 0.000000 0.000000 1.000000 0.000000 0.000000
19.000000 199.411127 16.849334 0.655186 3.614931 0.000000 0.000000 0.000000 1.000000 0.000000 0.000000
19.000000 199.417862 17.181584 0.706407 3.575559 0.000000 0.000000 0.000000 1.000000 0.000000 0.000000
19.000000 199.421195 16.682266 0.680116 3.628788 0.000000 0.000000 0.000000 1.000000 0.000000 0.000000
19.000000 199.431264 16.581712 0.693700 3.644097 0.000000 0.000000 0.000000 1.000000 0.000000 0.000000
19.000000 199.441076 16.482202 0.704003 3.650434 0.000000 0.000000 0.000000 1.000000 0.000000 0.000000
19.000000 199.447967 16.811128 0.746065 3.599437 0.000000 0.000000 0.000000 1.000000 0.000000 0.000000
19.000000 199.451257 16.346916 0.721831 3.663928 0.000000 0.000000 0.000000 1.000000 0.000000 0.000000
19.000000 199.461046 16.219243 0.735860 3.680238 0.000000 0.000000 0.000000 1.000000 0.000000 0.000000
19.000000 199.471257 16.082744 0.757273 3.686703 0.000000 0.000000 0.000000 1.000000 0.000000 0.000000
19.000000 199.477864 16.502423 0.787707 3.640163 0.000000 0.000000 0.000000 1.000000 0.000000 0.000000
19.000000 199.481050 16.000480 0.763656 3.693561 0.000000 0.000000 0.000000 1.000000 0.000000 0.000000
19.000000 199.487974 16.469032 0.808422 3.640856 0.000000 0.000000 0.000000 1.000000 0.000000 0.000000
19.000000 199.491214 15.888164 0.782781 3.701959 0.000000 0.000000 0.000000 1.000000 0.000000 0.000000
19.000000 199.497860 16.292322 0.823335 3.654012 0.000000 0.000000 0.000000 1.000000 0.000000 0.000000
19.000000 199.501028 15.707084 0.794233 3.703203 0.000000 0.000000 0.000000 1.000000 0.000000 0.000000
19.000000 199.507983 16.173234 0.842312 3.649800 0.000000 0.000000 0.000000 1.000000 0.000000 0.000000
19.000000 199.511170 15.607320 0.813975 3.707275 0.000000 0.000000 0.000000 1.000000 0.000000 0.000000
19.000000 199.517889 16.102708 0.855284 3.665502 0.000000 0.000000 0.000000 1.000000 0.000000 0.000000
19.000000 199.521120 15.502461 0.824471 3.714662 0.000000 0.000000 0.000000 1.000000 0.000000 0.000000
19.000000 199.528080 15.983441 0.867912 3.671070 0.000000 0.000000 0.000000 1.000000 0.000000 0.000000
19.000000 199.531302 15.418718 0.840824 3.725410 0.000000 0.000000 0.000000 1.000000 0.000000 0.000000
19.000000 199.538124 15.792114 0.863148 3.686562 0.000000 0.000000 0.000000 1.000000 0.000000 0.000000
19.000000 199.541134 15.350497 0.837767 3.731223 0.000000 0.000000 0.000000 1.000000 0.000000 0.000000
19.000000 199.548226 15.730764 0.888104 3.676192 0.000000 0.000000 0.000000 1.000000 0.000000 0.000000
19.000000 199.551271 15.206731 0.860428 3.719763 0.000000 0.000000 0.000000 1.000000 0.000000 0.000000
19.000000 199.558021 15.591416 0.892401 3.681844 0.000000 0.000000 0.000000 1.000000 0.000000 0.000000
19.000000 199.561179 15.067116 0.866367 3.729753 0.000000 0.000000 0.000000 1.000000 0.000000 0.000000
19.000000 199.568084 15.551259 0.924503 3.674617 0.000000 0.000000 0.000000 1.000000 0.000000 0.000000
19.000000 199.571283 14.929593 0.892857 3.729214 0.000000 0.000000 0.000000 1.000000 0.000000 0.000000
19.000000 199.581194 14.823166 0.905712 3.728850 0.000000 0.000000 0.000000 1.000000 0.000000 0.000000
19.000000 199.588079 15.255942 0.928473 3.681657 0.000000 0.000000 0.000000 1.000000 0.000000 0.000000
19.000000 199.591312 14.828919 0.907098 3.733940 0.000000 0.000000 0.000000 1.000000 0.000000 0.000000
19.000000 199.598031 15.103389 0.926996 3.681387 0.000000 0.000000 0.000000 1.000000 0.000000 0.000000
19.000000 199.601091 14.783086 0.910861 3.730874 0.000000 0.000000 0.000000 1.000000 0.000000 0.000000
19.000000 199.611292 14.630623 0.928838 3.721755 0.000000 0.000000 0.000000 1.000000 0.000000 0.000000
19.000000 199.618030 14.902449 0.954824 3.668640 0.000000 0.000000 0.000000 1.000000 0.000000 0.000000
19.000000 199.621118 14.528061 0.937348 3.717082 0.000000 0.000000 0.000000 1.000000 0.000000 0.000000
19.000000 199.628238 14.797320 0.971771 3.662712 0.000000 0.000000 0.000000 1.000000 0.000000 0.000000
19.000000 199.631386 14.384148 0.951266 3.705632 0.000000 0.000000 0.000000 1.000000 0.000000 0.000000
19.000000 199.638154 14.694792 0.984458 3.659730 0.000000 0.000000 0.000000 1.000000 0.000000 0.000000
19.000000 199.641241 14.292820 0.965098 3.703620 0.000000 0.000000 0.000000 1.000000 0.000000 0.000000
19.000000 199.648042 14.588403 0.997474 3.651585 0.000000 0.000000 0.000000 1.000000 0.000000 0.000000
19.000000 199.651110 14.162241 0.975326 3.691946 0.000000 0.000000 0.000000 1.000000 0.000000 0.000000
19.000000 199.658144 14.452632 1.006099 3.645233 0.000000 0.000000 0.000000 1.000000 0.000000 0.000000
19.000000 199.661266 14.085862 0.989707 3.688920 0.000000 0.000000 0.000000 1.000000 0.000000 0.000000
19.000000 199.668248 14.381967 1.033554 3.640631 0.000000 0.000000 0.000000 1.000000 0.000000 0.000000
19.000000 199.671314 13.921552 1.006565 3.671866 0.000000 0.000000 0.000000 1.000000 0.000000 0.000000
19.000000 199.677989 14.295457 1.054098 3.632455 0.000000 0.000000 0.000000 1.000000 0.000000 0.000000
19.000000 199.681315 13.831293 1.028193 3.671317 0.000000 0.000000 0.000000 1.000000 0.000000 0.000000
19.000000 199.688248 14.153741 1.055493 3.625515 0.000000 0.000000 0.000000 1.000000 0.000000 0.000000
19.000000 199.691275 13.753565 1.029439 3.652922 0.000000 0.000000 0.000000 1.000000 0.000000 0.000000
19.000000 199.698016 14.091174 1.073385 3.611506 0.000000 0.000000 0.000000 1.000000 0.000000 0.000000
19.000000 199.701175 13.635115 1.045473 3.645198 0.000000 0.000000 0.000000 1.000000 0.000000 0.000000
19.000000 199.708107 13.939167 1.085377 3.599320 0.000000 0.000000 0.000000 1.000000 0.000000 0.000000
19.000000 199.711264 13.519489 1.059639 3.630790 0.000000 0.000000 0.000000 1.000000 0.000000 0.000000
19.000000 199.718038 13.819282 1.100471 3.584981 0.000000 0.000000 0.000000 1.000000 0.000000 0.000000
19.000000 199.721178 13.390468 1.073935 3.616250 0.000000 0.000000 0.000000 1.000000 0.000000 0.000000
19.000000 199.728061 13.725025 1.111285 3.566425 0.000000 0.000000 0.000000 1.000000 0.000000 0.000000
19.000000 199.731259 13.294223 1.085106 3.599893 0.000000 0.000000 0.000000 1.000000 0.000000 0.000000
19.000000 199.737968 13.627578 1.130571 3.546867 0.000000 0.000000 0.000000 1.000000 0.000000 0.000000
19.000000 199.741286 13.111823 1.099386 3.588885 0.000000 0.000000 0.000000 1.000000 0.000000 0.000000
19.000000 199.748113 13.511300 1.143208 3.522655 0.000000 0.000000 0.000000 1.000000 0.000000 0.000000
19.000000 199.751296 13.014230 1.113003 3.567939 0.000000 0.000000 0.000000 1.000000 0.000000 0.000000
19.000000 199.761207 12.869189 1.128334 3.545918 0.000000 0.000000 0.000000 1.000000 0.000000 0.000000
19.000000 199.768216 13.302146 1.166414 3.489713 0.000000 0.000000 0.000000 1.000000 0.000000 0.000000
19.000000 199.771277 12.799939 1.134476 3.524886 0.000000 0.000000 0.000000 1.000000 0.000000 0.000000
19.000000 199.777977 13.205726 1.184848 3.463946 0.000000 0.000000 0.000000 1.000000 0.000000 0.000000
19.000000 199.781316 12.685126 1.152416 3.503502 0.000000 0.000000 0.000000 1.000000 0.000000 0.000000
19.000000 199.788154 13.065620 1.178611 3.443684 0.000000 0.000000 0.000000 1.000000 0.000000 0.000000
19.000000 199.791181 12.601022 1.152642 3.483198 0.000000 0.000000 0.000000 1.000000 0.000000 0.000000
19.000000 199.797995 13.041764 1.209952 3.413096 0.000000 0.000000 0.000000 1.000000 0.000000 0.000000
19.000000 199.801348 12.465242 1.173943 3.463242 0.000000 0.000000 0.000000 1.000000 0.000000 0.000000
19.000000 199.805490 12.407382 0.975803 3.423701 0.000000 0.000000 0.000000 1.000000 0.000000 0.000000
19.000000 199.811241 12.367781 1.195634 3.437329 0.000000 0.000000 0.000000 1.000000 0.000000 0.000000
19.000000 199.818069 12.784299 1.234251 3.368430 0.000000 0.000000 0.000000 1.000000 0.000000 0.000000
19.000000 199.821387 12.239084 1.199141 3.410859 0.000000 0.000000 0.000000 1.000000 0.000000 0.000000
19.000000 199.825521 12.207370 1.002986 3.371313 0.000000 0.000000 0.000000 1.000000 0.000000 0.000000
19.000000 199.831185 12.177331 1.215781 3.388147 0.000000 0.000000 0.000000 1.000000 0.000000 0.000000
19.000000 199.834811 11.465733 1.374649 3.329089 0.000000 0.000000 0.000000 1.000000 0.000000 0.000000
19.000000 199.838065 12.601744 1.270446 3.313390 0.000000 0.000000 0.000000 1.000000 0.000000 0.000000
19.000000 199.841354 12.015769 1.230611 3.359282 0.000000 0.000000 0.000000 1.000000 0.000000 0.000000
19.000000 199.845663 12.026182 1.021102 3.321747 0.000000 0.000000 0.000000 1.000000 0.000000 0.000000
19.000000 199.851315 11.931875 1.235233 3.331233 0.000000 0.000000 0.000000 1.000000 0.000000 0.000000
19.000000 199.854896 11.293723 1.377082 3.279931 0.000000 0.000000 0.000000 1.000000 0.000000 0.000000
19.000000 199.858052 12.385488 1.288417 3.253090 0.000000 0.000000 0.000000 1.000000 0.000000 0.000000
19.000000 199.861280 11.809201 1.251347 3.303720 0.000000 0.000000 0.000000 1.000000 0.000000 0.000000
19.000000 199.865547 11.817845 1.056265 3.274607 0.000000 0.000000 0.000000 1.000000 0.000000 0.000000
19.000000 199.871434 11.759777 1.266367 3.276555 0.000000 0.000000 0.000000 1.000000 0.000000 0.000000
19.000000 199.878106 12.174362 1.316975 3.191888 0.000000 0.000000 0.000000 1.000000 0.000000 0.000000
19.000000 199.881413 11.599318 1.278807 3.243638 0.000000 0.000000 0.000000 1.000000 0.000000 0.000000
19.000000 199.885508 11.625888 1.071620 3.211434 0.000000 0.000000 0.000000 1.000000 0.000000 0.000000
19.000000 199.891327 11.510882 1.285997 3.211860 0.000000 0.000000 0.000000 1.000000 0.000000 0.000000
19.000000 199.898190 11.984375 1.335030 3.124126 0.000000 0.000000 0.000000 1.000000 0.000000 0.000000
19.000000 199.901226 11.432728 1.299012 3.181596 0.000000 0.000000 0.000000 1.000000 0.000000 0.000000
19.000000 199.908194 11.862297 1.351448 3.089517 0.000000 0.000000 0.000000 1.000000 0.000000 0.000000
19.000000 199.911422 11.276001 1.312011 3.143806 0.000000 0.000000 0.000000 1.000000 0.000000 0.000000
19.000000 199.918077 11.769212 1.368390 3.051921 0.000000 0.000000 0.000000 1.000000 0.000000 0.000000
19.000000 199.921197 11.168479 1.326098 3.105311 0.000000 0.000000 0.000000 1.000000 0.000000 0.000000
19.000000 199.924891 10.616031 1.448116 3.054550 0.000000 0.000000 0.000000 1.000000 0.000000 0.000000
19.000000 199.931270 11.125393 1.331901 3.076359 0.000000 0.000000 0.000000 1.000000 0.000000 0.000000
19.000000 199.934849 10.516197 1.468865 3.020926 0.000000 0.000000 0.000000 1.000000 0.000000 0.000000
19.000000 199.938049 11.550664 1.385841 2.979741 0.000000 0.000000 0.000000 1.000000 0.000000 0.000000
19.000000 199.941393 10.995415 1.348066 3.035835 0.000000 0.000000 0.000000 1.000000 0.000000 0.000000
19.000000 199.945544 11.032289 1.159190 3.004665 0.000000 0.000000 0.000000 1.000000 0.000000 0.000000
19.000000 199.948163 11.450927 1.397793 2.944336 0.000000 0.000000 0.000000 1.000000 0.000000 0.000000
19.000000 199.951376 10.884583 1.359323 3.004123 0.000000 0.000000 0.000000 1.000000 0.000000 0.000000
19.000000 199.958058 11.339168 1.410750 2.904515 0.000000 0.000000 0.000000 1.000000 0.000000 0.000000
19.000000 199.961191 10.800476 1.371491 2.958406 0.000000 0.000000 0.000000 1.000000 0.000000 0.000000
19.000000 199.968188 11.246790 1.421122 2.864601 0.000000 0.000000 0.000000 1.000000 0.000000 0.000000
19.000000 199.971307 10.736405 1.391890 2.929937 0.000000 0.000000 0.000000 1.000000 0.000000 0.000000
19.000000 199.978126 11.154736 1.432587 2.823039 0.000000 0.000000 0.000000 1.000000 0.000000 0.000000
19.000000 199.981414 10.639058 1.400631 2.885349 0.000000 0.000000 0.000000 1.000000 0.000000 0.000000
19.000000 199.988218 11.049194 1.444211 2.783695 0.000000 0.000000 0.000000 1.000000 0.000000 0.000000
19.000000 199.991317 10.540511 1.414642 2.850882 0.000000 0.000000 0.000000 1.000000 0.000000 0.000000
19.000000 199.998120 10.970729 1.465415 2.735110 0.000000 0.000000 0.000000 1.000000 0.000000 0.000000
19.000000 200.001375 10.406282 1.430023 2.806153 0.000000 0.000000 0.000000 1.000000 0.000000 0.000000
19.000000 200.005647 10.450458 1.230344 2.763707 0.000000 0.000000 0.000000 1.000000 0.000000 0.000000
19.000000 200.011540 10.320091 1.429498 2.752000 0.000000 0.000000 0.000000 1.000000 0.000000 0.000000
19.000000 200.018165 10.745531 1.478698 2.646743 0.000000 0.000000 0.000000 1.000000 0.000000 0.000000
19.000000 200.021447 10.213181 1.445874 2.716290 0.000000 0.000000 0.000000 1.000000 0.000000 0.000000
19.000000 200.028238 10.655838 1.490478 2.593681 0.000000 0.000000 0.000000 1.000000 0.000000 0.000000
19.000000 200.031322 10.122941 1.459355 2.668729 0.000000 0.000000 0.000000 1.000000 0.000000 0.000000
19.000000 200.034904 9.462349 1.615385 2.606436 0.000000 0.000000 0.000000 1.000000 0.000000 0.000000
19.000000 200.038164 10.538734 1.497584 2.551641 0.000000 0.000000 0.000000 1.000000 0.000000 0.000000
19.000000 200.041287 10.020259 1.467388 2.627948 0.000000 0.000000 0.000000 1.000000 0.000000 0.000000
19.000000 200.048398 10.450939 1.514791 2.499096 0.000000 0.000000 0.000000 1.000000 0.000000 0.000000
19.000000 200.051426 9.853927 1.472338 2.574233 0.000000 0.000000 0.000000 1.000000 0.000000 0.000000
19.000000 200.058269 10.345175 1.520750 2.448064 0.000000 0.000000 0.000000 1.000000 0.000000 0.000000
19.000000 200.061203 9.763590 1.480026 2.528603 0.000000 0.000000 0.000000 1.000000 0.000000 0.000000
19.000000 200.065672 9.878058 1.297020 2.487136 0.000000 0.000000 0.000000 1.000000 0.000000 0.000000
19.000000 200.071372 9.683602 1.493166 2.478240 0.000000 0.000000 0.000000 1.000000 0.000000 0.000000
19.000000 200.074944 9.196101 1.610566 2.423365 0.000000 0.000000 0.000000 1.000000 0.000000 0.000000
19.000000 200.078191 10.170730 1.541785 2.344817 0.000000 0.000000 0.000000 1.000000 0.000000 0.000000
19.000000 200.081321 9.564134 1.498011 2.432907 0.000000 0.000000 0.000000 1.000000 0.000000 0.000000
19.000000 200.088294 10.066036 1.557363 2.295601 0.000000 0.000000 0.000000 1.000000 0.000000 0.000000
19.000000 200.091419 9.463958 1.513390 2.379450 0.000000 0.000000 0.000000 1.000000 0.000000 0.000000
19.000000 200.094924 9.058962 1.612983 2.318394 0.000000 0.000000 0.000000 1.000000 0.000000 0.000000
19.000000 200.098205 9.957465 1.575671 2.256002 0.000000 0.000000 0.000000 1.000000 0.000000 0.000000
19.000000 200.101295 9.410502 1.535309 2.336982 0.000000 0.000000 0.000000 1.000000 0.000000 0.000000
19.000000 200.108334 9.852165 1.581500 2.205783 0.000000 0.000000 0.000000 1.000000 0.000000 0.000000
19.000000 200.111388 9.354848 1.543404 2.276341 0.000000 0.000000 0.000000 1.000000 0.000000 0.000000
19.000000 200.118265 9.753305 1.597173 2.143845 0.000000 0.000000 0.000000 1.000000 0.000000 0.000000
19.000000 200.121388 9.211868 1.556161 2.228643 0.000000 0.000000 0.000000 1.000000 0.000000 0.000000
19.000000 200.128310 9.675784 1.606857 2.085893 0.000000 0.000000 0.000000 1.000000 0.000000 0.000000
19.000000 200.131499 9.129789 1.563080 2.173896 0.000000 0.000000 0.000000 1.000000 0.000000 0.000000
19.000000 200.134963 8.611040 1.682354 2.101296 0.000000 0.000000 0.000000 1.000000 0.000000 0.000000
19.000000 200.138241 9.556535 1.607904 2.037745 0.000000 0.000000 0.000000 1.000000 0.000000 0.000000
19.000000 200.141298 9.056205 1.572146 2.121471 0.000000 0.000000 0.000000 1.000000 0.000000 0.000000
19.000000 200.148277 9.465302 1.626225 1.979687 0.000000 0.000000 0.000000 1.000000 0.000000 0.000000
19.000000 200.151448 8.939230 1.583964 2.066512 0.000000 0.000000 0.000000 1.000000 0.000000 0.000000
19.000000 200.154993 8.443356 1.699283 1.986684 0.000000 0.000000 0.000000 1.000000 0.000000 0.000000
19.000000 200.158202 9.379141 1.638528 1.920295 0.000000 0.000000 0.000000 1.000000 0.000000 0.000000
19.000000 200.161294 8.822171 1.585687 2.006289 0.000000 0.000000 0.000000 1.000000 0.000000 0.000000
19.000000 200.168319 9.276794 1.646733 1.861174 0.000000 0.000000 0.000000 1.000000 0.000000 0.000000
19.000000 200.171553 8.736354 1.599931 1.952033 0.000000 0.000000 0.000000 1.000000 0.000000 0.000000
19.000000 200.174925 8.298160 1.701389 1.873465 0.000000 0.000000 0.000000 1.000000 0.000000 0.000000
19.000000 200.178271 9.182434 1.661558 1.804714 0.000000 0.000000 0.000000 1.000000 0.000000 0.000000
19.000000 200.181483 8.669911 1.615182 1.894334 0.000000 0.000000 0.000000 1.000000 0.000000 0.000000
19.000000 200.188337 9.098435 1.675813 1.740977 0.000000 0.000000 0.000000 1.000000 0.000000 0.000000
19.000000 200.191401 8.580105 1.626618 1.828911 0.000000 0.000000 0.000000 1.000000 0.000000 0.000000
19.000000 200.198398 9.031343 1.690039 1.668387 0.000000 0.000000 0.000000 1.000000 0.000000 0.000000
19.000000 200.201333 8.450386 1.633610 1.767294 0.000000 0.000000 0.000000 1.000000 0.000000 0.000000
19.000000 200.208346 8.883932 1.691148 1.619806 0.000000 0.000000 0.000000 1.000000 0.000000 0.000000
19.000000 200.211459 8.358529 1.640429 1.706651 0.000000 0.000000 0.000000 1.000000 0.000000 0.000000
19.000000 200.218262 8.812398 1.713573 1.562190 0.000000 0.000000 0.000000 1.000000 0.000000 0.000000
19.000000 200.221364 8.300302 1.655980 1.649957 0.000000 0.000000 0.000000 1.000000 0.000000 0.000000
19.000000 200.228324 8.706346 1.718526 1.494670 0.000000 0.000000 0.000000 1.000000 0.000000 0.000000
19.000000 200.231358 8.207175 1.666906 1.590227 0.000000 0.000000 0.000000 1.000000 0.000000 0.000000
19.000000 200.235761 8.289228 1.502996 1.534688 0.000000 0.000000 0.000000 1.000000 0.000000 0.000000
19.000000 200.241345 8.108060 1.671916 1.527611 0.000000 0.000000 0.000000 1.000000 0.000000 0.000000
19.000000 200.248484 8.534608 1.737894 1.364394 0.000000 0.000000 0.000000 1.000000 0.000000 0.000000
19.000000 200.251347 8.008531 1.682071 1.468124 0.000000 0.000000 0.000000 1.000000 0.000000 0.000000
19.000000 200.258192 8.418450 1.750858 1.301932 0.000000 0.000000 0.000000 1.000000 0.000000 0.000000
19.000000 200.261346 7.931513 1.695682 1.399539 0.000000 0.000000 0.000000 1.000000 0.000000 0.000000
19.000000 200.268234 8.321088 1.759762 1.243664 0.000000 0.000000 0.000000 1.000000 0.000000 0.000000
19.000000 200.271484 7.832208 1.707100 1.341264 0.000000 0.000000 0.000000 1.000000 0.000000 0.000000
19.000000 200.275258 7.389867 1.803097 1.236055 0.000000 0.000000 0.000000 1.000000 0.000000 0.000000
19.000000 200.278246 8.208595 1.764102 1.182339 0.000000 0.000000 0.000000 1.000000 0.000000 0.000000
19.000000 200.281353 7.759699 1.712717 1.272051 0.000000 0.000000 0.000000 1.000000 0.000000 0.000000
19.000000 200.288283 8.136698 1.785133 1.108818 0.000000 0.000000 0.000000 1.000000 0.000000 0.000000
19.000000 200.291303 7.640637 1.727494 1.213524 0.000000 0.000000 0.000000 1.000000 0.000000 0.000000
19.000000 200.298224 8.048305 1.799294 1.034760 0.000000 0.000000 0.000000 1.000000 0.000000 0.000000
19.000000 200.301376 7.549983 1.741355 1.143686 0.000000 0.000000 0.000000 1.000000 0.000000 0.000000
19.000000 200.308301 7.950667 1.805302 0.967400 0.000000 0.000000 0.000000 1.000000 0.000000 0.000000
19.000000 200.311463 7.477388 1.747103 1.072661 0.000000 0.000000 0.000000 1.000000 0.000000 0.000000
19.000000 200.318192 7.861357 1.813161 0.894517 0.000000 0.000000 0.000000 1.000000 0.000000 0.000000
19.000000 200.321372 7.396947 1.755441 1.002300 0.000000 0.000000 0.000000 1.000000 0.000000 0.000000
19.000000 200.328269 7.763557 1.822394 0.827306 0.000000 0.000000 0.000000 1.000000 0.000000 0.000000
19.000000 200.331428 7.311918 1.767678 0.933904 0.000000 0.000000 0.000000 1.000000 0.000000 0.000000
19.000000 200.335152 6.885378 1.856832 0.821292 0.000000 0.000000 0.000000 1.000000 0.000000 0.000000
19.000000 200.338202 7.666944 1.833274 0.759074 0.000000 0.000000 0.000000 1.000000 0.000000 0.000000
19.000000 200.341357 7.219822 1.775587 0.864735 0.000000 0.000000 0.000000 1.000000 0.000000 0.000000
19.000000 200.345813 7.296880 1.636372 0.775575 0.000000 0.000000 0.000000 1.000000 0.000000 0.000000
19.000000 200.348293 7.564977 1.842045 0.682205 0.000000 0.000000 0.000000 1.000000 0.000000 0.000000
19.000000 200.351400 7.146211 1.786192 0.790505 0.000000 0.000000 0.000000 1.000000 0.000000 0.000000
19.000000 200.355078 6.748148 1.864983 0.683157 0.000000 0.000000 0.000000 1.000000 0.000000 0.000000
19.000000 200.358292 7.493198 1.859234 0.603660 0.000000 0.000000 0.000000 1.000000 0.000000 0.000000
19.000000 200.361359 7.058781 1.800145 0.716437 0.000000 0.000000 0.000000 1.000000 0.000000 0.000000
19.000000 200.368307 7.393731 1.865565 0.535946 0.000000 0.000000 0.000000 1.000000 0.000000 0.000000
19.000000 200.371397 6.992676 1.807248 0.638110 0.000000 0.000000 0.000000 1.000000 0.000000 0.000000
19.000000 200.375003 6.569544 1.887035 0.520710 0.000000 0.000000 0.000000 1.000000 0.000000 0.000000
19.000000 200.378210 7.309641 1.881648 0.458077 0.000000 0.000000 0.000000 1.000000 0.000000 0.000000
19.000000 200.381428 6.880282 1.816812 0.570499 0.000000 0.000000 0.000000 1.000000 0.000000 0.000000
19.000000 200.385107 6.481762 1.889343 0.446955 0.000000 0.000000 0.000000 1.000000 0.000000 0.000000
19.000000 200.388274 7.198547 1.883617 0.388457 0.000000 0.000000 0.000000 1.000000 0.000000 0.000000
19.000000 200.391641 6.759712 1.801895 0.499458 0.000000 0.000000 0.000000 1.000000 0.000000 0.000000
19.000000 200.395063 6.635650 1.805550 0.422891 0.000000 0.000000 0.000000 1.000000 0.000000 0.000000
19.000000 200.398268 7.112066 1.896087 0.304136 0.000000 0.000000 0.000000 1.000000 0.000000 0.000000
19.000000 200.401422 6.730699 1.834274 0.415979 0.000000 0.000000 0.000000 1.000000 0.000000 0.000000
19.000000 200.405821 6.772183 1.703202 0.334167 0.000000 0.000000 0.000000 1.000000 0.000000 0.000000
19.000000 200.411619 6.637946 1.836978 0.338405 0.000000 0.000000 0.000000 1.000000 0.000000 0.000000
19.000000 200.418250 6.939824 1.915717 0.155355 0.000000 0.000000 0.000000 1.000000 0.000000 0.000000
19.000000 200.421393 6.522416 1.832710 0.270972 0.000000 0.000000 0.000000 1.000000 0.000000 0.000000
19.000000 200.428340 6.848161 1.926303 0.076628 0.000000 0.000000 0.000000 1.000000 0.000000 0.000000
19.000000 200.431527 6.468775 1.844882 0.181652 0.000000 0.000000 0.000000 1.000000 0.000000 0.000000
19.000000 200.435166 6.241058 1.862217 0.093356 0.000000 0.000000 0.000000 1.000000 0.000000 0.000000
19.000000 200.438344 6.759920 1.925995 0.058088 0.000000 0.000000 0.000000 1.000000 0.000000 0.000000
19.000000 200.441471 6.349062 1.856832 0.204317 0.000000 0.000000 0.000000 1.000000 0.000000 0.000000
19.000000 200.448349 6.717684 1.931590 0.116762 0.000000 0.000000 0.000000 1.000000 0.000000 0.000000
19.000000 200.451561 6.314723 1.874516 0.264708 0.000000 0.000000 0.000000 1.000000 0.000000 0.000000
19.000000 200.458271 6.678372 1.939166 0.172308 0.000000 0.000000 0.000000 1.000000 0.000000 0.000000
19.000000 200.461442 6.277631 1.886566 0.321222 0.000000 0.000000 0.000000 1.000000 0.000000 0.000000
19.000000 200.468428 6.644724 1.942991 0.226371 0.000000 0.000000 0.000000 1.000000 0.000000 0.000000
19.000000 200.471548 6.252580 1.890497 0.367990 0.000000 0.000000 0.000000 1.000000 0.000000 0.000000
19.000000 200.478472 6.614605 1.956958 0.275636 0.000000 0.000000 0.000000 1.000000 0.000000 0.000000
19.000000 200.481547 6.193686 1.899411 0.423029 0.000000 0.000000 0.000000 1.000000 0.000000 0.000000
19.000000 200.488412 6.570858 1.956639 0.328648 0.000000 0.000000 0.000000 1.000000 0.000000 0.000000
19.000000 200.491508 6.137471 1.891227 0.473825 0.000000 0.000000 0.000000 1.000000 0.000000 0.000000
19.000000 200.496158 6.298620 1.768913 0.455388 0.000000 0.000000 0.000000 1.000000 0.000000 0.000000
19.000000 200.498274 6.523494 1.959441 0.381220 0.000000 0.000000 0.000000 1.000000 0.000000 0.000000
19.000000 200.501579 6.089726 1.893376 0.521750 0.000000 0.000000 0.000000 1.000000 0.000000 0.000000
19.000000 200.505910 6.251430 1.775058 0.506956 0.000000 0.000000 0.000000 1.000000 0.000000 0.000000
19.000000 200.511549 6.053464 1.909234 0.572895 0.000000 0.000000 0.000000 1.000000 0.000000 0.000000
19.000000 200.515168 5.783941 1.969843 0.501243 0.000000 0.000000 0.000000 1.000000 0.000000 0.000000
19.000000 200.518392 6.442277 1.969413 0.479461 0.000000 0.000000 0.000000 1.000000 0.000000 0.000000
19.000000 200.521703 6.012867 1.913895 0.622478 0.000000 0.000000 0.000000 1.000000 0.000000 0.000000
19.000000 200.528510 6.392653 1.973459 0.529576 0.000000 0.000000 0.000000 1.000000 0.000000 0.000000
19.000000 200.531632 5.969451 1.917868 0.669795 0.000000 0.000000 0.000000 1.000000 0.000000 0.000000
19.000000 200.538374 6.367264 1.981826 0.572774 0.000000 0.000000 0.000000 1.000000 0.000000 0.000000
19.000000 200.541594 5.931857 1.926726 0.712152 0.000000 0.000000 0.000000 1.000000 0.000000 0.000000
19.000000 200.545841 6.089855 1.786558 0.695402 0.000000 0.000000 0.000000 1.000000 0.000000 0.000000
19.000000 200.551597 5.890194 1.932677 0.754389 0.000000 0.000000 0.000000 1.000000 0.000000 0.000000
19.000000 200.558478 6.274155 1.991232 0.663452 0.000000 0.000000 0.000000 1.000000 0.000000 0.000000
19.000000 200.561502 5.826640 1.931620 0.802098 0.000000 0.000000 0.000000 1.000000 0.000000 0.000000
19.000000 200.565174 5.568712 1.994479 0.739132 0.000000 0.000000 0.000000 1.000000 0.000000 0.000000
19.000000 200.571657 5.804853 1.939986 0.842272 0.000000 0.000000 0.000000 1.000000 0.000000 0.000000
19.000000 200.578351 6.190897 2.000525 0.752281 0.000000 0.000000 0.000000 1.000000 0.000000 0.000000
19.000000 200.581854 5.762423 1.947680 0.883560 0.000000 0.000000 0.000000 1.000000 0.000000 0.000000
19.000000 200.585180 5.452916 2.025375 0.820366 0.000000 0.000000 0.000000 1.000000 0.000000 0.000000
19.000000 200.591741 5.723726 1.950312 0.920284 0.000000 0.000000 0.000000 1.000000 0.000000 0.000000
19.000000 200.595166 5.381904 2.034934 0.849825 0.000000 0.000000 0.000000 1.000000 0.000000 0.000000
19.000000 200.598341 6.110994 2.011356 0.826833 0.000000 0.000000 0.000000 1.000000 0.000000 0.000000
19.000000 200.601619 5.667968 1.959262 0.964266 0.000000 0.000000 0.000000 1.000000 0.000000 0.000000
19.000000 200.605847 5.852253 1.820132 0.943174 0.000000 0.000000 0.000000 1.000000 0.000000 0.000000
19.000000 200.611741 5.626735 1.956231 0.996352 0.000000 0.000000 0.000000 1.000000 0.000000 0.000000
19.000000 200.615220 5.332449 2.028528 0.937804 0.000000 0.000000 0.000000 1.000000 0.000000 0.000000
19.000000 200.618390 6.030408 2.021675 0.902853 0.000000 0.000000 0.000000 1.000000 0.000000 0.000000
19.000000 200.621608 5.577801 1.966807 1.040156 0.000000 0.000000 0.000000 1.000000 0.000000 0.000000
19.000000 200.625217 5.303051 2.041332 0.977852 0.000000 0.000000 0.000000 1.000000 0.000000 0.000000
19.000000 200.628412 5.989350 2.025854 0.939492 0.000000 0.000000 0.000000 1.000000 0.000000 0.000000
19.000000 200.631633 5.560325 1.971646 1.065047 0.000000 0.000000 0.000000 1.000000 0.000000 0.000000
19.000000 200.635265 5.225898 2.054700 0.999915 0.000000 0.000000 0.000000 1.000000 0.000000 0.000000
19.000000 200.638367 5.951869 2.033677 0.975019 0.000000 0.000000 0.000000 1.000000 0.000000 0.000000
19.000000 200.645866 5.692971 1.841494 1.082308 0.000000 0.000000 0.000000 1.000000 0.000000 0.000000
19.000000 200.651597 5.466121 1.978572 1.134744 0.000000 0.000000 0.000000 1.000000 0.000000 0.000000
19.000000 200.655259 5.196077 2.047976 1.072071 0.000000 0.000000 0.000000 1.000000 0.000000 0.000000
19.000000 200.658379 5.863522 2.039364 1.045878 0.000000 0.000000 0.000000 1.000000 0.000000 0.000000
19.000000 200.661546 5.425970 1.981254 1.166504 0.000000 0.000000 0.000000 1.000000 0.000000 0.000000
19.000000 200.665898 5.620865 1.858038 1.146721 0.000000 0.000000 0.000000 1.000000 0.000000 0.000000
19.000000 200.671630 5.374872 1.994868 1.205413 0.000000 0.000000 0.000000 1.000000 0.000000 0.000000
19.000000 200.675164 5.074076 2.079461 1.144237 0.000000 0.000000 0.000000 1.000000 0.000000 0.000000
19.000000 200.678398 5.778923 2.049062 1.111491 0.000000 0.000000 0.000000 1.000000 0.000000 0.000000
19.000000 200.681614 5.355633 1.994578 1.223210 0.000000 0.000000 0.000000 1.000000 0.000000 0.000000
19.000000 200.685217 5.087670 2.065897 1.165165 0.000000 0.000000 0.000000 1.000000 0.000000 0.000000
19.000000 200.691617 5.313425 2.000461 1.253990 0.000000 0.000000 0.000000 1.000000 0.000000 0.000000
19.000000 200.695161 5.016357 2.077828 1.194649 0.000000 0.000000 0.000000 1.000000 0.000000 0.000000
19.000000 200.698391 5.705225 2.059043 1.168159 0.000000 0.000000 0.000000 1.000000 0.000000 0.000000
19.000000 200.701608 5.241193 1.999249 1.292447 0.000000 0.000000 0.000000 1.000000 0.000000 0.000000
19.000000 200.708606 5.664888 2.065091 1.187032 0.000000 0.000000 0.000000 1.000000 0.000000 0.000000
19.000000 200.711734 5.193572 2.012464 1.327315 0.000000 0.000000 0.000000 1.000000 0.000000 0.000000
19.000000 200.715193 4.911580 2.098097 1.274145 0.000000 0.000000 0.000000 1.000000 0.000000 0.000000
19.000000 200.718480 5.654447 2.074336 1.212089 0.000000 0.000000 0.000000 1.000000 0.000000 0.000000
19.000000 200.721644 5.156368 2.010725 1.348291 0.000000 0.000000 0.000000 1.000000 0.000000 0.000000
19.000000 200.725948 5.403552 1.877619 1.327718 0.000000 0.000000 0.000000 1.000000 0.000000 0.000000
19.000000 200.728470 5.623291 2.083349 1.235161 0.000000 0.000000 0.000000 1.000000 0.000000 0.000000
19.000000 200.731816 5.112900 2.015504 1.370753 0.000000 0.000000 0.000000 1.000000 0.000000 0.000000
19.000000 200.735215 4.875750 2.085339 1.324835 0.000000 0.000000 0.000000 1.000000 0.000000 0.000000
19.000000 200.738756 5.579340 2.085768 1.257526 0.000000 0.000000 0.000000 1.000000 0.000000 0.000000
19.000000 200.741658 5.067417 2.019334 1.399621 0.000000 0.000000 0.000000 1.000000 0.000000 0.000000
19.000000 200.746026 5.335384 1.890918 1.363036 0.000000 0.000000 0.000000 1.000000 0.000000 0.000000
19.000000 200.748654 5.552246 2.090641 1.269801 0.000000 0.000000 0.000000 1.000000 0.000000 0.000000
19.000000 200.751795 5.023938 2.022135 1.422258 0.000000 0.000000 0.000000 1.000000 0.000000 0.000000
19.000000 200.758571 5.050969 2.001007 1.381706 0.000000 0.000000 0.000000 1.000000 0.000000 0.000000
19.000000 200.761637 5.012718 2.031756 1.437631 0.000000 0.000000 0.000000 1.000000 0.000000 0.000000
19.000000 200.768806 5.003091 2.007560 1.403868 0.000000 0.000000 0.000000 1.000000 0.000000 0.000000
19.000000 200.771716 4.958959 2.035634 1.458534 0.000000 0.000000 0.000000 1.000000 0.000000 0.000000
19.000000 200.775189 4.756479 2.103799 1.424113 0.000000 0.000000 0.000000 1.000000 0.000000 0.000000
19.000000 200.781637 4.916459 2.040539 1.480980 0.000000 0.000000 0.000000 1.000000 0.000000 0.000000
19.000000 200.788695 4.923399 2.017477 1.443534 0.000000 0.000000 0.000000 1.000000 0.000000 0.000000
19.000000 200.791688 4.868208 2.044848 1.503710 0.000000 0.000000 0.000000 1.000000 0.000000 0.000000
19.000000 200.798561 4.883180 2.021745 1.459015 0.000000 0.000000 0.000000 1.000000 0.000000 0.000000
19.000000 200.801553 4.833028 2.050168 1.517764 0.000000 0.000000 0.000000 1.000000 0.000000 0.000000
19.000000 200.808842 4.855190 2.034767 1.479431 0.000000 0.000000 0.000000 1.000000 0.000000 0.000000
19.000000 200.811784 4.777825 2.053597 1.537666 0.000000 0.000000 0.000000 1.000000 0.000000 0.000000
19.000000 200.818510 4.811131 2.036546 1.493984 0.000000 0.000000 0.000000 1.000000 0.000000 0.000000
19.000000 200.821819 4.736836 2.056799 1.553458 0.000000 0.000000 0.000000 1.000000 0.000000 0.000000
19.000000 200.828589 4.770124 2.038114 1.510873 0.000000 0.000000 0.000000 1.000000 0.000000 0.000000
19.000000 200.831724 4.719698 2.064360 1.567598 0.000000 0.000000 0.000000 1.000000 0.000000 0.000000
19.000000 200.835149 4.474489 2.141005 1.526006 0.000000 0.000000 0.000000 1.000000 0.000000 0.000000
19.000000 200.841868 4.667276 2.067392 1.583582 0.000000 0.000000 0.000000 1.000000 0.000000 0.000000
19.000000 200.848565 4.708219 2.053037 1.534640 0.000000 0.000000 0.000000 1.000000 0.000000 0.000000
19.000000 200.851614 4.630171 2.073792 1.595869 0.000000 0.000000 0.000000 1.000000 0.000000 0.000000
19.000000 200.855259 4.401800 2.151966 1.556819 0.000000 0.000000 0.000000 1.000000 0.000000 0.000000
19.000000 200.861794 4.576530 2.074069 1.612689 0.000000 0.000000 0.000000 1.000000 0.000000 0.000000
19.000000 200.868572 4.633877 2.063782 1.558291 0.000000 0.000000 0.000000 1.000000 0.000000 0.000000
19.000000 200.871679 4.559113 2.084258 1.617948 0.000000 0.000000 0.000000 1.000000 0.000000 0.000000
19.000000 200.878504 4.584996 2.064377 1.570499 0.000000 0.000000 0.000000 1.000000 0.000000 0.000000
19.000000 200.881793 4.510510 2.086574 1.632513 0.000000 0.000000 0.000000 1.000000 0.000000 0.000000
19.000000 200.888581 4.543599 2.070606 1.583049 0.000000 0.000000 0.000000 1.000000 0.000000 0.000000
19.000000 200.891663 4.472131 2.091675 1.640733 0.000000 0.000000 0.000000 1.000000 0.000000 0.000000
19.000000 200.895210 4.338196 2.153911 1.609544 0.000000 0.000000 0.000000 1.000000 0.000000 0.000000
19.000000 200.901763 4.428208 2.094750 1.647702 0.000000 0.000000 0.000000 1.000000 0.000000 0.000000
19.000000 200.908576 4.462122 2.076340 1.591742 0.000000 0.000000 0.000000 1.000000 0.000000 0.000000
19.000000 200.911601 4.401725 2.105694 1.655561 0.000000 0.000000 0.000000 1.000000 0.000000 0.000000
19.000000 200.918506 4.428722 2.086828 1.599723 0.000000 0.000000 0.000000 1.000000 0.000000 0.000000
19.000000 200.921699 4.333860 2.104191 1.665322 0.000000 0.000000 0.000000 1.000000 0.000000 0.000000
19.000000 200.928616 4.386187 2.094207 1.609369 0.000000 0.000000 0.000000 1.000000 0.000000 0.000000
19.000000 200.931822 4.340683 2.122181 1.661768 0.000000 0.000000 0.000000 1.000000 0.000000 0.000000
19.000000 200.938545 4.354316 2.099711 1.614633 0.000000 0.000000 0.000000 1.000000 0.000000 0.000000
19.000000 200.941836 4.301300 2.123970 1.664859 0.000000 0.000000 0.000000 1.000000 0.000000 0.000000
19.000000 200.948625 4.307300 2.097263 1.608464 0.000000 0.000000 0.000000 1.000000 0.000000 0.000000
19.000000 200.951696 4.272319 2.132168 1.666359 0.000000 0.000000 0.000000 1.000000 0.000000 0.000000
19.000000 200.958533 4.274484 2.100552 1.610331 0.000000 0.000000 0.000000 1.000000 0.000000 0.000000
19.000000 200.961699 4.224761 2.130616 1.670476 0.000000 0.000000 0.000000 1.000000 0.000000 0.000000
19.000000 200.968691 4.258198 2.108353 1.605905 0.000000 0.000000 0.000000 1.000000 0.000000 0.000000
19.000000 200.971777 4.180676 2.135674 1.677121 0.000000 0.000000 0.000000 1.000000 0.000000 0.000000
19.000000 200.975321 3.946346 2.224152 1.644597 0.000000 0.000000 0.000000 1.000000 0.000000 0.000000
19.000000 200.981806 4.132382 2.129236 1.674786 0.000000 0.000000 0.000000 1.000000 0.000000 0.000000
19.000000 200.988689 4.173723 2.111970 1.612192 0.000000 0.000000 0.000000 1.000000 0.000000 0.000000
19.000000 200.991799 4.107572 2.137139 1.673298 0.000000 0.000000 0.000000 1.000000 0.000000 0.000000
19.000000 200.995350 3.921919 2.213464 1.632350 0.000000 0.000000 0.000000 1.000000 0.000000 0.000000
19.000000 201.001748 4.051123 2.141015 1.683410 0.000000 0.000000 0.000000 1.000000 0.000000 0.000000
19.000000 201.008760 4.126342 2.123663 1.597485 0.000000 0.000000 0.000000 1.000000 0.000000 0.000000
19.000000 201.011817 4.038925 2.152858 1.675848 0.000000 0.000000 0.000000 1.000000 0.000000 0.000000
19.000000 201.018632 4.068806 2.130076 1.593227 0.000000 0.000000 0.000000 1.000000 0.000000 0.000000
19.000000 201.021764 3.966280 2.153217 1.671578 0.000000 0.000000 0.000000 1.000000 0.000000 0.000000
19.000000 201.028720 4.033546 2.130601 1.587321 0.000000 0.000000 0.000000 1.000000 0.000000 0.000000
19.000000 201.031843 3.943637 2.148020 1.650447 0.000000 0.000000 0.000000 1.000000 0.000000 0.000000
19.000000 201.035403 3.813204 2.215508 1.627850 0.000000 0.000000 0.000000 1.000000 0.000000 0.000000
19.000000 201.041791 3.925722 2.160776 1.654039 0.000000 0.000000 0.000000 1.000000 0.000000 0.000000
19.000000 201.048724 3.948561 2.123003 1.572564 0.000000 0.000000 0.000000 1.000000 0.000000 0.000000
19.000000 201.051749 3.904027 2.160256 1.637897 0.000000 0.000000 0.000000 1.000000 0.000000 0.000000
19.000000 201.055355 3.548259 2.277617 1.598312 0.000000 0.000000 0.000000 1.000000 0.000000 0.000000
19.000000 201.061758 3.890981 2.162323 1.618052 0.000000 0.000000 0.000000 1.000000 0.000000 0.000000
19.000000 201.071908 3.464126 2.291967 1.577057 0.000000 0.000000 0.000000 1.000000 0.000000 0.000000
19.000000 201.082040 3.412743 2.277948 1.568122 0.000000 0.000000 0.000000 1.000000 0.000000 0.000000
19.000000 201.092027 3.465588 2.266577 1.562404 0.000000 0.000000 0.000000 1.000000 0.000000 0.000000
19.000000 201.101727 3.469473 2.261191 1.543441 0.000000 0.000000 0.000000 1.000000 0.000000 0.000000
19.000000 201.111886 3.439234 2.269964 1.538860 0.000000 0.000000 0.000000 1.000000 0.000000 0.000000
19.000000 201.121718 3.237935 2.298318 1.510978 0.000000 0.000000 0.000000 1.000000 0.000000 0.000000
19.000000 201.131664 3.270605 2.292071 1.491477 0.000000 0.000000 0.000000 1.000000 0.000000 0.000000
19.000000 201.141905 3.120219 2.318896 1.472876 0.000000 0.000000 0.000000 1.000000 0.000000 0.000000
19.000000 201.151927 3.379113 2.267792 1.476731 0.000000 0.000000 0.000000 1.000000 0.000000 0.000000
19.000000 201.161812 3.092940 2.332210 1.429935 0.000000 0.000000 0.000000 1.000000 0.000000 0.000000
19.000000 201.171793 3.347775 2.263530 1.442755 0.000000 0.000000 0.000000 1.000000 0.000000 0.000000
19.000000 201.181786 2.968271 2.342687 1.387694 0.000000 0.000000 0.000000 1.000000 0.000000 0.000000
19.000000 201.191769 2.928481 2.356825 1.362516 0.000000 0.000000 0.000000 1.000000 0.000000 0.000000
19.000000 201.195491 2.802634 2.379670 1.340933 0.000000 0.000000 0.000000 1.000000 0.000000 0.000000
19.000000 201.211765 2.952884 2.343777 1.329765 0.000000 0.000000 0.000000 1.000000 0.000000 0.000000
19.000000 201.221849 2.668158 2.402846 1.273106 0.000000 0.000000 0.000000 1.000000 0.000000 0.000000
19.000000 201.231723 2.825704 2.342426 1.270694 0.000000 0.000000 0.000000 1.000000 0.000000 0.000000
19.000000 201.241750 2.864266 2.354890 1.246993 0.000000 0.000000 0.000000 1.000000 0.000000 0.000000
19.000000 201.251845 3.105758 2.276710 1.244415 0.000000 0.000000 0.000000 1.000000 0.000000 0.000000
19.000000 201.261842 2.984057 2.322519 1.204053 0.000000 0.000000 0.000000 1.000000 0.000000 0.000000
19.000000 201.271826 2.635842 2.372105 1.150433 0.000000 0.000000 0.000000 1.000000 0.000000 0.000000
19.000000 201.281857 2.737364 2.349064 1.117548 0.000000 0.000000 0.000000 1.000000 0.000000 0.000000
19.000000 201.291800 2.547892 2.411800 1.076823 0.000000 0.000000 0.000000 1.000000 0.000000 0.000000
19.000000 201.301826 2.971656 2.269486 1.091505 0.000000 0.000000 0.000000 1.000000 0.000000 0.000000
19.000000 201.311792 3.302265 2.209434 1.086479 0.000000 0.000000 0.000000 1.000000 0.000000 0.000000
19.000000 201.321840 2.971839 2.331044 1.023177 0.000000 0.000000 0.000000 1.000000 0.000000 0.000000
19.000000 201.331897 2.967010 2.316562 0.989754 0.000000 0.000000 0.000000 1.000000 0.000000 0.000000
19.000000 201.341906 3.245086 2.209207 0.985956 0.000000 0.000000 0.000000 1.000000 0.000000 0.000000
19.000000 201.351966 2.403823 2.423678 0.856664 0.000000 0.000000 0.000000 1.000000 0.000000 0.000000
19.000000 201.361818 3.167333 2.244928 0.909967 0.000000 0.000000 0.000000 1.000000 0.000000 0.000000
19.000000 201.371869 2.909674 2.318400 0.828911 0.000000 0.000000 0.000000 1.000000 0.000000 0.000000
19.000000 201.382192 2.781370 2.314246 0.795467 0.000000 0.000000 0.000000 1.000000 0.000000 0.000000
19.000000 201.391851 2.497426 2.374344 0.729234 0.000000 0.000000 0.000000 1.000000 0.000000 0.000000
19.000000 201.402113 2.453034 2.389075 0.669451 0.000000 0.000000 0.000000 1.000000 0.000000 0.000000
19.000000 201.412027 2.331234 2.414149 0.625236 0.000000 0.000000 0.000000 1.000000 0.000000 0.000000
19.000000 201.422060 2.484234 2.349134 0.608998 0.000000 0.000000 0.000000 1.000000 0.000000 0.000000
19.000000 201.432051 2.375949 2.381176 0.559505 0.000000 0.000000 0.000000 1.000000 0.000000 0.000000
19.000000 201.442145 2.448629 2.348435 0.521942 0.000000 0.000000 0.000000 1.000000 0.000000 0.000000
19.000000 201.445887 2.570400 2.324452 0.516516 0.000000 0.000000 0.000000 1.000000 0.000000 0.000000
19.000000 201.452073 2.527668 2.339471 0.489886 0.000000 0.000000 0.000000 1.000000 0.000000 0.000000
19.000000 201.455816 2.357563 2.369255 0.447931 0.000000 0.000000 0.000000 1.000000 0.000000 0.000000
19.000000 201.462103 2.241089 2.414699 0.407425 0.000000 0.000000 0.000000 1.000000 0.000000 0.000000
19.000000 201.465580 2.118123 2.435866 0.362498 0.000000 0.000000 0.000000 1.000000 0.000000 0.000000
19.000000 201.472024 2.167300 2.413976 0.351215 0.000000 0.000000 0.000000 1.000000 0.000000 0.000000
19.000000 201.475450 2.341751 2.379903 0.349567 0.000000 0.000000 0.000000 1.000000 0.000000 0.000000
19.000000 201.482000 2.254960 2.412331 0.313974 0.000000 0.000000 0.000000 1.000000 0.000000 0.000000
19.000000 201.485628 2.244420 2.412377 0.288950 0.000000 0.000000 0.000000 1.000000 0.000000 0.000000
19.000000 201.491913 2.233325 2.414250 0.267405 0.000000 0.000000 0.000000 1.000000 0.000000 0.000000
19.000000 201.495671 2.218398 2.414824 0.240385 0.000000 0.000000 0.000000 1.000000 0.000000 0.000000
19.000000 201.502053 2.225784 2.408524 0.218021 0.000000 0.000000 0.000000 1.000000 0.000000 0.000000
19.000000 201.505715 2.224942 2.407021 0.197767 0.000000 0.000000 0.000000 1.000000 0.000000 0.000000
19.000000 201.511939 2.005022 2.445366 0.128855 0.000000 0.000000 0.000000 1.000000 0.000000 0.000000
19.000000 201.515685 2.168429 2.415275 0.151483 0.000000 0.000000 0.000000 1.000000 0.000000 0.000000
19.000000 201.522149 2.215345 2.400366 0.184672 0.000000 0.000000 0.000000 1.000000 0.000000 0.000000
19.000000 201.525670 2.050011 2.433248 0.183469 0.000000 0.000000 0.000000 1.000000 0.000000 0.000000
19.000000 201.531977 2.100311 2.415357 0.208140 0.000000 0.000000 0.000000 1.000000 0.000000 0.000000
19.000000 201.535540 1.854246 2.462320 0.195325 0.000000 0.000000 0.000000 1.000000 0.000000 0.000000
19.000000 201.541842 1.897088 2.447320 0.221924 0.000000 0.000000 0.000000 1.000000 0.000000 0.000000
19.000000 201.545638 2.108588 2.409527 0.266838 0.000000 0.000000 0.000000 1.000000 0.000000 0.000000
19.000000 201.552093 2.141771 2.398719 0.288857 0.000000 0.000000 0.000000 1.000000 0.000000 0.000000
19.000000 201.555554 2.008506 2.424920 0.288597 0.000000 0.000000 0.000000 1.000000 0.000000 0.000000
19.000000 201.562077 2.111307 2.385528 0.319335 0.000000 0.000000 0.000000 1.000000 0.000000 0.000000
19.000000 201.565683 2.029043 2.402413 0.333071 0.000000 0.000000 0.000000 1.000000 0.000000 0.000000
19.000000 201.571985 2.097740 2.377054 0.364110 0.000000 0.000000 0.000000 1.000000 0.000000 0.000000
19.000000 201.575647 1.996808 2.396222 0.358952 0.000000 0.000000 0.000000 1.000000 0.000000 0.000000
19.000000 201.582055 1.921962 2.429824 0.370409 0.000000 0.000000 0.000000 1.000000 0.000000 0.000000
19.000000 201.585744 1.905673 2.434846 0.391671 0.000000 0.000000 0.000000 1.000000 0.000000 0.000000
19.000000 201.592036 1.931434 2.426742 0.411674 0.000000 0.000000 0.000000 1.000000 0.000000 0.000000
19.000000 201.595670 1.848158 2.443093 0.413107 0.000000 0.000000 0.000000 1.000000 0.000000 0.000000
19.000000 201.602033 1.847733 2.445771 0.430060 0.000000 0.000000 0.000000 1.000000 0.000000 0.000000
19.000000 201.605663 1.805352 2.454964 0.441813 0.000000 0.000000 0.000000 1.000000 0.000000 0.000000
19.000000 201.611922 1.791284 2.463403 0.458940 0.000000 0.000000 0.000000 1.000000 0.000000 0.000000
19.000000 201.615631 1.702097 2.480808 0.457654 0.000000 0.000000 0.000000 1.000000 0.000000 0.000000
19.000000 201.622046 1.755078 2.461326 0.476309 0.000000 0.000000 0.000000 1.000000 0.000000 0.000000
19.000000 201.635568 2.131677 2.386852 0.553974 0.000000 0.000000 0.000000 1.000000 0.000000 0.000000
19.000000 201.642203 2.213526 2.356927 0.580993 0.000000 0.000000 0.000000 1.000000 0.000000 0.000000
19.000000 201.645689 2.020533 2.394464 0.571765 0.000000 0.000000 0.000000 1.000000 0.000000 0.000000
19.000000 201.651966 2.074640 2.375918 0.596277 0.000000 0.000000 0.000000 1.000000 0.000000 0.000000
19.000000 201.655657 2.095973 2.373483 0.610498 0.000000 0.000000 0.000000 1.000000 0.000000 0.000000
19.000000 201.662024 2.072160 2.386408 0.622832 0.000000 0.000000 0.000000 1.000000 0.000000 0.000000
19.000000 201.665696 1.908721 2.418092 0.612349 0.000000 0.000000 0.000000 1.000000 0.000000 0.000000
19.000000 201.671953 1.974194 2.393491 0.629466 0.000000 0.000000 0.000000 1.000000 0.000000 0.000000
19.000000 201.675619 2.053385 2.380371 0.651297 0.000000 0.000000 0.000000 1.000000 0.000000 0.000000
19.000000 201.682237 2.080250 2.371516 0.664449 0.000000 0.000000 0.000000 1.000000 0.000000 0.000000
19.000000 201.685663 1.829848 2.419145 0.646502 0.000000 0.000000 0.000000 1.000000 0.000000 0.000000
19.000000 201.692136 1.890111 2.397418 0.668457 0.000000 0.000000 0.000000 1.000000 0.000000 0.000000
19.000000 201.695614 1.508129 2.468601 0.632323 0.000000 0.000000 0.000000 1.000000 0.000000 0.000000
19.000000 201.702216 1.523304 2.463851 0.644276 0.000000 0.000000 0.000000 1.000000 0.000000 0.000000
19.000000 201.705751 1.480548 2.472261 0.649555 0.000000 0.000000 0.000000 1.000000 0.000000 0.000000
19.000000 201.712044 1.498921 2.466419 0.663511 0.000000 0.000000 0.000000 1.000000 0.000000 0.000000
19.000000 201.715704 1.321784 2.499204 0.645725 0.000000 0.000000 0.000000 1.000000 0.000000 0.000000
19.000000 201.722183 1.306576 2.506711 0.656079 0.000000 0.000000 0.000000 1.000000 0.000000 0.000000
19.000000 201.725760 1.366026 2.496099 0.671795 0.000000 0.000000 0.000000 1.000000 0.000000 0.000000
19.000000 201.731988 1.391090 2.487178 0.682173 0.000000 0.000000 0.000000 1.000000 0.000000 0.000000
19.000000 201.735695 1.368445 2.492056 0.694681 0.000000 0.000000 0.000000 1.000000 0.000000 0.000000
19.000000 201.742133 1.348997 2.500848 0.701736 0.000000 0.000000 0.000000 1.000000 0.000000 0.000000
19.000000 201.745731 1.239729 2.521221 0.697424 0.000000 0.000000 0.000000 1.000000 0.000000 0.000000
19.000000 201.752045 1.325310 2.488295 0.716750 0.000000 0.000000 0.000000 1.000000 0.000000 0.000000
19.000000 201.755704 1.228644 2.506137 0.708301 0.000000 0.000000 0.000000 1.000000 0.000000 0.000000
19.000000 201.762165 1.238227 2.503073 0.716193 0.000000 0.000000 0.000000 1.000000 0.000000 0.000000
19.000000 201.765748 1.206282 2.509131 0.720433 0.000000 0.000000 0.000000 1.000000 0.000000 0.000000
19.000000 201.772032 1.146151 2.533730 0.722472 0.000000 0.000000 0.000000 1.000000 0.000000 0.000000
19.000000 201.775643 1.150444 2.533040 0.729487 0.000000 0.000000 0.000000 1.000000 0.000000 0.000000
19.000000 201.782199 1.225337 2.504758 0.749378 0.000000 0.000000 0.000000 1.000000 0.000000 0.000000
19.000000 201.795604 0.864673 2.591760 0.692198 0.000000 0.000000 0.000000 1.000000 0.000000 0.000000
19.000000 201.802186 0.995156 2.542757 0.718367 0.000000 0.000000 0.000000 1.000000 0.000000 0.000000
19.000000 201.805764 1.031982 2.536286 0.757626 0.000000 0.000000 0.000000 1.000000 0.000000 0.000000
19.000000 201.812100 1.157720 2.487091 0.773629 0.000000 0.000000 0.000000 1.000000 0.000000 0.000000
19.000000 201.815656 0.881455 2.537186 0.754119 0.000000 0.000000 0.000000 1.000000 0.000000 0.000000
19.000000 201.822239 0.930788 2.517935 0.761650 0.000000 0.000000 0.000000 1.000000 0.000000 0.000000
19.000000 201.825758 0.695316 2.559982 0.740015 0.000000 0.000000 0.000000 1.000000 0.000000 0.000000
19.000000 201.832097 0.615568 2.591063 0.737704 0.000000 0.000000 0.000000 1.000000 0.000000 0.000000
19.000000 201.835611 0.992885 2.522886 0.777268 0.000000 0.000000 0.000000 1.000000 0.000000 0.000000
19.000000 201.842300 1.025993 2.510230 0.785395 0.000000 0.000000 0.000000 1.000000 0.000000 0.000000
19.000000 201.845873 0.858354 2.540871 0.762010 0.000000 0.000000 0.000000 1.000000 0.000000 0.000000
19.000000 201.852127 0.676696 2.611749 0.747305 0.000000 0.000000 0.000000 1.000000 0.000000 0.000000
19.000000 201.855672 0.316186 2.676551 0.719744 0.000000 0.000000 0.000000 1.000000 0.000000 0.000000
19.000000 201.862215 0.488805 2.609653 0.741069 0.000000 0.000000 0.000000 1.000000 0.000000 0.000000
19.000000 201.865687 0.711719 2.569696 0.759701 0.000000 0.000000 0.000000 1.000000 0.000000 0.000000
19.000000 201.872072 0.582501 2.619787 0.742809 0.000000 0.000000 0.000000 1.000000 0.000000 0.000000
19.000000 201.875687 0.585053 2.618745 0.751369 0.000000 0.000000 0.000000 1.000000 0.000000 0.000000
19.000000 201.882224 0.678851 2.582261 0.763748 0.000000 0.000000 0.000000 1.000000 0.000000 0.000000
19.000000 201.885701 0.340918 2.642818 0.729655 0.000000 0.000000 0.000000 1.000000 0.000000 0.000000
19.000000 201.892247 0.394501 2.621781 0.746180 0.000000 0.000000 0.000000 1.000000 0.000000 0.000000
19.000000 201.895716 0.594682 2.586268 0.759100 0.000000 0.000000 0.000000 1.000000 0.000000 0.000000
19.000000 201.902226 0.559940 2.599589 0.747851 0.000000 0.000000 0.000000 1.000000 0.000000 0.000000
19.000000 201.905889 0.622669 2.588106 0.756215 0.000000 0.000000 0.000000 1.000000 0.000000 0.000000
19.000000 201.912131 0.577063 2.605761 0.748561 0.000000 0.000000 0.000000 1.000000 0.000000 0.000000
19.000000 201.915905 0.536499 2.613545 0.738508 0.000000 0.000000 0.000000 1.000000 0.000000 0.000000
19.000000 201.922293 0.660652 2.565590 0.756107 0.000000 0.000000 0.000000 1.000000 0.000000 0.000000
19.000000 201.925848 0.471057 2.600581 0.728336 0.000000 0.000000 0.000000 1.000000 0.000000 0.000000
19.000000 201.932261 0.639098 2.535855 0.745282 0.000000 0.000000 0.000000 1.000000 0.000000 0.000000
19.000000 201.945880 0.671805 2.540071 0.739754 0.000000 0.000000 0.000000 1.000000 0.000000 0.000000
19.000000 201.952251 0.634163 2.554859 0.744441 0.000000 0.000000 0.000000 1.000000 0.000000 0.000000
19.000000 201.955752 0.523391 2.575032 0.731448 0.000000 0.000000 0.000000 1.000000 0.000000 0.000000
19.000000 201.962300 0.621130 2.537201 0.730491 0.000000 0.000000 0.000000 1.000000 0.000000 0.000000
19.000000 201.965713 0.277296 2.599146 0.685358 0.000000 0.000000 0.000000 1.000000 0.000000 0.000000
19.000000 201.972198 0.426519 2.601670 0.707913 0.000000 0.000000 0.000000 1.000000 0.000000 0.000000
19.000000 201.975758 0.022103 2.673779 0.666839 0.000000 0.000000 0.000000 1.000000 0.000000 0.000000
19.000000 201.982318 0.078586 2.652257 0.671802 0.000000 0.000000 0.000000 1.000000 0.000000 0.000000
19.000000 201.985705 0.064468 2.657780 0.650185 0.000000 0.000000 0.000000 1.000000 0.000000 0.000000
19.000000 202.002306 0.453130 2.557037 0.676278 0.000000 0.000000 0.000000 1.000000 0.000000 0.000000
19.000000 202.005785 0.026048 2.632141 0.638031 0.000000 0.000000 0.000000 1.000000 0.000000 0.000000
19.000000 202.012052 -0.076363 2.671021 0.628169 0.000000 0.000000 0.000000 1.000000 0.000000 0.000000
19.000000 202.015706 0.333477 2.599291 0.661697 0.000000 0.000000 0.000000 1.000000 0.000000 0.000000
19.000000 202.022305 0.278079 2.620740 0.644373 0.000000 0.000000 0.000000 1.000000 0.000000 0.000000
19.000000 202.025747 0.148237 2.645910 0.617588 0.000000 0.000000 0.000000 1.000000 0.000000 0.000000
19.000000 202.032202 0.418237 2.543313 0.641168 0.000000 0.000000 0.000000 1.000000 0.000000 0.000000
19.000000 202.035790 0.024318 2.613191 0.597202 0.000000 0.000000 0.000000 1.000000 0.000000 0.000000
19.000000 202.042239 0.051926 2.603450 0.590155 0.000000 0.000000 0.000000 1.000000 0.000000 0.000000
19.000000 202.045770 0.330626 2.555138 0.615093 0.000000 0.000000 0.000000 1.000000 0.000000 0.000000
19.000000 202.052090 0.353259 2.546400 0.620756 0.000000 0.000000 0.000000 1.000000 0.000000 0.000000
19.000000 202.055773 0.008106 2.610500 0.562529 0.000000 0.000000 0.000000 1.000000 0.000000 0.000000
19.000000 202.062211 0.145344 2.614603 0.564416 0.000000 0.000000 0.000000 1.000000 0.000000 0.000000
19.000000 202.065963 -0.318114 2.697266 0.508423 0.000000 0.000000 0.000000 1.000000 0.000000 0.000000
19.000000 202.072242 -0.077713 2.606776 0.531910 0.000000 0.000000 0.000000 1.000000 0.000000 0.000000
19.000000 202.095824 -0.004990 2.635563 0.482729 0.000000 0.000000 0.000000 1.000000 0.000000 0.000000
19.000000 202.102241 0.145440 2.578492 0.499874 0.000000 0.000000 0.000000 1.000000 0.000000 0.000000
19.000000 202.105841 -0.060563 2.616809 0.464082 0.000000 0.000000 0.000000 1.000000 0.000000 0.000000
19.000000 202.122258 -0.096273 2.653908 0.422149 0.000000 0.000000 0.000000 1.000000 0.000000 0.000000
19.000000 202.125894 -0.247045 2.682675 0.393276 0.000000 0.000000 0.000000 1.000000 0.000000 0.000000
19.000000 202.132254 -0.170115 2.655910 0.382917 0.000000 0.000000 0.000000 1.000000 0.000000 0.000000
19.000000 202.135890 -0.164275 2.657275 0.369824 0.000000 0.000000 0.000000 1.000000 0.000000 0.000000
19.000000 202.142383 0.115069 2.551245 0.406215 0.000000 0.000000 0.000000 1.000000 0.000000 0.000000
19.000000 202.145872 -0.005232 2.576356 0.368973 0.000000 0.000000 0.000000 1.000000 0.000000 0.000000
19.000000 202.152263 -0.132481 2.625352 0.342179 0.000000 0.000000 0.000000 1.000000 0.000000 0.000000
19.000000 202.175904 -0.224802 2.631474 0.276064 0.000000 0.000000 0.000000 1.000000 0.000000 0.000000
19.000000 202.182306 -0.275289 2.652486 0.255020 0.000000 0.000000 0.000000 1.000000 0.000000 0.000000
19.000000 202.185954 -0.372204 2.673676 0.222973 0.000000 0.000000 0.000000 1.000000 0.000000 0.000000
