12.000000 107.366285 24.609619 -0.299230 0.616323 0.000000 0.000000 0.000000 1.000000 0.000000 0.000000
12.000000 107.376177 24.431871 -0.294678 0.739472 0.000000 0.000000 0.000000 1.000000 0.000000 0.000000
12.000000 107.386308 24.220447 -0.307704 0.856166 0.000000 0.000000 0.000000 1.000000 0.000000 0.000000
12.000000 107.396249 24.103581 -0.305897 0.936007 0.000000 0.000000 0.000000 1.000000 0.000000 0.000000
12.000000 107.406266 23.959127 -0.309677 1.014441 0.000000 0.000000 0.000000 1.000000 0.000000 0.000000
12.000000 107.409438 22.958072 -0.469261 1.110258 0.000000 0.000000 0.000000 1.000000 0.000000 0.000000
12.000000 107.416257 23.796788 -0.307372 1.096450 0.000000 0.000000 0.000000 1.000000 0.000000 0.000000
12.000000 107.419342 22.859772 -0.458997 1.189859 0.000000 0.000000 0.000000 1.000000 0.000000 0.000000
12.000000 107.426378 23.681334 -0.302954 1.179996 0.000000 0.000000 0.000000 1.000000 0.000000 0.000000
12.000000 107.429572 22.755523 -0.457895 1.264308 0.000000 0.000000 0.000000 1.000000 0.000000 0.000000
12.000000 107.436243 23.531572 -0.305805 1.265883 0.000000 0.000000 0.000000 1.000000 0.000000 0.000000
12.000000 107.439281 22.655707 -0.454104 1.340667 0.000000 0.000000 0.000000 1.000000 0.000000 0.000000
12.000000 107.446414 23.383996 -0.310887 1.347673 0.000000 0.000000 0.000000 1.000000 0.000000 0.000000
12.000000 107.449439 22.548435 -0.452754 1.411824 0.000000 0.000000 0.000000 1.000000 0.000000 0.000000
12.000000 107.456364 23.286522 -0.317545 1.417870 0.000000 0.000000 0.000000 1.000000 0.000000 0.000000
12.000000 107.459422 22.461535 -0.460854 1.481809 0.000000 0.000000 0.000000 1.000000 0.000000 0.000000
12.000000 107.466276 23.126647 -0.314034 1.490795 0.000000 0.000000 0.000000 1.000000 0.000000 0.000000
12.000000 107.469436 22.337040 -0.452077 1.549073 0.000000 0.000000 0.000000 1.000000 0.000000 0.000000
12.000000 107.476419 22.972707 -0.312645 1.561789 0.000000 0.000000 0.000000 1.000000 0.000000 0.000000
12.000000 107.479364 22.218819 -0.445836 1.613769 0.000000 0.000000 0.000000 1.000000 0.000000 0.000000
12.000000 107.486335 22.840564 -0.315350 1.635615 0.000000 0.000000 0.000000 1.000000 0.000000 0.000000
12.000000 107.489470 22.109624 -0.446470 1.680354 0.000000 0.000000 0.000000 1.000000 0.000000 0.000000
12.000000 107.496356 22.734069 -0.309873 1.702808 0.000000 0.000000 0.000000 1.000000 0.000000 0.000000
12.000000 107.499420 22.008269 -0.443349 1.745983 0.000000 0.000000 0.000000 1.000000 0.000000 0.000000
12.000000 107.506293 22.660334 -0.312902 1.759876 0.000000 0.000000 0.000000 1.000000 0.000000 0.000000
12.000000 107.509650 21.908924 -0.453542 1.805291 0.000000 0.000000 0.000000 1.000000 0.000000 0.000000
12.000000 107.516430 22.497805 -0.310181 1.831290 0.000000 0.000000 0.000000 1.000000 0.000000 0.000000
12.000000 107.519299 21.796296 -0.443609 1.871920 0.000000 0.000000 0.000000 1.000000 0.000000 0.000000
12.000000 107.526313 22.332501 -0.313172 1.904258 0.000000 0.000000 0.000000 1.000000 0.000000 0.000000
12.000000 107.529396 21.680299 -0.439380 1.932157 0.000000 0.000000 0.000000 1.000000 0.000000 0.000000
12.000000 107.536200 22.227331 -0.308949 1.962989 0.000000 0.000000 0.000000 1.000000 0.000000 0.000000
12.000000 107.539465 21.572419 -0.437462 1.993430 0.000000 0.000000 0.000000 1.000000 0.000000 0.000000
12.000000 107.541727 21.697287 -0.349306 2.172516 0.000000 0.000000 0.000000 1.000000 0.000000 0.000000
12.000000 107.549442 21.465086 -0.439703 2.054915 0.000000 0.000000 0.000000 1.000000 0.000000 0.000000
12.000000 107.559615 21.359782 -0.435683 2.110534 0.000000 0.000000 0.000000 1.000000 0.000000 0.000000
12.000000 107.569588 21.249307 -0.433778 2.170664 0.000000 0.000000 0.000000 1.000000 0.000000 0.000000
12.000000 107.579531 21.139668 -0.434564 2.226076 0.000000 0.000000 0.000000 1.000000 0.000000 0.000000
12.000000 107.579690 20.275359 -0.162471 2.119541 0.000000 0.000000 0.000000 1.000000 0.000000 0.000000
12.000000 107.589577 21.025402 -0.431169 2.282550 0.000000 0.000000 0.000000 1.000000 0.000000 0.000000
12.000000 107.589584 20.140020 -0.159407 2.176361 0.000000 0.000000 0.000000 1.000000 0.000000 0.000000
12.000000 107.599456 20.919874 -0.435188 2.334421 0.000000 0.000000 0.000000 1.000000 0.000000 0.000000
12.000000 107.599680 20.025506 -0.163948 2.234757 0.000000 0.000000 0.000000 1.000000 0.000000 0.000000
12.000000 107.609457 20.809465 -0.431449 2.386838 0.000000 0.000000 0.000000 1.000000 0.000000 0.000000
12.000000 107.609560 19.903463 -0.164648 2.289504 0.000000 0.000000 0.000000 1.000000 0.000000 0.000000
12.000000 107.619513 20.698847 -0.427776 2.441290 0.000000 0.000000 0.000000 1.000000 0.000000 0.000000
12.000000 107.619711 19.777517 -0.163512 2.343790 0.000000 0.000000 0.000000 1.000000 0.000000 0.000000
12.000000 107.629633 20.601935 -0.425422 2.491821 0.000000 0.000000 0.000000 1.000000 0.000000 0.000000
12.000000 107.629676 19.648869 -0.157099 2.392250 0.000000 0.000000 0.000000 1.000000 0.000000 0.000000
12.000000 107.639359 20.472717 -0.429416 2.538620 0.000000 0.000000 0.000000 1.000000 0.000000 0.000000
12.000000 107.639713 19.538275 -0.170012 2.450843 0.000000 0.000000 0.000000 1.000000 0.000000 0.000000
12.000000 107.649600 19.914872 -0.599502 2.587626 0.000000 0.000000 0.000000 1.000000 0.000000 0.000000
12.000000 107.649624 19.403895 -0.162201 2.499893 0.000000 0.000000 0.000000 1.000000 0.000000 0.000000
12.000000 107.659391 20.286157 -0.421685 2.629595 0.000000 0.000000 0.000000 1.000000 0.000000 0.000000
12.000000 107.659791 19.263141 -0.150539 2.536555 0.000000 0.000000 0.000000 1.000000 0.000000 0.000000
12.000000 107.669455 20.145821 -0.422301 2.683284 0.000000 0.000000 0.000000 1.000000 0.000000 0.000000
12.000000 107.669654 19.139350 -0.159921 2.591794 0.000000 0.000000 0.000000 1.000000 0.000000 0.000000
12.000000 107.679494 20.052924 -0.416345 2.728454 0.000000 0.000000 0.000000 1.000000 0.000000 0.000000
12.000000 107.679758 19.031017 -0.155547 2.636842 0.000000 0.000000 0.000000 1.000000 0.000000 0.000000
12.000000 107.689488 19.937792 -0.423425 2.767059 0.000000 0.000000 0.000000 1.000000 0.000000 0.000000
12.000000 107.689561 18.921710 -0.166296 2.686280 0.000000 0.000000 0.000000 1.000000 0.000000 0.000000
12.000000 107.699396 19.819055 -0.421496 2.810440 0.000000 0.000000 0.000000 1.000000 0.000000 0.000000
12.000000 107.699671 18.801748 -0.167308 2.733611 0.000000 0.000000 0.000000 1.000000 0.000000 0.000000
12.000000 107.709587 19.719937 -0.423318 2.850519 0.000000 0.000000 0.000000 1.000000 0.000000 0.000000
12.000000 107.709604 18.685499 -0.168610 2.778650 0.000000 0.000000 0.000000 1.000000 0.000000 0.000000
12.000000 107.719451 19.595411 -0.419380 2.894127 0.000000 0.000000 0.000000 1.000000 0.000000 0.000000
12.000000 107.719677 18.555623 -0.169021 2.819895 0.000000 0.000000 0.000000 1.000000 0.000000 0.000000
12.000000 107.729570 18.994693 -0.602511 2.929562 0.000000 0.000000 0.000000 1.000000 0.000000 0.000000
12.000000 107.729597 18.436258 -0.173527 2.855926 0.000000 0.000000 0.000000 1.000000 0.000000 0.000000
12.000000 107.739555 19.368560 -0.419605 2.975479 0.000000 0.000000 0.000000 1.000000 0.000000 0.000000
12.000000 107.739787 18.304665 -0.171374 2.901192 0.000000 0.000000 0.000000 1.000000 0.000000 0.000000
12.000000 107.749573 18.760190 -0.605169 3.010598 0.000000 0.000000 0.000000 1.000000 0.000000 0.000000
12.000000 107.749590 18.193154 -0.175808 2.937978 0.000000 0.000000 0.000000 1.000000 0.000000 0.000000
12.000000 107.759573 19.159523 -0.417892 3.033378 0.000000 0.000000 0.000000 1.000000 0.000000 0.000000
12.000000 107.759664 18.057060 -0.166438 2.971715 0.000000 0.000000 0.000000 1.000000 0.000000 0.000000
12.000000 107.769614 18.532593 -0.602582 3.089993 0.000000 0.000000 0.000000 1.000000 0.000000 0.000000
12.000000 107.769681 17.957272 -0.175561 3.018084 0.000000 0.000000 0.000000 1.000000 0.000000 0.000000
12.000000 107.779672 18.415349 -0.600716 3.121828 0.000000 0.000000 0.000000 1.000000 0.000000 0.000000
12.000000 107.779730 17.841590 -0.179662 3.056014 0.000000 0.000000 0.000000 1.000000 0.000000 0.000000
12.000000 107.789545 18.799641 -0.419395 3.150968 0.000000 0.000000 0.000000 1.000000 0.000000 0.000000
12.000000 107.789683 17.726351 -0.187749 3.091652 0.000000 0.000000 0.000000 1.000000 0.000000 0.000000
12.000000 107.799466 18.687662 -0.421747 3.184122 0.000000 0.000000 0.000000 1.000000 0.000000 0.000000
12.000000 107.799926 17.611913 -0.191259 3.127591 0.000000 0.000000 0.000000 1.000000 0.000000 0.000000
12.000000 107.809640 18.620445 -0.431141 3.221405 0.000000 0.000000 0.000000 1.000000 0.000000 0.000000
12.000000 107.809664 17.496066 -0.195263 3.161997 0.000000 0.000000 0.000000 1.000000 0.000000 0.000000
12.000000 107.819557 18.467134 -0.421698 3.247044 0.000000 0.000000 0.000000 1.000000 0.000000 0.000000
12.000000 107.819725 17.379460 -0.194227 3.191347 0.000000 0.000000 0.000000 1.000000 0.000000 0.000000
12.000000 107.826590 18.550971 -0.369354 3.300132 0.000000 0.000000 0.000000 1.000000 0.000000 0.000000
12.000000 107.829570 17.853426 -0.607717 3.280325 0.000000 0.000000 0.000000 1.000000 0.000000 0.000000
12.000000 107.829689 17.265484 -0.198373 3.224241 0.000000 0.000000 0.000000 1.000000 0.000000 0.000000
12.000000 107.839688 18.245273 -0.426333 3.304704 0.000000 0.000000 0.000000 1.000000 0.000000 0.000000
12.000000 107.839723 17.136074 -0.199201 3.255497 0.000000 0.000000 0.000000 1.000000 0.000000 0.000000
12.000000 107.849602 18.133293 -0.426260 3.334132 0.000000 0.000000 0.000000 1.000000 0.000000 0.000000
12.000000 107.849609 17.035770 -0.205146 3.285125 0.000000 0.000000 0.000000 1.000000 0.000000 0.000000
12.000000 107.859535 18.012370 -0.427481 3.362790 0.000000 0.000000 0.000000 1.000000 0.000000 0.000000
12.000000 107.859877 16.905406 -0.207472 3.312345 0.000000 0.000000 0.000000 1.000000 0.000000 0.000000
12.000000 107.869747 17.399438 -0.612328 3.384388 0.000000 0.000000 0.000000 1.000000 0.000000 0.000000
12.000000 107.869761 16.784406 -0.202509 3.332450 0.000000 0.000000 0.000000 1.000000 0.000000 0.000000
12.000000 107.879639 17.806675 -0.430475 3.409419 0.000000 0.000000 0.000000 1.000000 0.000000 0.000000
12.000000 107.879829 16.675683 -0.208232 3.356876 0.000000 0.000000 0.000000 1.000000 0.000000 0.000000
12.000000 107.881830 16.966138 -0.379332 3.465608 0.000000 0.000000 0.000000 1.000000 0.000000 0.000000
12.000000 107.889678 17.676862 -0.424770 3.427650 0.000000 0.000000 0.000000 1.000000 0.000000 0.000000
12.000000 107.889717 16.557173 -0.207393 3.375072 0.000000 0.000000 0.000000 1.000000 0.000000 0.000000
12.000000 107.899583 17.568558 -0.429164 3.447345 0.000000 0.000000 0.000000 1.000000 0.000000 0.000000
12.000000 107.899856 16.444896 -0.211630 3.401239 0.000000 0.000000 0.000000 1.000000 0.000000 0.000000
12.000000 107.909516 17.422474 -0.420335 3.465325 0.000000 0.000000 0.000000 1.000000 0.000000 0.000000
12.000000 107.909792 16.320333 -0.209665 3.421915 0.000000 0.000000 0.000000 1.000000 0.000000 0.000000
12.000000 107.919463 17.311241 -0.423708 3.483329 0.000000 0.000000 0.000000 1.000000 0.000000 0.000000
12.000000 107.919836 16.196764 -0.212618 3.444318 0.000000 0.000000 0.000000 1.000000 0.000000 0.000000
12.000000 107.926580 17.366984 -0.387393 3.510082 0.000000 0.000000 0.000000 1.000000 0.000000 0.000000
12.000000 107.929652 17.218750 -0.427046 3.500152 0.000000 0.000000 0.000000 1.000000 0.000000 0.000000
12.000000 107.929744 16.082227 -0.212974 3.462078 0.000000 0.000000 0.000000 1.000000 0.000000 0.000000
12.000000 107.939559 17.100371 -0.430971 3.517213 0.000000 0.000000 0.000000 1.000000 0.000000 0.000000
12.000000 107.939939 15.972886 -0.219851 3.479265 0.000000 0.000000 0.000000 1.000000 0.000000 0.000000
12.000000 107.942096 16.270852 -0.388867 3.565100 0.000000 0.000000 0.000000 1.000000 0.000000 0.000000
12.000000 107.949682 16.985978 -0.427873 3.534997 0.000000 0.000000 0.000000 1.000000 0.000000 0.000000
12.000000 107.949775 15.844648 -0.216197 3.492901 0.000000 0.000000 0.000000 1.000000 0.000000 0.000000
12.000000 107.959613 16.868969 -0.428848 3.556725 0.000000 0.000000 0.000000 1.000000 0.000000 0.000000
12.000000 107.960074 15.741450 -0.223295 3.505346 0.000000 0.000000 0.000000 1.000000 0.000000 0.000000
12.000000 107.969699 16.767360 -0.431931 3.570917 0.000000 0.000000 0.000000 1.000000 0.000000 0.000000
12.000000 107.969719 15.609368 -0.222487 3.515468 0.000000 0.000000 0.000000 1.000000 0.000000 0.000000
12.000000 107.979538 16.695513 -0.427992 3.580863 0.000000 0.000000 0.000000 1.000000 0.000000 0.000000
12.000000 107.980011 15.402407 -0.196023 3.519486 0.000000 0.000000 0.000000 1.000000 0.000000 0.000000
12.000000 107.989713 16.552391 -0.438375 3.595631 0.000000 0.000000 0.000000 1.000000 0.000000 0.000000
12.000000 107.999625 16.445745 -0.438394 3.605829 0.000000 0.000000 0.000000 1.000000 0.000000 0.000000
12.000000 108.009658 16.319692 -0.440235 3.613846 0.000000 0.000000 0.000000 1.000000 0.000000 0.000000
12.000000 108.019600 16.204406 -0.435683 3.628768 0.000000 0.000000 0.000000 1.000000 0.000000 0.000000
12.000000 108.022105 16.009805 -0.385111 3.680878 0.000000 0.000000 0.000000 1.000000 0.000000 0.000000
12.000000 108.029701 16.093486 -0.438638 3.635595 0.000000 0.000000 0.000000 1.000000 0.000000 0.000000
12.000000 108.039611 15.959302 -0.441527 3.639357 0.000000 0.000000 0.000000 1.000000 0.000000 0.000000
12.000000 108.049680 15.843609 -0.441332 3.635509 0.000000 0.000000 0.000000 1.000000 0.000000 0.000000
12.000000 108.059588 15.759355 -0.445335 3.655890 0.000000 0.000000 0.000000 1.000000 0.000000 0.000000
12.000000 108.069750 15.644186 -0.444359 3.665205 0.000000 0.000000 0.000000 1.000000 0.000000 0.000000
12.000000 108.079665 15.523640 -0.447344 3.669686 0.000000 0.000000 0.000000 1.000000 0.000000 0.000000
12.000000 108.089832 15.431547 -0.448137 3.673043 0.000000 0.000000 0.000000 1.000000 0.000000 0.000000
12.000000 108.089917 14.272931 -0.258565 3.620129 0.000000 0.000000 0.000000 1.000000 0.000000 0.000000
12.000000 108.099740 15.317898 -0.446612 3.674791 0.000000 0.000000 0.000000 1.000000 0.000000 0.000000
12.000000 108.099838 14.200297 -0.264350 3.628557 0.000000 0.000000 0.000000 1.000000 0.000000 0.000000
12.000000 108.109686 15.192532 -0.451423 3.677029 0.000000 0.000000 0.000000 1.000000 0.000000 0.000000
12.000000 108.109817 14.099371 -0.274653 3.636311 0.000000 0.000000 0.000000 1.000000 0.000000 0.000000
12.000000 108.119632 15.089612 -0.452279 3.677027 0.000000 0.000000 0.000000 1.000000 0.000000 0.000000
12.000000 108.119843 13.993512 -0.276181 3.640259 0.000000 0.000000 0.000000 1.000000 0.000000 0.000000
12.000000 108.129666 14.982453 -0.455523 3.675778 0.000000 0.000000 0.000000 1.000000 0.000000 0.000000
12.000000 108.129773 13.949612 -0.290339 3.646081 0.000000 0.000000 0.000000 1.000000 0.000000 0.000000
12.000000 108.132041 14.213873 -0.424015 3.671701 0.000000 0.000000 0.000000 1.000000 0.000000 0.000000
12.000000 108.139698 14.862701 -0.450931 3.674704 0.000000 0.000000 0.000000 1.000000 0.000000 0.000000
12.000000 108.140077 13.783640 -0.280607 3.640876 0.000000 0.000000 0.000000 1.000000 0.000000 0.000000
12.000000 108.149816 14.314606 -0.619791 3.638047 0.000000 0.000000 0.000000 1.000000 0.000000 0.000000
12.000000 108.149865 13.691596 -0.288759 3.640196 0.000000 0.000000 0.000000 1.000000 0.000000 0.000000
12.000000 108.159595 14.631532 -0.457126 3.669732 0.000000 0.000000 0.000000 1.000000 0.000000 0.000000
12.000000 108.159963 13.601072 -0.296614 3.633783 0.000000 0.000000 0.000000 1.000000 0.000000 0.000000
12.000000 108.169684 14.519435 -0.456562 3.666538 0.000000 0.000000 0.000000 1.000000 0.000000 0.000000
12.000000 108.169924 13.489735 -0.297974 3.626522 0.000000 0.000000 0.000000 1.000000 0.000000 0.000000
12.000000 108.179850 14.445430 -0.454294 3.660182 0.000000 0.000000 0.000000 1.000000 0.000000 0.000000
12.000000 108.180012 13.373639 -0.291520 3.619832 0.000000 0.000000 0.000000 1.000000 0.000000 0.000000
12.000000 108.189727 14.306008 -0.462834 3.659401 0.000000 0.000000 0.000000 1.000000 0.000000 0.000000
12.000000 108.189897 13.306918 -0.311926 3.617223 0.000000 0.000000 0.000000 1.000000 0.000000 0.000000
12.000000 108.199826 14.204513 -0.465559 3.652655 0.000000 0.000000 0.000000 1.000000 0.000000 0.000000
12.000000 108.200002 13.192209 -0.313653 3.610017 0.000000 0.000000 0.000000 1.000000 0.000000 0.000000
12.000000 108.209725 14.083916 -0.465193 3.646213 0.000000 0.000000 0.000000 1.000000 0.000000 0.000000
12.000000 108.209881 13.091405 -0.317222 3.608514 0.000000 0.000000 0.000000 1.000000 0.000000 0.000000
12.000000 108.219780 13.979713 -0.469179 3.630715 0.000000 0.000000 0.000000 1.000000 0.000000 0.000000
12.000000 108.219975 12.989864 -0.321078 3.600475 0.000000 0.000000 0.000000 1.000000 0.000000 0.000000
12.000000 108.229719 13.905864 -0.474116 3.616343 0.000000 0.000000 0.000000 1.000000 0.000000 0.000000
12.000000 108.229946 12.893312 -0.322878 3.587673 0.000000 0.000000 0.000000 1.000000 0.000000 0.000000
12.000000 108.239989 12.778383 -0.327535 3.574828 0.000000 0.000000 0.000000 1.000000 0.000000 0.000000
12.000000 108.249887 12.686086 -0.331335 3.563207 0.000000 0.000000 0.000000 1.000000 0.000000 0.000000
12.000000 108.259710 13.570006 -0.479031 3.569152 0.000000 0.000000 0.000000 1.000000 0.000000 0.000000
12.000000 108.259949 12.573452 -0.329951 3.549011 0.000000 0.000000 0.000000 1.000000 0.000000 0.000000
12.000000 108.269992 12.475169 -0.341819 3.530481 0.000000 0.000000 0.000000 1.000000 0.000000 0.000000
12.000000 108.279707 13.362507 -0.487947 3.535089 0.000000 0.000000 0.000000 1.000000 0.000000 0.000000
12.000000 108.279881 12.360178 -0.338935 3.514035 0.000000 0.000000 0.000000 1.000000 0.000000 0.000000
12.000000 108.289928 13.228407 -0.486211 3.527163 0.000000 0.000000 0.000000 1.000000 0.000000 0.000000
12.000000 108.290026 12.269990 -0.346614 3.495511 0.000000 0.000000 0.000000 1.000000 0.000000 0.000000
12.000000 108.299748 13.105615 -0.486820 3.510740 0.000000 0.000000 0.000000 1.000000 0.000000 0.000000
12.000000 108.300150 12.159959 -0.348581 3.478314 0.000000 0.000000 0.000000 1.000000 0.000000 0.000000
12.000000 108.309775 13.003879 -0.496348 3.495634 0.000000 0.000000 0.000000 1.000000 0.000000 0.000000
12.000000 108.309833 12.082161 -0.363296 3.460398 0.000000 0.000000 0.000000 1.000000 0.000000 0.000000
12.000000 108.319726 12.881826 -0.497476 3.475870 0.000000 0.000000 0.000000 1.000000 0.000000 0.000000
12.000000 108.319973 11.970260 -0.366570 3.436690 0.000000 0.000000 0.000000 1.000000 0.000000 0.000000
12.000000 108.326648 12.940584 -0.437730 3.409483 0.000000 0.000000 0.000000 1.000000 0.000000 0.000000
12.000000 108.329829 12.784558 -0.492526 3.448613 0.000000 0.000000 0.000000 1.000000 0.000000 0.000000
12.000000 108.329849 11.890209 -0.366363 3.407460 0.000000 0.000000 0.000000 1.000000 0.000000 0.000000
12.000000 108.339868 12.658079 -0.494073 3.435232 0.000000 0.000000 0.000000 1.000000 0.000000 0.000000
12.000000 108.340025 11.770665 -0.368373 3.392772 0.000000 0.000000 0.000000 1.000000 0.000000 0.000000
12.000000 108.349943 12.263600 -0.643265 3.369753 0.000000 0.000000 0.000000 1.000000 0.000000 0.000000
12.000000 108.349977 11.693156 -0.376797 3.370915 0.000000 0.000000 0.000000 1.000000 0.000000 0.000000
12.000000 108.359812 12.446436 -0.504198 3.386139 0.000000 0.000000 0.000000 1.000000 0.000000 0.000000
12.000000 108.360025 11.583004 -0.382378 3.345354 0.000000 0.000000 0.000000 1.000000 0.000000 0.000000
12.000000 108.369857 12.353657 -0.504784 3.362843 0.000000 0.000000 0.000000 1.000000 0.000000 0.000000
12.000000 108.369986 11.463465 -0.379944 3.317029 0.000000 0.000000 0.000000 1.000000 0.000000 0.000000
12.000000 108.379856 12.253882 -0.505489 3.331209 0.000000 0.000000 0.000000 1.000000 0.000000 0.000000
12.000000 108.380147 11.395982 -0.386025 3.282496 0.000000 0.000000 0.000000 1.000000 0.000000 0.000000
12.000000 108.389900 12.129951 -0.509639 3.309586 0.000000 0.000000 0.000000 1.000000 0.000000 0.000000
12.000000 108.389903 11.290488 -0.392115 3.264805 0.000000 0.000000 0.000000 1.000000 0.000000 0.000000
12.000000 108.399785 12.073554 -0.506254 3.277127 0.000000 0.000000 0.000000 1.000000 0.000000 0.000000
12.000000 108.400018 11.149690 -0.376332 3.230270 0.000000 0.000000 0.000000 1.000000 0.000000 0.000000
12.000000 108.402051 11.291735 -0.428903 3.228482 0.000000 0.000000 0.000000 1.000000 0.000000 0.000000
12.000000 108.409888 11.911855 -0.521011 3.251843 0.000000 0.000000 0.000000 1.000000 0.000000 0.000000
12.000000 108.410007 11.119788 -0.410067 3.205223 0.000000 0.000000 0.000000 1.000000 0.000000 0.000000
12.000000 108.419777 11.835586 -0.505996 3.224816 0.000000 0.000000 0.000000 1.000000 0.000000 0.000000
12.000000 108.420004 10.973401 -0.385622 3.175014 0.000000 0.000000 0.000000 1.000000 0.000000 0.000000
12.000000 108.429931 11.729626 -0.508890 3.194137 0.000000 0.000000 0.000000 1.000000 0.000000 0.000000
12.000000 108.430077 10.866902 -0.388038 3.137497 0.000000 0.000000 0.000000 1.000000 0.000000 0.000000
12.000000 108.439950 11.615599 -0.512598 3.158882 0.000000 0.000000 0.000000 1.000000 0.000000 0.000000
12.000000 108.440085 10.759009 -0.393140 3.108919 0.000000 0.000000 0.000000 1.000000 0.000000 0.000000
12.000000 108.442136 10.896769 -0.441751 3.104286 0.000000 0.000000 0.000000 1.000000 0.000000 0.000000
12.000000 108.449859 11.548921 -0.519914 3.129232 0.000000 0.000000 0.000000 1.000000 0.000000 0.000000
12.000000 108.449953 10.653902 -0.395254 3.075649 0.000000 0.000000 0.000000 1.000000 0.000000 0.000000
12.000000 108.459813 11.411204 -0.516942 3.096353 0.000000 0.000000 0.000000 1.000000 0.000000 0.000000
12.000000 108.460049 10.569460 -0.399789 3.041121 0.000000 0.000000 0.000000 1.000000 0.000000 0.000000
12.000000 108.469924 11.312939 -0.523525 3.061783 0.000000 0.000000 0.000000 1.000000 0.000000 0.000000
12.000000 108.470013 10.482808 -0.408514 3.006205 0.000000 0.000000 0.000000 1.000000 0.000000 0.000000
12.000000 108.479737 11.186884 -0.527481 3.020544 0.000000 0.000000 0.000000 1.000000 0.000000 0.000000
12.000000 108.480144 10.384415 -0.417404 2.966310 0.000000 0.000000 0.000000 1.000000 0.000000 0.000000
12.000000 108.489844 11.101525 -0.528251 2.986234 0.000000 0.000000 0.000000 1.000000 0.000000 0.000000
12.000000 108.489985 10.270527 -0.412851 2.931181 0.000000 0.000000 0.000000 1.000000 0.000000 0.000000
12.000000 108.499721 10.991813 -0.535649 2.944185 0.000000 0.000000 0.000000 1.000000 0.000000 0.000000
12.000000 108.500136 10.194383 -0.421052 2.896959 0.000000 0.000000 0.000000 1.000000 0.000000 0.000000
12.000000 108.509868 10.884998 -0.533997 2.911728 0.000000 0.000000 0.000000 1.000000 0.000000 0.000000
12.000000 108.509973 10.086424 -0.423715 2.852539 0.000000 0.000000 0.000000 1.000000 0.000000 0.000000
12.000000 108.519799 10.787801 -0.535447 2.873564 0.000000 0.000000 0.000000 1.000000 0.000000 0.000000
12.000000 108.520070 10.012942 -0.426913 2.816355 0.000000 0.000000 0.000000 1.000000 0.000000 0.000000
12.000000 108.529986 10.496500 -0.659889 2.784147 0.000000 0.000000 0.000000 1.000000 0.000000 0.000000
12.000000 108.529987 10.006681 -0.455599 2.773604 0.000000 0.000000 0.000000 1.000000 0.000000 0.000000
12.000000 108.539889 10.585096 -0.541506 2.788389 0.000000 0.000000 0.000000 1.000000 0.000000 0.000000
12.000000 108.540042 9.790490 -0.430593 2.728011 0.000000 0.000000 0.000000 1.000000 0.000000 0.000000
12.000000 108.549944 10.294424 -0.683058 2.690551 0.000000 0.000000 0.000000 1.000000 0.000000 0.000000
12.000000 108.549974 9.712440 -0.439314 2.691171 0.000000 0.000000 0.000000 1.000000 0.000000 0.000000
12.000000 108.559862 10.340745 -0.567272 2.699692 0.000000 0.000000 0.000000 1.000000 0.000000 0.000000
12.000000 108.560116 9.699748 -0.475583 2.648984 0.000000 0.000000 0.000000 1.000000 0.000000 0.000000
12.000000 108.569972 10.265848 -0.555675 2.655229 0.000000 0.000000 0.000000 1.000000 0.000000 0.000000
12.000000 108.570010 9.538536 -0.449887 2.603301 0.000000 0.000000 0.000000 1.000000 0.000000 0.000000
12.000000 108.579908 10.157619 -0.563299 2.600958 0.000000 0.000000 0.000000 1.000000 0.000000 0.000000
12.000000 108.580078 9.495450 -0.469635 2.544237 0.000000 0.000000 0.000000 1.000000 0.000000 0.000000
12.000000 108.589986 9.890354 -0.675976 2.514127 0.000000 0.000000 0.000000 1.000000 0.000000 0.000000
12.000000 108.590084 9.444609 -0.495747 2.514218 0.000000 0.000000 0.000000 1.000000 0.000000 0.000000
12.000000 108.599972 9.933353 -0.580494 2.510287 0.000000 0.000000 0.000000 1.000000 0.000000 0.000000
12.000000 108.600134 9.316084 -0.489106 2.458647 0.000000 0.000000 0.000000 1.000000 0.000000 0.000000
12.000000 108.609981 9.700793 -0.679792 2.416634 0.000000 0.000000 0.000000 1.000000 0.000000 0.000000
12.000000 108.610088 9.252119 -0.500469 2.414718 0.000000 0.000000 0.000000 1.000000 0.000000 0.000000
12.000000 108.619971 9.744884 -0.578867 2.414666 0.000000 0.000000 0.000000 1.000000 0.000000 0.000000
12.000000 108.620116 9.123046 -0.488081 2.358599 0.000000 0.000000 0.000000 1.000000 0.000000 0.000000
12.000000 108.629928 9.636145 -0.581639 2.371375 0.000000 0.000000 0.000000 1.000000 0.000000 0.000000
12.000000 108.630023 9.097353 -0.497366 2.311330 0.000000 0.000000 0.000000 1.000000 0.000000 0.000000
12.000000 108.640000 9.532069 -0.586073 2.316432 0.000000 0.000000 0.000000 1.000000 0.000000 0.000000
12.000000 108.640051 8.964980 -0.500069 2.262098 0.000000 0.000000 0.000000 1.000000 0.000000 0.000000
12.000000 108.650135 9.336820 -0.686152 2.209214 0.000000 0.000000 0.000000 1.000000 0.000000 0.000000
12.000000 108.650177 8.883727 -0.506804 2.212110 0.000000 0.000000 0.000000 1.000000 0.000000 0.000000
12.000000 108.659921 9.334242 -0.597547 2.213322 0.000000 0.000000 0.000000 1.000000 0.000000 0.000000
12.000000 108.660232 8.797242 -0.516823 2.155964 0.000000 0.000000 0.000000 1.000000 0.000000 0.000000
12.000000 108.670007 9.229673 -0.600090 2.153588 0.000000 0.000000 0.000000 1.000000 0.000000 0.000000
12.000000 108.670171 8.729299 -0.523435 2.102081 0.000000 0.000000 0.000000 1.000000 0.000000 0.000000
12.000000 108.679906 9.153088 -0.590893 2.103338 0.000000 0.000000 0.000000 1.000000 0.000000 0.000000
12.000000 108.680156 8.601422 -0.512831 2.023360 0.000000 0.000000 0.000000 1.000000 0.000000 0.000000
12.000000 108.690036 8.940308 -0.678914 1.998322 0.000000 0.000000 0.000000 1.000000 0.000000 0.000000
12.000000 108.690319 8.559668 -0.537232 1.989225 0.000000 0.000000 0.000000 1.000000 0.000000 0.000000
12.000000 108.699817 8.950353 -0.609724 1.984657 0.000000 0.000000 0.000000 1.000000 0.000000 0.000000
12.000000 108.700067 8.460872 -0.535501 1.925095 0.000000 0.000000 0.000000 1.000000 0.000000 0.000000
12.000000 108.709959 8.841676 -0.609970 1.936200 0.000000 0.000000 0.000000 1.000000 0.000000 0.000000
12.000000 108.710066 8.352800 -0.537966 1.869785 0.000000 0.000000 0.000000 1.000000 0.000000 0.000000
12.000000 108.720033 8.730361 -0.621247 1.872726 0.000000 0.000000 0.000000 1.000000 0.000000 0.000000
12.000000 108.720283 8.300978 -0.554032 1.813596 0.000000 0.000000 0.000000 1.000000 0.000000 0.000000
12.000000 108.730163 8.646624 -0.613435 1.819847 0.000000 0.000000 0.000000 1.000000 0.000000 0.000000
12.000000 108.730173 8.227252 -0.544639 1.758451 0.000000 0.000000 0.000000 1.000000 0.000000 0.000000
12.000000 108.739914 8.522824 -0.622201 1.753062 0.000000 0.000000 0.000000 1.000000 0.000000 0.000000
12.000000 108.740197 8.126216 -0.558577 1.693596 0.000000 0.000000 0.000000 1.000000 0.000000 0.000000
12.000000 108.749969 8.475450 -0.620275 1.699924 0.000000 0.000000 0.000000 1.000000 0.000000 0.000000
12.000000 108.750141 8.010951 -0.550027 1.626624 0.000000 0.000000 0.000000 1.000000 0.000000 0.000000
12.000000 108.759966 8.337699 -0.628526 1.636077 0.000000 0.000000 0.000000 1.000000 0.000000 0.000000
12.000000 108.760125 7.975643 -0.572852 1.570835 0.000000 0.000000 0.000000 1.000000 0.000000 0.000000
12.000000 108.766852 8.568422 -0.474159 1.462513 0.000000 0.000000 0.000000 1.000000 0.000000 0.000000
12.000000 108.770121 8.234697 -0.634759 1.579498 0.000000 0.000000 0.000000 1.000000 0.000000 0.000000
12.000000 108.770164 7.906620 -0.581743 1.514157 0.000000 0.000000 0.000000 1.000000 0.000000 0.000000
12.000000 108.780043 8.156462 -0.626640 1.515558 0.000000 0.000000 0.000000 1.000000 0.000000 0.000000
12.000000 108.780176 7.784472 -0.569456 1.432414 0.000000 0.000000 0.000000 1.000000 0.000000 0.000000
12.000000 108.789931 8.042985 -0.634753 1.452955 0.000000 0.000000 0.000000 1.000000 0.000000 0.000000
12.000000 108.790227 7.702006 -0.579959 1.384262 0.000000 0.000000 0.000000 1.000000 0.000000 0.000000
12.000000 108.800032 7.951370 -0.638649 1.388807 0.000000 0.000000 0.000000 1.000000 0.000000 0.000000
12.000000 108.810160 7.871058 -0.652057 1.327791 0.000000 0.000000 0.000000 1.000000 0.000000 0.000000
12.000000 108.810191 7.601756 -0.602720 1.267889 0.000000 0.000000 0.000000 1.000000 0.000000 0.000000
12.000000 108.820107 7.748184 -0.653723 1.264343 0.000000 0.000000 0.000000 1.000000 0.000000 0.000000
12.000000 108.820236 7.508440 -0.607354 1.206548 0.000000 0.000000 0.000000 1.000000 0.000000 0.000000
12.000000 108.830211 7.673286 -0.645077 1.196845 0.000000 0.000000 0.000000 1.000000 0.000000 0.000000
12.000000 108.830251 7.405290 -0.596009 1.133523 0.000000 0.000000 0.000000 1.000000 0.000000 0.000000
12.000000 108.840063 7.568536 -0.651652 1.120979 0.000000 0.000000 0.000000 1.000000 0.000000 0.000000
12.000000 108.840359 7.291718 -0.603619 1.054163 0.000000 0.000000 0.000000 1.000000 0.000000 0.000000
12.000000 108.850226 7.469626 -0.690094 0.983162 0.000000 0.000000 0.000000 1.000000 0.000000 0.000000
12.000000 108.850238 7.176031 -0.590974 0.982015 0.000000 0.000000 0.000000 1.000000 0.000000 0.000000
12.000000 108.860032 7.381834 -0.654603 0.983853 0.000000 0.000000 0.000000 1.000000 0.000000 0.000000
12.000000 108.860195 7.119602 -0.607779 0.914614 0.000000 0.000000 0.000000 1.000000 0.000000 0.000000
12.000000 108.870108 7.292984 -0.697996 0.851765 0.000000 0.000000 0.000000 1.000000 0.000000 0.000000
12.000000 108.870308 6.980530 -0.595842 0.839605 0.000000 0.000000 0.000000 1.000000 0.000000 0.000000
12.000000 108.880125 7.189120 -0.668344 0.840886 0.000000 0.000000 0.000000 1.000000 0.000000 0.000000
12.000000 108.880171 7.016991 -0.632000 0.778869 0.000000 0.000000 0.000000 1.000000 0.000000 0.000000
12.000000 108.890001 7.116208 -0.693658 0.702464 0.000000 0.000000 0.000000 1.000000 0.000000 0.000000
12.000000 108.890200 6.933278 -0.639606 0.712655 0.000000 0.000000 0.000000 1.000000 0.000000 0.000000
12.000000 108.900044 7.015038 -0.661353 0.690008 0.000000 0.000000 0.000000 1.000000 0.000000 0.000000
12.000000 108.900137 6.756783 -0.613794 0.622798 0.000000 0.000000 0.000000 1.000000 0.000000 0.000000
12.000000 108.910054 6.941063 -0.697116 0.549512 0.000000 0.000000 0.000000 1.000000 0.000000 0.000000
12.000000 108.910057 6.713074 -0.629599 0.548866 0.000000 0.000000 0.000000 1.000000 0.000000 0.000000
12.000000 108.920052 6.816253 -0.677409 0.546359 0.000000 0.000000 0.000000 1.000000 0.000000 0.000000
12.000000 108.920194 6.671361 -0.643132 0.487482 0.000000 0.000000 0.000000 1.000000 0.000000 0.000000
12.000000 108.930211 6.742585 -0.674673 0.463849 0.000000 0.000000 0.000000 1.000000 0.000000 0.000000
12.000000 108.930221 6.555311 -0.638878 0.399160 0.000000 0.000000 0.000000 1.000000 0.000000 0.000000
12.000000 108.940056 6.634239 -0.686048 0.392371 0.000000 0.000000 0.000000 1.000000 0.000000 0.000000
12.000000 108.940254 6.505392 -0.656397 0.329720 0.000000 0.000000 0.000000 1.000000 0.000000 0.000000
12.000000 108.950111 6.558405 -0.685688 0.313835 0.000000 0.000000 0.000000 1.000000 0.000000 0.000000
12.000000 108.950199 6.429612 -0.653043 0.257306 0.000000 0.000000 0.000000 1.000000 0.000000 0.000000
12.000000 108.960075 6.459652 -0.679906 0.242884 0.000000 0.000000 0.000000 1.000000 0.000000 0.000000
12.000000 108.960401 6.328711 -0.649930 0.177496 0.000000 0.000000 0.000000 1.000000 0.000000 0.000000
12.000000 108.970147 6.401833 -0.702496 0.117235 0.000000 0.000000 0.000000 1.000000 0.000000 0.000000
12.000000 108.970226 6.225570 -0.645970 0.142114 0.000000 0.000000 0.000000 1.000000 0.000000 0.000000
12.000000 108.980167 6.299504 -0.699436 0.243834 0.000000 0.000000 0.000000 1.000000 0.000000 0.000000
12.000000 108.980281 6.280769 -0.671434 0.211351 0.000000 0.000000 0.000000 1.000000 0.000000 0.000000
12.000000 108.990052 6.243919 -0.702102 0.301259 0.000000 0.000000 0.000000 1.000000 0.000000 0.000000
12.000000 108.990365 6.207615 -0.672671 0.266759 0.000000 0.000000 0.000000 1.000000 0.000000 0.000000
12.000000 108.999994 6.186192 -0.706711 0.348885 0.000000 0.000000 0.000000 1.000000 0.000000 0.000000
12.000000 109.000252 6.175085 -0.682067 0.315314 0.000000 0.000000 0.000000 1.000000 0.000000 0.000000
12.000000 109.010113 6.155312 -0.695637 0.396923 0.000000 0.000000 0.000000 1.000000 0.000000 0.000000
12.000000 109.010248 6.044749 -0.656875 0.353605 0.000000 0.000000 0.000000 1.000000 0.000000 0.000000
12.000000 109.020221 6.093307 -0.709367 0.448656 0.000000 0.000000 0.000000 1.000000 0.000000 0.000000
12.000000 109.020221 6.059206 -0.679415 0.414071 0.000000 0.000000 0.000000 1.000000 0.000000 0.000000
12.000000 109.030128 6.065440 -0.702097 0.496173 0.000000 0.000000 0.000000 1.000000 0.000000 0.000000
12.000000 109.030198 5.972121 -0.667658 0.449752 0.000000 0.000000 0.000000 1.000000 0.000000 0.000000
12.000000 109.040111 6.016865 -0.705556 0.549521 0.000000 0.000000 0.000000 1.000000 0.000000 0.000000
12.000000 109.040366 5.906148 -0.666781 0.506703 0.000000 0.000000 0.000000 1.000000 0.000000 0.000000
12.000000 109.050087 5.987984 -0.704772 0.593912 0.000000 0.000000 0.000000 1.000000 0.000000 0.000000
12.000000 109.050133 5.860691 -0.663199 0.551058 0.000000 0.000000 0.000000 1.000000 0.000000 0.000000
12.000000 109.060082 5.921253 -0.708641 0.639956 0.000000 0.000000 0.000000 1.000000 0.000000 0.000000
12.000000 109.060396 5.830368 -0.673393 0.598954 0.000000 0.000000 0.000000 1.000000 0.000000 0.000000
12.000000 109.070044 5.874586 -0.716321 0.687032 0.000000 0.000000 0.000000 1.000000 0.000000 0.000000
12.000000 109.070385 5.814496 -0.684734 0.649752 0.000000 0.000000 0.000000 1.000000 0.000000 0.000000
12.000000 109.080014 5.839480 -0.712247 0.722846 0.000000 0.000000 0.000000 1.000000 0.000000 0.000000
12.000000 109.080232 5.745373 -0.679189 0.685307 0.000000 0.000000 0.000000 1.000000 0.000000 0.000000
12.000000 109.090027 5.776108 -0.720146 0.773381 0.000000 0.000000 0.000000 1.000000 0.000000 0.000000
12.000000 109.090246 5.725436 -0.691310 0.732699 0.000000 0.000000 0.000000 1.000000 0.000000 0.000000
12.000000 109.100064 5.748030 -0.716874 0.808820 0.000000 0.000000 0.000000 1.000000 0.000000 0.000000
12.000000 109.100282 5.654802 -0.681248 0.770292 0.000000 0.000000 0.000000 1.000000 0.000000 0.000000
12.000000 109.110124 5.688350 -0.716515 0.853321 0.000000 0.000000 0.000000 1.000000 0.000000 0.000000
12.000000 109.110210 5.607656 -0.684932 0.812035 0.000000 0.000000 0.000000 1.000000 0.000000 0.000000
12.000000 109.120030 5.649092 -0.714436 0.888970 0.000000 0.000000 0.000000 1.000000 0.000000 0.000000
12.000000 109.120321 5.517371 -0.679757 0.841106 0.000000 0.000000 0.000000 1.000000 0.000000 0.000000
12.000000 109.130111 5.597180 -0.720807 0.930208 0.000000 0.000000 0.000000 1.000000 0.000000 0.000000
12.000000 109.130158 5.528350 -0.691397 0.887875 0.000000 0.000000 0.000000 1.000000 0.000000 0.000000
12.000000 109.140045 5.558254 -0.719702 0.966902 0.000000 0.000000 0.000000 1.000000 0.000000 0.000000
12.000000 109.140304 5.477492 -0.688307 0.925689 0.000000 0.000000 0.000000 1.000000 0.000000 0.000000
12.000000 109.147009 5.857119 -0.517484 0.799614 0.000000 0.000000 0.000000 1.000000 0.000000 0.000000
12.000000 109.150147 5.499681 -0.727089 1.000614 0.000000 0.000000 0.000000 1.000000 0.000000 0.000000
12.000000 109.150212 5.443119 -0.696592 0.966722 0.000000 0.000000 0.000000 1.000000 0.000000 0.000000
12.000000 109.160065 5.442987 -0.741593 1.037990 0.000000 0.000000 0.000000 1.000000 0.000000 0.000000
12.000000 109.160360 5.451563 -0.722391 1.003180 0.000000 0.000000 0.000000 1.000000 0.000000 0.000000
12.000000 109.170153 5.406362 -0.739622 1.069852 0.000000 0.000000 0.000000 1.000000 0.000000 0.000000
12.000000 109.170261 5.370704 -0.715866 1.030105 0.000000 0.000000 0.000000 1.000000 0.000000 0.000000
12.000000 109.180091 5.361775 -0.739057 1.098807 0.000000 0.000000 0.000000 1.000000 0.000000 0.000000
12.000000 109.180261 5.382832 -0.721383 1.063335 0.000000 0.000000 0.000000 1.000000 0.000000 0.000000
12.000000 109.190130 5.317455 -0.738004 1.133280 0.000000 0.000000 0.000000 1.000000 0.000000 0.000000
12.000000 109.190251 5.280339 -0.715006 1.092224 0.000000 0.000000 0.000000 1.000000 0.000000 0.000000
12.000000 109.200114 5.278612 -0.738934 1.163341 0.000000 0.000000 0.000000 1.000000 0.000000 0.000000
12.000000 109.200359 5.222575 -0.714065 1.119315 0.000000 0.000000 0.000000 1.000000 0.000000 0.000000
12.000000 109.202440 5.072942 -0.589860 1.057532 0.000000 0.000000 0.000000 1.000000 0.000000 0.000000
12.000000 109.210099 5.228776 -0.739570 1.188736 0.000000 0.000000 0.000000 1.000000 0.000000 0.000000
12.000000 109.210266 5.191100 -0.718396 1.144945 0.000000 0.000000 0.000000 1.000000 0.000000 0.000000
12.000000 109.220106 5.175982 -0.743535 1.220962 0.000000 0.000000 0.000000 1.000000 0.000000 0.000000
12.000000 109.220356 5.140771 -0.722933 1.177308 0.000000 0.000000 0.000000 1.000000 0.000000 0.000000
12.000000 109.230187 5.134348 -0.745465 1.242583 0.000000 0.000000 0.000000 1.000000 0.000000 0.000000
12.000000 109.230316 5.122395 -0.727840 1.199586 0.000000 0.000000 0.000000 1.000000 0.000000 0.000000
12.000000 109.240104 5.087338 -0.745450 1.276300 0.000000 0.000000 0.000000 1.000000 0.000000 0.000000
12.000000 109.240351 5.035039 -0.722784 1.231356 0.000000 0.000000 0.000000 1.000000 0.000000 0.000000
12.000000 109.250190 5.050228 -0.744010 1.288791 0.000000 0.000000 0.000000 1.000000 0.000000 0.000000
12.000000 109.250317 4.977208 -0.718965 1.247060 0.000000 0.000000 0.000000 1.000000 0.000000 0.000000
12.000000 109.260131 4.995257 -0.748809 1.323104 0.000000 0.000000 0.000000 1.000000 0.000000 0.000000
12.000000 109.260672 4.950610 -0.726238 1.281917 0.000000 0.000000 0.000000 1.000000 0.000000 0.000000
12.000000 109.270113 4.950039 -0.749515 1.344415 0.000000 0.000000 0.000000 1.000000 0.000000 0.000000
12.000000 109.270330 4.924962 -0.730573 1.301371 0.000000 0.000000 0.000000 1.000000 0.000000 0.000000
12.000000 109.280101 4.905943 -0.754123 1.367776 0.000000 0.000000 0.000000 1.000000 0.000000 0.000000
12.000000 109.280314 4.908542 -0.735487 1.332745 0.000000 0.000000 0.000000 1.000000 0.000000 0.000000
12.000000 109.290175 4.851920 -0.758361 1.389168 0.000000 0.000000 0.000000 1.000000 0.000000 0.000000
12.000000 109.290333 4.834550 -0.739907 1.348347 0.000000 0.000000 0.000000 1.000000 0.000000 0.000000
12.000000 109.300145 4.815002 -0.760646 1.400606 0.000000 0.000000 0.000000 1.000000 0.000000 0.000000
12.000000 109.300430 4.788400 -0.740850 1.362155 0.000000 0.000000 0.000000 1.000000 0.000000 0.000000
12.000000 109.310164 4.772768 -0.759412 1.423608 0.000000 0.000000 0.000000 1.000000 0.000000 0.000000
12.000000 109.310362 4.707155 -0.737723 1.378230 0.000000 0.000000 0.000000 1.000000 0.000000 0.000000
12.000000 109.320125 4.720049 -0.763958 1.443478 0.000000 0.000000 0.000000 1.000000 0.000000 0.000000
12.000000 109.320349 4.701802 -0.745724 1.403874 0.000000 0.000000 0.000000 1.000000 0.000000 0.000000
12.000000 109.330295 4.663656 -0.772145 1.459057 0.000000 0.000000 0.000000 1.000000 0.000000 0.000000
12.000000 109.330420 4.736169 -0.765453 1.420467 0.000000 0.000000 0.000000 1.000000 0.000000 0.000000
12.000000 109.332441 4.440591 -0.604591 1.332874 0.000000 0.000000 0.000000 1.000000 0.000000 0.000000
12.000000 109.340143 4.625523 -0.768799 1.477554 0.000000 0.000000 0.000000 1.000000 0.000000 0.000000
12.000000 109.340390 4.631185 -0.753049 1.440391 0.000000 0.000000 0.000000 1.000000 0.000000 0.000000
12.000000 109.350216 4.580654 -0.772068 1.482579 0.000000 0.000000 0.000000 1.000000 0.000000 0.000000
12.000000 109.350288 4.578575 -0.753649 1.448676 0.000000 0.000000 0.000000 1.000000 0.000000 0.000000
12.000000 109.360138 4.535645 -0.762554 1.493997 0.000000 0.000000 0.000000 1.000000 0.000000 0.000000
12.000000 109.360427 4.483211 -0.740478 1.455250 0.000000 0.000000 0.000000 1.000000 0.000000 0.000000
12.000000 109.370162 4.496118 -0.763935 1.515029 0.000000 0.000000 0.000000 1.000000 0.000000 0.000000
12.000000 109.370316 4.442240 -0.745650 1.467845 0.000000 0.000000 0.000000 1.000000 0.000000 0.000000
12.000000 109.380083 4.449610 -0.770130 1.528874 0.000000 0.000000 0.000000 1.000000 0.000000 0.000000
12.000000 109.380499 4.444236 -0.753867 1.490756 0.000000 0.000000 0.000000 1.000000 0.000000 0.000000
12.000000 109.390181 4.397995 -0.772835 1.536541 0.000000 0.000000 0.000000 1.000000 0.000000 0.000000
12.000000 109.390405 4.398878 -0.758718 1.496807 0.000000 0.000000 0.000000 1.000000 0.000000 0.000000
12.000000 109.400165 4.335026 -0.793240 1.544538 0.000000 0.000000 0.000000 1.000000 0.000000 0.000000
12.000000 109.400441 4.444921 -0.789691 1.511974 0.000000 0.000000 0.000000 1.000000 0.000000 0.000000
12.000000 109.410220 4.297427 -0.787930 1.557916 0.000000 0.000000 0.000000 1.000000 0.000000 0.000000
12.000000 109.410466 4.372781 -0.781549 1.522130 0.000000 0.000000 0.000000 1.000000 0.000000 0.000000
12.000000 109.420145 4.229375 -0.814883 1.566148 0.000000 0.000000 0.000000 1.000000 0.000000 0.000000
12.000000 109.420466 4.413352 -0.818575 1.538570 0.000000 0.000000 0.000000 1.000000 0.000000 0.000000
12.000000 109.430348 4.268668 -0.785550 1.466344 0.000000 0.000000 0.000000 1.000000 0.000000 0.000000
12.000000 109.430386 4.303364 -0.794138 1.536045 0.000000 0.000000 0.000000 1.000000 0.000000 0.000000
12.000000 109.440513 4.154450 -0.801595 1.584152 0.000000 0.000000 0.000000 1.000000 0.000000 0.000000
12.000000 109.440542 4.290902 -0.801320 1.551546 0.000000 0.000000 0.000000 1.000000 0.000000 0.000000
12.000000 109.450390 4.175201 -0.796183 1.470798 0.000000 0.000000 0.000000 1.000000 0.000000 0.000000
12.000000 109.450492 4.234282 -0.807943 1.553573 0.000000 0.000000 0.000000 1.000000 0.000000 0.000000
12.000000 109.460417 4.062050 -0.811518 1.584111 0.000000 0.000000 0.000000 1.000000 0.000000 0.000000
12.000000 109.460492 4.206963 -0.812037 1.553676 0.000000 0.000000 0.000000 1.000000 0.000000 0.000000
12.000000 109.462438 3.803285 -0.622729 1.448380 0.000000 0.000000 0.000000 1.000000 0.000000 0.000000
12.000000 109.470299 4.029159 -0.799918 1.582485 0.000000 0.000000 0.000000 1.000000 0.000000 0.000000
12.000000 109.470413 4.094244 -0.793604 1.546570 0.000000 0.000000 0.000000 1.000000 0.000000 0.000000
12.000000 109.480296 3.962872 -0.820279 1.588979 0.000000 0.000000 0.000000 1.000000 0.000000 0.000000
12.000000 109.480486 4.172650 -0.826819 1.562788 0.000000 0.000000 0.000000 1.000000 0.000000 0.000000
12.000000 109.490372 4.002739 -0.798793 1.474220 0.000000 0.000000 0.000000 1.000000 0.000000 0.000000
12.000000 109.490563 4.101451 -0.823116 1.559843 0.000000 0.000000 0.000000 1.000000 0.000000 0.000000
12.000000 109.492478 3.394086 -0.643292 1.577389 0.000000 0.000000 0.000000 1.000000 0.000000 0.000000
12.000000 109.500254 3.877626 -0.820180 1.577500 0.000000 0.000000 0.000000 1.000000 0.000000 0.000000
12.000000 109.500450 4.032400 -0.822495 1.548241 0.000000 0.000000 0.000000 1.000000 0.000000 0.000000
12.000000 109.510271 3.834464 -0.823130 1.583118 0.000000 0.000000 0.000000 1.000000 0.000000 0.000000
12.000000 109.510355 4.018007 -0.828253 1.554655 0.000000 0.000000 0.000000 1.000000 0.000000 0.000000
12.000000 109.520423 3.784712 -0.827838 1.581918 0.000000 0.000000 0.000000 1.000000 0.000000 0.000000
12.000000 109.520534 3.992977 -0.836603 1.552329 0.000000 0.000000 0.000000 1.000000 0.000000 0.000000
12.000000 109.530245 3.737431 -0.835114 1.573449 0.000000 0.000000 0.000000 1.000000 0.000000 0.000000
12.000000 109.530456 3.989105 -0.849634 1.543290 0.000000 0.000000 0.000000 1.000000 0.000000 0.000000
12.000000 109.540254 3.691241 -0.832592 1.573833 0.000000 0.000000 0.000000 1.000000 0.000000 0.000000
12.000000 109.540534 3.907115 -0.842430 1.544795 0.000000 0.000000 0.000000 1.000000 0.000000 0.000000
12.000000 109.550276 3.664799 -0.829462 1.560837 0.000000 0.000000 0.000000 1.000000 0.000000 0.000000
12.000000 109.550526 3.843652 -0.835821 1.530040 0.000000 0.000000 0.000000 1.000000 0.000000 0.000000
12.000000 109.560263 3.616116 -0.836514 1.552800 0.000000 0.000000 0.000000 1.000000 0.000000 0.000000
12.000000 109.560496 3.816799 -0.842715 1.527892 0.000000 0.000000 0.000000 1.000000 0.000000 0.000000
12.000000 109.570364 3.561632 -0.841705 1.548941 0.000000 0.000000 0.000000 1.000000 0.000000 0.000000
12.000000 109.570450 3.813178 -0.855265 1.522263 0.000000 0.000000 0.000000 1.000000 0.000000 0.000000
12.000000 109.580269 3.529738 -0.838099 1.530723 0.000000 0.000000 0.000000 1.000000 0.000000 0.000000
12.000000 109.580527 3.720480 -0.846112 1.500713 0.000000 0.000000 0.000000 1.000000 0.000000 0.000000
12.000000 109.590289 3.495663 -0.828221 1.522374 0.000000 0.000000 0.000000 1.000000 0.000000 0.000000
12.000000 109.590447 3.651535 -0.835503 1.486166 0.000000 0.000000 0.000000 1.000000 0.000000 0.000000
12.000000 109.600199 3.410864 -0.869016 1.517562 0.000000 0.000000 0.000000 1.000000 0.000000 0.000000
12.000000 109.600815 3.791656 -0.894397 1.499268 0.000000 0.000000 0.000000 1.000000 0.000000 0.000000
12.000000 109.610296 3.400389 -0.833584 1.500768 0.000000 0.000000 0.000000 1.000000 0.000000 0.000000
12.000000 109.610381 3.578286 -0.842830 1.467166 0.000000 0.000000 0.000000 1.000000 0.000000 0.000000
12.000000 109.620304 3.349964 -0.843972 1.483284 0.000000 0.000000 0.000000 1.000000 0.000000 0.000000
12.000000 109.620502 3.565150 -0.855731 1.453641 0.000000 0.000000 0.000000 1.000000 0.000000 0.000000
12.000000 109.622684 3.132317 -0.657424 1.335558 0.000000 0.000000 0.000000 1.000000 0.000000 0.000000
12.000000 109.630284 3.320286 -0.836151 1.456204 0.000000 0.000000 0.000000 1.000000 0.000000 0.000000
12.000000 109.630449 3.447825 -0.842100 1.417160 0.000000 0.000000 0.000000 1.000000 0.000000 0.000000
12.000000 109.632529 3.108824 -0.665298 1.317917 0.000000 0.000000 0.000000 1.000000 0.000000 0.000000
12.000000 109.640244 3.264222 -0.850482 1.449830 0.000000 0.000000 0.000000 1.000000 0.000000 0.000000
12.000000 109.640513 3.495847 -0.863347 1.422598 0.000000 0.000000 0.000000 1.000000 0.000000 0.000000
12.000000 109.642629 3.056387 -0.660877 1.305912 0.000000 0.000000 0.000000 1.000000 0.000000 0.000000
12.000000 109.650336 3.198195 -0.871653 1.438125 0.000000 0.000000 0.000000 1.000000 0.000000 0.000000
12.000000 109.650494 3.547815 -0.895983 1.416975 0.000000 0.000000 0.000000 1.000000 0.000000 0.000000
12.000000 109.652584 3.016774 -0.666034 1.286369 0.000000 0.000000 0.000000 1.000000 0.000000 0.000000
12.000000 109.660289 3.169244 -0.857961 1.421715 0.000000 0.000000 0.000000 1.000000 0.000000 0.000000
12.000000 109.660612 3.468811 -0.880048 1.394846 0.000000 0.000000 0.000000 1.000000 0.000000 0.000000
12.000000 109.662707 2.995544 -0.669542 1.264239 0.000000 0.000000 0.000000 1.000000 0.000000 0.000000
12.000000 109.670329 3.131508 -0.859793 1.396372 0.000000 0.000000 0.000000 1.000000 0.000000 0.000000
12.000000 109.670472 3.401204 -0.879715 1.366535 0.000000 0.000000 0.000000 1.000000 0.000000 0.000000
12.000000 109.672557 2.956129 -0.674806 1.243248 0.000000 0.000000 0.000000 1.000000 0.000000 0.000000
12.000000 109.680274 3.070715 -0.880133 1.384447 0.000000 0.000000 0.000000 1.000000 0.000000 0.000000
12.000000 109.680518 3.456141 -0.909044 1.365055 0.000000 0.000000 0.000000 1.000000 0.000000 0.000000
12.000000 109.682699 2.916004 -0.677082 1.226209 0.000000 0.000000 0.000000 1.000000 0.000000 0.000000
12.000000 109.690234 3.030578 -0.874369 1.359948 0.000000 0.000000 0.000000 1.000000 0.000000 0.000000
12.000000 109.690423 3.386422 -0.901635 1.337620 0.000000 0.000000 0.000000 1.000000 0.000000 0.000000
12.000000 109.692548 2.875004 -0.677943 1.202390 0.000000 0.000000 0.000000 1.000000 0.000000 0.000000
12.000000 109.700302 2.997052 -0.870130 1.335429 0.000000 0.000000 0.000000 1.000000 0.000000 0.000000
12.000000 109.700501 3.310946 -0.895091 1.308582 0.000000 0.000000 0.000000 1.000000 0.000000 0.000000
12.000000 109.702724 2.843532 -0.681643 1.178696 0.000000 0.000000 0.000000 1.000000 0.000000 0.000000
12.000000 109.710326 2.937275 -0.886097 1.312753 0.000000 0.000000 0.000000 1.000000 0.000000 0.000000
12.000000 109.710416 3.335528 -0.919202 1.290214 0.000000 0.000000 0.000000 1.000000 0.000000 0.000000
12.000000 109.712614 2.817561 -0.687257 1.156401 0.000000 0.000000 0.000000 1.000000 0.000000 0.000000
12.000000 109.720324 2.912616 -0.870400 1.289732 0.000000 0.000000 0.000000 1.000000 0.000000 0.000000
12.000000 109.720587 3.237675 -0.898046 1.262494 0.000000 0.000000 0.000000 1.000000 0.000000 0.000000
12.000000 109.722733 2.778577 -0.689183 1.129599 0.000000 0.000000 0.000000 1.000000 0.000000 0.000000
12.000000 109.730371 2.864130 -0.880408 1.265778 0.000000 0.000000 0.000000 1.000000 0.000000 0.000000
12.000000 109.730493 3.215307 -0.911571 1.238597 0.000000 0.000000 0.000000 1.000000 0.000000 0.000000
12.000000 109.732566 2.741427 -0.695843 1.103724 0.000000 0.000000 0.000000 1.000000 0.000000 0.000000
12.000000 109.740312 2.814258 -0.892751 1.232674 0.000000 0.000000 0.000000 1.000000 0.000000 0.000000
12.000000 109.740558 3.196945 -0.924619 1.210575 0.000000 0.000000 0.000000 1.000000 0.000000 0.000000
12.000000 109.742682 2.697567 -0.693966 1.080038 0.000000 0.000000 0.000000 1.000000 0.000000 0.000000
12.000000 109.750340 2.763861 -0.896350 1.206931 0.000000 0.000000 0.000000 1.000000 0.000000 0.000000
12.000000 109.750841 3.192856 -0.931743 1.190425 0.000000 0.000000 0.000000 1.000000 0.000000 0.000000
12.000000 109.752616 2.660517 -0.696646 1.049487 0.000000 0.000000 0.000000 1.000000 0.000000 0.000000
12.000000 109.760557 2.718760 -0.903146 1.178189 0.000000 0.000000 0.000000 1.000000 0.000000 0.000000
12.000000 109.760605 3.164760 -0.942902 1.157932 0.000000 0.000000 0.000000 1.000000 0.000000 0.000000
12.000000 109.762925 2.616558 -0.696925 1.018950 0.000000 0.000000 0.000000 1.000000 0.000000 0.000000
12.000000 109.767134 3.035225 -0.610486 0.931060 0.000000 0.000000 0.000000 1.000000 0.000000 0.000000
12.000000 109.770341 2.684565 -0.903387 1.147994 0.000000 0.000000 0.000000 1.000000 0.000000 0.000000
12.000000 109.770536 3.115018 -0.943464 1.124736 0.000000 0.000000 0.000000 1.000000 0.000000 0.000000
12.000000 109.772645 2.609043 -0.710191 0.988680 0.000000 0.000000 0.000000 1.000000 0.000000 0.000000
12.000000 109.780420 2.652572 -0.893477 1.113949 0.000000 0.000000 0.000000 1.000000 0.000000 0.000000
12.000000 109.780670 2.985006 -0.920473 1.091373 0.000000 0.000000 0.000000 1.000000 0.000000 0.000000
12.000000 109.782723 2.537177 -0.701597 0.971628 0.000000 0.000000 0.000000 1.000000 0.000000 0.000000
12.000000 109.790377 2.608275 -0.890655 1.094697 0.000000 0.000000 0.000000 1.000000 0.000000 0.000000
12.000000 109.790452 2.997282 -0.928345 1.070897 0.000000 0.000000 0.000000 1.000000 0.000000 0.000000
12.000000 109.792629 2.528567 -0.710514 0.929356 0.000000 0.000000 0.000000 1.000000 0.000000 0.000000
12.000000 109.800397 2.554263 -0.904690 1.048005 0.000000 0.000000 0.000000 1.000000 0.000000 0.000000
12.000000 109.800862 3.007406 -0.945754 1.030670 0.000000 0.000000 0.000000 1.000000 0.000000 0.000000
12.000000 109.802724 2.504048 -0.712450 0.894892 0.000000 0.000000 0.000000 1.000000 0.000000 0.000000
12.000000 109.810467 2.520109 -0.905417 1.018500 0.000000 0.000000 0.000000 1.000000 0.000000 0.000000
12.000000 109.810525 2.936582 -0.946046 0.994897 0.000000 0.000000 0.000000 1.000000 0.000000 0.000000
12.000000 109.812601 2.473346 -0.719326 0.862539 0.000000 0.000000 0.000000 1.000000 0.000000 0.000000
12.000000 109.820316 2.486414 -0.904918 0.979511 0.000000 0.000000 0.000000 1.000000 0.000000 0.000000
12.000000 109.820626 2.861143 -0.940403 0.955405 0.000000 0.000000 0.000000 1.000000 0.000000 0.000000
12.000000 109.822819 2.428350 -0.720190 0.831065 0.000000 0.000000 0.000000 1.000000 0.000000 0.000000
12.000000 109.830475 2.444453 -0.906321 0.948093 0.000000 0.000000 0.000000 1.000000 0.000000 0.000000
12.000000 109.830587 2.837810 -0.946108 0.922688 0.000000 0.000000 0.000000 1.000000 0.000000 0.000000
12.000000 109.832619 2.402935 -0.725865 0.792465 0.000000 0.000000 0.000000 1.000000 0.000000 0.000000
12.000000 109.840289 2.390870 -0.914023 0.917548 0.000000 0.000000 0.000000 1.000000 0.000000 0.000000
12.000000 109.840806 2.863082 -0.960517 0.900320 0.000000 0.000000 0.000000 1.000000 0.000000 0.000000
12.000000 109.842720 2.359879 -0.724355 0.755463 0.000000 0.000000 0.000000 1.000000 0.000000 0.000000
12.000000 109.850412 2.349870 -0.914533 0.874607 0.000000 0.000000 0.000000 1.000000 0.000000 0.000000
12.000000 109.850518 2.823535 -0.960330 0.859740 0.000000 0.000000 0.000000 1.000000 0.000000 0.000000
12.000000 109.860406 2.301787 -0.936035 0.842926 0.000000 0.000000 0.000000 1.000000 0.000000 0.000000
12.000000 109.860589 2.881622 -0.992924 0.833716 0.000000 0.000000 0.000000 1.000000 0.000000 0.000000
12.000000 109.870372 2.282445 -0.919832 0.799438 0.000000 0.000000 0.000000 1.000000 0.000000 0.000000
12.000000 109.870524 2.746651 -0.968207 0.779494 0.000000 0.000000 0.000000 1.000000 0.000000 0.000000
12.000000 109.880359 2.237952 -0.928388 0.764011 0.000000 0.000000 0.000000 1.000000 0.000000 0.000000
12.000000 109.880590 2.742110 -0.980504 0.748904 0.000000 0.000000 0.000000 1.000000 0.000000 0.000000
12.000000 109.887494 2.303340 -0.869627 0.608382 0.000000 0.000000 0.000000 1.000000 0.000000 0.000000
12.000000 109.890338 2.186475 -0.942789 0.720139 0.000000 0.000000 0.000000 1.000000 0.000000 0.000000
12.000000 109.890505 2.787652 -1.001171 0.717381 0.000000 0.000000 0.000000 1.000000 0.000000 0.000000
12.000000 109.900331 2.163811 -0.941392 0.675816 0.000000 0.000000 0.000000 1.000000 0.000000 0.000000
12.000000 109.900650 2.737428 -0.996748 0.672140 0.000000 0.000000 0.000000 1.000000 0.000000 0.000000
12.000000 109.910583 2.634063 -0.984058 0.627874 0.000000 0.000000 0.000000 1.000000 0.000000 0.000000
12.000000 109.920564 2.594600 -0.979213 0.594158 0.000000 0.000000 0.000000 1.000000 0.000000 0.000000
12.000000 109.930636 2.579174 -0.991074 0.547159 0.000000 0.000000 0.000000 1.000000 0.000000 0.000000
12.000000 109.940881 2.572548 -0.997762 0.509071 0.000000 0.000000 0.000000 1.000000 0.000000 0.000000
12.000000 109.950583 2.623888 -1.030454 0.472793 0.000000 0.000000 0.000000 1.000000 0.000000 0.000000
12.000000 109.960626 2.533727 -1.015048 0.422711 0.000000 0.000000 0.000000 1.000000 0.000000 0.000000
12.000000 109.970497 2.550568 -1.036612 0.376553 0.000000 0.000000 0.000000 1.000000 0.000000 0.000000
12.000000 109.980610 2.467176 -1.031518 0.318143 0.000000 0.000000 0.000000 1.000000 0.000000 0.000000
12.000000 109.990560 2.412384 -1.027868 0.295255 0.000000 0.000000 0.000000 1.000000 0.000000 0.000000
12.000000 110.000663 2.416600 -1.032319 0.335763 0.000000 0.000000 0.000000 1.000000 0.000000 0.000000
12.000000 110.010559 2.283758 -1.016502 0.362021 0.000000 0.000000 0.000000 1.000000 0.000000 0.000000
12.000000 110.020590 2.396804 -1.053759 0.421875 0.000000 0.000000 0.000000 1.000000 0.000000 0.000000
12.000000 110.030618 2.267173 -1.024458 0.436383 0.000000 0.000000 0.000000 1.000000 0.000000 0.000000
12.000000 110.040576 2.220724 -1.024514 0.467055 0.000000 0.000000 0.000000 1.000000 0.000000 0.000000
12.000000 110.050532 2.323591 -1.051519 0.522463 0.000000 0.000000 0.000000 1.000000 0.000000 0.000000
12.000000 110.060655 2.285548 -1.061188 0.548920 0.000000 0.000000 0.000000 1.000000 0.000000 0.000000
12.000000 110.070580 2.201608 -1.055296 0.566276 0.000000 0.000000 0.000000 1.000000 0.000000 0.000000
12.000000 110.080415 2.337988 -1.084405 0.598364 0.000000 0.000000 0.000000 1.000000 0.000000 0.000000
12.000000 110.080670 2.163518 -1.061545 0.588778 0.000000 0.000000 0.000000 1.000000 0.000000 0.000000
12.000000 110.090587 2.276212 -1.094205 0.641521 0.000000 0.000000 0.000000 1.000000 0.000000 0.000000
12.000000 110.100638 2.145988 -1.071885 0.648249 0.000000 0.000000 0.000000 1.000000 0.000000 0.000000
12.000000 110.110656 2.025167 -1.053771 0.664709 0.000000 0.000000 0.000000 1.000000 0.000000 0.000000
12.000000 110.120668 2.031744 -1.064212 0.698476 0.000000 0.000000 0.000000 1.000000 0.000000 0.000000
12.000000 110.130490 2.188506 -1.096335 0.733350 0.000000 0.000000 0.000000 1.000000 0.000000 0.000000
12.000000 110.130673 2.017629 -1.072211 0.723918 0.000000 0.000000 0.000000 1.000000 0.000000 0.000000
12.000000 110.140838 2.001345 -1.075047 0.746324 0.000000 0.000000 0.000000 1.000000 0.000000 0.000000
12.000000 110.150687 1.876193 -1.049989 0.753478 0.000000 0.000000 0.000000 1.000000 0.000000 0.000000
12.000000 110.160808 1.908404 -1.075591 0.780047 0.000000 0.000000 0.000000 1.000000 0.000000 0.000000
12.000000 110.170623 1.919550 -1.085006 0.815883 0.000000 0.000000 0.000000 1.000000 0.000000 0.000000
12.000000 110.180521 2.019614 -1.108434 0.834913 0.000000 0.000000 0.000000 1.000000 0.000000 0.000000
12.000000 110.180749 1.851166 -1.087040 0.824658 0.000000 0.000000 0.000000 1.000000 0.000000 0.000000
12.000000 110.190651 1.899567 -1.103070 0.846374 0.000000 0.000000 0.000000 1.000000 0.000000 0.000000
12.000000 110.200671 1.958858 -1.124667 0.891106 0.000000 0.000000 0.000000 1.000000 0.000000 0.000000
12.000000 110.210648 1.756299 -1.086640 0.878168 0.000000 0.000000 0.000000 1.000000 0.000000 0.000000
12.000000 110.230764 1.742750 -1.103292 0.914826 0.000000 0.000000 0.000000 1.000000 0.000000 0.000000
12.000000 110.240789 1.734145 -1.110094 0.931682 0.000000 0.000000 0.000000 1.000000 0.000000 0.000000
12.000000 110.250697 1.703367 -1.111480 0.926164 0.000000 0.000000 0.000000 1.000000 0.000000 0.000000
12.000000 110.260689 1.714329 -1.128602 0.958681 0.000000 0.000000 0.000000 1.000000 0.000000 0.000000
12.000000 110.270716 1.601884 -1.103135 0.956458 0.000000 0.000000 0.000000 1.000000 0.000000 0.000000
12.000000 110.280759 1.637351 -1.128445 0.970481 0.000000 0.000000 0.000000 1.000000 0.000000 0.000000
12.000000 110.290745 1.646890 -1.144598 0.983071 0.000000 0.000000 0.000000 1.000000 0.000000 0.000000
12.000000 110.300756 1.649828 -1.149235 0.993836 0.000000 0.000000 0.000000 1.000000 0.000000 0.000000
12.000000 110.310735 1.575977 -1.136441 0.996247 0.000000 0.000000 0.000000 1.000000 0.000000 0.000000
12.000000 110.320743 1.601984 -1.153582 1.011832 0.000000 0.000000 0.000000 1.000000 0.000000 0.000000
12.000000 110.330724 1.652655 -1.170601 1.006904 0.000000 0.000000 0.000000 1.000000 0.000000 0.000000
12.000000 110.340709 1.458062 -1.127058 1.003183 0.000000 0.000000 0.000000 1.000000 0.000000 0.000000
12.000000 110.350663 1.508769 -1.137725 1.012946 0.000000 0.000000 0.000000 1.000000 0.000000 0.000000
12.000000 110.360739 1.437528 -1.140136 1.006083 0.000000 0.000000 0.000000 1.000000 0.000000 0.000000
12.000000 110.370770 1.512872 -1.169632 1.023583 0.000000 0.000000 0.000000 1.000000 0.000000 0.000000
12.000000 110.380814 1.491240 -1.172614 1.021338 0.000000 0.000000 0.000000 1.000000 0.000000 0.000000
12.000000 110.390713 1.379336 -1.145682 1.004212 0.000000 0.000000 0.000000 1.000000 0.000000 0.000000
12.000000 110.400798 1.270891 -1.136363 0.983964 0.000000 0.000000 0.000000 1.000000 0.000000 0.000000
12.000000 110.410722 1.263399 -1.140957 0.988623 0.000000 0.000000 0.000000 1.000000 0.000000 0.000000
12.000000 110.420959 1.166069 -1.130505 0.971885 0.000000 0.000000 0.000000 1.000000 0.000000 0.000000
12.000000 110.430749 1.184591 -1.142121 0.971313 0.000000 0.000000 0.000000 1.000000 0.000000 0.000000
12.000000 110.440755 1.223836 -1.162714 0.969051 0.000000 0.000000 0.000000 1.000000 0.000000 0.000000
12.000000 110.450822 1.225900 -1.162808 0.971771 0.000000 0.000000 0.000000 1.000000 0.000000 0.000000
12.000000 110.460878 1.249640 -1.174391 0.967686 0.000000 0.000000 0.000000 1.000000 0.000000 0.000000
12.000000 110.470780 0.866239 -1.120943 0.916829 0.000000 0.000000 0.000000 1.000000 0.000000 0.000000
12.000000 110.480794 1.050234 -1.149146 0.926314 0.000000 0.000000 0.000000 1.000000 0.000000 0.000000
12.000000 110.490848 1.175039 -1.191295 0.932677 0.000000 0.000000 0.000000 1.000000 0.000000 0.000000
12.000000 110.500866 1.122273 -1.190283 0.924370 0.000000 0.000000 0.000000 1.000000 0.000000 0.000000
12.000000 110.510852 0.999899 -1.177438 0.887012 0.000000 0.000000 0.000000 1.000000 0.000000 0.000000
12.000000 110.540915 1.119436 -1.223592 0.865383 0.000000 0.000000 0.000000 1.000000 0.000000 0.000000
