24.000000 215.517092 24.892784 -0.294076 0.473403 0.000000 0.000000 0.000000 1.000000 0.000000 0.000000
24.000000 215.527213 24.704768 -0.308370 0.593198 0.000000 0.000000 0.000000 1.000000 0.000000 0.000000
24.000000 215.537123 24.560214 -0.312596 0.696109 0.000000 0.000000 0.000000 1.000000 0.000000 0.000000
24.000000 215.547232 24.391963 -0.322600 0.802662 0.000000 0.000000 0.000000 1.000000 0.000000 0.000000
24.000000 215.557184 24.188609 -0.320707 0.896869 0.000000 0.000000 0.000000 1.000000 0.000000 0.000000
24.000000 215.567245 24.017377 -0.324773 0.967781 0.000000 0.000000 0.000000 1.000000 0.000000 0.000000
24.000000 215.577119 23.910567 -0.330417 1.051770 0.000000 0.000000 0.000000 1.000000 0.000000 0.000000
24.000000 215.584649 22.858630 -0.480445 1.192342 0.000000 0.000000 0.000000 1.000000 0.000000 0.000000
24.000000 215.587190 22.952026 -0.352601 1.389596 0.000000 0.000000 0.000000 1.000000 0.000000 0.000000
24.000000 215.594683 22.747381 -0.480602 1.262947 0.000000 0.000000 0.000000 1.000000 0.000000 0.000000
24.000000 215.597129 22.865690 -0.361973 1.470797 0.000000 0.000000 0.000000 1.000000 0.000000 0.000000
24.000000 215.604685 22.648311 -0.480441 1.343950 0.000000 0.000000 0.000000 1.000000 0.000000 0.000000
24.000000 215.607262 22.760357 -0.366243 1.542199 0.000000 0.000000 0.000000 1.000000 0.000000 0.000000
24.000000 215.614765 22.546459 -0.488478 1.409854 0.000000 0.000000 0.000000 1.000000 0.000000 0.000000
24.000000 215.617200 22.641296 -0.369551 1.603509 0.000000 0.000000 0.000000 1.000000 0.000000 0.000000
24.000000 215.624696 22.450101 -0.488942 1.492969 0.000000 0.000000 0.000000 1.000000 0.000000 0.000000
24.000000 215.627275 22.539757 -0.373503 1.676872 0.000000 0.000000 0.000000 1.000000 0.000000 0.000000
24.000000 215.634714 22.318980 -0.477975 1.553639 0.000000 0.000000 0.000000 1.000000 0.000000 0.000000
24.000000 215.637128 22.444850 -0.373776 1.749504 0.000000 0.000000 0.000000 1.000000 0.000000 0.000000
24.000000 215.644744 22.210146 -0.476346 1.619174 0.000000 0.000000 0.000000 1.000000 0.000000 0.000000
24.000000 215.647229 22.326894 -0.374828 1.808309 0.000000 0.000000 0.000000 1.000000 0.000000 0.000000
24.000000 215.654734 22.096329 -0.479147 1.684633 0.000000 0.000000 0.000000 1.000000 0.000000 0.000000
24.000000 215.657240 22.230603 -0.385139 1.876969 0.000000 0.000000 0.000000 1.000000 0.000000 0.000000
24.000000 215.664751 22.000363 -0.490317 1.744852 0.000000 0.000000 0.000000 1.000000 0.000000 0.000000
24.000000 215.667254 22.111753 -0.383206 1.938099 0.000000 0.000000 0.000000 1.000000 0.000000 0.000000
24.000000 215.674756 21.888709 -0.477917 1.824133 0.000000 0.000000 0.000000 1.000000 0.000000 0.000000
24.000000 215.677161 22.021360 -0.389842 2.005437 0.000000 0.000000 0.000000 1.000000 0.000000 0.000000
24.000000 215.684774 21.779068 -0.478009 1.888013 0.000000 0.000000 0.000000 1.000000 0.000000 0.000000
24.000000 215.687267 21.904771 -0.392004 2.063274 0.000000 0.000000 0.000000 1.000000 0.000000 0.000000
24.000000 215.694781 21.667479 -0.479317 1.949035 0.000000 0.000000 0.000000 1.000000 0.000000 0.000000
24.000000 215.697311 21.797085 -0.394870 2.123964 0.000000 0.000000 0.000000 1.000000 0.000000 0.000000
24.000000 215.704772 21.566029 -0.480362 2.009643 0.000000 0.000000 0.000000 1.000000 0.000000 0.000000
24.000000 215.714813 21.487851 -0.495117 2.074726 0.000000 0.000000 0.000000 1.000000 0.000000 0.000000
24.000000 215.717134 21.585016 -0.405711 2.239262 0.000000 0.000000 0.000000 1.000000 0.000000 0.000000
24.000000 215.724807 21.349026 -0.482135 2.133554 0.000000 0.000000 0.000000 1.000000 0.000000 0.000000
24.000000 215.734827 21.229314 -0.484718 2.182241 0.000000 0.000000 0.000000 1.000000 0.000000 0.000000
24.000000 215.737187 21.365061 -0.411234 2.349553 0.000000 0.000000 0.000000 1.000000 0.000000 0.000000
24.000000 215.744755 20.714983 -0.657259 2.228887 0.000000 0.000000 0.000000 1.000000 0.000000 0.000000
24.000000 215.745093 20.226133 -0.204115 2.129010 0.000000 0.000000 0.000000 1.000000 0.000000 0.000000
24.000000 215.754714 20.587411 -0.658268 2.289909 0.000000 0.000000 0.000000 1.000000 0.000000 0.000000
24.000000 215.754756 20.101229 -0.213101 2.194297 0.000000 0.000000 0.000000 1.000000 0.000000 0.000000
24.000000 215.757194 21.139738 -0.417822 2.457540 0.000000 0.000000 0.000000 1.000000 0.000000 0.000000
24.000000 215.764770 20.930228 -0.500593 2.346777 0.000000 0.000000 0.000000 1.000000 0.000000 0.000000
24.000000 215.764927 19.974451 -0.213823 2.246811 0.000000 0.000000 0.000000 1.000000 0.000000 0.000000
24.000000 215.774824 20.758990 -0.490410 2.396610 0.000000 0.000000 0.000000 1.000000 0.000000 0.000000
24.000000 215.774859 19.866490 -0.230369 2.309983 0.000000 0.000000 0.000000 1.000000 0.000000 0.000000
24.000000 215.777215 20.140649 -0.421419 2.519490 0.000000 0.000000 0.000000 1.000000 0.000000 0.000000
24.000000 215.784780 20.670683 -0.491002 2.462416 0.000000 0.000000 0.000000 1.000000 0.000000 0.000000
24.000000 215.784970 19.737810 -0.230167 2.361951 0.000000 0.000000 0.000000 1.000000 0.000000 0.000000
24.000000 215.794778 20.560826 -0.489377 2.509647 0.000000 0.000000 0.000000 1.000000 0.000000 0.000000
24.000000 215.794935 19.601866 -0.225612 2.414147 0.000000 0.000000 0.000000 1.000000 0.000000 0.000000
24.000000 215.804799 20.454988 -0.492396 2.563187 0.000000 0.000000 0.000000 1.000000 0.000000 0.000000
24.000000 215.804878 19.488980 -0.232731 2.471969 0.000000 0.000000 0.000000 1.000000 0.000000 0.000000
24.000000 215.814792 19.894381 -0.686631 2.602762 0.000000 0.000000 0.000000 1.000000 0.000000 0.000000
24.000000 215.814821 19.344006 -0.227125 2.505683 0.000000 0.000000 0.000000 1.000000 0.000000 0.000000
24.000000 215.817249 20.514642 -0.444949 2.754599 0.000000 0.000000 0.000000 1.000000 0.000000 0.000000
24.000000 215.824912 20.231086 -0.494552 2.656956 0.000000 0.000000 0.000000 1.000000 0.000000 0.000000
24.000000 215.824974 19.232805 -0.236666 2.562070 0.000000 0.000000 0.000000 1.000000 0.000000 0.000000
24.000000 215.827200 19.529700 -0.435745 2.759968 0.000000 0.000000 0.000000 1.000000 0.000000 0.000000
24.000000 215.834801 20.106499 -0.493590 2.705944 0.000000 0.000000 0.000000 1.000000 0.000000 0.000000
24.000000 215.834848 19.121179 -0.243802 2.618073 0.000000 0.000000 0.000000 1.000000 0.000000 0.000000
24.000000 215.837253 19.409344 -0.435098 2.811099 0.000000 0.000000 0.000000 1.000000 0.000000 0.000000
24.000000 215.844828 19.538054 -0.675193 2.749385 0.000000 0.000000 0.000000 1.000000 0.000000 0.000000
24.000000 215.844932 19.006946 -0.246588 2.666528 0.000000 0.000000 0.000000 1.000000 0.000000 0.000000
24.000000 215.854809 19.890811 -0.497066 2.798264 0.000000 0.000000 0.000000 1.000000 0.000000 0.000000
24.000000 215.854833 18.874033 -0.249482 2.713304 0.000000 0.000000 0.000000 1.000000 0.000000 0.000000
24.000000 215.857254 19.161644 -0.438446 2.898694 0.000000 0.000000 0.000000 1.000000 0.000000 0.000000
24.000000 215.864913 19.788502 -0.508378 2.829321 0.000000 0.000000 0.000000 1.000000 0.000000 0.000000
24.000000 215.864923 18.746672 -0.253744 2.761578 0.000000 0.000000 0.000000 1.000000 0.000000 0.000000
24.000000 215.874840 19.179924 -0.682477 2.881435 0.000000 0.000000 0.000000 1.000000 0.000000 0.000000
24.000000 215.874873 18.640872 -0.261123 2.805705 0.000000 0.000000 0.000000 1.000000 0.000000 0.000000
24.000000 215.877448 19.844188 -0.468542 3.013058 0.000000 0.000000 0.000000 1.000000 0.000000 0.000000
24.000000 215.884898 19.061035 -0.684469 2.919563 0.000000 0.000000 0.000000 1.000000 0.000000 0.000000
24.000000 215.884922 18.516610 -0.265540 2.846407 0.000000 0.000000 0.000000 1.000000 0.000000 0.000000
24.000000 215.887375 19.722569 -0.472041 3.051811 0.000000 0.000000 0.000000 1.000000 0.000000 0.000000
24.000000 215.894801 18.943304 -0.692320 2.966448 0.000000 0.000000 0.000000 1.000000 0.000000 0.000000
24.000000 215.894866 18.379633 -0.264286 2.889601 0.000000 0.000000 0.000000 1.000000 0.000000 0.000000
24.000000 215.904760 19.337444 -0.507461 3.004693 0.000000 0.000000 0.000000 1.000000 0.000000 0.000000
24.000000 215.904892 18.255865 -0.264378 2.931844 0.000000 0.000000 0.000000 1.000000 0.000000 0.000000
24.000000 215.907378 18.557346 -0.457876 3.098402 0.000000 0.000000 0.000000 1.000000 0.000000 0.000000
24.000000 215.914820 19.252601 -0.511138 3.028745 0.000000 0.000000 0.000000 1.000000 0.000000 0.000000
24.000000 215.914952 18.125342 -0.261217 2.963341 0.000000 0.000000 0.000000 1.000000 0.000000 0.000000
24.000000 215.917334 18.435678 -0.460764 3.137208 0.000000 0.000000 0.000000 1.000000 0.000000 0.000000
24.000000 215.924875 18.592979 -0.698044 3.084364 0.000000 0.000000 0.000000 1.000000 0.000000 0.000000
24.000000 215.924991 18.009979 -0.269704 3.007612 0.000000 0.000000 0.000000 1.000000 0.000000 0.000000
24.000000 215.927413 19.295830 -0.482819 3.196929 0.000000 0.000000 0.000000 1.000000 0.000000 0.000000
24.000000 215.934799 19.000829 -0.514309 3.113282 0.000000 0.000000 0.000000 1.000000 0.000000 0.000000
24.000000 215.934850 17.896433 -0.279290 3.047968 0.000000 0.000000 0.000000 1.000000 0.000000 0.000000
24.000000 215.944886 18.358278 -0.703037 3.154367 0.000000 0.000000 0.000000 1.000000 0.000000 0.000000
24.000000 215.944964 17.776872 -0.283980 3.088751 0.000000 0.000000 0.000000 1.000000 0.000000 0.000000
24.000000 215.947404 19.080485 -0.495693 3.268891 0.000000 0.000000 0.000000 1.000000 0.000000 0.000000
24.000000 215.954846 18.247190 -0.705107 3.190534 0.000000 0.000000 0.000000 1.000000 0.000000 0.000000
24.000000 215.954869 17.668551 -0.291844 3.128167 0.000000 0.000000 0.000000 1.000000 0.000000 0.000000
24.000000 215.957328 18.970687 -0.502448 3.300449 0.000000 0.000000 0.000000 1.000000 0.000000 0.000000
24.000000 215.964868 18.143575 -0.718560 3.216001 0.000000 0.000000 0.000000 1.000000 0.000000 0.000000
24.000000 215.964933 17.547427 -0.297070 3.161819 0.000000 0.000000 0.000000 1.000000 0.000000 0.000000
24.000000 215.974833 18.021862 -0.714089 3.252860 0.000000 0.000000 0.000000 1.000000 0.000000 0.000000
24.000000 215.975008 17.431461 -0.302055 3.195790 0.000000 0.000000 0.000000 1.000000 0.000000 0.000000
24.000000 215.977317 18.733113 -0.511942 3.358494 0.000000 0.000000 0.000000 1.000000 0.000000 0.000000
24.000000 215.984929 17.908029 -0.712977 3.288107 0.000000 0.000000 0.000000 1.000000 0.000000 0.000000
24.000000 215.984971 17.317567 -0.305743 3.232219 0.000000 0.000000 0.000000 1.000000 0.000000 0.000000
24.000000 215.987250 18.606306 -0.513923 3.388391 0.000000 0.000000 0.000000 1.000000 0.000000 0.000000
24.000000 215.994926 18.308169 -0.530251 3.318454 0.000000 0.000000 0.000000 1.000000 0.000000 0.000000
24.000000 215.995111 17.194822 -0.310722 3.264307 0.000000 0.000000 0.000000 1.000000 0.000000 0.000000
24.000000 215.997200 17.514009 -0.504487 3.396213 0.000000 0.000000 0.000000 1.000000 0.000000 0.000000
24.000000 216.004994 18.206606 -0.533736 3.346717 0.000000 0.000000 0.000000 1.000000 0.000000 0.000000
24.000000 216.005077 17.089701 -0.316829 3.294763 0.000000 0.000000 0.000000 1.000000 0.000000 0.000000
24.000000 216.007463 17.384060 -0.492747 3.424358 0.000000 0.000000 0.000000 1.000000 0.000000 0.000000
24.000000 216.014918 18.102199 -0.545691 3.368969 0.000000 0.000000 0.000000 1.000000 0.000000 0.000000
24.000000 216.015112 16.975068 -0.327299 3.327411 0.000000 0.000000 0.000000 1.000000 0.000000 0.000000
24.000000 216.017219 17.255133 -0.493954 3.446328 0.000000 0.000000 0.000000 1.000000 0.000000 0.000000
24.000000 216.025052 17.967891 -0.533796 3.396315 0.000000 0.000000 0.000000 1.000000 0.000000 0.000000
24.000000 216.025091 16.841181 -0.320295 3.348383 0.000000 0.000000 0.000000 1.000000 0.000000 0.000000
24.000000 216.027309 17.147607 -0.504043 3.464332 0.000000 0.000000 0.000000 1.000000 0.000000 0.000000
24.000000 216.034952 17.331361 -0.725119 3.409816 0.000000 0.000000 0.000000 1.000000 0.000000 0.000000
24.000000 216.035053 16.719232 -0.324118 3.370342 0.000000 0.000000 0.000000 1.000000 0.000000 0.000000
24.000000 216.037226 17.921706 -0.508728 3.505691 0.000000 0.000000 0.000000 1.000000 0.000000 0.000000
24.000000 216.045050 17.729113 -0.543520 3.443180 0.000000 0.000000 0.000000 1.000000 0.000000 0.000000
24.000000 216.045079 16.601295 -0.331630 3.395965 0.000000 0.000000 0.000000 1.000000 0.000000 0.000000
24.000000 216.054915 17.117960 -0.736127 3.452880 0.000000 0.000000 0.000000 1.000000 0.000000 0.000000
24.000000 216.054971 16.494719 -0.336331 3.420946 0.000000 0.000000 0.000000 1.000000 0.000000 0.000000
24.000000 216.057230 17.699577 -0.526396 3.547996 0.000000 0.000000 0.000000 1.000000 0.000000 0.000000
24.000000 216.064988 17.490275 -0.546662 3.485882 0.000000 0.000000 0.000000 1.000000 0.000000 0.000000
24.000000 216.065055 16.382094 -0.342326 3.447691 0.000000 0.000000 0.000000 1.000000 0.000000 0.000000
24.000000 216.067295 16.674400 -0.510085 3.541104 0.000000 0.000000 0.000000 1.000000 0.000000 0.000000
24.000000 216.074904 17.372706 -0.549067 3.509991 0.000000 0.000000 0.000000 1.000000 0.000000 0.000000
24.000000 216.074975 16.256850 -0.347510 3.470696 0.000000 0.000000 0.000000 1.000000 0.000000 0.000000
24.000000 216.077218 16.538563 -0.508421 3.560619 0.000000 0.000000 0.000000 1.000000 0.000000 0.000000
24.000000 216.084949 17.280399 -0.552840 3.527547 0.000000 0.000000 0.000000 1.000000 0.000000 0.000000
24.000000 216.085044 16.131255 -0.346627 3.488199 0.000000 0.000000 0.000000 1.000000 0.000000 0.000000
24.000000 216.087386 16.419699 -0.508476 3.581743 0.000000 0.000000 0.000000 1.000000 0.000000 0.000000
24.000000 216.094944 17.150630 -0.556082 3.545865 0.000000 0.000000 0.000000 1.000000 0.000000 0.000000
24.000000 216.095163 16.008100 -0.352587 3.506256 0.000000 0.000000 0.000000 1.000000 0.000000 0.000000
24.000000 216.097305 16.297423 -0.513582 3.590922 0.000000 0.000000 0.000000 1.000000 0.000000 0.000000
24.000000 216.104966 17.039422 -0.556942 3.563924 0.000000 0.000000 0.000000 1.000000 0.000000 0.000000
24.000000 216.105113 15.889869 -0.353418 3.522273 0.000000 0.000000 0.000000 1.000000 0.000000 0.000000
24.000000 216.107440 16.183139 -0.514775 3.601390 0.000000 0.000000 0.000000 1.000000 0.000000 0.000000
24.000000 216.114882 16.925526 -0.562874 3.575390 0.000000 0.000000 0.000000 1.000000 0.000000 0.000000
24.000000 216.115180 15.770293 -0.358726 3.534862 0.000000 0.000000 0.000000 1.000000 0.000000 0.000000
24.000000 216.117303 16.077763 -0.524554 3.615957 0.000000 0.000000 0.000000 1.000000 0.000000 0.000000
24.000000 216.124950 16.277028 -0.770317 3.564925 0.000000 0.000000 0.000000 1.000000 0.000000 0.000000
24.000000 216.125082 15.570930 -0.350804 3.542618 0.000000 0.000000 0.000000 1.000000 0.000000 0.000000
24.000000 216.134946 16.685917 -0.565649 3.611975 0.000000 0.000000 0.000000 1.000000 0.000000 0.000000
24.000000 216.137295 16.686853 -0.541355 3.685848 0.000000 0.000000 0.000000 1.000000 0.000000 0.000000
24.000000 216.145043 16.561024 -0.567064 3.624405 0.000000 0.000000 0.000000 1.000000 0.000000 0.000000
24.000000 216.154926 16.480182 -0.566216 3.639635 0.000000 0.000000 0.000000 1.000000 0.000000 0.000000
24.000000 216.157409 16.479685 -0.549100 3.708355 0.000000 0.000000 0.000000 1.000000 0.000000 0.000000
24.000000 216.165034 16.327537 -0.572221 3.642432 0.000000 0.000000 0.000000 1.000000 0.000000 0.000000
24.000000 216.175030 16.262140 -0.584599 3.676639 0.000000 0.000000 0.000000 1.000000 0.000000 0.000000
24.000000 216.177373 16.123242 -0.546037 3.728467 0.000000 0.000000 0.000000 1.000000 0.000000 0.000000
24.000000 216.185084 16.143247 -0.583050 3.684182 0.000000 0.000000 0.000000 1.000000 0.000000 0.000000
24.000000 216.194952 16.043243 -0.582354 3.687748 0.000000 0.000000 0.000000 1.000000 0.000000 0.000000
24.000000 216.204982 15.903310 -0.588351 3.704794 0.000000 0.000000 0.000000 1.000000 0.000000 0.000000
24.000000 216.214975 15.811934 -0.592257 3.717006 0.000000 0.000000 0.000000 1.000000 0.000000 0.000000
24.000000 216.217418 15.648425 -0.558854 3.751980 0.000000 0.000000 0.000000 1.000000 0.000000 0.000000
24.000000 216.225090 15.664253 -0.597026 3.720625 0.000000 0.000000 0.000000 1.000000 0.000000 0.000000
24.000000 216.227567 15.492371 -0.561007 3.763260 0.000000 0.000000 0.000000 1.000000 0.000000 0.000000
24.000000 216.234963 15.566673 -0.598524 3.719961 0.000000 0.000000 0.000000 1.000000 0.000000 0.000000
24.000000 216.237370 15.398149 -0.563223 3.762176 0.000000 0.000000 0.000000 1.000000 0.000000 0.000000
24.000000 216.245084 15.475333 -0.595571 3.722931 0.000000 0.000000 0.000000 1.000000 0.000000 0.000000
24.000000 216.255023 15.320817 -0.607511 3.724103 0.000000 0.000000 0.000000 1.000000 0.000000 0.000000
24.000000 216.265129 15.264328 -0.613038 3.740764 0.000000 0.000000 0.000000 1.000000 0.000000 0.000000
24.000000 216.274986 15.124251 -0.614434 3.737671 0.000000 0.000000 0.000000 1.000000 0.000000 0.000000
24.000000 216.275042 14.015056 -0.448635 3.687372 0.000000 0.000000 0.000000 1.000000 0.000000 0.000000
24.000000 216.285001 14.564971 -0.800528 3.698128 0.000000 0.000000 0.000000 1.000000 0.000000 0.000000
24.000000 216.285157 13.898945 -0.451328 3.693665 0.000000 0.000000 0.000000 1.000000 0.000000 0.000000
24.000000 216.294982 14.886282 -0.623128 3.730382 0.000000 0.000000 0.000000 1.000000 0.000000 0.000000
24.000000 216.295446 13.828322 -0.466230 3.697055 0.000000 0.000000 0.000000 1.000000 0.000000 0.000000
24.000000 216.297361 14.075223 -0.584003 3.724375 0.000000 0.000000 0.000000 1.000000 0.000000 0.000000
24.000000 216.305259 14.348731 -0.801403 3.698049 0.000000 0.000000 0.000000 1.000000 0.000000 0.000000
24.000000 216.305438 13.701765 -0.465948 3.698487 0.000000 0.000000 0.000000 1.000000 0.000000 0.000000
24.000000 216.315204 14.261325 -0.814224 3.689795 0.000000 0.000000 0.000000 1.000000 0.000000 0.000000
24.000000 216.315209 13.583538 -0.463982 3.694616 0.000000 0.000000 0.000000 1.000000 0.000000 0.000000
24.000000 216.317412 14.287945 -0.570509 3.753587 0.000000 0.000000 0.000000 1.000000 0.000000 0.000000
24.000000 216.325167 14.567499 -0.630631 3.725014 0.000000 0.000000 0.000000 1.000000 0.000000 0.000000
24.000000 216.325179 13.505440 -0.476406 3.692863 0.000000 0.000000 0.000000 1.000000 0.000000 0.000000
24.000000 216.335092 14.044338 -0.803848 3.686353 0.000000 0.000000 0.000000 1.000000 0.000000 0.000000
24.000000 216.335195 13.425980 -0.488859 3.690996 0.000000 0.000000 0.000000 1.000000 0.000000 0.000000
24.000000 216.337374 14.104025 -0.592629 3.746953 0.000000 0.000000 0.000000 1.000000 0.000000 0.000000
24.000000 216.345052 14.334596 -0.641166 3.719899 0.000000 0.000000 0.000000 1.000000 0.000000 0.000000
24.000000 216.345082 13.337388 -0.498533 3.689969 0.000000 0.000000 0.000000 1.000000 0.000000 0.000000
24.000000 216.355117 14.232294 -0.634256 3.709530 0.000000 0.000000 0.000000 1.000000 0.000000 0.000000
24.000000 216.355156 13.206026 -0.487559 3.677179 0.000000 0.000000 0.000000 1.000000 0.000000 0.000000
24.000000 216.365065 14.156590 -0.650634 3.706826 0.000000 0.000000 0.000000 1.000000 0.000000 0.000000
24.000000 216.365142 13.103303 -0.502177 3.672126 0.000000 0.000000 0.000000 1.000000 0.000000 0.000000
24.000000 216.367497 13.298085 -0.589255 3.683474 0.000000 0.000000 0.000000 1.000000 0.000000 0.000000
24.000000 216.375066 14.004477 -0.646257 3.703986 0.000000 0.000000 0.000000 1.000000 0.000000 0.000000
24.000000 216.375165 13.011197 -0.508252 3.664160 0.000000 0.000000 0.000000 1.000000 0.000000 0.000000
24.000000 216.377419 13.196889 -0.590049 3.675539 0.000000 0.000000 0.000000 1.000000 0.000000 0.000000
24.000000 216.385169 13.523630 -0.821291 3.662992 0.000000 0.000000 0.000000 1.000000 0.000000 0.000000
24.000000 216.385307 12.893568 -0.512496 3.657030 0.000000 0.000000 0.000000 1.000000 0.000000 0.000000
24.000000 216.387566 13.386689 -0.587965 3.705157 0.000000 0.000000 0.000000 1.000000 0.000000 0.000000
24.000000 216.395147 13.400676 -0.820938 3.654409 0.000000 0.000000 0.000000 1.000000 0.000000 0.000000
24.000000 216.395170 12.771712 -0.514528 3.649462 0.000000 0.000000 0.000000 1.000000 0.000000 0.000000
24.000000 216.397432 13.298214 -0.589143 3.702460 0.000000 0.000000 0.000000 1.000000 0.000000 0.000000
24.000000 216.405246 13.675927 -0.656326 3.674897 0.000000 0.000000 0.000000 1.000000 0.000000 0.000000
24.000000 216.405484 12.703697 -0.524026 3.637539 0.000000 0.000000 0.000000 1.000000 0.000000 0.000000
24.000000 216.415045 13.598718 -0.667629 3.663098 0.000000 0.000000 0.000000 1.000000 0.000000 0.000000
24.000000 216.415215 12.592466 -0.532194 3.625894 0.000000 0.000000 0.000000 1.000000 0.000000 0.000000
24.000000 216.417459 12.763561 -0.605461 3.636036 0.000000 0.000000 0.000000 1.000000 0.000000 0.000000
24.000000 216.425307 13.460449 -0.665656 3.644203 0.000000 0.000000 0.000000 1.000000 0.000000 0.000000
24.000000 216.425317 12.510383 -0.535967 3.615229 0.000000 0.000000 0.000000 1.000000 0.000000 0.000000
24.000000 216.427576 12.671193 -0.603993 3.621448 0.000000 0.000000 0.000000 1.000000 0.000000 0.000000
24.000000 216.435004 13.332591 -0.677326 3.622262 0.000000 0.000000 0.000000 1.000000 0.000000 0.000000
24.000000 216.435382 12.420071 -0.552505 3.601218 0.000000 0.000000 0.000000 1.000000 0.000000 0.000000
24.000000 216.437439 12.552386 -0.606024 3.609254 0.000000 0.000000 0.000000 1.000000 0.000000 0.000000
24.000000 216.445218 12.884761 -0.829159 3.573433 0.000000 0.000000 0.000000 1.000000 0.000000 0.000000
24.000000 216.445337 12.287987 -0.545134 3.584991 0.000000 0.000000 0.000000 1.000000 0.000000 0.000000
24.000000 216.447587 12.599626 -0.593197 3.628667 0.000000 0.000000 0.000000 1.000000 0.000000 0.000000
24.000000 216.455157 12.794456 -0.841560 3.554315 0.000000 0.000000 0.000000 1.000000 0.000000 0.000000
24.000000 216.455202 12.189142 -0.555122 3.566605 0.000000 0.000000 0.000000 1.000000 0.000000 0.000000
24.000000 216.457462 12.412991 -0.592839 3.605497 0.000000 0.000000 0.000000 1.000000 0.000000 0.000000
24.000000 216.465218 12.086447 -0.556841 3.550208 0.000000 0.000000 0.000000 1.000000 0.000000 0.000000
24.000000 216.475075 12.901410 -0.691696 3.552391 0.000000 0.000000 0.000000 1.000000 0.000000 0.000000
24.000000 216.475129 12.013618 -0.571017 3.532017 0.000000 0.000000 0.000000 1.000000 0.000000 0.000000
24.000000 216.477505 12.115478 -0.608870 3.531332 0.000000 0.000000 0.000000 1.000000 0.000000 0.000000
24.000000 216.485266 12.467399 -0.839697 3.505009 0.000000 0.000000 0.000000 1.000000 0.000000 0.000000
24.000000 216.485390 11.891535 -0.573976 3.508082 0.000000 0.000000 0.000000 1.000000 0.000000 0.000000
24.000000 216.495052 12.691861 -0.690027 3.525142 0.000000 0.000000 0.000000 1.000000 0.000000 0.000000
24.000000 216.495070 11.805698 -0.573821 3.484363 0.000000 0.000000 0.000000 1.000000 0.000000 0.000000
24.000000 216.497447 11.944891 -0.629281 3.476202 0.000000 0.000000 0.000000 1.000000 0.000000 0.000000
24.000000 216.505094 12.260549 -0.842815 3.463055 0.000000 0.000000 0.000000 1.000000 0.000000 0.000000
24.000000 216.505300 11.675442 -0.577175 3.463723 0.000000 0.000000 0.000000 1.000000 0.000000 0.000000
24.000000 216.515111 12.466227 -0.706633 3.469339 0.000000 0.000000 0.000000 1.000000 0.000000 0.000000
24.000000 216.515199 11.598461 -0.591062 3.442637 0.000000 0.000000 0.000000 1.000000 0.000000 0.000000
24.000000 216.525125 12.068345 -0.853517 3.415962 0.000000 0.000000 0.000000 1.000000 0.000000 0.000000
24.000000 216.525374 11.479905 -0.589447 3.416054 0.000000 0.000000 0.000000 1.000000 0.000000 0.000000
24.000000 216.535097 12.236642 -0.710824 3.433544 0.000000 0.000000 0.000000 1.000000 0.000000 0.000000
24.000000 216.535166 11.398918 -0.602836 3.391268 0.000000 0.000000 0.000000 1.000000 0.000000 0.000000
24.000000 216.545048 11.861673 -0.845700 3.367297 0.000000 0.000000 0.000000 1.000000 0.000000 0.000000
24.000000 216.545312 11.329631 -0.609793 3.369842 0.000000 0.000000 0.000000 1.000000 0.000000 0.000000
24.000000 216.555182 11.756531 -0.851271 3.334680 0.000000 0.000000 0.000000 1.000000 0.000000 0.000000
24.000000 216.555212 11.223669 -0.616842 3.338383 0.000000 0.000000 0.000000 1.000000 0.000000 0.000000
24.000000 216.557515 11.069758 -0.609543 3.370117 0.000000 0.000000 0.000000 1.000000 0.000000 0.000000
24.000000 216.565168 11.694285 -0.870033 3.298587 0.000000 0.000000 0.000000 1.000000 0.000000 0.000000
24.000000 216.565295 11.130305 -0.621154 3.311366 0.000000 0.000000 0.000000 1.000000 0.000000 0.000000
24.000000 216.575046 11.815472 -0.731350 3.326921 0.000000 0.000000 0.000000 1.000000 0.000000 0.000000
24.000000 216.575217 11.028093 -0.630152 3.282468 0.000000 0.000000 0.000000 1.000000 0.000000 0.000000
24.000000 216.577474 11.093912 -0.647904 3.267183 0.000000 0.000000 0.000000 1.000000 0.000000 0.000000
24.000000 216.585121 11.456395 -0.866056 3.251866 0.000000 0.000000 0.000000 1.000000 0.000000 0.000000
24.000000 216.585246 10.934800 -0.641050 3.253309 0.000000 0.000000 0.000000 1.000000 0.000000 0.000000
24.000000 216.595142 11.589038 -0.741995 3.266089 0.000000 0.000000 0.000000 1.000000 0.000000 0.000000
24.000000 216.595355 10.849122 -0.646590 3.224554 0.000000 0.000000 0.000000 1.000000 0.000000 0.000000
24.000000 216.597488 10.872448 -0.646773 3.203787 0.000000 0.000000 0.000000 1.000000 0.000000 0.000000
24.000000 216.605124 11.252094 -0.867535 3.190268 0.000000 0.000000 0.000000 1.000000 0.000000 0.000000
24.000000 216.605143 10.741369 -0.649786 3.191461 0.000000 0.000000 0.000000 1.000000 0.000000 0.000000
24.000000 216.615135 11.399935 -0.757303 3.187684 0.000000 0.000000 0.000000 1.000000 0.000000 0.000000
24.000000 216.615310 10.643961 -0.656397 3.154689 0.000000 0.000000 0.000000 1.000000 0.000000 0.000000
24.000000 216.625221 11.282022 -0.754672 3.166241 0.000000 0.000000 0.000000 1.000000 0.000000 0.000000
24.000000 216.625258 10.551213 -0.660493 3.120630 0.000000 0.000000 0.000000 1.000000 0.000000 0.000000
24.000000 216.635172 11.164779 -0.755467 3.133404 0.000000 0.000000 0.000000 1.000000 0.000000 0.000000
24.000000 216.635180 10.437292 -0.661827 3.086018 0.000000 0.000000 0.000000 1.000000 0.000000 0.000000
24.000000 216.637503 10.456900 -0.656723 3.065197 0.000000 0.000000 0.000000 1.000000 0.000000 0.000000
24.000000 216.645151 10.860703 -0.880298 3.051359 0.000000 0.000000 0.000000 1.000000 0.000000 0.000000
24.000000 216.645209 10.322005 -0.655780 3.049911 0.000000 0.000000 0.000000 1.000000 0.000000 0.000000
24.000000 216.655262 10.962284 -0.763536 3.063294 0.000000 0.000000 0.000000 1.000000 0.000000 0.000000
24.000000 216.655450 10.244813 -0.671198 3.014465 0.000000 0.000000 0.000000 1.000000 0.000000 0.000000
24.000000 216.657524 10.267087 -0.666736 2.992638 0.000000 0.000000 0.000000 1.000000 0.000000 0.000000
24.000000 216.665262 10.667015 -0.888815 2.965948 0.000000 0.000000 0.000000 1.000000 0.000000 0.000000
24.000000 216.665415 10.178706 -0.685425 2.978184 0.000000 0.000000 0.000000 1.000000 0.000000 0.000000
24.000000 216.675200 10.751415 -0.775968 2.990090 0.000000 0.000000 0.000000 1.000000 0.000000 0.000000
24.000000 216.675439 10.083052 -0.689332 2.940442 0.000000 0.000000 0.000000 1.000000 0.000000 0.000000
24.000000 216.685286 10.637807 -0.785290 2.949695 0.000000 0.000000 0.000000 1.000000 0.000000 0.000000
24.000000 216.685342 10.002700 -0.702818 2.899108 0.000000 0.000000 0.000000 1.000000 0.000000 0.000000
24.000000 216.695163 10.528934 -0.788028 2.910524 0.000000 0.000000 0.000000 1.000000 0.000000 0.000000
24.000000 216.695365 9.928493 -0.710021 2.852345 0.000000 0.000000 0.000000 1.000000 0.000000 0.000000
24.000000 216.697574 9.916209 -0.682815 2.828667 0.000000 0.000000 0.000000 1.000000 0.000000 0.000000
24.000000 216.705197 10.275106 -0.898288 2.815837 0.000000 0.000000 0.000000 1.000000 0.000000 0.000000
24.000000 216.705330 9.796408 -0.705937 2.818620 0.000000 0.000000 0.000000 1.000000 0.000000 0.000000
24.000000 216.707606 9.495298 -0.663159 2.853350 0.000000 0.000000 0.000000 1.000000 0.000000 0.000000
24.000000 216.715185 10.324007 -0.802481 2.822574 0.000000 0.000000 0.000000 1.000000 0.000000 0.000000
24.000000 216.715464 9.734241 -0.722008 2.779154 0.000000 0.000000 0.000000 1.000000 0.000000 0.000000
24.000000 216.725312 10.216262 -0.807730 2.781214 0.000000 0.000000 0.000000 1.000000 0.000000 0.000000
24.000000 216.725348 9.650463 -0.730115 2.736721 0.000000 0.000000 0.000000 1.000000 0.000000 0.000000
24.000000 216.735204 10.115822 -0.810198 2.737483 0.000000 0.000000 0.000000 1.000000 0.000000 0.000000
24.000000 216.735226 9.529544 -0.730344 2.687596 0.000000 0.000000 0.000000 1.000000 0.000000 0.000000
24.000000 216.737540 9.483783 -0.692011 2.655402 0.000000 0.000000 0.000000 1.000000 0.000000 0.000000
24.000000 216.745322 10.021316 -0.816449 2.691499 0.000000 0.000000 0.000000 1.000000 0.000000 0.000000
24.000000 216.745359 9.440263 -0.736221 2.643302 0.000000 0.000000 0.000000 1.000000 0.000000 0.000000
24.000000 216.747681 9.395459 -0.698030 2.610854 0.000000 0.000000 0.000000 1.000000 0.000000 0.000000
24.000000 216.755201 9.910909 -0.822020 2.646728 0.000000 0.000000 0.000000 1.000000 0.000000 0.000000
24.000000 216.755485 9.362085 -0.746050 2.599505 0.000000 0.000000 0.000000 1.000000 0.000000 0.000000
24.000000 216.757594 9.286267 -0.695778 2.565471 0.000000 0.000000 0.000000 1.000000 0.000000 0.000000
24.000000 216.765274 9.701053 -0.919845 2.535704 0.000000 0.000000 0.000000 1.000000 0.000000 0.000000
24.000000 216.765293 9.269185 -0.749747 2.550408 0.000000 0.000000 0.000000 1.000000 0.000000 0.000000
24.000000 216.775148 9.598128 -0.918268 2.495891 0.000000 0.000000 0.000000 1.000000 0.000000 0.000000
24.000000 216.775309 9.179629 -0.756195 2.503449 0.000000 0.000000 0.000000 1.000000 0.000000 0.000000
24.000000 216.785224 9.506333 -0.922346 2.448352 0.000000 0.000000 0.000000 1.000000 0.000000 0.000000
24.000000 216.785357 9.095165 -0.763336 2.456020 0.000000 0.000000 0.000000 1.000000 0.000000 0.000000
24.000000 216.787642 8.733131 -0.702413 2.482340 0.000000 0.000000 0.000000 1.000000 0.000000 0.000000
24.000000 216.795257 9.509766 -0.838209 2.457760 0.000000 0.000000 0.000000 1.000000 0.000000 0.000000
24.000000 216.795347 9.028909 -0.765746 2.415570 0.000000 0.000000 0.000000 1.000000 0.000000 0.000000
24.000000 216.797544 8.946032 -0.712488 2.374546 0.000000 0.000000 0.000000 1.000000 0.000000 0.000000
24.000000 216.805320 9.311208 -0.927097 2.346316 0.000000 0.000000 0.000000 1.000000 0.000000 0.000000
24.000000 216.805342 8.912465 -0.774474 2.358058 0.000000 0.000000 0.000000 1.000000 0.000000 0.000000
24.000000 216.815198 9.319699 -0.853012 2.362154 0.000000 0.000000 0.000000 1.000000 0.000000 0.000000
24.000000 216.815229 8.839272 -0.782464 2.307742 0.000000 0.000000 0.000000 1.000000 0.000000 0.000000
24.000000 216.817680 8.763478 -0.725603 2.266879 0.000000 0.000000 0.000000 1.000000 0.000000 0.000000
24.000000 216.825253 9.118535 -0.928745 2.241483 0.000000 0.000000 0.000000 1.000000 0.000000 0.000000
24.000000 216.825337 8.755674 -0.792005 2.252392 0.000000 0.000000 0.000000 1.000000 0.000000 0.000000
24.000000 216.827673 8.414254 -0.719584 2.282477 0.000000 0.000000 0.000000 1.000000 0.000000 0.000000
24.000000 216.835223 9.027135 -0.933027 2.188387 0.000000 0.000000 0.000000 1.000000 0.000000 0.000000
24.000000 216.835273 8.636497 -0.786459 2.201018 0.000000 0.000000 0.000000 1.000000 0.000000 0.000000
24.000000 216.837619 8.303085 -0.721086 2.238554 0.000000 0.000000 0.000000 1.000000 0.000000 0.000000
24.000000 216.845328 9.005322 -0.866215 2.203414 0.000000 0.000000 0.000000 1.000000 0.000000 0.000000
24.000000 216.845389 8.575796 -0.802851 2.146858 0.000000 0.000000 0.000000 1.000000 0.000000 0.000000
24.000000 216.855423 8.916974 -0.864617 2.143008 0.000000 0.000000 0.000000 1.000000 0.000000 0.000000
24.000000 216.855440 8.458139 -0.799030 2.083761 0.000000 0.000000 0.000000 1.000000 0.000000 0.000000
24.000000 216.865331 8.786479 -0.872152 2.081543 0.000000 0.000000 0.000000 1.000000 0.000000 0.000000
24.000000 216.865377 8.380686 -0.807924 2.034368 0.000000 0.000000 0.000000 1.000000 0.000000 0.000000
24.000000 216.875348 8.701613 -0.878133 2.031511 0.000000 0.000000 0.000000 1.000000 0.000000 0.000000
24.000000 216.875414 8.287336 -0.815595 1.975138 0.000000 0.000000 0.000000 1.000000 0.000000 0.000000
24.000000 216.877754 8.195469 -0.740486 1.942574 0.000000 0.000000 0.000000 1.000000 0.000000 0.000000
24.000000 216.885274 8.552734 -0.946637 1.904746 0.000000 0.000000 0.000000 1.000000 0.000000 0.000000
24.000000 216.885515 8.198716 -0.818868 1.910632 0.000000 0.000000 0.000000 1.000000 0.000000 0.000000
24.000000 216.895229 8.524922 -0.887258 1.909317 0.000000 0.000000 0.000000 1.000000 0.000000 0.000000
24.000000 216.895385 8.120321 -0.824938 1.853866 0.000000 0.000000 0.000000 1.000000 0.000000 0.000000
24.000000 216.897690 8.029735 -0.751021 1.820124 0.000000 0.000000 0.000000 1.000000 0.000000 0.000000
24.000000 216.905290 8.380150 -0.952118 1.787492 0.000000 0.000000 0.000000 1.000000 0.000000 0.000000
24.000000 216.905375 8.048106 -0.834906 1.795037 0.000000 0.000000 0.000000 1.000000 0.000000 0.000000
24.000000 216.915380 8.319739 -0.891561 1.794646 0.000000 0.000000 0.000000 1.000000 0.000000 0.000000
24.000000 216.915518 7.950334 -0.836051 1.730193 0.000000 0.000000 0.000000 1.000000 0.000000 0.000000
24.000000 216.925306 8.189390 -0.954876 1.668273 0.000000 0.000000 0.000000 1.000000 0.000000 0.000000
24.000000 216.925425 7.866898 -0.845299 1.666824 0.000000 0.000000 0.000000 1.000000 0.000000 0.000000
24.000000 216.935354 8.130356 -0.902819 1.669954 0.000000 0.000000 0.000000 1.000000 0.000000 0.000000
24.000000 216.935463 7.759945 -0.847157 1.601722 0.000000 0.000000 0.000000 1.000000 0.000000 0.000000
24.000000 216.937704 7.707851 -0.771505 1.574733 0.000000 0.000000 0.000000 1.000000 0.000000 0.000000
24.000000 216.945291 8.017442 -0.952899 1.543341 0.000000 0.000000 0.000000 1.000000 0.000000 0.000000
24.000000 216.945469 7.750268 -0.863008 1.550288 0.000000 0.000000 0.000000 1.000000 0.000000 0.000000
24.000000 216.955326 7.930541 -0.913844 1.540615 0.000000 0.000000 0.000000 1.000000 0.000000 0.000000
24.000000 216.955503 7.625073 -0.866127 1.473809 0.000000 0.000000 0.000000 1.000000 0.000000 0.000000
24.000000 216.965338 7.824722 -0.966649 1.402222 0.000000 0.000000 0.000000 1.000000 0.000000 0.000000
24.000000 216.965355 7.577045 -0.884599 1.416804 0.000000 0.000000 0.000000 1.000000 0.000000 0.000000
24.000000 216.975329 7.753618 -0.918660 1.409999 0.000000 0.000000 0.000000 1.000000 0.000000 0.000000
24.000000 216.975413 7.429998 -0.867711 1.344024 0.000000 0.000000 0.000000 1.000000 0.000000 0.000000
24.000000 216.985337 7.644507 -0.931328 1.351043 0.000000 0.000000 0.000000 1.000000 0.000000 0.000000
24.000000 216.985468 7.392344 -0.887373 1.285945 0.000000 0.000000 0.000000 1.000000 0.000000 0.000000
24.000000 216.995423 7.549290 -0.936602 1.284592 0.000000 0.000000 0.000000 1.000000 0.000000 0.000000
24.000000 216.995447 7.305965 -0.891911 1.223641 0.000000 0.000000 0.000000 1.000000 0.000000 0.000000
24.000000 217.005372 7.465812 -0.973379 1.144871 0.000000 0.000000 0.000000 1.000000 0.000000 0.000000
24.000000 217.005524 7.255672 -0.908266 1.163511 0.000000 0.000000 0.000000 1.000000 0.000000 0.000000
24.000000 217.015515 7.352162 -0.949878 1.143622 0.000000 0.000000 0.000000 1.000000 0.000000 0.000000
24.000000 217.015517 7.131904 -0.908461 1.084901 0.000000 0.000000 0.000000 1.000000 0.000000 0.000000
24.000000 217.025389 7.262902 -0.956538 1.080554 0.000000 0.000000 0.000000 1.000000 0.000000 0.000000
24.000000 217.025417 7.056489 -0.915120 1.021105 0.000000 0.000000 0.000000 1.000000 0.000000 0.000000
24.000000 217.035286 7.162696 -0.962945 1.007286 0.000000 0.000000 0.000000 1.000000 0.000000 0.000000
24.000000 217.035565 6.997519 -0.927417 0.948992 0.000000 0.000000 0.000000 1.000000 0.000000 0.000000
24.000000 217.045499 7.100125 -0.987426 0.863138 0.000000 0.000000 0.000000 1.000000 0.000000 0.000000
24.000000 217.045561 6.917162 -0.934112 0.879593 0.000000 0.000000 0.000000 1.000000 0.000000 0.000000
24.000000 217.055235 6.974567 -0.971786 0.864360 0.000000 0.000000 0.000000 1.000000 0.000000 0.000000
24.000000 217.055482 6.818199 -0.937012 0.804530 0.000000 0.000000 0.000000 1.000000 0.000000 0.000000
24.000000 217.057735 6.731490 -0.829531 0.761720 0.000000 0.000000 0.000000 1.000000 0.000000 0.000000
24.000000 217.065487 6.920750 -0.996823 0.708744 0.000000 0.000000 0.000000 1.000000 0.000000 0.000000
24.000000 217.065694 6.746436 -0.945871 0.728813 0.000000 0.000000 0.000000 1.000000 0.000000 0.000000
24.000000 217.067811 6.556693 -0.836310 0.768587 0.000000 0.000000 0.000000 1.000000 0.000000 0.000000
24.000000 217.075464 6.838070 -0.996807 0.638222 0.000000 0.000000 0.000000 1.000000 0.000000 0.000000
24.000000 217.075519 6.682302 -0.954099 0.658095 0.000000 0.000000 0.000000 1.000000 0.000000 0.000000
24.000000 217.085420 6.695111 -0.989295 0.639912 0.000000 0.000000 0.000000 1.000000 0.000000 0.000000
24.000000 217.085477 6.602520 -0.960820 0.589192 0.000000 0.000000 0.000000 1.000000 0.000000 0.000000
24.000000 217.095437 6.606123 -0.998224 0.566764 0.000000 0.000000 0.000000 1.000000 0.000000 0.000000
24.000000 217.095460 6.537396 -0.972071 0.513986 0.000000 0.000000 0.000000 1.000000 0.000000 0.000000
24.000000 217.105357 6.520004 -0.998644 0.487947 0.000000 0.000000 0.000000 1.000000 0.000000 0.000000
24.000000 217.105363 6.439136 -0.973006 0.436416 0.000000 0.000000 0.000000 1.000000 0.000000 0.000000
24.000000 217.115355 6.436582 -0.996839 0.407295 0.000000 0.000000 0.000000 1.000000 0.000000 0.000000
24.000000 217.115505 6.357783 -0.971823 0.352564 0.000000 0.000000 0.000000 1.000000 0.000000 0.000000
24.000000 217.117816 6.285192 -0.857996 0.310269 0.000000 0.000000 0.000000 1.000000 0.000000 0.000000
24.000000 217.125383 6.333259 -1.007353 0.336003 0.000000 0.000000 0.000000 1.000000 0.000000 0.000000
24.000000 217.125423 6.295808 -0.985956 0.283929 0.000000 0.000000 0.000000 1.000000 0.000000 0.000000
24.000000 217.135378 6.245441 -1.013179 0.254890 0.000000 0.000000 0.000000 1.000000 0.000000 0.000000
24.000000 217.135389 6.212769 -0.992639 0.205845 0.000000 0.000000 0.000000 1.000000 0.000000 0.000000
24.000000 217.137883 6.114853 -0.866333 0.157357 0.000000 0.000000 0.000000 1.000000 0.000000 0.000000
24.000000 217.145419 6.226223 -1.008318 0.101822 0.000000 0.000000 0.000000 1.000000 0.000000 0.000000
24.000000 217.145717 6.172672 -1.000225 0.148183 0.000000 0.000000 0.000000 1.000000 0.000000 0.000000
24.000000 217.155611 6.162632 -1.012275 0.164116 0.000000 0.000000 0.000000 1.000000 0.000000 0.000000
24.000000 217.155669 6.126174 -1.005132 0.215435 0.000000 0.000000 0.000000 1.000000 0.000000 0.000000
24.000000 217.165365 6.122331 -1.026478 0.216311 0.000000 0.000000 0.000000 1.000000 0.000000 0.000000
24.000000 217.165381 6.059190 -1.007226 0.263150 0.000000 0.000000 0.000000 1.000000 0.000000 0.000000
24.000000 217.175412 5.980569 -1.038825 0.356963 0.000000 0.000000 0.000000 1.000000 0.000000 0.000000
24.000000 217.175516 6.029047 -1.018566 0.328540 0.000000 0.000000 0.000000 1.000000 0.000000 0.000000
24.000000 217.185448 6.020824 -1.028195 0.326989 0.000000 0.000000 0.000000 1.000000 0.000000 0.000000
24.000000 217.185506 5.947039 -1.009830 0.370197 0.000000 0.000000 0.000000 1.000000 0.000000 0.000000
24.000000 217.195359 5.885737 -1.040716 0.462706 0.000000 0.000000 0.000000 1.000000 0.000000 0.000000
24.000000 217.195518 5.935970 -1.024495 0.427461 0.000000 0.000000 0.000000 1.000000 0.000000 0.000000
24.000000 217.197807 5.843010 -0.891565 0.378767 0.000000 0.000000 0.000000 1.000000 0.000000 0.000000
24.000000 217.205384 5.930374 -1.031690 0.431839 0.000000 0.000000 0.000000 1.000000 0.000000 0.000000
24.000000 217.205619 5.877001 -1.020384 0.478566 0.000000 0.000000 0.000000 1.000000 0.000000 0.000000
24.000000 217.215387 5.786574 -1.046579 0.567046 0.000000 0.000000 0.000000 1.000000 0.000000 0.000000
24.000000 217.215608 5.839389 -1.027303 0.535761 0.000000 0.000000 0.000000 1.000000 0.000000 0.000000
24.000000 217.217834 5.727190 -0.894539 0.480313 0.000000 0.000000 0.000000 1.000000 0.000000 0.000000
24.000000 217.225492 5.752850 -1.048506 0.609910 0.000000 0.000000 0.000000 1.000000 0.000000 0.000000
24.000000 217.225639 5.795157 -1.025625 0.582266 0.000000 0.000000 0.000000 1.000000 0.000000 0.000000
24.000000 217.235439 5.702550 -1.049644 0.665239 0.000000 0.000000 0.000000 1.000000 0.000000 0.000000
24.000000 217.235610 5.744649 -1.028729 0.636807 0.000000 0.000000 0.000000 1.000000 0.000000 0.000000
24.000000 217.237784 5.611131 -0.892661 0.580936 0.000000 0.000000 0.000000 1.000000 0.000000 0.000000
24.000000 217.245425 5.655888 -1.054071 0.712236 0.000000 0.000000 0.000000 1.000000 0.000000 0.000000
24.000000 217.245495 5.631464 -1.030581 0.668939 0.000000 0.000000 0.000000 1.000000 0.000000 0.000000
24.000000 217.255481 5.612028 -1.055096 0.758992 0.000000 0.000000 0.000000 1.000000 0.000000 0.000000
24.000000 217.255558 5.635260 -1.034138 0.724093 0.000000 0.000000 0.000000 1.000000 0.000000 0.000000
24.000000 217.265429 5.574416 -1.058897 0.801326 0.000000 0.000000 0.000000 1.000000 0.000000 0.000000
24.000000 217.265471 5.586181 -1.037573 0.766445 0.000000 0.000000 0.000000 1.000000 0.000000 0.000000
24.000000 217.275373 5.505486 -1.064284 0.854497 0.000000 0.000000 0.000000 1.000000 0.000000 0.000000
24.000000 217.275599 5.578750 -1.047655 0.823789 0.000000 0.000000 0.000000 1.000000 0.000000 0.000000
24.000000 217.285449 5.538523 -1.052186 0.805754 0.000000 0.000000 0.000000 1.000000 0.000000 0.000000
24.000000 217.285454 5.521285 -1.048973 0.867326 0.000000 0.000000 0.000000 1.000000 0.000000 0.000000
24.000000 217.295343 5.410970 -1.070871 0.940866 0.000000 0.000000 0.000000 1.000000 0.000000 0.000000
24.000000 217.295593 5.548524 -1.060435 0.913413 0.000000 0.000000 0.000000 1.000000 0.000000 0.000000
24.000000 217.305494 5.460497 -1.053735 0.884169 0.000000 0.000000 0.000000 1.000000 0.000000 0.000000
24.000000 217.305532 5.460480 -1.054372 0.951946 0.000000 0.000000 0.000000 1.000000 0.000000 0.000000
24.000000 217.315395 5.312394 -1.077755 1.017790 0.000000 0.000000 0.000000 1.000000 0.000000 0.000000
24.000000 217.315600 5.407398 -1.062745 0.986766 0.000000 0.000000 0.000000 1.000000 0.000000 0.000000
24.000000 217.325522 5.279356 -1.076055 1.052734 0.000000 0.000000 0.000000 1.000000 0.000000 0.000000
24.000000 217.335722 5.316309 -1.063459 0.993679 0.000000 0.000000 0.000000 1.000000 0.000000 0.000000
24.000000 217.345516 5.181792 -1.083638 1.129418 0.000000 0.000000 0.000000 1.000000 0.000000 0.000000
24.000000 217.345608 5.280243 -1.072743 1.096319 0.000000 0.000000 0.000000 1.000000 0.000000 0.000000
24.000000 217.355448 5.149113 -1.080262 1.161860 0.000000 0.000000 0.000000 1.000000 0.000000 0.000000
24.000000 217.355765 5.217436 -1.067171 1.125686 0.000000 0.000000 0.000000 1.000000 0.000000 0.000000
24.000000 217.357867 5.001379 -0.915735 1.047872 0.000000 0.000000 0.000000 1.000000 0.000000 0.000000
24.000000 217.365461 5.185252 -1.075872 1.100959 0.000000 0.000000 0.000000 1.000000 0.000000 0.000000
24.000000 217.365575 5.176996 -1.076846 1.161127 0.000000 0.000000 0.000000 1.000000 0.000000 0.000000
24.000000 217.375483 5.045046 -1.088857 1.227738 0.000000 0.000000 0.000000 1.000000 0.000000 0.000000
24.000000 217.375561 5.114051 -1.078478 1.187812 0.000000 0.000000 0.000000 1.000000 0.000000 0.000000
24.000000 217.385387 5.082373 -1.081082 1.159002 0.000000 0.000000 0.000000 1.000000 0.000000 0.000000
24.000000 217.385726 5.100592 -1.089216 1.226790 0.000000 0.000000 0.000000 1.000000 0.000000 0.000000
24.000000 217.395519 4.947340 -1.097827 1.294119 0.000000 0.000000 0.000000 1.000000 0.000000 0.000000
24.000000 217.395571 5.023932 -1.087506 1.255868 0.000000 0.000000 0.000000 1.000000 0.000000 0.000000
24.000000 217.405482 4.986773 -1.088053 1.221833 0.000000 0.000000 0.000000 1.000000 0.000000 0.000000
24.000000 217.405596 4.985663 -1.089004 1.287190 0.000000 0.000000 0.000000 1.000000 0.000000 0.000000
24.000000 217.407922 4.551986 -0.934771 1.314276 0.000000 0.000000 0.000000 1.000000 0.000000 0.000000
24.000000 217.415558 4.850211 -1.104475 1.350834 0.000000 0.000000 0.000000 1.000000 0.000000 0.000000
24.000000 217.415582 4.950130 -1.096504 1.314088 0.000000 0.000000 0.000000 1.000000 0.000000 0.000000
24.000000 217.417872 4.684504 -0.929873 1.228119 0.000000 0.000000 0.000000 1.000000 0.000000 0.000000
24.000000 217.425472 4.892306 -1.091860 1.279339 0.000000 0.000000 0.000000 1.000000 0.000000 0.000000
24.000000 217.425606 4.936617 -1.105733 1.353633 0.000000 0.000000 0.000000 1.000000 0.000000 0.000000
24.000000 217.435516 4.846162 -1.094422 1.303749 0.000000 0.000000 0.000000 1.000000 0.000000 0.000000
24.000000 217.435534 4.881753 -1.105420 1.376427 0.000000 0.000000 0.000000 1.000000 0.000000 0.000000
24.000000 217.445487 4.810013 -1.097098 1.318680 0.000000 0.000000 0.000000 1.000000 0.000000 0.000000
24.000000 217.445610 4.856794 -1.111811 1.394117 0.000000 0.000000 0.000000 1.000000 0.000000 0.000000
24.000000 217.455541 4.666656 -1.118447 1.459929 0.000000 0.000000 0.000000 1.000000 0.000000 0.000000
24.000000 217.455599 4.784438 -1.113333 1.422674 0.000000 0.000000 0.000000 1.000000 0.000000 0.000000
24.000000 217.465506 4.713564 -1.107992 1.373487 0.000000 0.000000 0.000000 1.000000 0.000000 0.000000
24.000000 217.465553 4.748872 -1.115000 1.452902 0.000000 0.000000 0.000000 1.000000 0.000000 0.000000
24.000000 217.475499 4.563687 -1.132959 1.510031 0.000000 0.000000 0.000000 1.000000 0.000000 0.000000
24.000000 217.475596 4.750852 -1.131102 1.483398 0.000000 0.000000 0.000000 1.000000 0.000000 0.000000
24.000000 217.477901 4.356340 -0.935516 1.377272 0.000000 0.000000 0.000000 1.000000 0.000000 0.000000
24.000000 217.485538 4.620195 -1.109324 1.420507 0.000000 0.000000 0.000000 1.000000 0.000000 0.000000
24.000000 217.485619 4.681079 -1.126892 1.496729 0.000000 0.000000 0.000000 1.000000 0.000000 0.000000
24.000000 217.495575 4.571242 -1.110288 1.441468 0.000000 0.000000 0.000000 1.000000 0.000000 0.000000
24.000000 217.495907 4.642858 -1.129057 1.522518 0.000000 0.000000 0.000000 1.000000 0.000000 0.000000
24.000000 217.505627 4.526510 -1.111013 1.455222 0.000000 0.000000 0.000000 1.000000 0.000000 0.000000
24.000000 217.505739 4.612916 -1.134451 1.538373 0.000000 0.000000 0.000000 1.000000 0.000000 0.000000
24.000000 217.515442 4.363980 -1.146030 1.585413 0.000000 0.000000 0.000000 1.000000 0.000000 0.000000
24.000000 217.515557 4.583626 -1.146668 1.561764 0.000000 0.000000 0.000000 1.000000 0.000000 0.000000
24.000000 217.525558 4.428189 -1.117871 1.492610 0.000000 0.000000 0.000000 1.000000 0.000000 0.000000
24.000000 217.525738 4.521302 -1.142135 1.577804 0.000000 0.000000 0.000000 1.000000 0.000000 0.000000
24.000000 217.527916 3.902070 -0.962483 1.591604 0.000000 0.000000 0.000000 1.000000 0.000000 0.000000
24.000000 217.535554 4.290333 -1.143405 1.622532 0.000000 0.000000 0.000000 1.000000 0.000000 0.000000
24.000000 217.535602 4.482406 -1.144267 1.592277 0.000000 0.000000 0.000000 1.000000 0.000000 0.000000
24.000000 217.545522 4.340302 -1.124105 1.522721 0.000000 0.000000 0.000000 1.000000 0.000000 0.000000
24.000000 217.545679 4.437140 -1.147274 1.612527 0.000000 0.000000 0.000000 1.000000 0.000000 0.000000
24.000000 217.555586 4.186379 -1.161123 1.655142 0.000000 0.000000 0.000000 1.000000 0.000000 0.000000
24.000000 217.555686 4.434346 -1.165135 1.631885 0.000000 0.000000 0.000000 1.000000 0.000000 0.000000
24.000000 217.565609 4.252627 -1.132056 1.546226 0.000000 0.000000 0.000000 1.000000 0.000000 0.000000
24.000000 217.565628 4.407603 -1.171259 1.645786 0.000000 0.000000 0.000000 1.000000 0.000000 0.000000
24.000000 217.575539 4.103079 -1.161987 1.679999 0.000000 0.000000 0.000000 1.000000 0.000000 0.000000
24.000000 217.575696 4.330232 -1.164335 1.655911 0.000000 0.000000 0.000000 1.000000 0.000000 0.000000
24.000000 217.577893 3.861885 -0.952124 1.536864 0.000000 0.000000 0.000000 1.000000 0.000000 0.000000
24.000000 217.585562 4.153392 -1.137839 1.570177 0.000000 0.000000 0.000000 1.000000 0.000000 0.000000
24.000000 217.585669 4.283868 -1.169644 1.664972 0.000000 0.000000 0.000000 1.000000 0.000000 0.000000
24.000000 217.595465 3.996707 -1.176892 1.700358 0.000000 0.000000 0.000000 1.000000 0.000000 0.000000
24.000000 217.595765 4.304681 -1.191566 1.669238 0.000000 0.000000 0.000000 1.000000 0.000000 0.000000
24.000000 217.605615 4.063641 -1.138739 1.589483 0.000000 0.000000 0.000000 1.000000 0.000000 0.000000
24.000000 217.605633 4.231377 -1.181886 1.687166 0.000000 0.000000 0.000000 1.000000 0.000000 0.000000
24.000000 217.615643 3.916271 -1.174333 1.716792 0.000000 0.000000 0.000000 1.000000 0.000000 0.000000
24.000000 217.615712 4.183855 -1.180976 1.693848 0.000000 0.000000 0.000000 1.000000 0.000000 0.000000
24.000000 217.625631 3.870880 -1.176397 1.724815 0.000000 0.000000 0.000000 1.000000 0.000000 0.000000
24.000000 217.625651 4.129354 -1.183517 1.699195 0.000000 0.000000 0.000000 1.000000 0.000000 0.000000
24.000000 217.635655 3.811216 -1.194842 1.731657 0.000000 0.000000 0.000000 1.000000 0.000000 0.000000
24.000000 217.635692 4.172831 -1.210266 1.711450 0.000000 0.000000 0.000000 1.000000 0.000000 0.000000
24.000000 217.642854 4.164039 -0.920252 1.499011 0.000000 0.000000 0.000000 1.000000 0.000000 0.000000
24.000000 217.645587 3.770007 -1.189260 1.734257 0.000000 0.000000 0.000000 1.000000 0.000000 0.000000
24.000000 217.645671 4.142702 -1.208305 1.709965 0.000000 0.000000 0.000000 1.000000 0.000000 0.000000
24.000000 217.652617 4.117336 -0.925449 1.502946 0.000000 0.000000 0.000000 1.000000 0.000000 0.000000
24.000000 217.655504 3.730931 -1.190158 1.739836 0.000000 0.000000 0.000000 1.000000 0.000000 0.000000
24.000000 217.655704 4.044830 -1.203706 1.714176 0.000000 0.000000 0.000000 1.000000 0.000000 0.000000
24.000000 217.662911 4.082272 -0.929548 1.501523 0.000000 0.000000 0.000000 1.000000 0.000000 0.000000
24.000000 217.665628 3.798968 -1.161088 1.615887 0.000000 0.000000 0.000000 1.000000 0.000000 0.000000
24.000000 217.665763 3.971054 -1.200394 1.721182 0.000000 0.000000 0.000000 1.000000 0.000000 0.000000
24.000000 217.672619 4.025115 -0.930908 1.506279 0.000000 0.000000 0.000000 1.000000 0.000000 0.000000
24.000000 217.675661 3.635568 -1.201389 1.743791 0.000000 0.000000 0.000000 1.000000 0.000000 0.000000
24.000000 217.675674 3.946702 -1.213817 1.720187 0.000000 0.000000 0.000000 1.000000 0.000000 0.000000
24.000000 217.682728 3.976271 -0.933900 1.508333 0.000000 0.000000 0.000000 1.000000 0.000000 0.000000
24.000000 217.685664 3.589259 -1.203311 1.743888 0.000000 0.000000 0.000000 1.000000 0.000000 0.000000
24.000000 217.685852 3.901728 -1.215815 1.720747 0.000000 0.000000 0.000000 1.000000 0.000000 0.000000
24.000000 217.687906 3.351628 -0.979597 1.587306 0.000000 0.000000 0.000000 1.000000 0.000000 0.000000
24.000000 217.692669 3.943956 -0.929319 1.501918 0.000000 0.000000 0.000000 1.000000 0.000000 0.000000
24.000000 217.695551 3.548058 -1.206996 1.742588 0.000000 0.000000 0.000000 1.000000 0.000000 0.000000
24.000000 217.695948 3.928724 -1.230507 1.713334 0.000000 0.000000 0.000000 1.000000 0.000000 0.000000
24.000000 217.702749 3.893411 -0.937268 1.500560 0.000000 0.000000 0.000000 1.000000 0.000000 0.000000
24.000000 217.705675 3.622347 -1.167640 1.608349 0.000000 0.000000 0.000000 1.000000 0.000000 0.000000
24.000000 217.705695 3.864511 -1.227408 1.719290 0.000000 0.000000 0.000000 1.000000 0.000000 0.000000
24.000000 217.712605 3.849720 -0.939830 1.494135 0.000000 0.000000 0.000000 1.000000 0.000000 0.000000
24.000000 217.715564 3.444221 -1.225116 1.737606 0.000000 0.000000 0.000000 1.000000 0.000000 0.000000
24.000000 217.715684 3.877626 -1.246268 1.723106 0.000000 0.000000 0.000000 1.000000 0.000000 0.000000
24.000000 217.722753 3.800541 -0.942661 1.493330 0.000000 0.000000 0.000000 1.000000 0.000000 0.000000
24.000000 217.725671 3.531837 -1.171332 1.600864 0.000000 0.000000 0.000000 1.000000 0.000000 0.000000
24.000000 217.725679 3.820236 -1.244178 1.717247 0.000000 0.000000 0.000000 1.000000 0.000000 0.000000
24.000000 217.732615 3.748782 -0.942657 1.492161 0.000000 0.000000 0.000000 1.000000 0.000000 0.000000
24.000000 217.735614 3.357299 -1.223604 1.729685 0.000000 0.000000 0.000000 1.000000 0.000000 0.000000
24.000000 217.735679 3.739343 -1.243666 1.707613 0.000000 0.000000 0.000000 1.000000 0.000000 0.000000
24.000000 217.742723 3.711672 -0.944092 1.481584 0.000000 0.000000 0.000000 1.000000 0.000000 0.000000
24.000000 217.745699 3.437646 -1.179892 1.590883 0.000000 0.000000 0.000000 1.000000 0.000000 0.000000
24.000000 217.745713 3.697826 -1.245272 1.700576 0.000000 0.000000 0.000000 1.000000 0.000000 0.000000
24.000000 217.747993 2.898685 -1.025934 1.700228 0.000000 0.000000 0.000000 1.000000 0.000000 0.000000
24.000000 217.755592 3.276027 -1.226288 1.717480 0.000000 0.000000 0.000000 1.000000 0.000000 0.000000
24.000000 217.755753 3.648655 -1.244704 1.697428 0.000000 0.000000 0.000000 1.000000 0.000000 0.000000
24.000000 217.762694 3.635885 -0.953323 1.460142 0.000000 0.000000 0.000000 1.000000 0.000000 0.000000
24.000000 217.765668 3.359324 -1.190666 1.570543 0.000000 0.000000 0.000000 1.000000 0.000000 0.000000
24.000000 217.765741 3.657561 -1.263319 1.691400 0.000000 0.000000 0.000000 1.000000 0.000000 0.000000
24.000000 217.768040 2.811120 -1.037718 1.688082 0.000000 0.000000 0.000000 1.000000 0.000000 0.000000
24.000000 217.775616 3.181190 -1.238944 1.699385 0.000000 0.000000 0.000000 1.000000 0.000000 0.000000
24.000000 217.775715 3.602645 -1.261799 1.681080 0.000000 0.000000 0.000000 1.000000 0.000000 0.000000
24.000000 217.782756 3.541098 -0.946427 1.443641 0.000000 0.000000 0.000000 1.000000 0.000000 0.000000
24.000000 217.785669 3.264111 -1.190394 1.552068 0.000000 0.000000 0.000000 1.000000 0.000000 0.000000
24.000000 217.785691 3.565252 -1.265375 1.668148 0.000000 0.000000 0.000000 1.000000 0.000000 0.000000
24.000000 217.787973 2.735240 -1.037636 1.667102 0.000000 0.000000 0.000000 1.000000 0.000000 0.000000
24.000000 217.795686 3.100824 -1.239959 1.675754 0.000000 0.000000 0.000000 1.000000 0.000000 0.000000
24.000000 217.795780 3.534471 -1.263744 1.659159 0.000000 0.000000 0.000000 1.000000 0.000000 0.000000
24.000000 217.802933 3.444463 -0.957502 1.422650 0.000000 0.000000 0.000000 1.000000 0.000000 0.000000
24.000000 217.805685 3.177029 -1.196549 1.527859 0.000000 0.000000 0.000000 1.000000 0.000000 0.000000
24.000000 217.805863 3.460816 -1.265588 1.642059 0.000000 0.000000 0.000000 1.000000 0.000000 0.000000
24.000000 217.808046 2.644738 -1.041697 1.644188 0.000000 0.000000 0.000000 1.000000 0.000000 0.000000
24.000000 217.815754 3.005130 -1.254155 1.650282 0.000000 0.000000 0.000000 1.000000 0.000000 0.000000
24.000000 217.815767 3.445740 -1.278915 1.633414 0.000000 0.000000 0.000000 1.000000 0.000000 0.000000
24.000000 217.822728 3.353443 -0.960819 1.395514 0.000000 0.000000 0.000000 1.000000 0.000000 0.000000
24.000000 217.825699 3.087475 -1.201055 1.499266 0.000000 0.000000 0.000000 1.000000 0.000000 0.000000
24.000000 217.825722 3.402769 -1.280359 1.613941 0.000000 0.000000 0.000000 1.000000 0.000000 0.000000
24.000000 217.832801 3.318284 -0.959702 1.378565 0.000000 0.000000 0.000000 1.000000 0.000000 0.000000
24.000000 217.835750 2.920937 -1.259057 1.623264 0.000000 0.000000 0.000000 1.000000 0.000000 0.000000
24.000000 217.835789 3.381886 -1.286538 1.606570 0.000000 0.000000 0.000000 1.000000 0.000000 0.000000
24.000000 217.842894 3.265230 -0.964999 1.364093 0.000000 0.000000 0.000000 1.000000 0.000000 0.000000
24.000000 217.845740 3.000341 -1.205137 1.468910 0.000000 0.000000 0.000000 1.000000 0.000000 0.000000
24.000000 217.845818 3.364940 -1.296620 1.592358 0.000000 0.000000 0.000000 1.000000 0.000000 0.000000
24.000000 217.852879 3.216780 -0.972707 1.345682 0.000000 0.000000 0.000000 1.000000 0.000000 0.000000
24.000000 217.855718 2.829014 -1.267700 1.585272 0.000000 0.000000 0.000000 1.000000 0.000000 0.000000
24.000000 217.855847 3.293667 -1.294666 1.570723 0.000000 0.000000 0.000000 1.000000 0.000000 0.000000
24.000000 217.862830 3.181179 -0.974244 1.323880 0.000000 0.000000 0.000000 1.000000 0.000000 0.000000
24.000000 217.865709 2.922360 -1.210333 1.428753 0.000000 0.000000 0.000000 1.000000 0.000000 0.000000
24.000000 217.865812 3.308043 -1.306654 1.556295 0.000000 0.000000 0.000000 1.000000 0.000000 0.000000
24.000000 217.872838 3.135644 -0.969213 1.307316 0.000000 0.000000 0.000000 1.000000 0.000000 0.000000
24.000000 217.875726 2.743357 -1.271821 1.549714 0.000000 0.000000 0.000000 1.000000 0.000000 0.000000
24.000000 217.875823 3.245436 -1.305279 1.532621 0.000000 0.000000 0.000000 1.000000 0.000000 0.000000
24.000000 217.882778 3.094334 -0.972343 1.286413 0.000000 0.000000 0.000000 1.000000 0.000000 0.000000
24.000000 217.885720 2.707517 -1.271843 1.528349 0.000000 0.000000 0.000000 1.000000 0.000000 0.000000
24.000000 217.885740 3.210879 -1.305969 1.511099 0.000000 0.000000 0.000000 1.000000 0.000000 0.000000
24.000000 217.892714 3.046769 -0.975783 1.265103 0.000000 0.000000 0.000000 1.000000 0.000000 0.000000
24.000000 217.895740 2.658364 -1.275821 1.507585 0.000000 0.000000 0.000000 1.000000 0.000000 0.000000
24.000000 217.895836 3.135816 -1.305978 1.492646 0.000000 0.000000 0.000000 1.000000 0.000000 0.000000
24.000000 217.902826 2.998740 -0.982053 1.245478 0.000000 0.000000 0.000000 1.000000 0.000000 0.000000
24.000000 217.905741 2.744300 -1.220253 1.347426 0.000000 0.000000 0.000000 1.000000 0.000000 0.000000
24.000000 217.905769 3.158705 -1.324404 1.476466 0.000000 0.000000 0.000000 1.000000 0.000000 0.000000
24.000000 217.912765 2.957809 -0.978230 1.219817 0.000000 0.000000 0.000000 1.000000 0.000000 0.000000
24.000000 217.915750 2.570167 -1.283423 1.460778 0.000000 0.000000 0.000000 1.000000 0.000000 0.000000
24.000000 217.915828 3.109027 -1.319824 1.447882 0.000000 0.000000 0.000000 1.000000 0.000000 0.000000
24.000000 217.922853 2.918316 -0.981976 1.193117 0.000000 0.000000 0.000000 1.000000 0.000000 0.000000
24.000000 217.925786 2.529840 -1.288347 1.433885 0.000000 0.000000 0.000000 1.000000 0.000000 0.000000
24.000000 217.925822 3.048492 -1.322505 1.421337 0.000000 0.000000 0.000000 1.000000 0.000000 0.000000
24.000000 217.932767 2.875912 -0.984370 1.168998 0.000000 0.000000 0.000000 1.000000 0.000000 0.000000
24.000000 217.935750 2.491991 -1.290097 1.410264 0.000000 0.000000 0.000000 1.000000 0.000000 0.000000
24.000000 217.935786 3.007800 -1.326661 1.394043 0.000000 0.000000 0.000000 1.000000 0.000000 0.000000
24.000000 217.942840 2.830210 -0.985852 1.143071 0.000000 0.000000 0.000000 1.000000 0.000000 0.000000
24.000000 217.945735 2.579668 -1.228075 1.240956 0.000000 0.000000 0.000000 1.000000 0.000000 0.000000
24.000000 217.945770 3.030763 -1.341240 1.374253 0.000000 0.000000 0.000000 1.000000 0.000000 0.000000
24.000000 217.952775 2.782971 -0.997946 1.117493 0.000000 0.000000 0.000000 1.000000 0.000000 0.000000
24.000000 217.955716 2.400811 -1.302063 1.356061 0.000000 0.000000 0.000000 1.000000 0.000000 0.000000
24.000000 217.955868 2.982674 -1.342560 1.347611 0.000000 0.000000 0.000000 1.000000 0.000000 0.000000
24.000000 217.962865 2.753743 -0.986059 1.078948 0.000000 0.000000 0.000000 1.000000 0.000000 0.000000
24.000000 217.965807 2.492410 -1.235700 1.178282 0.000000 0.000000 0.000000 1.000000 0.000000 0.000000
24.000000 217.965886 2.908371 -1.337222 1.309868 0.000000 0.000000 0.000000 1.000000 0.000000 0.000000
24.000000 217.972869 2.698742 -0.992616 1.055838 0.000000 0.000000 0.000000 1.000000 0.000000 0.000000
24.000000 217.975730 2.322614 -1.299704 1.295550 0.000000 0.000000 0.000000 1.000000 0.000000 0.000000
24.000000 217.975911 2.827346 -1.337297 1.278312 0.000000 0.000000 0.000000 1.000000 0.000000 0.000000
24.000000 217.982854 2.652476 -0.997927 1.030494 0.000000 0.000000 0.000000 1.000000 0.000000 0.000000
24.000000 217.985804 2.276068 -1.307659 1.264833 0.000000 0.000000 0.000000 1.000000 0.000000 0.000000
24.000000 217.985817 2.835602 -1.348949 1.252307 0.000000 0.000000 0.000000 1.000000 0.000000 0.000000
24.000000 217.992837 2.621065 -0.994312 0.994658 0.000000 0.000000 0.000000 1.000000 0.000000 0.000000
24.000000 217.995758 2.230752 -1.315100 1.234450 0.000000 0.000000 0.000000 1.000000 0.000000 0.000000
24.000000 217.995832 2.906431 -1.363406 1.233834 0.000000 0.000000 0.000000 1.000000 0.000000 0.000000
24.000000 218.002861 2.575349 -0.995645 0.966241 0.000000 0.000000 0.000000 1.000000 0.000000 0.000000
24.000000 218.005767 2.326182 -1.245618 1.056906 0.000000 0.000000 0.000000 1.000000 0.000000 0.000000
24.000000 218.005884 2.787501 -1.362209 1.187471 0.000000 0.000000 0.000000 1.000000 0.000000 0.000000
24.000000 218.012809 2.545841 -0.995474 0.918711 0.000000 0.000000 0.000000 1.000000 0.000000 0.000000
24.000000 218.015841 2.156049 -1.316951 1.157050 0.000000 0.000000 0.000000 1.000000 0.000000 0.000000
24.000000 218.015902 2.703781 -1.357162 1.147090 0.000000 0.000000 0.000000 1.000000 0.000000 0.000000
24.000000 218.022991 2.488046 -1.000550 0.897846 0.000000 0.000000 0.000000 1.000000 0.000000 0.000000
24.000000 218.025802 2.243482 -1.247766 0.991558 0.000000 0.000000 0.000000 1.000000 0.000000 0.000000
24.000000 218.025977 2.727192 -1.370724 1.125060 0.000000 0.000000 0.000000 1.000000 0.000000 0.000000
24.000000 218.032889 2.446199 -1.004043 0.863123 0.000000 0.000000 0.000000 1.000000 0.000000 0.000000
24.000000 218.035703 2.066450 -1.323900 1.098254 0.000000 0.000000 0.000000 1.000000 0.000000 0.000000
24.000000 218.035806 2.669065 -1.371866 1.088613 0.000000 0.000000 0.000000 1.000000 0.000000 0.000000
24.000000 218.038083 2.079128 -1.109867 0.920064 0.000000 0.000000 0.000000 1.000000 0.000000 0.000000
24.000000 218.045760 2.023674 -1.326989 1.058689 0.000000 0.000000 0.000000 1.000000 0.000000 0.000000
24.000000 218.045888 2.679405 -1.380297 1.052579 0.000000 0.000000 0.000000 1.000000 0.000000 0.000000
24.000000 218.052907 2.364413 -1.001644 0.792692 0.000000 0.000000 0.000000 1.000000 0.000000 0.000000
24.000000 218.055758 1.979251 -1.332351 1.024300 0.000000 0.000000 0.000000 1.000000 0.000000 0.000000
24.000000 218.055884 2.622415 -1.388999 1.011988 0.000000 0.000000 0.000000 1.000000 0.000000 0.000000
24.000000 218.058098 2.088752 -1.132377 0.844880 0.000000 0.000000 0.000000 1.000000 0.000000 0.000000
24.000000 218.062973 2.331604 -1.005776 0.766544 0.000000 0.000000 0.000000 1.000000 0.000000 0.000000
24.000000 218.065804 2.084565 -1.258148 0.842821 0.000000 0.000000 0.000000 1.000000 0.000000 0.000000
24.000000 218.065828 2.562110 -1.381273 0.971438 0.000000 0.000000 0.000000 1.000000 0.000000 0.000000
24.000000 218.075843 1.898230 -1.336855 0.947300 0.000000 0.000000 0.000000 1.000000 0.000000 0.000000
24.000000 218.075917 2.583385 -1.395914 0.942396 0.000000 0.000000 0.000000 1.000000 0.000000 0.000000
24.000000 218.085778 2.002280 -1.262220 0.758192 0.000000 0.000000 0.000000 1.000000 0.000000 0.000000
24.000000 218.085859 2.518067 -1.393354 0.895927 0.000000 0.000000 0.000000 1.000000 0.000000 0.000000
24.000000 218.095794 1.830848 -1.335878 0.866366 0.000000 0.000000 0.000000 1.000000 0.000000 0.000000
24.000000 218.095860 2.529798 -1.393398 0.868585 0.000000 0.000000 0.000000 1.000000 0.000000 0.000000
24.000000 218.105772 1.781237 -1.350544 0.824963 0.000000 0.000000 0.000000 1.000000 0.000000 0.000000
24.000000 218.105834 2.489921 -1.415921 0.819509 0.000000 0.000000 0.000000 1.000000 0.000000 0.000000
24.000000 218.115756 1.752393 -1.346812 0.772300 0.000000 0.000000 0.000000 1.000000 0.000000 0.000000
24.000000 218.115960 2.413963 -1.403628 0.770931 0.000000 0.000000 0.000000 1.000000 0.000000 0.000000
24.000000 218.125793 1.719295 -1.355428 0.729520 0.000000 0.000000 0.000000 1.000000 0.000000 0.000000
24.000000 218.125848 2.411436 -1.415485 0.729756 0.000000 0.000000 0.000000 1.000000 0.000000 0.000000
24.000000 218.135758 1.686223 -1.366856 0.677404 0.000000 0.000000 0.000000 1.000000 0.000000 0.000000
24.000000 218.135933 2.397284 -1.425052 0.684534 0.000000 0.000000 0.000000 1.000000 0.000000 0.000000
24.000000 218.145870 2.332451 -1.418051 0.659439 0.000000 0.000000 0.000000 1.000000 0.000000 0.000000
24.000000 218.145995 2.376043 -1.436286 0.645524 0.000000 0.000000 0.000000 1.000000 0.000000 0.000000
24.000000 218.155928 2.276100 -1.420873 0.591101 0.000000 0.000000 0.000000 1.000000 0.000000 0.000000
24.000000 218.165878 2.304952 -1.434301 0.558345 0.000000 0.000000 0.000000 1.000000 0.000000 0.000000
24.000000 218.176046 2.226781 -1.435215 0.505496 0.000000 0.000000 0.000000 1.000000 0.000000 0.000000
24.000000 218.185834 2.263424 -1.450467 0.467467 0.000000 0.000000 0.000000 1.000000 0.000000 0.000000
24.000000 218.195920 2.218158 -1.451033 0.415382 0.000000 0.000000 0.000000 1.000000 0.000000 0.000000
24.000000 218.205915 2.136818 -1.451509 0.360085 0.000000 0.000000 0.000000 1.000000 0.000000 0.000000
24.000000 218.215962 2.110642 -1.455721 0.308593 0.000000 0.000000 0.000000 1.000000 0.000000 0.000000
24.000000 218.225919 2.101037 -1.467085 0.342221 0.000000 0.000000 0.000000 1.000000 0.000000 0.000000
24.000000 218.235985 2.073095 -1.470668 0.387110 0.000000 0.000000 0.000000 1.000000 0.000000 0.000000
24.000000 218.245907 2.083937 -1.486761 0.423975 0.000000 0.000000 0.000000 1.000000 0.000000 0.000000
24.000000 218.255991 2.124092 -1.498158 0.470593 0.000000 0.000000 0.000000 1.000000 0.000000 0.000000
24.000000 218.265986 2.070806 -1.490912 0.497668 0.000000 0.000000 0.000000 1.000000 0.000000 0.000000
24.000000 218.275990 2.192138 -1.526028 0.551370 0.000000 0.000000 0.000000 1.000000 0.000000 0.000000
24.000000 218.285890 1.994386 -1.493336 0.546820 0.000000 0.000000 0.000000 1.000000 0.000000 0.000000
24.000000 218.295914 2.023781 -1.516036 0.596875 0.000000 0.000000 0.000000 1.000000 0.000000 0.000000
24.000000 218.305923 2.007302 -1.520652 0.626431 0.000000 0.000000 0.000000 1.000000 0.000000 0.000000
24.000000 218.316194 1.959519 -1.522793 0.656709 0.000000 0.000000 0.000000 1.000000 0.000000 0.000000
24.000000 218.325961 1.983673 -1.542621 0.680832 0.000000 0.000000 0.000000 1.000000 0.000000 0.000000
