18.000000 165.781197 25.104416 -0.286808 0.307507 0.000000 0.000000 0.000000 1.000000 0.000000 0.000000
18.000000 165.791117 25.144798 -0.277711 0.349554 0.000000 0.000000 0.000000 1.000000 0.000000 0.000000
18.000000 165.801231 24.862774 -0.322195 0.478523 0.000000 0.000000 0.000000 1.000000 0.000000 0.000000
18.000000 165.811161 24.678708 -0.339102 0.605385 0.000000 0.000000 0.000000 1.000000 0.000000 0.000000
18.000000 165.821221 24.511022 -0.342425 0.704039 0.000000 0.000000 0.000000 1.000000 0.000000 0.000000
18.000000 165.831118 24.314779 -0.348530 0.824089 0.000000 0.000000 0.000000 1.000000 0.000000 0.000000
18.000000 165.841207 24.239456 -0.344843 0.900914 0.000000 0.000000 0.000000 1.000000 0.000000 0.000000
18.000000 165.851133 24.006628 -0.361542 0.988875 0.000000 0.000000 0.000000 1.000000 0.000000 0.000000
18.000000 165.861244 23.896683 -0.359645 1.068283 0.000000 0.000000 0.000000 1.000000 0.000000 0.000000
18.000000 165.864957 22.933934 -0.509887 1.163215 0.000000 0.000000 0.000000 1.000000 0.000000 0.000000
18.000000 165.871176 23.669792 -0.381158 1.184928 0.000000 0.000000 0.000000 1.000000 0.000000 0.000000
18.000000 165.874918 22.832710 -0.506557 1.249277 0.000000 0.000000 0.000000 1.000000 0.000000 0.000000
18.000000 165.881186 23.606685 -0.359353 1.257753 0.000000 0.000000 0.000000 1.000000 0.000000 0.000000
18.000000 165.884992 22.719691 -0.505035 1.324513 0.000000 0.000000 0.000000 1.000000 0.000000 0.000000
18.000000 165.891173 23.476011 -0.366651 1.339048 0.000000 0.000000 0.000000 1.000000 0.000000 0.000000
18.000000 165.894858 22.614755 -0.508458 1.398251 0.000000 0.000000 0.000000 1.000000 0.000000 0.000000
18.000000 165.901258 23.317081 -0.368520 1.419293 0.000000 0.000000 0.000000 1.000000 0.000000 0.000000
18.000000 165.904778 22.508410 -0.502539 1.476722 0.000000 0.000000 0.000000 1.000000 0.000000 0.000000
18.000000 165.911167 23.203015 -0.363462 1.493557 0.000000 0.000000 0.000000 1.000000 0.000000 0.000000
18.000000 165.914954 22.393254 -0.504088 1.546761 0.000000 0.000000 0.000000 1.000000 0.000000 0.000000
18.000000 165.921234 23.053691 -0.371032 1.567892 0.000000 0.000000 0.000000 1.000000 0.000000 0.000000
18.000000 165.925038 22.284318 -0.503958 1.616708 0.000000 0.000000 0.000000 1.000000 0.000000 0.000000
18.000000 165.931164 22.936570 -0.367141 1.640060 0.000000 0.000000 0.000000 1.000000 0.000000 0.000000
18.000000 165.934884 22.182453 -0.503065 1.693211 0.000000 0.000000 0.000000 1.000000 0.000000 0.000000
18.000000 165.941281 22.881973 -0.369664 1.706067 0.000000 0.000000 0.000000 1.000000 0.000000 0.000000
18.000000 165.944865 22.085490 -0.514075 1.754139 0.000000 0.000000 0.000000 1.000000 0.000000 0.000000
18.000000 165.951176 22.660803 -0.376948 1.791769 0.000000 0.000000 0.000000 1.000000 0.000000 0.000000
18.000000 165.954750 21.963296 -0.503936 1.826484 0.000000 0.000000 0.000000 1.000000 0.000000 0.000000
18.000000 165.961227 22.519994 -0.380118 1.865596 0.000000 0.000000 0.000000 1.000000 0.000000 0.000000
18.000000 165.964889 21.852650 -0.503136 1.893617 0.000000 0.000000 0.000000 1.000000 0.000000 0.000000
18.000000 165.971216 22.185287 -0.397691 1.947556 0.000000 0.000000 0.000000 1.000000 0.000000 0.000000
18.000000 165.974730 21.697749 -0.479893 1.949910 0.000000 0.000000 0.000000 1.000000 0.000000 0.000000
18.000000 165.981413 22.265894 -0.380785 2.000476 0.000000 0.000000 0.000000 1.000000 0.000000 0.000000
18.000000 165.984864 21.631601 -0.502197 2.021897 0.000000 0.000000 0.000000 1.000000 0.000000 0.000000
18.000000 165.991233 22.229587 -0.383004 2.051052 0.000000 0.000000 0.000000 1.000000 0.000000 0.000000
18.000000 166.001454 22.043660 -0.388658 2.129201 0.000000 0.000000 0.000000 1.000000 0.000000 0.000000
18.000000 166.011377 21.836788 -0.396872 2.197505 0.000000 0.000000 0.000000 1.000000 0.000000 0.000000
18.000000 166.021469 21.693513 -0.405829 2.262296 0.000000 0.000000 0.000000 1.000000 0.000000 0.000000
18.000000 166.026032 20.277832 -0.220824 2.162227 0.000000 0.000000 0.000000 1.000000 0.000000 0.000000
18.000000 166.031314 21.583055 -0.397007 2.321711 0.000000 0.000000 0.000000 1.000000 0.000000 0.000000
18.000000 166.036121 20.155474 -0.226913 2.223850 0.000000 0.000000 0.000000 1.000000 0.000000 0.000000
18.000000 166.041372 21.492321 -0.398887 2.368642 0.000000 0.000000 0.000000 1.000000 0.000000 0.000000
18.000000 166.046059 20.032499 -0.230550 2.285113 0.000000 0.000000 0.000000 1.000000 0.000000 0.000000
18.000000 166.051432 21.327477 -0.405100 2.439408 0.000000 0.000000 0.000000 1.000000 0.000000 0.000000
18.000000 166.055996 19.902297 -0.229988 2.345395 0.000000 0.000000 0.000000 1.000000 0.000000 0.000000
18.000000 166.061486 21.183881 -0.406380 2.500033 0.000000 0.000000 0.000000 1.000000 0.000000 0.000000
18.000000 166.066072 19.788262 -0.234674 2.402083 0.000000 0.000000 0.000000 1.000000 0.000000 0.000000
18.000000 166.071465 21.042103 -0.413464 2.561290 0.000000 0.000000 0.000000 1.000000 0.000000 0.000000
18.000000 166.076009 19.655648 -0.238686 2.460049 0.000000 0.000000 0.000000 1.000000 0.000000 0.000000
18.000000 166.081488 20.921281 -0.416564 2.616485 0.000000 0.000000 0.000000 1.000000 0.000000 0.000000
18.000000 166.086009 19.532945 -0.240991 2.519159 0.000000 0.000000 0.000000 1.000000 0.000000 0.000000
18.000000 166.091453 20.879187 -0.415932 2.655364 0.000000 0.000000 0.000000 1.000000 0.000000 0.000000
18.000000 166.096012 19.396872 -0.241075 2.563143 0.000000 0.000000 0.000000 1.000000 0.000000 0.000000
18.000000 166.101618 20.665780 -0.419884 2.715470 0.000000 0.000000 0.000000 1.000000 0.000000 0.000000
18.000000 166.105995 19.278775 -0.243282 2.623463 0.000000 0.000000 0.000000 1.000000 0.000000 0.000000
18.000000 166.111493 20.532561 -0.423336 2.771957 0.000000 0.000000 0.000000 1.000000 0.000000 0.000000
18.000000 166.115981 19.142841 -0.236719 2.674169 0.000000 0.000000 0.000000 1.000000 0.000000 0.000000
18.000000 166.121527 20.401783 -0.426096 2.825997 0.000000 0.000000 0.000000 1.000000 0.000000 0.000000
18.000000 166.126296 19.020966 -0.240323 2.726442 0.000000 0.000000 0.000000 1.000000 0.000000 0.000000
18.000000 166.131394 20.287065 -0.425454 2.872486 0.000000 0.000000 0.000000 1.000000 0.000000 0.000000
18.000000 166.136195 18.893285 -0.244135 2.776944 0.000000 0.000000 0.000000 1.000000 0.000000 0.000000
18.000000 166.141553 20.193183 -0.426942 2.911621 0.000000 0.000000 0.000000 1.000000 0.000000 0.000000
18.000000 166.146269 18.786874 -0.252296 2.829653 0.000000 0.000000 0.000000 1.000000 0.000000 0.000000
18.000000 166.151284 20.010202 -0.439959 2.973776 0.000000 0.000000 0.000000 1.000000 0.000000 0.000000
18.000000 166.156072 18.643185 -0.249566 2.870616 0.000000 0.000000 0.000000 1.000000 0.000000 0.000000
18.000000 166.161500 19.905362 -0.435837 3.015511 0.000000 0.000000 0.000000 1.000000 0.000000 0.000000
18.000000 166.166179 18.522700 -0.258401 2.923716 0.000000 0.000000 0.000000 1.000000 0.000000 0.000000
18.000000 166.171586 19.790042 -0.439323 3.059131 0.000000 0.000000 0.000000 1.000000 0.000000 0.000000
18.000000 166.176103 18.381021 -0.246623 2.963541 0.000000 0.000000 0.000000 1.000000 0.000000 0.000000
18.000000 166.181404 19.668430 -0.439916 3.101543 0.000000 0.000000 0.000000 1.000000 0.000000 0.000000
18.000000 166.186275 18.272879 -0.253120 3.002528 0.000000 0.000000 0.000000 1.000000 0.000000 0.000000
18.000000 166.191305 19.531853 -0.442706 3.135376 0.000000 0.000000 0.000000 1.000000 0.000000 0.000000
18.000000 166.196105 18.162535 -0.262738 3.053394 0.000000 0.000000 0.000000 1.000000 0.000000 0.000000
18.000000 166.201406 19.403081 -0.453441 3.191703 0.000000 0.000000 0.000000 1.000000 0.000000 0.000000
18.000000 166.206228 18.038464 -0.264896 3.095814 0.000000 0.000000 0.000000 1.000000 0.000000 0.000000
18.000000 166.211331 19.260148 -0.461282 3.231888 0.000000 0.000000 0.000000 1.000000 0.000000 0.000000
18.000000 166.216228 17.925621 -0.272746 3.141366 0.000000 0.000000 0.000000 1.000000 0.000000 0.000000
18.000000 166.221578 19.138685 -0.464912 3.265215 0.000000 0.000000 0.000000 1.000000 0.000000 0.000000
18.000000 166.226257 17.812023 -0.282312 3.183121 0.000000 0.000000 0.000000 1.000000 0.000000 0.000000
18.000000 166.231298 19.028068 -0.466413 3.299231 0.000000 0.000000 0.000000 1.000000 0.000000 0.000000
18.000000 166.236425 17.694752 -0.284616 3.224684 0.000000 0.000000 0.000000 1.000000 0.000000 0.000000
18.000000 166.241379 18.877024 -0.471879 3.338566 0.000000 0.000000 0.000000 1.000000 0.000000 0.000000
18.000000 166.246382 17.574841 -0.289110 3.266319 0.000000 0.000000 0.000000 1.000000 0.000000 0.000000
18.000000 166.251313 18.788375 -0.474312 3.373422 0.000000 0.000000 0.000000 1.000000 0.000000 0.000000
18.000000 166.256124 17.442970 -0.290955 3.298758 0.000000 0.000000 0.000000 1.000000 0.000000 0.000000
18.000000 166.261379 18.624128 -0.481783 3.398325 0.000000 0.000000 0.000000 1.000000 0.000000 0.000000
18.000000 166.266228 17.326243 -0.295262 3.328104 0.000000 0.000000 0.000000 1.000000 0.000000 0.000000
18.000000 166.271313 18.453240 -0.504709 3.425881 0.000000 0.000000 0.000000 1.000000 0.000000 0.000000
18.000000 166.274964 18.349987 -0.524417 3.404315 0.000000 0.000000 0.000000 1.000000 0.000000 0.000000
18.000000 166.281420 18.410208 -0.487783 3.449129 0.000000 0.000000 0.000000 1.000000 0.000000 0.000000
18.000000 166.286057 17.070714 -0.298750 3.396502 0.000000 0.000000 0.000000 1.000000 0.000000 0.000000
18.000000 166.291505 18.269734 -0.492622 3.469859 0.000000 0.000000 0.000000 1.000000 0.000000 0.000000
18.000000 166.296254 16.941172 -0.300931 3.425563 0.000000 0.000000 0.000000 1.000000 0.000000 0.000000
18.000000 166.301351 18.140816 -0.503312 3.510892 0.000000 0.000000 0.000000 1.000000 0.000000 0.000000
18.000000 166.306237 16.821042 -0.304590 3.445900 0.000000 0.000000 0.000000 1.000000 0.000000 0.000000
18.000000 166.311456 18.023955 -0.494146 3.530640 0.000000 0.000000 0.000000 1.000000 0.000000 0.000000
18.000000 166.318881 18.012880 -0.512127 3.619685 0.000000 0.000000 0.000000 1.000000 0.000000 0.000000
18.000000 166.321655 17.920164 -0.494783 3.563100 0.000000 0.000000 0.000000 1.000000 0.000000 0.000000
18.000000 166.331358 17.758853 -0.495264 3.593411 0.000000 0.000000 0.000000 1.000000 0.000000 0.000000
18.000000 166.361622 17.465434 -0.504417 3.672826 0.000000 0.000000 0.000000 1.000000 0.000000 0.000000
18.000000 166.371436 17.313793 -0.510456 3.695627 0.000000 0.000000 0.000000 1.000000 0.000000 0.000000
18.000000 166.381504 17.191025 -0.511547 3.722404 0.000000 0.000000 0.000000 1.000000 0.000000 0.000000
18.000000 166.391401 17.086282 -0.514346 3.738025 0.000000 0.000000 0.000000 1.000000 0.000000 0.000000
18.000000 166.401448 17.031227 -0.518961 3.764440 0.000000 0.000000 0.000000 1.000000 0.000000 0.000000
18.000000 166.411417 16.874014 -0.519738 3.777776 0.000000 0.000000 0.000000 1.000000 0.000000 0.000000
18.000000 166.421450 16.717203 -0.539515 3.787311 0.000000 0.000000 0.000000 1.000000 0.000000 0.000000
18.000000 166.431403 16.624329 -0.529541 3.814717 0.000000 0.000000 0.000000 1.000000 0.000000 0.000000
18.000000 166.441662 16.541760 -0.532558 3.827356 0.000000 0.000000 0.000000 1.000000 0.000000 0.000000
18.000000 166.451485 16.366225 -0.542600 3.841486 0.000000 0.000000 0.000000 1.000000 0.000000 0.000000
18.000000 166.461545 16.270094 -0.537919 3.851370 0.000000 0.000000 0.000000 1.000000 0.000000 0.000000
18.000000 166.471480 16.171266 -0.533654 3.861982 0.000000 0.000000 0.000000 1.000000 0.000000 0.000000
18.000000 166.481546 16.057709 -0.541378 3.872344 0.000000 0.000000 0.000000 1.000000 0.000000 0.000000
18.000000 166.491507 16.003476 -0.539453 3.873429 0.000000 0.000000 0.000000 1.000000 0.000000 0.000000
18.000000 166.501479 15.866528 -0.540848 3.887847 0.000000 0.000000 0.000000 1.000000 0.000000 0.000000
18.000000 166.511428 15.729089 -0.538954 3.898171 0.000000 0.000000 0.000000 1.000000 0.000000 0.000000
18.000000 166.521518 15.528979 -0.578495 3.915031 0.000000 0.000000 0.000000 1.000000 0.000000 0.000000
18.000000 166.531450 15.496706 -0.550872 3.911255 0.000000 0.000000 0.000000 1.000000 0.000000 0.000000
18.000000 166.541525 15.435731 -0.558785 3.908365 0.000000 0.000000 0.000000 1.000000 0.000000 0.000000
18.000000 166.551461 15.290935 -0.560119 3.914922 0.000000 0.000000 0.000000 1.000000 0.000000 0.000000
18.000000 166.561674 15.167653 -0.560191 3.913525 0.000000 0.000000 0.000000 1.000000 0.000000 0.000000
18.000000 166.571477 15.034755 -0.566656 3.914857 0.000000 0.000000 0.000000 1.000000 0.000000 0.000000
18.000000 166.581527 14.943869 -0.568947 3.916234 0.000000 0.000000 0.000000 1.000000 0.000000 0.000000
18.000000 166.591681 14.814048 -0.576310 3.918601 0.000000 0.000000 0.000000 1.000000 0.000000 0.000000
18.000000 166.601514 14.703120 -0.583353 3.914171 0.000000 0.000000 0.000000 1.000000 0.000000 0.000000
18.000000 166.611528 14.598377 -0.580433 3.908428 0.000000 0.000000 0.000000 1.000000 0.000000 0.000000
18.000000 166.621587 14.483650 -0.585966 3.904879 0.000000 0.000000 0.000000 1.000000 0.000000 0.000000
18.000000 166.631680 14.386833 -0.587540 3.903223 0.000000 0.000000 0.000000 1.000000 0.000000 0.000000
18.000000 166.641618 14.262410 -0.587670 3.888478 0.000000 0.000000 0.000000 1.000000 0.000000 0.000000
18.000000 166.651748 14.127606 -0.596498 3.885949 0.000000 0.000000 0.000000 1.000000 0.000000 0.000000
18.000000 166.661604 14.019968 -0.592151 3.870894 0.000000 0.000000 0.000000 1.000000 0.000000 0.000000
18.000000 166.701752 13.629434 -0.598477 3.804055 0.000000 0.000000 0.000000 1.000000 0.000000 0.000000
18.000000 166.706353 13.066739 -0.833397 3.797998 0.000000 0.000000 0.000000 1.000000 0.000000 0.000000
18.000000 166.711637 13.555237 -0.604083 3.793757 0.000000 0.000000 0.000000 1.000000 0.000000 0.000000
18.000000 166.726345 12.357864 -0.576700 3.795159 0.000000 0.000000 0.000000 1.000000 0.000000 0.000000
18.000000 166.731623 13.309624 -0.612831 3.763743 0.000000 0.000000 0.000000 1.000000 0.000000 0.000000
18.000000 166.736282 12.792614 -0.829779 3.773363 0.000000 0.000000 0.000000 1.000000 0.000000 0.000000
18.000000 166.741820 13.187137 -0.617727 3.748489 0.000000 0.000000 0.000000 1.000000 0.000000 0.000000
18.000000 166.751577 13.094898 -0.618191 3.736500 0.000000 0.000000 0.000000 1.000000 0.000000 0.000000
18.000000 166.756325 11.971334 -0.529736 3.727985 0.000000 0.000000 0.000000 1.000000 0.000000 0.000000
18.000000 166.761815 13.002388 -0.613139 3.725632 0.000000 0.000000 0.000000 1.000000 0.000000 0.000000
18.000000 166.766601 11.884228 -0.542153 3.722552 0.000000 0.000000 0.000000 1.000000 0.000000 0.000000
18.000000 166.771613 12.837316 -0.627570 3.720969 0.000000 0.000000 0.000000 1.000000 0.000000 0.000000
18.000000 166.776338 11.745869 -0.536056 3.712034 0.000000 0.000000 0.000000 1.000000 0.000000 0.000000
18.000000 166.781809 12.751760 -0.625464 3.696445 0.000000 0.000000 0.000000 1.000000 0.000000 0.000000
18.000000 166.786427 11.683171 -0.558133 3.695909 0.000000 0.000000 0.000000 1.000000 0.000000 0.000000
18.000000 166.791707 12.736505 -0.622738 3.686191 0.000000 0.000000 0.000000 1.000000 0.000000 0.000000
18.000000 166.796317 11.586657 -0.561605 3.673703 0.000000 0.000000 0.000000 1.000000 0.000000 0.000000
18.000000 166.801621 12.538399 -0.636043 3.657360 0.000000 0.000000 0.000000 1.000000 0.000000 0.000000
18.000000 166.806466 11.481471 -0.564351 3.657763 0.000000 0.000000 0.000000 1.000000 0.000000 0.000000
18.000000 166.811567 12.436776 -0.633659 3.631976 0.000000 0.000000 0.000000 1.000000 0.000000 0.000000
18.000000 166.816348 11.386059 -0.572363 3.634061 0.000000 0.000000 0.000000 1.000000 0.000000 0.000000
18.000000 166.821642 12.341749 -0.627305 3.614157 0.000000 0.000000 0.000000 1.000000 0.000000 0.000000
18.000000 166.826539 11.238729 -0.565271 3.609787 0.000000 0.000000 0.000000 1.000000 0.000000 0.000000
18.000000 166.831584 12.231934 -0.631744 3.585525 0.000000 0.000000 0.000000 1.000000 0.000000 0.000000
18.000000 166.836331 11.191865 -0.580487 3.593562 0.000000 0.000000 0.000000 1.000000 0.000000 0.000000
18.000000 166.841637 12.115831 -0.640705 3.563034 0.000000 0.000000 0.000000 1.000000 0.000000 0.000000
18.000000 166.846386 11.117384 -0.592272 3.573948 0.000000 0.000000 0.000000 1.000000 0.000000 0.000000
18.000000 166.851726 12.070625 -0.637582 3.525227 0.000000 0.000000 0.000000 1.000000 0.000000 0.000000
18.000000 166.856245 11.035974 -0.603138 3.546906 0.000000 0.000000 0.000000 1.000000 0.000000 0.000000
18.000000 166.861684 11.903646 -0.650355 3.505702 0.000000 0.000000 0.000000 1.000000 0.000000 0.000000
18.000000 166.866361 10.882741 -0.602067 3.516994 0.000000 0.000000 0.000000 1.000000 0.000000 0.000000
18.000000 166.871681 11.821597 -0.639460 3.470488 0.000000 0.000000 0.000000 1.000000 0.000000 0.000000
18.000000 166.876463 10.844536 -0.613882 3.493451 0.000000 0.000000 0.000000 1.000000 0.000000 0.000000
18.000000 166.881686 11.724238 -0.641394 3.441287 0.000000 0.000000 0.000000 1.000000 0.000000 0.000000
18.000000 166.886448 10.717715 -0.617587 3.461638 0.000000 0.000000 0.000000 1.000000 0.000000 0.000000
18.000000 166.891684 11.613177 -0.651716 3.410338 0.000000 0.000000 0.000000 1.000000 0.000000 0.000000
18.000000 166.896336 10.641534 -0.626347 3.439607 0.000000 0.000000 0.000000 1.000000 0.000000 0.000000
18.000000 166.901777 11.544488 -0.648167 3.376478 0.000000 0.000000 0.000000 1.000000 0.000000 0.000000
18.000000 166.906448 10.537400 -0.628486 3.417866 0.000000 0.000000 0.000000 1.000000 0.000000 0.000000
18.000000 166.911595 11.396817 -0.656309 3.345763 0.000000 0.000000 0.000000 1.000000 0.000000 0.000000
18.000000 166.916360 10.412173 -0.629036 3.379066 0.000000 0.000000 0.000000 1.000000 0.000000 0.000000
18.000000 166.921727 11.327242 -0.650427 3.307324 0.000000 0.000000 0.000000 1.000000 0.000000 0.000000
18.000000 166.926418 10.380229 -0.638709 3.339619 0.000000 0.000000 0.000000 1.000000 0.000000 0.000000
18.000000 166.931796 11.199839 -0.658892 3.275895 0.000000 0.000000 0.000000 1.000000 0.000000 0.000000
18.000000 166.936607 10.236754 -0.642982 3.319520 0.000000 0.000000 0.000000 1.000000 0.000000 0.000000
18.000000 166.941695 11.128629 -0.670910 3.238732 0.000000 0.000000 0.000000 1.000000 0.000000 0.000000
18.000000 166.946517 10.190273 -0.662530 3.284870 0.000000 0.000000 0.000000 1.000000 0.000000 0.000000
18.000000 166.951665 11.047994 -0.656921 3.196082 0.000000 0.000000 0.000000 1.000000 0.000000 0.000000
18.000000 166.956551 10.042523 -0.658036 3.244651 0.000000 0.000000 0.000000 1.000000 0.000000 0.000000
18.000000 166.961739 10.910351 -0.665452 3.166030 0.000000 0.000000 0.000000 1.000000 0.000000 0.000000
18.000000 166.966462 9.988632 -0.670526 3.211739 0.000000 0.000000 0.000000 1.000000 0.000000 0.000000
18.000000 166.971713 10.783916 -0.674259 3.127408 0.000000 0.000000 0.000000 1.000000 0.000000 0.000000
18.000000 166.976506 9.834133 -0.661964 3.166761 0.000000 0.000000 0.000000 1.000000 0.000000 0.000000
18.000000 166.981733 10.701537 -0.672909 3.086896 0.000000 0.000000 0.000000 1.000000 0.000000 0.000000
18.000000 166.986592 9.776393 -0.680733 3.131062 0.000000 0.000000 0.000000 1.000000 0.000000 0.000000
18.000000 166.991585 10.625224 -0.676933 3.040814 0.000000 0.000000 0.000000 1.000000 0.000000 0.000000
18.000000 166.996458 9.680924 -0.683427 3.092602 0.000000 0.000000 0.000000 1.000000 0.000000 0.000000
18.000000 167.001705 10.494024 -0.679097 3.007520 0.000000 0.000000 0.000000 1.000000 0.000000 0.000000
18.000000 167.006653 9.589020 -0.690351 3.052234 0.000000 0.000000 0.000000 1.000000 0.000000 0.000000
18.000000 167.011591 10.413510 -0.673669 2.960989 0.000000 0.000000 0.000000 1.000000 0.000000 0.000000
18.000000 167.016558 9.520598 -0.699862 3.012522 0.000000 0.000000 0.000000 1.000000 0.000000 0.000000
18.000000 167.021780 10.298767 -0.682559 2.924552 0.000000 0.000000 0.000000 1.000000 0.000000 0.000000
18.000000 167.026528 9.379079 -0.691981 2.959611 0.000000 0.000000 0.000000 1.000000 0.000000 0.000000
18.000000 167.031678 10.209689 -0.684981 2.876500 0.000000 0.000000 0.000000 1.000000 0.000000 0.000000
18.000000 167.036497 9.296542 -0.702840 2.923497 0.000000 0.000000 0.000000 1.000000 0.000000 0.000000
18.000000 167.041938 10.138860 -0.686448 2.827617 0.000000 0.000000 0.000000 1.000000 0.000000 0.000000
18.000000 167.046733 9.232021 -0.714167 2.882085 0.000000 0.000000 0.000000 1.000000 0.000000 0.000000
18.000000 167.051622 10.021007 -0.685146 2.779796 0.000000 0.000000 0.000000 1.000000 0.000000 0.000000
18.000000 167.056578 9.142972 -0.721997 2.839617 0.000000 0.000000 0.000000 1.000000 0.000000 0.000000
18.000000 167.061718 9.910169 -0.695237 2.729490 0.000000 0.000000 0.000000 1.000000 0.000000 0.000000
18.000000 167.066588 9.017807 -0.714878 2.783207 0.000000 0.000000 0.000000 1.000000 0.000000 0.000000
18.000000 167.071684 9.817413 -0.693511 2.678952 0.000000 0.000000 0.000000 1.000000 0.000000 0.000000
18.000000 167.076409 8.937125 -0.724599 2.737527 0.000000 0.000000 0.000000 1.000000 0.000000 0.000000
18.000000 167.081700 9.724674 -0.697891 2.626781 0.000000 0.000000 0.000000 1.000000 0.000000 0.000000
18.000000 167.086543 8.875608 -0.736150 2.693535 0.000000 0.000000 0.000000 1.000000 0.000000 0.000000
18.000000 167.091677 9.649173 -0.699610 2.576832 0.000000 0.000000 0.000000 1.000000 0.000000 0.000000
18.000000 167.096388 8.755026 -0.738028 2.637382 0.000000 0.000000 0.000000 1.000000 0.000000 0.000000
18.000000 167.101736 9.520007 -0.708064 2.527398 0.000000 0.000000 0.000000 1.000000 0.000000 0.000000
18.000000 167.106532 8.675931 -0.739213 2.589684 0.000000 0.000000 0.000000 1.000000 0.000000 0.000000
18.000000 167.111704 9.415386 -0.714439 2.479464 0.000000 0.000000 0.000000 1.000000 0.000000 0.000000
18.000000 167.116437 8.592735 -0.749314 2.537018 0.000000 0.000000 0.000000 1.000000 0.000000 0.000000
18.000000 167.121792 9.319085 -0.713113 2.426108 0.000000 0.000000 0.000000 1.000000 0.000000 0.000000
18.000000 167.126508 8.540715 -0.761674 2.490236 0.000000 0.000000 0.000000 1.000000 0.000000 0.000000
18.000000 167.131743 9.244607 -0.708002 2.370826 0.000000 0.000000 0.000000 1.000000 0.000000 0.000000
18.000000 167.136451 8.435179 -0.764612 2.441399 0.000000 0.000000 0.000000 1.000000 0.000000 0.000000
18.000000 167.141871 9.123300 -0.711495 2.315416 0.000000 0.000000 0.000000 1.000000 0.000000 0.000000
18.000000 167.146609 8.329851 -0.765008 2.384537 0.000000 0.000000 0.000000 1.000000 0.000000 0.000000
18.000000 167.151677 9.056720 -0.711171 2.259765 0.000000 0.000000 0.000000 1.000000 0.000000 0.000000
18.000000 167.156622 8.252013 -0.775554 2.327643 0.000000 0.000000 0.000000 1.000000 0.000000 0.000000
18.000000 167.161868 8.951083 -0.717457 2.208765 0.000000 0.000000 0.000000 1.000000 0.000000 0.000000
18.000000 167.166659 8.190939 -0.791828 2.282598 0.000000 0.000000 0.000000 1.000000 0.000000 0.000000
18.000000 167.171715 8.856220 -0.716552 2.150975 0.000000 0.000000 0.000000 1.000000 0.000000 0.000000
18.000000 167.176582 8.053378 -0.772803 2.208862 0.000000 0.000000 0.000000 1.000000 0.000000 0.000000
18.000000 167.181779 8.745002 -0.718919 2.096953 0.000000 0.000000 0.000000 1.000000 0.000000 0.000000
18.000000 167.186734 8.012345 -0.797777 2.171072 0.000000 0.000000 0.000000 1.000000 0.000000 0.000000
18.000000 167.191827 8.646183 -0.722227 2.033098 0.000000 0.000000 0.000000 1.000000 0.000000 0.000000
18.000000 167.196651 7.949299 -0.811191 2.110677 0.000000 0.000000 0.000000 1.000000 0.000000 0.000000
18.000000 167.201740 8.542289 -0.727323 1.980252 0.000000 0.000000 0.000000 1.000000 0.000000 0.000000
18.000000 167.206556 7.845050 -0.809396 2.046579 0.000000 0.000000 0.000000 1.000000 0.000000 0.000000
18.000000 167.211753 8.480692 -0.720737 1.917023 0.000000 0.000000 0.000000 1.000000 0.000000 0.000000
18.000000 167.216557 7.781608 -0.821888 1.994283 0.000000 0.000000 0.000000 1.000000 0.000000 0.000000
18.000000 167.221784 8.367281 -0.729260 1.850752 0.000000 0.000000 0.000000 1.000000 0.000000 0.000000
18.000000 167.225368 8.046660 -0.875064 1.984928 0.000000 0.000000 0.000000 1.000000 0.000000 0.000000
18.000000 167.231797 8.275310 -0.729203 1.786138 0.000000 0.000000 0.000000 1.000000 0.000000 0.000000
18.000000 167.236509 7.586201 -0.825490 1.861213 0.000000 0.000000 0.000000 1.000000 0.000000 0.000000
18.000000 167.241747 8.179537 -0.722030 1.723933 0.000000 0.000000 0.000000 1.000000 0.000000 0.000000
18.000000 167.246597 7.496417 -0.826802 1.795982 0.000000 0.000000 0.000000 1.000000 0.000000 0.000000
18.000000 167.251778 8.104668 -0.720678 1.668537 0.000000 0.000000 0.000000 1.000000 0.000000 0.000000
18.000000 167.256497 7.445886 -0.836536 1.736556 0.000000 0.000000 0.000000 1.000000 0.000000 0.000000
18.000000 167.261779 8.003921 -0.728332 1.604712 0.000000 0.000000 0.000000 1.000000 0.000000 0.000000
18.000000 167.266556 7.334668 -0.841397 1.672560 0.000000 0.000000 0.000000 1.000000 0.000000 0.000000
18.000000 167.271823 7.911823 -0.731222 1.538604 0.000000 0.000000 0.000000 1.000000 0.000000 0.000000
18.000000 167.276679 7.245990 -0.841638 1.604189 0.000000 0.000000 0.000000 1.000000 0.000000 0.000000
18.000000 167.281796 7.815793 -0.733804 1.473147 0.000000 0.000000 0.000000 1.000000 0.000000 0.000000
18.000000 167.286494 7.192077 -0.853156 1.541721 0.000000 0.000000 0.000000 1.000000 0.000000 0.000000
18.000000 167.291792 7.731278 -0.729657 1.398493 0.000000 0.000000 0.000000 1.000000 0.000000 0.000000
18.000000 167.296602 7.081707 -0.850636 1.472457 0.000000 0.000000 0.000000 1.000000 0.000000 0.000000
18.000000 167.301815 7.632155 -0.734426 1.336860 0.000000 0.000000 0.000000 1.000000 0.000000 0.000000
18.000000 167.306735 7.006924 -0.856875 1.400829 0.000000 0.000000 0.000000 1.000000 0.000000 0.000000
18.000000 167.311767 7.539103 -0.737025 1.271138 0.000000 0.000000 0.000000 1.000000 0.000000 0.000000
18.000000 167.316599 6.945867 -0.864143 1.338165 0.000000 0.000000 0.000000 1.000000 0.000000 0.000000
18.000000 167.321799 7.446305 -0.733014 1.201186 0.000000 0.000000 0.000000 1.000000 0.000000 0.000000
18.000000 167.326627 6.835232 -0.867902 1.265690 0.000000 0.000000 0.000000 1.000000 0.000000 0.000000
18.000000 167.331892 7.352209 -0.738975 1.130798 0.000000 0.000000 0.000000 1.000000 0.000000 0.000000
18.000000 167.336515 6.764563 -0.869703 1.204342 0.000000 0.000000 0.000000 1.000000 0.000000 0.000000
18.000000 167.341917 7.267133 -0.738667 1.057566 0.000000 0.000000 0.000000 1.000000 0.000000 0.000000
18.000000 167.346563 6.730886 -0.889278 1.149397 0.000000 0.000000 0.000000 1.000000 0.000000 0.000000
18.000000 167.351785 7.172887 -0.743942 0.986768 0.000000 0.000000 0.000000 1.000000 0.000000 0.000000
18.000000 167.356514 6.649357 -0.894991 1.078463 0.000000 0.000000 0.000000 1.000000 0.000000 0.000000
18.000000 167.361896 7.078660 -0.742352 0.912655 0.000000 0.000000 0.000000 1.000000 0.000000 0.000000
18.000000 167.366699 6.542416 -0.898418 1.002280 0.000000 0.000000 0.000000 1.000000 0.000000 0.000000
18.000000 167.371933 6.989344 -0.745640 0.839984 0.000000 0.000000 0.000000 1.000000 0.000000 0.000000
18.000000 167.376537 6.448142 -0.894599 0.926719 0.000000 0.000000 0.000000 1.000000 0.000000 0.000000
18.000000 167.382013 6.904209 -0.744167 0.762938 0.000000 0.000000 0.000000 1.000000 0.000000 0.000000
18.000000 167.386751 6.401027 -0.911351 0.851759 0.000000 0.000000 0.000000 1.000000 0.000000 0.000000
18.000000 167.391852 6.817404 -0.748486 0.688511 0.000000 0.000000 0.000000 1.000000 0.000000 0.000000
18.000000 167.396585 6.328154 -0.919635 0.780970 0.000000 0.000000 0.000000 1.000000 0.000000 0.000000
18.000000 167.402007 6.715412 -0.749853 0.614790 0.000000 0.000000 0.000000 1.000000 0.000000 0.000000
18.000000 167.406644 6.245901 -0.921959 0.703330 0.000000 0.000000 0.000000 1.000000 0.000000 0.000000
18.000000 167.412032 6.630081 -0.750427 0.536997 0.000000 0.000000 0.000000 1.000000 0.000000 0.000000
18.000000 167.416628 6.164456 -0.925607 0.627158 0.000000 0.000000 0.000000 1.000000 0.000000 0.000000
18.000000 167.421987 6.543648 -0.748447 0.459361 0.000000 0.000000 0.000000 1.000000 0.000000 0.000000
18.000000 167.426706 6.102662 -0.936816 0.554605 0.000000 0.000000 0.000000 1.000000 0.000000 0.000000
18.000000 167.432011 6.460774 -0.749366 0.374776 0.000000 0.000000 0.000000 1.000000 0.000000 0.000000
18.000000 167.436595 6.029444 -0.939997 0.475570 0.000000 0.000000 0.000000 1.000000 0.000000 0.000000
18.000000 167.441924 6.369544 -0.751493 0.293535 0.000000 0.000000 0.000000 1.000000 0.000000 0.000000
18.000000 167.446714 5.942186 -0.944963 0.395225 0.000000 0.000000 0.000000 1.000000 0.000000 0.000000
18.000000 167.451885 6.275223 -0.753923 0.223313 0.000000 0.000000 0.000000 1.000000 0.000000 0.000000
18.000000 167.456641 5.860497 -0.951770 0.320178 0.000000 0.000000 0.000000 1.000000 0.000000 0.000000
18.000000 167.461969 6.191295 -0.752236 0.141012 0.000000 0.000000 0.000000 1.000000 0.000000 0.000000
18.000000 167.466688 5.797661 -0.955380 0.234733 0.000000 0.000000 0.000000 1.000000 0.000000 0.000000
18.000000 167.471892 6.106774 -0.751094 0.057107 0.000000 0.000000 0.000000 1.000000 0.000000 0.000000
18.000000 167.476628 5.734081 -0.960755 0.164001 0.000000 0.000000 0.000000 1.000000 0.000000 0.000000
18.000000 167.481938 6.038334 -0.755324 0.017714 0.000000 0.000000 0.000000 1.000000 0.000000 0.000000
18.000000 167.486732 5.682671 -0.964035 0.195601 0.000000 0.000000 0.000000 1.000000 0.000000 0.000000
18.000000 167.491967 5.990316 -0.755928 0.073005 0.000000 0.000000 0.000000 1.000000 0.000000 0.000000
18.000000 167.496655 5.602777 -0.961229 0.248731 0.000000 0.000000 0.000000 1.000000 0.000000 0.000000
18.000000 167.502000 5.948709 -0.754687 0.129003 0.000000 0.000000 0.000000 1.000000 0.000000 0.000000
18.000000 167.506718 5.592738 -0.966993 0.308423 0.000000 0.000000 0.000000 1.000000 0.000000 0.000000
18.000000 167.511884 5.896740 -0.760769 0.186792 0.000000 0.000000 0.000000 1.000000 0.000000 0.000000
18.000000 167.516637 5.548315 -0.972200 0.364313 0.000000 0.000000 0.000000 1.000000 0.000000 0.000000
18.000000 167.521885 5.853578 -0.757575 0.241529 0.000000 0.000000 0.000000 1.000000 0.000000 0.000000
18.000000 167.526784 5.490132 -0.968311 0.416720 0.000000 0.000000 0.000000 1.000000 0.000000 0.000000
18.000000 167.531827 5.808658 -0.758601 0.294405 0.000000 0.000000 0.000000 1.000000 0.000000 0.000000
18.000000 167.536686 5.453084 -0.970622 0.473448 0.000000 0.000000 0.000000 1.000000 0.000000 0.000000
18.000000 167.541880 5.768076 -0.763324 0.341925 0.000000 0.000000 0.000000 1.000000 0.000000 0.000000
18.000000 167.546793 5.415949 -0.974268 0.526632 0.000000 0.000000 0.000000 1.000000 0.000000 0.000000
18.000000 167.551865 5.726371 -0.760956 0.392243 0.000000 0.000000 0.000000 1.000000 0.000000 0.000000
18.000000 167.556679 5.400317 -0.981143 0.583420 0.000000 0.000000 0.000000 1.000000 0.000000 0.000000
18.000000 167.561892 5.665295 -0.765945 0.447889 0.000000 0.000000 0.000000 1.000000 0.000000 0.000000
18.000000 167.566759 5.326107 -0.977718 0.625658 0.000000 0.000000 0.000000 1.000000 0.000000 0.000000
18.000000 167.571835 5.637129 -0.764662 0.490772 0.000000 0.000000 0.000000 1.000000 0.000000 0.000000
18.000000 167.576703 5.296908 -0.981004 0.677958 0.000000 0.000000 0.000000 1.000000 0.000000 0.000000
18.000000 167.581867 5.574556 -0.763954 0.543517 0.000000 0.000000 0.000000 1.000000 0.000000 0.000000
18.000000 167.586770 5.252402 -0.982370 0.721626 0.000000 0.000000 0.000000 1.000000 0.000000 0.000000
18.000000 167.591941 5.551817 -0.768564 0.581664 0.000000 0.000000 0.000000 1.000000 0.000000 0.000000
18.000000 167.596725 5.221008 -0.985664 0.774791 0.000000 0.000000 0.000000 1.000000 0.000000 0.000000
18.000000 167.601873 5.503758 -0.765975 0.625700 0.000000 0.000000 0.000000 1.000000 0.000000 0.000000
18.000000 167.606806 5.183218 -0.987216 0.818553 0.000000 0.000000 0.000000 1.000000 0.000000 0.000000
18.000000 167.611853 5.444652 -0.770841 0.680118 0.000000 0.000000 0.000000 1.000000 0.000000 0.000000
18.000000 167.616706 5.128905 -0.981596 0.865010 0.000000 0.000000 0.000000 1.000000 0.000000 0.000000
18.000000 167.621876 5.411538 -0.768561 0.717648 0.000000 0.000000 0.000000 1.000000 0.000000 0.000000
18.000000 167.626826 5.091560 -0.986462 0.907258 0.000000 0.000000 0.000000 1.000000 0.000000 0.000000
18.000000 167.631992 5.363356 -0.771085 0.761440 0.000000 0.000000 0.000000 1.000000 0.000000 0.000000
18.000000 167.637138 5.046480 -0.985872 0.943275 0.000000 0.000000 0.000000 1.000000 0.000000 0.000000
18.000000 167.641916 5.320090 -0.770039 0.797054 0.000000 0.000000 0.000000 1.000000 0.000000 0.000000
18.000000 167.646800 5.005357 -0.988501 0.978165 0.000000 0.000000 0.000000 1.000000 0.000000 0.000000
18.000000 167.651926 5.267767 -0.771853 0.843550 0.000000 0.000000 0.000000 1.000000 0.000000 0.000000
18.000000 167.656723 4.934359 -0.985008 1.006613 0.000000 0.000000 0.000000 1.000000 0.000000 0.000000
18.000000 167.661903 5.229837 -0.773307 0.882054 0.000000 0.000000 0.000000 1.000000 0.000000 0.000000
18.000000 167.666842 4.905477 -0.993238 1.052529 0.000000 0.000000 0.000000 1.000000 0.000000 0.000000
18.000000 167.671958 5.183202 -0.776255 0.918489 0.000000 0.000000 0.000000 1.000000 0.000000 0.000000
18.000000 167.676757 4.834698 -0.986478 1.083790 0.000000 0.000000 0.000000 1.000000 0.000000 0.000000
18.000000 167.681904 5.137069 -0.777537 0.953697 0.000000 0.000000 0.000000 1.000000 0.000000 0.000000
18.000000 167.686872 4.801495 -0.989462 1.117261 0.000000 0.000000 0.000000 1.000000 0.000000 0.000000
18.000000 167.691897 5.103061 -0.774528 0.981444 0.000000 0.000000 0.000000 1.000000 0.000000 0.000000
18.000000 167.696698 4.756004 -0.988635 1.154163 0.000000 0.000000 0.000000 1.000000 0.000000 0.000000
18.000000 167.701926 5.054374 -0.778368 1.022165 0.000000 0.000000 0.000000 1.000000 0.000000 0.000000
18.000000 167.706794 4.719079 -0.994388 1.199343 0.000000 0.000000 0.000000 1.000000 0.000000 0.000000
18.000000 167.712202 5.010413 -0.778393 1.054599 0.000000 0.000000 0.000000 1.000000 0.000000 0.000000
18.000000 167.716734 4.692012 -1.002516 1.231672 0.000000 0.000000 0.000000 1.000000 0.000000 0.000000
18.000000 167.721992 4.953862 -0.782828 1.090322 0.000000 0.000000 0.000000 1.000000 0.000000 0.000000
18.000000 167.726827 4.648396 -0.996993 1.268583 0.000000 0.000000 0.000000 1.000000 0.000000 0.000000
18.000000 167.731963 4.924412 -0.781170 1.116400 0.000000 0.000000 0.000000 1.000000 0.000000 0.000000
18.000000 167.735424 4.546972 -1.022098 1.335332 0.000000 0.000000 0.000000 1.000000 0.000000 0.000000
18.000000 167.741970 4.879287 -0.785142 1.142694 0.000000 0.000000 0.000000 1.000000 0.000000 0.000000
18.000000 167.746811 4.602466 -1.011123 1.332638 0.000000 0.000000 0.000000 1.000000 0.000000 0.000000
18.000000 167.752317 4.828265 -0.783670 1.175999 0.000000 0.000000 0.000000 1.000000 0.000000 0.000000
18.000000 167.756783 4.555313 -1.015126 1.366413 0.000000 0.000000 0.000000 1.000000 0.000000 0.000000
18.000000 167.762038 4.786707 -0.783687 1.203196 0.000000 0.000000 0.000000 1.000000 0.000000 0.000000
18.000000 167.766754 4.579848 -1.036110 1.393070 0.000000 0.000000 0.000000 1.000000 0.000000 0.000000
18.000000 167.772238 4.741364 -0.786462 1.232262 0.000000 0.000000 0.000000 1.000000 0.000000 0.000000
18.000000 167.776713 4.425126 -0.997206 1.412127 0.000000 0.000000 0.000000 1.000000 0.000000 0.000000
18.000000 167.782083 4.699567 -0.783868 1.257231 0.000000 0.000000 0.000000 1.000000 0.000000 0.000000
18.000000 167.785566 4.333819 -1.022836 1.475433 0.000000 0.000000 0.000000 1.000000 0.000000 0.000000
18.000000 167.786930 4.447014 -1.017165 1.442606 0.000000 0.000000 0.000000 1.000000 0.000000 0.000000
18.000000 167.792132 4.668097 -0.788598 1.274744 0.000000 0.000000 0.000000 1.000000 0.000000 0.000000
18.000000 167.796693 4.341966 -1.003066 1.465998 0.000000 0.000000 0.000000 1.000000 0.000000 0.000000
18.000000 167.801980 4.610012 -0.784620 1.303940 0.000000 0.000000 0.000000 1.000000 0.000000 0.000000
18.000000 167.806791 4.318033 -1.012940 1.484289 0.000000 0.000000 0.000000 1.000000 0.000000 0.000000
18.000000 167.811966 4.566378 -0.790669 1.327370 0.000000 0.000000 0.000000 1.000000 0.000000 0.000000
18.000000 167.816720 4.324064 -1.030158 1.514850 0.000000 0.000000 0.000000 1.000000 0.000000 0.000000
18.000000 167.822007 4.525631 -0.788392 1.347537 0.000000 0.000000 0.000000 1.000000 0.000000 0.000000
18.000000 167.827074 4.295840 -1.030685 1.540926 0.000000 0.000000 0.000000 1.000000 0.000000 0.000000
18.000000 167.831928 4.480202 -0.791457 1.364957 0.000000 0.000000 0.000000 1.000000 0.000000 0.000000
18.000000 167.836670 4.219192 -1.019198 1.564520 0.000000 0.000000 0.000000 1.000000 0.000000 0.000000
18.000000 167.842150 4.439265 -0.792216 1.382356 0.000000 0.000000 0.000000 1.000000 0.000000 0.000000
18.000000 167.847034 4.159167 -1.015688 1.581542 0.000000 0.000000 0.000000 1.000000 0.000000 0.000000
18.000000 167.852041 4.394281 -0.792655 1.403373 0.000000 0.000000 0.000000 1.000000 0.000000 0.000000
18.000000 167.856802 4.250986 -1.055003 1.607574 0.000000 0.000000 0.000000 1.000000 0.000000 0.000000
18.000000 167.862233 4.359099 -0.793865 1.416856 0.000000 0.000000 0.000000 1.000000 0.000000 0.000000
18.000000 167.866928 4.212135 -1.056330 1.628010 0.000000 0.000000 0.000000 1.000000 0.000000 0.000000
18.000000 167.872192 4.314611 -0.794564 1.437540 0.000000 0.000000 0.000000 1.000000 0.000000 0.000000
18.000000 167.876914 4.154328 -1.054773 1.644322 0.000000 0.000000 0.000000 1.000000 0.000000 0.000000
18.000000 167.882211 4.268059 -0.795972 1.449225 0.000000 0.000000 0.000000 1.000000 0.000000 0.000000
18.000000 167.886930 4.120087 -1.058061 1.658876 0.000000 0.000000 0.000000 1.000000 0.000000 0.000000
18.000000 167.892253 4.222068 -0.796238 1.465250 0.000000 0.000000 0.000000 1.000000 0.000000 0.000000
18.000000 167.896889 4.069091 -1.058609 1.675785 0.000000 0.000000 0.000000 1.000000 0.000000 0.000000
18.000000 167.902134 4.179906 -0.798865 1.478448 0.000000 0.000000 0.000000 1.000000 0.000000 0.000000
18.000000 167.907047 4.069172 -1.068890 1.687932 0.000000 0.000000 0.000000 1.000000 0.000000 0.000000
18.000000 167.912107 4.144956 -0.796883 1.487191 0.000000 0.000000 0.000000 1.000000 0.000000 0.000000
18.000000 167.917023 3.999631 -1.064547 1.697859 0.000000 0.000000 0.000000 1.000000 0.000000 0.000000
18.000000 167.922214 4.095052 -0.799783 1.498300 0.000000 0.000000 0.000000 1.000000 0.000000 0.000000
18.000000 167.926953 3.922917 -1.051619 1.707041 0.000000 0.000000 0.000000 1.000000 0.000000 0.000000
18.000000 167.932060 4.050750 -0.804595 1.508880 0.000000 0.000000 0.000000 1.000000 0.000000 0.000000
18.000000 167.935548 3.689839 -1.055162 1.745966 0.000000 0.000000 0.000000 1.000000 0.000000 0.000000
18.000000 167.942015 3.996231 -0.804937 1.515313 0.000000 0.000000 0.000000 1.000000 0.000000 0.000000
18.000000 167.946877 3.888233 -1.069132 1.732882 0.000000 0.000000 0.000000 1.000000 0.000000 0.000000
18.000000 167.952044 3.976502 -0.801281 1.518439 0.000000 0.000000 0.000000 1.000000 0.000000 0.000000
18.000000 167.956772 3.816310 -1.057757 1.736661 0.000000 0.000000 0.000000 1.000000 0.000000 0.000000
18.000000 167.959610 3.336398 -0.850055 1.609418 0.000000 0.000000 0.000000 1.000000 0.000000 0.000000
18.000000 167.962178 3.930609 -0.800999 1.529247 0.000000 0.000000 0.000000 1.000000 0.000000 0.000000
18.000000 167.966871 3.767415 -1.058581 1.738266 0.000000 0.000000 0.000000 1.000000 0.000000 0.000000
18.000000 167.969767 3.294313 -0.851990 1.615187 0.000000 0.000000 0.000000 1.000000 0.000000 0.000000
18.000000 167.972072 3.882964 -0.803208 1.535386 0.000000 0.000000 0.000000 1.000000 0.000000 0.000000
18.000000 167.976952 3.775841 -1.071070 1.747607 0.000000 0.000000 0.000000 1.000000 0.000000 0.000000
18.000000 167.979723 3.254591 -0.851274 1.620494 0.000000 0.000000 0.000000 1.000000 0.000000 0.000000
18.000000 167.982265 3.843466 -0.804680 1.539832 0.000000 0.000000 0.000000 1.000000 0.000000 0.000000
18.000000 167.986971 3.764526 -1.087774 1.753890 0.000000 0.000000 0.000000 1.000000 0.000000 0.000000
18.000000 167.989869 3.196067 -0.851736 1.625279 0.000000 0.000000 0.000000 1.000000 0.000000 0.000000
18.000000 167.992162 3.805332 -0.805794 1.538176 0.000000 0.000000 0.000000 1.000000 0.000000 0.000000
18.000000 167.996798 3.738488 -1.092930 1.762179 0.000000 0.000000 0.000000 1.000000 0.000000 0.000000
18.000000 167.999654 3.163152 -0.854850 1.628063 0.000000 0.000000 0.000000 1.000000 0.000000 0.000000
18.000000 168.002115 3.763080 -0.805060 1.545340 0.000000 0.000000 0.000000 1.000000 0.000000 0.000000
18.000000 168.007051 3.667956 -1.086691 1.754832 0.000000 0.000000 0.000000 1.000000 0.000000 0.000000
18.000000 168.009619 3.126302 -0.857389 1.626274 0.000000 0.000000 0.000000 1.000000 0.000000 0.000000
18.000000 168.012195 3.711409 -0.805788 1.546513 0.000000 0.000000 0.000000 1.000000 0.000000 0.000000
18.000000 168.016852 3.666335 -1.098674 1.763540 0.000000 0.000000 0.000000 1.000000 0.000000 0.000000
18.000000 168.019655 3.083207 -0.859546 1.629229 0.000000 0.000000 0.000000 1.000000 0.000000 0.000000
18.000000 168.022041 3.668175 -0.810368 1.547405 0.000000 0.000000 0.000000 1.000000 0.000000 0.000000
18.000000 168.027099 3.664086 -1.099583 1.766260 0.000000 0.000000 0.000000 1.000000 0.000000 0.000000
18.000000 168.029742 3.050302 -0.855945 1.630040 0.000000 0.000000 0.000000 1.000000 0.000000 0.000000
18.000000 168.032093 3.620818 -0.812283 1.549112 0.000000 0.000000 0.000000 1.000000 0.000000 0.000000
18.000000 168.036905 3.529545 -1.078987 1.761040 0.000000 0.000000 0.000000 1.000000 0.000000 0.000000
18.000000 168.039636 3.004321 -0.861217 1.626779 0.000000 0.000000 0.000000 1.000000 0.000000 0.000000
18.000000 168.042068 3.587291 -0.812331 1.542565 0.000000 0.000000 0.000000 1.000000 0.000000 0.000000
18.000000 168.046955 3.536619 -1.097500 1.758697 0.000000 0.000000 0.000000 1.000000 0.000000 0.000000
18.000000 168.049728 2.968595 -0.860987 1.624268 0.000000 0.000000 0.000000 1.000000 0.000000 0.000000
18.000000 168.052105 3.545589 -0.806799 1.542041 0.000000 0.000000 0.000000 1.000000 0.000000 0.000000
18.000000 168.056824 3.416365 -1.076908 1.745840 0.000000 0.000000 0.000000 1.000000 0.000000 0.000000
18.000000 168.059690 2.927087 -0.863245 1.622363 0.000000 0.000000 0.000000 1.000000 0.000000 0.000000
18.000000 168.062128 3.503329 -0.809542 1.537828 0.000000 0.000000 0.000000 1.000000 0.000000 0.000000
18.000000 168.066888 3.455274 -1.086334 1.752543 0.000000 0.000000 0.000000 1.000000 0.000000 0.000000
18.000000 168.069798 2.890010 -0.860007 1.615179 0.000000 0.000000 0.000000 1.000000 0.000000 0.000000
18.000000 168.072061 3.453122 -0.814162 1.532815 0.000000 0.000000 0.000000 1.000000 0.000000 0.000000
18.000000 168.076898 3.474921 -1.100644 1.741979 0.000000 0.000000 0.000000 1.000000 0.000000 0.000000
18.000000 168.079893 2.909630 -0.873687 1.592576 0.000000 0.000000 0.000000 1.000000 0.000000 0.000000
18.000000 168.082082 3.418704 -0.815283 1.526208 0.000000 0.000000 0.000000 1.000000 0.000000 0.000000
18.000000 168.087084 3.357308 -1.092190 1.738292 0.000000 0.000000 0.000000 1.000000 0.000000 0.000000
18.000000 168.089888 2.810323 -0.865325 1.602075 0.000000 0.000000 0.000000 1.000000 0.000000 0.000000
18.000000 168.092095 3.380939 -0.811370 1.517180 0.000000 0.000000 0.000000 1.000000 0.000000 0.000000
18.000000 168.096943 3.277540 -1.084366 1.731967 0.000000 0.000000 0.000000 1.000000 0.000000 0.000000
18.000000 168.099603 2.771209 -0.869030 1.598847 0.000000 0.000000 0.000000 1.000000 0.000000 0.000000
18.000000 168.102165 3.331716 -0.812632 1.514111 0.000000 0.000000 0.000000 1.000000 0.000000 0.000000
18.000000 168.107007 3.279791 -1.098902 1.727641 0.000000 0.000000 0.000000 1.000000 0.000000 0.000000
18.000000 168.109686 2.719541 -0.867727 1.591584 0.000000 0.000000 0.000000 1.000000 0.000000 0.000000
18.000000 168.112204 3.296348 -0.814479 1.501873 0.000000 0.000000 0.000000 1.000000 0.000000 0.000000
18.000000 168.117073 3.354702 -1.133091 1.728206 0.000000 0.000000 0.000000 1.000000 0.000000 0.000000
18.000000 168.119569 2.695321 -0.874862 1.575364 0.000000 0.000000 0.000000 1.000000 0.000000 0.000000
18.000000 168.122119 3.249385 -0.819124 1.491253 0.000000 0.000000 0.000000 1.000000 0.000000 0.000000
18.000000 168.127068 3.213598 -1.100911 1.701738 0.000000 0.000000 0.000000 1.000000 0.000000 0.000000
18.000000 168.129770 2.679790 -0.878217 1.561008 0.000000 0.000000 0.000000 1.000000 0.000000 0.000000
18.000000 168.132317 3.207840 -0.817210 1.482515 0.000000 0.000000 0.000000 1.000000 0.000000 0.000000
18.000000 168.136858 3.294765 -1.137993 1.706400 0.000000 0.000000 0.000000 1.000000 0.000000 0.000000
18.000000 168.139600 2.642045 -0.880149 1.550690 0.000000 0.000000 0.000000 1.000000 0.000000 0.000000
18.000000 168.142303 3.172399 -0.818487 1.464803 0.000000 0.000000 0.000000 1.000000 0.000000 0.000000
18.000000 168.147101 3.257426 -1.144987 1.697049 0.000000 0.000000 0.000000 1.000000 0.000000 0.000000
18.000000 168.149673 2.581420 -0.878736 1.543801 0.000000 0.000000 0.000000 1.000000 0.000000 0.000000
18.000000 168.152142 3.129214 -0.819416 1.454542 0.000000 0.000000 0.000000 1.000000 0.000000 0.000000
18.000000 168.155797 2.760064 -1.108132 1.700795 0.000000 0.000000 0.000000 1.000000 0.000000 0.000000
18.000000 168.159608 2.564297 -0.881628 1.526199 0.000000 0.000000 0.000000 1.000000 0.000000 0.000000
18.000000 168.162122 3.090860 -0.816396 1.440777 0.000000 0.000000 0.000000 1.000000 0.000000 0.000000
18.000000 168.166966 3.025279 -1.099712 1.655036 0.000000 0.000000 0.000000 1.000000 0.000000 0.000000
18.000000 168.169708 2.511341 -0.883792 1.515096 0.000000 0.000000 0.000000 1.000000 0.000000 0.000000
18.000000 168.172169 3.043334 -0.822930 1.426498 0.000000 0.000000 0.000000 1.000000 0.000000 0.000000
18.000000 168.176860 3.052748 -1.113952 1.650070 0.000000 0.000000 0.000000 1.000000 0.000000 0.000000
18.000000 168.179611 2.482118 -0.881721 1.500181 0.000000 0.000000 0.000000 1.000000 0.000000 0.000000
18.000000 168.182111 3.007677 -0.817928 1.410621 0.000000 0.000000 0.000000 1.000000 0.000000 0.000000
18.000000 168.187049 3.119926 -1.148086 1.643069 0.000000 0.000000 0.000000 1.000000 0.000000 0.000000
18.000000 168.189831 2.442001 -0.883983 1.483337 0.000000 0.000000 0.000000 1.000000 0.000000 0.000000
18.000000 168.192127 2.961218 -0.821603 1.390017 0.000000 0.000000 0.000000 1.000000 0.000000 0.000000
18.000000 168.196897 3.025240 -1.132787 1.625206 0.000000 0.000000 0.000000 1.000000 0.000000 0.000000
18.000000 168.199590 2.414097 -0.888423 1.464130 0.000000 0.000000 0.000000 1.000000 0.000000 0.000000
18.000000 168.202139 2.934249 -0.818568 1.371195 0.000000 0.000000 0.000000 1.000000 0.000000 0.000000
18.000000 168.206937 2.915880 -1.121677 1.593739 0.000000 0.000000 0.000000 1.000000 0.000000 0.000000
18.000000 168.209719 2.364993 -0.889469 1.450824 0.000000 0.000000 0.000000 1.000000 0.000000 0.000000
18.000000 168.212157 2.885581 -0.821979 1.357012 0.000000 0.000000 0.000000 1.000000 0.000000 0.000000
18.000000 168.217007 2.923270 -1.127074 1.578375 0.000000 0.000000 0.000000 1.000000 0.000000 0.000000
18.000000 168.219808 2.346675 -0.891588 1.426851 0.000000 0.000000 0.000000 1.000000 0.000000 0.000000
18.000000 168.222162 2.842187 -0.823536 1.335666 0.000000 0.000000 0.000000 1.000000 0.000000 0.000000
18.000000 168.226915 2.910178 -1.125607 1.558685 0.000000 0.000000 0.000000 1.000000 0.000000 0.000000
18.000000 168.229752 2.313661 -0.887470 1.406248 0.000000 0.000000 0.000000 1.000000 0.000000 0.000000
18.000000 168.232196 2.803268 -0.824206 1.313438 0.000000 0.000000 0.000000 1.000000 0.000000 0.000000
18.000000 168.236928 2.813676 -1.127250 1.528059 0.000000 0.000000 0.000000 1.000000 0.000000 0.000000
18.000000 168.239719 2.272174 -0.896330 1.384390 0.000000 0.000000 0.000000 1.000000 0.000000 0.000000
18.000000 168.242228 2.761549 -0.823771 1.293636 0.000000 0.000000 0.000000 1.000000 0.000000 0.000000
18.000000 168.246948 2.860434 -1.152174 1.510386 0.000000 0.000000 0.000000 1.000000 0.000000 0.000000
18.000000 168.249738 2.251205 -0.899781 1.360338 0.000000 0.000000 0.000000 1.000000 0.000000 0.000000
18.000000 168.252147 2.721744 -0.825462 1.270346 0.000000 0.000000 0.000000 1.000000 0.000000 0.000000
18.000000 168.256957 2.745509 -1.130990 1.489561 0.000000 0.000000 0.000000 1.000000 0.000000 0.000000
18.000000 168.259731 2.206367 -0.900782 1.341207 0.000000 0.000000 0.000000 1.000000 0.000000 0.000000
18.000000 168.262192 2.684328 -0.823753 1.246515 0.000000 0.000000 0.000000 1.000000 0.000000 0.000000
18.000000 168.265731 2.324607 -1.124411 1.484750 0.000000 0.000000 0.000000 1.000000 0.000000 0.000000
18.000000 168.269711 2.174433 -0.904900 1.316379 0.000000 0.000000 0.000000 1.000000 0.000000 0.000000
18.000000 168.272152 2.643786 -0.825736 1.221010 0.000000 0.000000 0.000000 1.000000 0.000000 0.000000
18.000000 168.276882 2.866053 -1.184632 1.459307 0.000000 0.000000 0.000000 1.000000 0.000000 0.000000
18.000000 168.279675 2.157786 -0.905321 1.288825 0.000000 0.000000 0.000000 1.000000 0.000000 0.000000
18.000000 168.282216 2.604746 -0.825602 1.192552 0.000000 0.000000 0.000000 1.000000 0.000000 0.000000
18.000000 168.286969 2.753200 -1.159023 1.425950 0.000000 0.000000 0.000000 1.000000 0.000000 0.000000
18.000000 168.289756 2.113954 -0.902838 1.260612 0.000000 0.000000 0.000000 1.000000 0.000000 0.000000
18.000000 168.292191 2.572680 -0.825094 1.157634 0.000000 0.000000 0.000000 1.000000 0.000000 0.000000
18.000000 168.297129 2.732021 -1.174379 1.394527 0.000000 0.000000 0.000000 1.000000 0.000000 0.000000
18.000000 168.299677 2.071988 -0.906762 1.232563 0.000000 0.000000 0.000000 1.000000 0.000000 0.000000
18.000000 168.302174 2.520905 -0.826237 1.138202 0.000000 0.000000 0.000000 1.000000 0.000000 0.000000
18.000000 168.306954 2.693238 -1.170729 1.362233 0.000000 0.000000 0.000000 1.000000 0.000000 0.000000
18.000000 168.309785 2.068608 -0.914812 1.198410 0.000000 0.000000 0.000000 1.000000 0.000000 0.000000
18.000000 168.312272 2.479266 -0.828920 1.111124 0.000000 0.000000 0.000000 1.000000 0.000000 0.000000
18.000000 168.317072 2.634726 -1.159899 1.332882 0.000000 0.000000 0.000000 1.000000 0.000000 0.000000
18.000000 168.319671 2.049123 -0.916978 1.169303 0.000000 0.000000 0.000000 1.000000 0.000000 0.000000
18.000000 168.322251 2.448271 -0.828540 1.081825 0.000000 0.000000 0.000000 1.000000 0.000000 0.000000
18.000000 168.327077 2.699225 -1.183651 1.320410 0.000000 0.000000 0.000000 1.000000 0.000000 0.000000
18.000000 168.329761 1.998661 -0.911467 1.144135 0.000000 0.000000 0.000000 1.000000 0.000000 0.000000
18.000000 168.332259 2.409306 -0.830206 1.051603 0.000000 0.000000 0.000000 1.000000 0.000000 0.000000
18.000000 168.336953 2.562160 -1.168811 1.268650 0.000000 0.000000 0.000000 1.000000 0.000000 0.000000
18.000000 168.339725 1.980859 -0.922629 1.106401 0.000000 0.000000 0.000000 1.000000 0.000000 0.000000
18.000000 168.342242 2.361723 -0.828702 1.018582 0.000000 0.000000 0.000000 1.000000 0.000000 0.000000
18.000000 168.347014 2.549424 -1.176893 1.238274 0.000000 0.000000 0.000000 1.000000 0.000000 0.000000
18.000000 168.349746 1.951870 -0.924727 1.071846 0.000000 0.000000 0.000000 1.000000 0.000000 0.000000
18.000000 168.352291 2.338240 -0.828081 0.979213 0.000000 0.000000 0.000000 1.000000 0.000000 0.000000
18.000000 168.356930 2.547373 -1.188539 1.210468 0.000000 0.000000 0.000000 1.000000 0.000000 0.000000
18.000000 168.359736 1.914892 -0.924589 1.044627 0.000000 0.000000 0.000000 1.000000 0.000000 0.000000
18.000000 168.362247 2.318012 -0.832472 0.940341 0.000000 0.000000 0.000000 1.000000 0.000000 0.000000
18.000000 168.367086 2.485148 -1.185663 1.169324 0.000000 0.000000 0.000000 1.000000 0.000000 0.000000
18.000000 168.369737 1.906374 -0.936169 1.004180 0.000000 0.000000 0.000000 1.000000 0.000000 0.000000
18.000000 168.377007 2.544143 -1.213721 1.145654 0.000000 0.000000 0.000000 1.000000 0.000000 0.000000
18.000000 168.379755 1.868296 -0.934563 0.969970 0.000000 0.000000 0.000000 1.000000 0.000000 0.000000
18.000000 168.386974 2.414182 -1.192597 1.097610 0.000000 0.000000 0.000000 1.000000 0.000000 0.000000
18.000000 168.396940 2.421415 -1.202724 1.061691 0.000000 0.000000 0.000000 1.000000 0.000000 0.000000
18.000000 168.407020 2.289810 -1.175699 1.018022 0.000000 0.000000 0.000000 1.000000 0.000000 0.000000
18.000000 168.417016 2.367024 -1.202252 0.989877 0.000000 0.000000 0.000000 1.000000 0.000000 0.000000
18.000000 168.427092 2.320163 -1.210351 0.944099 0.000000 0.000000 0.000000 1.000000 0.000000 0.000000
18.000000 168.435873 2.353253 -1.226312 0.939461 0.000000 0.000000 0.000000 1.000000 0.000000 0.000000
18.000000 168.436992 2.447965 -1.247830 0.931721 0.000000 0.000000 0.000000 1.000000 0.000000 0.000000
18.000000 168.447121 2.265655 -1.214697 0.866571 0.000000 0.000000 0.000000 1.000000 0.000000 0.000000
18.000000 168.456998 2.350594 -1.238868 0.844594 0.000000 0.000000 0.000000 1.000000 0.000000 0.000000
18.000000 168.467127 2.187972 -1.209679 0.776293 0.000000 0.000000 0.000000 1.000000 0.000000 0.000000
18.000000 168.476977 2.131970 -1.213053 0.734791 0.000000 0.000000 0.000000 1.000000 0.000000 0.000000
18.000000 168.487129 2.195917 -1.233207 0.701032 0.000000 0.000000 0.000000 1.000000 0.000000 0.000000
18.000000 168.497161 2.168497 -1.232487 0.650632 0.000000 0.000000 0.000000 1.000000 0.000000 0.000000
18.000000 168.507187 2.084621 -1.232863 0.593741 0.000000 0.000000 0.000000 1.000000 0.000000 0.000000
18.000000 168.527217 2.249129 -1.277847 0.545083 0.000000 0.000000 0.000000 1.000000 0.000000 0.000000
18.000000 168.537060 2.121937 -1.265322 0.482522 0.000000 0.000000 0.000000 1.000000 0.000000 0.000000
18.000000 168.547171 2.080347 -1.257786 0.429799 0.000000 0.000000 0.000000 1.000000 0.000000 0.000000
18.000000 168.557156 2.015676 -1.260487 0.370735 0.000000 0.000000 0.000000 1.000000 0.000000 0.000000
18.000000 168.567084 2.027070 -1.267962 0.328260 0.000000 0.000000 0.000000 1.000000 0.000000 0.000000
18.000000 168.577054 1.914034 -1.260148 0.339478 0.000000 0.000000 0.000000 1.000000 0.000000 0.000000
18.000000 168.587186 1.976422 -1.278534 0.395665 0.000000 0.000000 0.000000 1.000000 0.000000 0.000000
18.000000 168.597075 1.937733 -1.270034 0.436064 0.000000 0.000000 0.000000 1.000000 0.000000 0.000000
18.000000 168.607147 1.930717 -1.286541 0.466452 0.000000 0.000000 0.000000 1.000000 0.000000 0.000000
18.000000 168.617078 1.923167 -1.296158 0.497025 0.000000 0.000000 0.000000 1.000000 0.000000 0.000000
18.000000 168.625889 2.085775 -1.313723 0.543340 0.000000 0.000000 0.000000 1.000000 0.000000 0.000000
18.000000 168.627194 1.808445 -1.270383 0.527364 0.000000 0.000000 0.000000 1.000000 0.000000 0.000000
18.000000 168.637136 1.707261 -1.268148 0.542820 0.000000 0.000000 0.000000 1.000000 0.000000 0.000000
18.000000 168.647166 1.702397 -1.275900 0.575576 0.000000 0.000000 0.000000 1.000000 0.000000 0.000000
18.000000 168.657016 1.686801 -1.284054 0.608961 0.000000 0.000000 0.000000 1.000000 0.000000 0.000000
18.000000 168.667151 1.588838 -1.275751 0.631565 0.000000 0.000000 0.000000 1.000000 0.000000 0.000000
18.000000 168.677059 1.581284 -1.280690 0.664311 0.000000 0.000000 0.000000 1.000000 0.000000 0.000000
18.000000 168.685953 1.835688 -1.327738 0.720270 0.000000 0.000000 0.000000 1.000000 0.000000 0.000000
18.000000 168.687237 1.666315 -1.297432 0.714659 0.000000 0.000000 0.000000 1.000000 0.000000 0.000000
18.000000 168.697122 1.688451 -1.306128 0.746680 0.000000 0.000000 0.000000 1.000000 0.000000 0.000000
18.000000 168.707221 1.623789 -1.306063 0.764089 0.000000 0.000000 0.000000 1.000000 0.000000 0.000000
18.000000 168.717117 1.646812 -1.315792 0.801961 0.000000 0.000000 0.000000 1.000000 0.000000 0.000000
18.000000 168.727242 1.490838 -1.303813 0.812974 0.000000 0.000000 0.000000 1.000000 0.000000 0.000000
18.000000 168.737341 1.532833 -1.305167 0.836158 0.000000 0.000000 0.000000 1.000000 0.000000 0.000000
18.000000 168.745955 1.778974 -1.353045 0.885785 0.000000 0.000000 0.000000 1.000000 0.000000 0.000000
18.000000 168.747179 1.590328 -1.329149 0.872964 0.000000 0.000000 0.000000 1.000000 0.000000 0.000000
18.000000 168.757273 1.478701 -1.318763 0.885407 0.000000 0.000000 0.000000 1.000000 0.000000 0.000000
18.000000 168.767354 1.443634 -1.316836 0.909488 0.000000 0.000000 0.000000 1.000000 0.000000 0.000000
18.000000 168.777273 1.555318 -1.336426 0.941453 0.000000 0.000000 0.000000 1.000000 0.000000 0.000000
