25.000000 270.209047 25.152167 -0.279814 0.329069 0.000000 0.000000 0.000000 1.000000 0.000000 0.000000
25.000000 270.215833 25.046290 -0.277732 0.371684 0.000000 0.000000 0.000000 1.000000 0.000000 0.000000
25.000000 270.218947 24.999839 -0.289487 0.412641 0.000000 0.000000 0.000000 1.000000 0.000000 0.000000
25.000000 270.228856 24.908332 -0.289327 0.476575 0.000000 0.000000 0.000000 1.000000 0.000000 0.000000
25.000000 270.239195 24.763273 -0.286922 0.580190 0.000000 0.000000 0.000000 1.000000 0.000000 0.000000
25.000000 270.249121 24.594083 -0.288676 0.690087 0.000000 0.000000 0.000000 1.000000 0.000000 0.000000
25.000000 270.258985 24.452677 -0.281575 0.783584 0.000000 0.000000 0.000000 1.000000 0.000000 0.000000
25.000000 270.268999 24.378654 -0.280495 0.861378 0.000000 0.000000 0.000000 1.000000 0.000000 0.000000
25.000000 270.279017 24.234531 -0.269742 0.939238 0.000000 0.000000 0.000000 1.000000 0.000000 0.000000
25.000000 270.289072 24.013046 -0.274479 1.021110 0.000000 0.000000 0.000000 1.000000 0.000000 0.000000
25.000000 270.295859 22.971663 -0.421882 1.142693 0.000000 0.000000 0.000000 1.000000 0.000000 0.000000
25.000000 270.299010 23.893827 -0.268902 1.094357 0.000000 0.000000 0.000000 1.000000 0.000000 0.000000
25.000000 270.306070 22.865657 -0.410606 1.226319 0.000000 0.000000 0.000000 1.000000 0.000000 0.000000
25.000000 270.309076 23.754781 -0.251037 1.182345 0.000000 0.000000 0.000000 1.000000 0.000000 0.000000
25.000000 270.315808 22.754839 -0.404528 1.296952 0.000000 0.000000 0.000000 1.000000 0.000000 0.000000
25.000000 270.319008 23.601637 -0.252642 1.259210 0.000000 0.000000 0.000000 1.000000 0.000000 0.000000
25.000000 270.326030 22.667824 -0.402215 1.373242 0.000000 0.000000 0.000000 1.000000 0.000000 0.000000
25.000000 270.328954 23.502010 -0.248625 1.336598 0.000000 0.000000 0.000000 1.000000 0.000000 0.000000
25.000000 270.335925 22.539833 -0.386991 1.428136 0.000000 0.000000 0.000000 1.000000 0.000000 0.000000
25.000000 270.339247 23.267522 -0.258234 1.405468 0.000000 0.000000 0.000000 1.000000 0.000000 0.000000
25.000000 270.346002 22.436948 -0.383526 1.495678 0.000000 0.000000 0.000000 1.000000 0.000000 0.000000
25.000000 270.349122 23.192539 -0.243133 1.479415 0.000000 0.000000 0.000000 1.000000 0.000000 0.000000
25.000000 270.355976 22.326660 -0.376960 1.560268 0.000000 0.000000 0.000000 1.000000 0.000000 0.000000
25.000000 270.359026 23.044581 -0.244420 1.550164 0.000000 0.000000 0.000000 1.000000 0.000000 0.000000
25.000000 270.366038 22.218599 -0.370200 1.626118 0.000000 0.000000 0.000000 1.000000 0.000000 0.000000
25.000000 270.368959 22.875462 -0.251039 1.622511 0.000000 0.000000 0.000000 1.000000 0.000000 0.000000
25.000000 270.375934 22.112284 -0.362725 1.688293 0.000000 0.000000 0.000000 1.000000 0.000000 0.000000
25.000000 270.379074 22.800339 -0.229117 1.685885 0.000000 0.000000 0.000000 1.000000 0.000000 0.000000
25.000000 270.386002 22.000106 -0.354301 1.750811 0.000000 0.000000 0.000000 1.000000 0.000000 0.000000
25.000000 270.389045 22.659667 -0.224006 1.746826 0.000000 0.000000 0.000000 1.000000 0.000000 0.000000
25.000000 270.395957 21.888505 -0.346742 1.810533 0.000000 0.000000 0.000000 1.000000 0.000000 0.000000
25.000000 270.399179 22.508459 -0.223826 1.812186 0.000000 0.000000 0.000000 1.000000 0.000000 0.000000
25.000000 270.406067 21.788461 -0.341697 1.871937 0.000000 0.000000 0.000000 1.000000 0.000000 0.000000
25.000000 270.408997 22.413803 -0.213546 1.872547 0.000000 0.000000 0.000000 1.000000 0.000000 0.000000
25.000000 270.415935 21.672616 -0.336364 1.930426 0.000000 0.000000 0.000000 1.000000 0.000000 0.000000
25.000000 270.419063 22.199372 -0.233662 1.936487 0.000000 0.000000 0.000000 1.000000 0.000000 0.000000
25.000000 270.426030 21.568063 -0.331015 1.987446 0.000000 0.000000 0.000000 1.000000 0.000000 0.000000
25.000000 270.429005 22.139308 -0.210270 1.999057 0.000000 0.000000 0.000000 1.000000 0.000000 0.000000
25.000000 270.435914 21.452390 -0.326289 2.036657 0.000000 0.000000 0.000000 1.000000 0.000000 0.000000
25.000000 270.439076 22.032353 -0.203779 2.046028 0.000000 0.000000 0.000000 1.000000 0.000000 0.000000
25.000000 270.446079 21.348239 -0.320656 2.094481 0.000000 0.000000 0.000000 1.000000 0.000000 0.000000
25.000000 270.449086 21.899603 -0.202326 2.107915 0.000000 0.000000 0.000000 1.000000 0.000000 0.000000
25.000000 270.456027 21.227888 -0.310919 2.149505 0.000000 0.000000 0.000000 1.000000 0.000000 0.000000
25.000000 270.459120 21.736559 -0.200534 2.168833 0.000000 0.000000 0.000000 1.000000 0.000000 0.000000
25.000000 270.466045 21.126329 -0.305162 2.205187 0.000000 0.000000 0.000000 1.000000 0.000000 0.000000
25.000000 270.469043 21.609272 -0.198448 2.226195 0.000000 0.000000 0.000000 1.000000 0.000000 0.000000
25.000000 270.475943 21.049323 -0.314096 2.264077 0.000000 0.000000 0.000000 1.000000 0.000000 0.000000
25.000000 270.476207 20.612962 -0.489789 2.258725 0.000000 0.000000 0.000000 1.000000 0.000000 0.000000
25.000000 270.479107 20.392941 -0.228561 2.370075 0.000000 0.000000 0.000000 1.000000 0.000000 0.000000
25.000000 270.486110 20.000318 -0.020965 2.194806 0.000000 0.000000 0.000000 1.000000 0.000000 0.000000
25.000000 270.486154 20.478988 -0.464214 2.304629 0.000000 0.000000 0.000000 1.000000 0.000000 0.000000
25.000000 270.489049 21.373857 -0.187309 2.331489 0.000000 0.000000 0.000000 1.000000 0.000000 0.000000
25.000000 270.495994 20.796826 -0.286423 2.358989 0.000000 0.000000 0.000000 1.000000 0.000000 0.000000
25.000000 270.496155 20.355820 -0.459802 2.357810 0.000000 0.000000 0.000000 1.000000 0.000000 0.000000
25.000000 270.499125 20.152030 -0.221965 2.471091 0.000000 0.000000 0.000000 1.000000 0.000000 0.000000
25.000000 270.506112 20.680358 -0.284098 2.401845 0.000000 0.000000 0.000000 1.000000 0.000000 0.000000
25.000000 270.506138 20.240103 -0.456927 2.401705 0.000000 0.000000 0.000000 1.000000 0.000000 0.000000
25.000000 270.509026 20.030908 -0.216693 2.518572 0.000000 0.000000 0.000000 1.000000 0.000000 0.000000
25.000000 270.516045 20.598038 -0.288323 2.457637 0.000000 0.000000 0.000000 1.000000 0.000000 0.000000
25.000000 270.516177 20.144039 -0.466388 2.452843 0.000000 0.000000 0.000000 1.000000 0.000000 0.000000
25.000000 270.519280 19.913826 -0.212191 2.562308 0.000000 0.000000 0.000000 1.000000 0.000000 0.000000
25.000000 270.526076 20.451992 -0.271176 2.496977 0.000000 0.000000 0.000000 1.000000 0.000000 0.000000
25.000000 270.526218 20.006613 -0.443393 2.499894 0.000000 0.000000 0.000000 1.000000 0.000000 0.000000
25.000000 270.529043 19.790343 -0.205870 2.612801 0.000000 0.000000 0.000000 1.000000 0.000000 0.000000
25.000000 270.536029 20.341817 -0.264101 2.544965 0.000000 0.000000 0.000000 1.000000 0.000000 0.000000
25.000000 270.536227 19.891533 -0.436201 2.549416 0.000000 0.000000 0.000000 1.000000 0.000000 0.000000
25.000000 270.539132 19.664333 -0.194424 2.655834 0.000000 0.000000 0.000000 1.000000 0.000000 0.000000
25.000000 270.546101 20.242417 -0.258021 2.588333 0.000000 0.000000 0.000000 1.000000 0.000000 0.000000
25.000000 270.546102 19.771685 -0.434726 2.594676 0.000000 0.000000 0.000000 1.000000 0.000000 0.000000
25.000000 270.549081 19.547414 -0.198613 2.700319 0.000000 0.000000 0.000000 1.000000 0.000000 0.000000
25.000000 270.556126 19.147819 0.007072 2.535856 0.000000 0.000000 0.000000 1.000000 0.000000 0.000000
25.000000 270.556157 19.661889 -0.430195 2.635196 0.000000 0.000000 0.000000 1.000000 0.000000 0.000000
25.000000 270.559328 20.477026 -0.167035 2.666941 0.000000 0.000000 0.000000 1.000000 0.000000 0.000000
25.000000 270.566090 20.022513 -0.247892 2.670544 0.000000 0.000000 0.000000 1.000000 0.000000 0.000000
25.000000 270.566136 19.540302 -0.429688 2.675279 0.000000 0.000000 0.000000 1.000000 0.000000 0.000000
25.000000 270.569032 19.302386 -0.189648 2.777977 0.000000 0.000000 0.000000 1.000000 0.000000 0.000000
25.000000 270.575959 19.925128 -0.250215 2.718970 0.000000 0.000000 0.000000 1.000000 0.000000 0.000000
25.000000 270.576178 19.440374 -0.431941 2.723633 0.000000 0.000000 0.000000 1.000000 0.000000 0.000000
25.000000 270.579138 19.202482 -0.195870 2.823873 0.000000 0.000000 0.000000 1.000000 0.000000 0.000000
25.000000 270.586146 19.786685 -0.238588 2.751864 0.000000 0.000000 0.000000 1.000000 0.000000 0.000000
25.000000 270.586206 19.309342 -0.416931 2.759755 0.000000 0.000000 0.000000 1.000000 0.000000 0.000000
25.000000 270.589098 19.070993 -0.183051 2.863047 0.000000 0.000000 0.000000 1.000000 0.000000 0.000000
25.000000 270.596039 19.679062 -0.236714 2.790680 0.000000 0.000000 0.000000 1.000000 0.000000 0.000000
25.000000 270.596127 19.193978 -0.417186 2.800367 0.000000 0.000000 0.000000 1.000000 0.000000 0.000000
25.000000 270.599315 18.937248 -0.173000 2.898429 0.000000 0.000000 0.000000 1.000000 0.000000 0.000000
25.000000 270.606119 19.574883 -0.232158 2.834541 0.000000 0.000000 0.000000 1.000000 0.000000 0.000000
25.000000 270.606221 19.084772 -0.413896 2.842452 0.000000 0.000000 0.000000 1.000000 0.000000 0.000000
25.000000 270.609253 18.823612 -0.170393 2.934655 0.000000 0.000000 0.000000 1.000000 0.000000 0.000000
25.000000 270.616292 18.411549 0.034027 2.788349 0.000000 0.000000 0.000000 1.000000 0.000000 0.000000
25.000000 270.616307 18.967285 -0.407640 2.878008 0.000000 0.000000 0.000000 1.000000 0.000000 0.000000
25.000000 270.619308 19.753345 -0.145416 2.907725 0.000000 0.000000 0.000000 1.000000 0.000000 0.000000
25.000000 270.626101 19.348950 -0.217552 2.903975 0.000000 0.000000 0.000000 1.000000 0.000000 0.000000
25.000000 270.626195 18.853974 -0.401956 2.909529 0.000000 0.000000 0.000000 1.000000 0.000000 0.000000
25.000000 270.629010 18.598472 -0.169057 3.000541 0.000000 0.000000 0.000000 1.000000 0.000000 0.000000
25.000000 270.636026 19.215669 -0.223035 2.934136 0.000000 0.000000 0.000000 1.000000 0.000000 0.000000
25.000000 270.636287 18.739550 -0.400296 2.941428 0.000000 0.000000 0.000000 1.000000 0.000000 0.000000
25.000000 270.639110 18.484058 -0.169271 3.036407 0.000000 0.000000 0.000000 1.000000 0.000000 0.000000
25.000000 270.646386 19.105172 -0.212934 2.968064 0.000000 0.000000 0.000000 1.000000 0.000000 0.000000
25.000000 270.646443 18.619119 -0.393101 2.976757 0.000000 0.000000 0.000000 1.000000 0.000000 0.000000
25.000000 270.648992 18.365872 -0.167318 3.068955 0.000000 0.000000 0.000000 1.000000 0.000000 0.000000
25.000000 270.656037 19.008353 -0.209027 2.997290 0.000000 0.000000 0.000000 1.000000 0.000000 0.000000
25.000000 270.656482 18.509491 -0.392325 3.011171 0.000000 0.000000 0.000000 1.000000 0.000000 0.000000
25.000000 270.659150 18.244963 -0.161304 3.101219 0.000000 0.000000 0.000000 1.000000 0.000000 0.000000
25.000000 270.666262 18.900137 -0.200350 3.032909 0.000000 0.000000 0.000000 1.000000 0.000000 0.000000
25.000000 270.666289 18.392685 -0.388568 3.044997 0.000000 0.000000 0.000000 1.000000 0.000000 0.000000
25.000000 270.669044 18.123670 -0.157886 3.133270 0.000000 0.000000 0.000000 1.000000 0.000000 0.000000
25.000000 270.676117 18.805076 -0.199665 3.068630 0.000000 0.000000 0.000000 1.000000 0.000000 0.000000
25.000000 270.676349 18.291739 -0.389890 3.080430 0.000000 0.000000 0.000000 1.000000 0.000000 0.000000
25.000000 270.679122 18.001609 -0.146771 3.164229 0.000000 0.000000 0.000000 1.000000 0.000000 0.000000
25.000000 270.686166 18.653152 -0.194994 3.093688 0.000000 0.000000 0.000000 1.000000 0.000000 0.000000
25.000000 270.686281 18.164752 -0.376265 3.106734 0.000000 0.000000 0.000000 1.000000 0.000000 0.000000
25.000000 270.689067 17.888813 -0.146328 3.191570 0.000000 0.000000 0.000000 1.000000 0.000000 0.000000
25.000000 270.696472 18.055737 -0.373505 3.136104 0.000000 0.000000 0.000000 1.000000 0.000000 0.000000
25.000000 270.699214 17.771462 -0.140376 3.219806 0.000000 0.000000 0.000000 1.000000 0.000000 0.000000
25.000000 270.706226 18.426707 -0.192020 3.150039 0.000000 0.000000 0.000000 1.000000 0.000000 0.000000
25.000000 270.706328 17.942277 -0.372804 3.162564 0.000000 0.000000 0.000000 1.000000 0.000000 0.000000
25.000000 270.709077 17.654769 -0.139993 3.244956 0.000000 0.000000 0.000000 1.000000 0.000000 0.000000
25.000000 270.716142 18.328687 -0.182707 3.175389 0.000000 0.000000 0.000000 1.000000 0.000000 0.000000
25.000000 270.716461 17.834217 -0.366914 3.189934 0.000000 0.000000 0.000000 1.000000 0.000000 0.000000
25.000000 270.719206 17.576016 -0.157928 3.272263 0.000000 0.000000 0.000000 1.000000 0.000000 0.000000
25.000000 270.726191 18.224549 -0.176655 3.202144 0.000000 0.000000 0.000000 1.000000 0.000000 0.000000
25.000000 270.726309 17.720931 -0.364606 3.215027 0.000000 0.000000 0.000000 1.000000 0.000000 0.000000
25.000000 270.729138 17.434960 -0.138289 3.292966 0.000000 0.000000 0.000000 1.000000 0.000000 0.000000
25.000000 270.736300 18.118071 -0.172348 3.231960 0.000000 0.000000 0.000000 1.000000 0.000000 0.000000
25.000000 270.736401 17.607177 -0.364587 3.241232 0.000000 0.000000 0.000000 1.000000 0.000000 0.000000
25.000000 270.739163 17.311496 -0.134670 3.315069 0.000000 0.000000 0.000000 1.000000 0.000000 0.000000
25.000000 270.746164 18.000117 -0.166972 3.253351 0.000000 0.000000 0.000000 1.000000 0.000000 0.000000
25.000000 270.746314 17.498842 -0.356328 3.263975 0.000000 0.000000 0.000000 1.000000 0.000000 0.000000
25.000000 270.749084 17.207909 -0.132661 3.336386 0.000000 0.000000 0.000000 1.000000 0.000000 0.000000
25.000000 270.756149 17.874064 -0.171420 3.275496 0.000000 0.000000 0.000000 1.000000 0.000000 0.000000
25.000000 270.756409 17.393315 -0.353659 3.284177 0.000000 0.000000 0.000000 1.000000 0.000000 0.000000
25.000000 270.759190 17.098920 -0.129486 3.355619 0.000000 0.000000 0.000000 1.000000 0.000000 0.000000
25.000000 270.766314 17.777014 -0.160421 3.298660 0.000000 0.000000 0.000000 1.000000 0.000000 0.000000
25.000000 270.766376 17.280534 -0.349865 3.305393 0.000000 0.000000 0.000000 1.000000 0.000000 0.000000
25.000000 270.769109 16.980495 -0.124779 3.373203 0.000000 0.000000 0.000000 1.000000 0.000000 0.000000
25.000000 270.776157 17.684397 -0.159968 3.313840 0.000000 0.000000 0.000000 1.000000 0.000000 0.000000
25.000000 270.776370 17.169939 -0.356809 3.321699 0.000000 0.000000 0.000000 1.000000 0.000000 0.000000
25.000000 270.779200 16.862740 -0.129498 3.388435 0.000000 0.000000 0.000000 1.000000 0.000000 0.000000
25.000000 270.786186 17.550564 -0.155578 3.336758 0.000000 0.000000 0.000000 1.000000 0.000000 0.000000
25.000000 270.786263 17.057673 -0.345371 3.341626 0.000000 0.000000 0.000000 1.000000 0.000000 0.000000
25.000000 270.789177 16.749669 -0.120413 3.402934 0.000000 0.000000 0.000000 1.000000 0.000000 0.000000
25.000000 270.796280 17.407859 -0.158905 3.353384 0.000000 0.000000 0.000000 1.000000 0.000000 0.000000
25.000000 270.796454 16.941646 -0.340025 3.355117 0.000000 0.000000 0.000000 1.000000 0.000000 0.000000
25.000000 270.799259 16.638614 -0.119912 3.417868 0.000000 0.000000 0.000000 1.000000 0.000000 0.000000
25.000000 270.806356 16.223774 0.065112 3.313680 0.000000 0.000000 0.000000 1.000000 0.000000 0.000000
25.000000 270.806364 16.841825 -0.341262 3.369326 0.000000 0.000000 0.000000 1.000000 0.000000 0.000000
25.000000 270.809097 17.469287 -0.108483 3.397137 0.000000 0.000000 0.000000 1.000000 0.000000 0.000000
25.000000 270.816221 17.210746 -0.158831 3.383180 0.000000 0.000000 0.000000 1.000000 0.000000 0.000000
25.000000 270.816505 16.746082 -0.341378 3.380250 0.000000 0.000000 0.000000 1.000000 0.000000 0.000000
25.000000 270.819272 16.453500 -0.132263 3.439095 0.000000 0.000000 0.000000 1.000000 0.000000 0.000000
25.000000 270.826226 17.075095 -0.140806 3.395505 0.000000 0.000000 0.000000 1.000000 0.000000 0.000000
25.000000 270.826368 16.603700 -0.327425 3.390886 0.000000 0.000000 0.000000 1.000000 0.000000 0.000000
25.000000 270.829128 16.316226 -0.124328 3.445976 0.000000 0.000000 0.000000 1.000000 0.000000 0.000000
25.000000 270.836190 16.992207 -0.135383 3.410815 0.000000 0.000000 0.000000 1.000000 0.000000 0.000000
25.000000 270.836432 16.503311 -0.329478 3.404754 0.000000 0.000000 0.000000 1.000000 0.000000 0.000000
25.000000 270.839272 16.185689 -0.106862 3.464358 0.000000 0.000000 0.000000 1.000000 0.000000 0.000000
25.000000 270.846196 16.852299 -0.142229 3.423035 0.000000 0.000000 0.000000 1.000000 0.000000 0.000000
25.000000 270.846401 16.397415 -0.323911 3.415869 0.000000 0.000000 0.000000 1.000000 0.000000 0.000000
25.000000 270.849085 16.082545 -0.104644 3.475306 0.000000 0.000000 0.000000 1.000000 0.000000 0.000000
25.000000 270.856147 16.778955 -0.128524 3.438361 0.000000 0.000000 0.000000 1.000000 0.000000 0.000000
25.000000 270.856500 16.286866 -0.325206 3.431768 0.000000 0.000000 0.000000 1.000000 0.000000 0.000000
25.000000 270.859246 15.962155 -0.102260 3.487646 0.000000 0.000000 0.000000 1.000000 0.000000 0.000000
25.000000 270.866227 16.621875 -0.137453 3.444815 0.000000 0.000000 0.000000 1.000000 0.000000 0.000000
25.000000 270.866389 16.185594 -0.313545 3.439603 0.000000 0.000000 0.000000 1.000000 0.000000 0.000000
25.000000 270.869092 15.870544 -0.098514 3.497259 0.000000 0.000000 0.000000 1.000000 0.000000 0.000000
25.000000 270.876136 16.513116 -0.135242 3.456577 0.000000 0.000000 0.000000 1.000000 0.000000 0.000000
25.000000 270.876449 16.070005 -0.313810 3.451239 0.000000 0.000000 0.000000 1.000000 0.000000 0.000000
25.000000 270.879299 15.746052 -0.096214 3.500135 0.000000 0.000000 0.000000 1.000000 0.000000 0.000000
25.000000 270.886247 16.401500 -0.129165 3.466346 0.000000 0.000000 0.000000 1.000000 0.000000 0.000000
25.000000 270.886379 15.957659 -0.309332 3.460097 0.000000 0.000000 0.000000 1.000000 0.000000 0.000000
25.000000 270.889311 15.631755 -0.092552 3.507969 0.000000 0.000000 0.000000 1.000000 0.000000 0.000000
25.000000 270.896206 16.294081 -0.127404 3.475825 0.000000 0.000000 0.000000 1.000000 0.000000 0.000000
25.000000 270.896450 15.851855 -0.307991 3.467842 0.000000 0.000000 0.000000 1.000000 0.000000 0.000000
25.000000 270.899293 15.518015 -0.087821 3.515112 0.000000 0.000000 0.000000 1.000000 0.000000 0.000000
25.000000 270.906316 16.197154 -0.121144 3.477432 0.000000 0.000000 0.000000 1.000000 0.000000 0.000000
25.000000 270.906390 15.749053 -0.304075 3.472923 0.000000 0.000000 0.000000 1.000000 0.000000 0.000000
25.000000 270.909133 15.417814 -0.086752 3.521466 0.000000 0.000000 0.000000 1.000000 0.000000 0.000000
25.000000 270.916179 16.073641 -0.124786 3.483007 0.000000 0.000000 0.000000 1.000000 0.000000 0.000000
25.000000 270.916486 15.638946 -0.304708 3.474393 0.000000 0.000000 0.000000 1.000000 0.000000 0.000000
25.000000 270.919396 15.319663 -0.095905 3.526175 0.000000 0.000000 0.000000 1.000000 0.000000 0.000000
25.000000 270.926239 15.955460 -0.118087 3.493910 0.000000 0.000000 0.000000 1.000000 0.000000 0.000000
25.000000 270.926397 15.524773 -0.296932 3.483510 0.000000 0.000000 0.000000 1.000000 0.000000 0.000000
25.000000 270.929284 15.185927 -0.079126 3.525905 0.000000 0.000000 0.000000 1.000000 0.000000 0.000000
25.000000 270.936345 15.838622 -0.113479 3.497537 0.000000 0.000000 0.000000 1.000000 0.000000 0.000000
25.000000 270.936536 15.413603 -0.291092 3.485773 0.000000 0.000000 0.000000 1.000000 0.000000 0.000000
25.000000 270.939482 15.086917 -0.082200 3.526974 0.000000 0.000000 0.000000 1.000000 0.000000 0.000000
25.000000 270.946341 15.726298 -0.111848 3.501237 0.000000 0.000000 0.000000 1.000000 0.000000 0.000000
25.000000 270.946488 15.309076 -0.287495 3.487111 0.000000 0.000000 0.000000 1.000000 0.000000 0.000000
25.000000 270.949274 14.969789 -0.073099 3.523851 0.000000 0.000000 0.000000 1.000000 0.000000 0.000000
25.000000 270.956216 15.608442 -0.111575 3.503560 0.000000 0.000000 0.000000 1.000000 0.000000 0.000000
25.000000 270.956541 15.197266 -0.286064 3.487748 0.000000 0.000000 0.000000 1.000000 0.000000 0.000000
25.000000 270.959331 14.853760 -0.070824 3.523462 0.000000 0.000000 0.000000 1.000000 0.000000 0.000000
25.000000 270.966416 15.543260 -0.113300 3.505731 0.000000 0.000000 0.000000 1.000000 0.000000 0.000000
25.000000 270.966500 15.122416 -0.292742 3.487606 0.000000 0.000000 0.000000 1.000000 0.000000 0.000000
25.000000 270.969132 14.753245 -0.063275 3.522787 0.000000 0.000000 0.000000 1.000000 0.000000 0.000000
25.000000 270.976357 15.420046 -0.090988 3.501575 0.000000 0.000000 0.000000 1.000000 0.000000 0.000000
25.000000 270.976462 14.983809 -0.277315 3.487625 0.000000 0.000000 0.000000 1.000000 0.000000 0.000000
25.000000 270.979276 14.638675 -0.063821 3.522885 0.000000 0.000000 0.000000 1.000000 0.000000 0.000000
25.000000 270.986395 15.290202 -0.099718 3.506427 0.000000 0.000000 0.000000 1.000000 0.000000 0.000000
25.000000 270.986487 14.880490 -0.276385 3.489656 0.000000 0.000000 0.000000 1.000000 0.000000 0.000000
25.000000 270.989229 14.527620 -0.060407 3.521470 0.000000 0.000000 0.000000 1.000000 0.000000 0.000000
25.000000 270.996160 15.178276 -0.093563 3.498114 0.000000 0.000000 0.000000 1.000000 0.000000 0.000000
25.000000 270.996629 14.774907 -0.268171 3.484495 0.000000 0.000000 0.000000 1.000000 0.000000 0.000000
25.000000 270.999304 14.431878 -0.058988 3.518020 0.000000 0.000000 0.000000 1.000000 0.000000 0.000000
25.000000 271.006322 15.048158 -0.097531 3.499115 0.000000 0.000000 0.000000 1.000000 0.000000 0.000000
25.000000 271.006591 14.664369 -0.265535 3.482922 0.000000 0.000000 0.000000 1.000000 0.000000 0.000000
25.000000 271.009145 14.315028 -0.054330 3.515383 0.000000 0.000000 0.000000 1.000000 0.000000 0.000000
25.000000 271.016281 14.969421 -0.097218 3.488640 0.000000 0.000000 0.000000 1.000000 0.000000 0.000000
25.000000 271.016605 14.589091 -0.264204 3.475540 0.000000 0.000000 0.000000 1.000000 0.000000 0.000000
25.000000 271.019375 14.256426 -0.063461 3.510031 0.000000 0.000000 0.000000 1.000000 0.000000 0.000000
25.000000 271.026294 14.876890 -0.085840 3.489368 0.000000 0.000000 0.000000 1.000000 0.000000 0.000000
25.000000 271.026577 14.467522 -0.263837 3.483506 0.000000 0.000000 0.000000 1.000000 0.000000 0.000000
25.000000 271.029320 14.099794 -0.047211 3.505529 0.000000 0.000000 0.000000 1.000000 0.000000 0.000000
25.000000 271.036151 14.735555 -0.091588 3.467628 0.000000 0.000000 0.000000 1.000000 0.000000 0.000000
25.000000 271.036608 14.355847 -0.260891 3.458129 0.000000 0.000000 0.000000 1.000000 0.000000 0.000000
25.000000 271.039279 13.977416 -0.035507 3.501407 0.000000 0.000000 0.000000 1.000000 0.000000 0.000000
25.000000 271.046570 13.611726 0.102563 3.432693 0.000000 0.000000 0.000000 1.000000 0.000000 0.000000
25.000000 271.049304 13.874960 -0.031044 3.488025 0.000000 0.000000 0.000000 1.000000 0.000000 0.000000
25.000000 271.056644 13.484098 0.109142 3.423207 0.000000 0.000000 0.000000 1.000000 0.000000 0.000000
25.000000 271.059312 13.760966 -0.030676 3.478243 0.000000 0.000000 0.000000 1.000000 0.000000 0.000000
25.000000 271.066604 13.426793 0.104287 3.411633 0.000000 0.000000 0.000000 1.000000 0.000000 0.000000
25.000000 271.069299 13.696566 -0.030319 3.462185 0.000000 0.000000 0.000000 1.000000 0.000000 0.000000
25.000000 271.076587 13.287122 0.105946 3.402467 0.000000 0.000000 0.000000 1.000000 0.000000 0.000000
25.000000 271.079423 13.543744 -0.022201 3.452409 0.000000 0.000000 0.000000 1.000000 0.000000 0.000000
25.000000 271.086306 14.214997 -0.074135 3.419233 0.000000 0.000000 0.000000 1.000000 0.000000 0.000000
25.000000 271.086405 13.843332 -0.245291 3.408194 0.000000 0.000000 0.000000 1.000000 0.000000 0.000000
25.000000 271.089489 13.455279 -0.023403 3.438136 0.000000 0.000000 0.000000 1.000000 0.000000 0.000000
25.000000 271.096220 14.087961 -0.072369 3.409721 0.000000 0.000000 0.000000 1.000000 0.000000 0.000000
25.000000 271.096696 13.726047 -0.241152 3.393425 0.000000 0.000000 0.000000 1.000000 0.000000 0.000000
25.000000 271.099387 13.337254 -0.019563 3.422757 0.000000 0.000000 0.000000 1.000000 0.000000 0.000000
25.000000 271.106294 13.988424 -0.065502 3.404971 0.000000 0.000000 0.000000 1.000000 0.000000 0.000000
25.000000 271.106370 13.623787 -0.235089 3.389933 0.000000 0.000000 0.000000 1.000000 0.000000 0.000000
25.000000 271.109426 13.244762 -0.021778 3.408521 0.000000 0.000000 0.000000 1.000000 0.000000 0.000000
25.000000 271.116195 13.895848 -0.074632 3.388120 0.000000 0.000000 0.000000 1.000000 0.000000 0.000000
25.000000 271.116508 13.543616 -0.240973 3.368401 0.000000 0.000000 0.000000 1.000000 0.000000 0.000000
25.000000 271.119337 13.145026 -0.017068 3.390341 0.000000 0.000000 0.000000 1.000000 0.000000 0.000000
25.000000 271.126226 13.765038 -0.060135 3.373695 0.000000 0.000000 0.000000 1.000000 0.000000 0.000000
25.000000 271.126366 13.420186 -0.222695 3.359709 0.000000 0.000000 0.000000 1.000000 0.000000 0.000000
25.000000 271.129373 13.042234 -0.012783 3.374515 0.000000 0.000000 0.000000 1.000000 0.000000 0.000000
25.000000 271.136225 13.639038 -0.059993 3.362606 0.000000 0.000000 0.000000 1.000000 0.000000 0.000000
25.000000 271.136704 13.308893 -0.218665 3.341856 0.000000 0.000000 0.000000 1.000000 0.000000 0.000000
25.000000 271.139393 12.935985 -0.011929 3.358112 0.000000 0.000000 0.000000 1.000000 0.000000 0.000000
25.000000 271.146303 13.526059 -0.063081 3.348128 0.000000 0.000000 0.000000 1.000000 0.000000 0.000000
25.000000 271.146578 13.203432 -0.219664 3.325642 0.000000 0.000000 0.000000 1.000000 0.000000 0.000000
25.000000 271.149204 12.810376 -0.004671 3.336162 0.000000 0.000000 0.000000 1.000000 0.000000 0.000000
25.000000 271.156250 13.445730 -0.054898 3.327301 0.000000 0.000000 0.000000 1.000000 0.000000 0.000000
25.000000 271.156662 13.110503 -0.216170 3.311364 0.000000 0.000000 0.000000 1.000000 0.000000 0.000000
25.000000 271.159515 12.725335 -0.007153 3.317477 0.000000 0.000000 0.000000 1.000000 0.000000 0.000000
25.000000 271.166326 13.326045 -0.063971 3.310117 0.000000 0.000000 0.000000 1.000000 0.000000 0.000000
25.000000 271.166408 13.018337 -0.216566 3.284422 0.000000 0.000000 0.000000 1.000000 0.000000 0.000000
25.000000 271.169350 12.620929 -0.001411 3.293418 0.000000 0.000000 0.000000 1.000000 0.000000 0.000000
25.000000 271.176213 13.225940 -0.050095 3.286096 0.000000 0.000000 0.000000 1.000000 0.000000 0.000000
25.000000 271.176496 12.901402 -0.210045 3.266183 0.000000 0.000000 0.000000 1.000000 0.000000 0.000000
25.000000 271.179335 12.508884 0.001316 3.273631 0.000000 0.000000 0.000000 1.000000 0.000000 0.000000
25.000000 271.186292 13.103799 -0.051561 3.268124 0.000000 0.000000 0.000000 1.000000 0.000000 0.000000
25.000000 271.186461 12.799439 -0.203871 3.244341 0.000000 0.000000 0.000000 1.000000 0.000000 0.000000
25.000000 271.189542 12.419497 0.000554 3.251959 0.000000 0.000000 0.000000 1.000000 0.000000 0.000000
25.000000 271.196227 12.994342 -0.053649 3.245414 0.000000 0.000000 0.000000 1.000000 0.000000 0.000000
25.000000 271.196733 12.694701 -0.205219 3.220367 0.000000 0.000000 0.000000 1.000000 0.000000 0.000000
25.000000 271.199496 12.311847 -0.000430 3.227263 0.000000 0.000000 0.000000 1.000000 0.000000 0.000000
25.000000 271.206322 12.909712 -0.044525 3.217748 0.000000 0.000000 0.000000 1.000000 0.000000 0.000000
25.000000 271.206539 12.598038 -0.202212 3.195433 0.000000 0.000000 0.000000 1.000000 0.000000 0.000000
25.000000 271.209373 12.203620 0.007761 3.201435 0.000000 0.000000 0.000000 1.000000 0.000000 0.000000
25.000000 271.216265 12.778257 -0.042433 3.186710 0.000000 0.000000 0.000000 1.000000 0.000000 0.000000
25.000000 271.216602 12.477882 -0.197092 3.163127 0.000000 0.000000 0.000000 1.000000 0.000000 0.000000
25.000000 271.219312 12.088009 0.010072 3.172730 0.000000 0.000000 0.000000 1.000000 0.000000 0.000000
25.000000 271.226322 12.665893 -0.048697 3.173261 0.000000 0.000000 0.000000 1.000000 0.000000 0.000000
25.000000 271.226538 12.387182 -0.194223 3.145183 0.000000 0.000000 0.000000 1.000000 0.000000 0.000000
25.000000 271.229260 12.001279 0.007838 3.144818 0.000000 0.000000 0.000000 1.000000 0.000000 0.000000
25.000000 271.236266 12.557489 -0.045965 3.140281 0.000000 0.000000 0.000000 1.000000 0.000000 0.000000
25.000000 271.236652 12.287652 -0.186971 3.117277 0.000000 0.000000 0.000000 1.000000 0.000000 0.000000
25.000000 271.239387 11.912172 0.009856 3.119386 0.000000 0.000000 0.000000 1.000000 0.000000 0.000000
25.000000 271.246431 12.448904 -0.046699 3.117369 0.000000 0.000000 0.000000 1.000000 0.000000 0.000000
25.000000 271.246515 12.187002 -0.186138 3.089663 0.000000 0.000000 0.000000 1.000000 0.000000 0.000000
25.000000 271.249308 11.804320 0.014141 3.092240 0.000000 0.000000 0.000000 1.000000 0.000000 0.000000
25.000000 271.256314 12.377080 -0.041075 3.087274 0.000000 0.000000 0.000000 1.000000 0.000000 0.000000
25.000000 271.256640 12.100414 -0.188684 3.060733 0.000000 0.000000 0.000000 1.000000 0.000000 0.000000
25.000000 271.259371 11.687953 0.025463 3.061288 0.000000 0.000000 0.000000 1.000000 0.000000 0.000000
25.000000 271.266393 12.258747 -0.043657 3.041273 0.000000 0.000000 0.000000 1.000000 0.000000 0.000000
25.000000 271.266583 11.996726 -0.187451 3.012639 0.000000 0.000000 0.000000 1.000000 0.000000 0.000000
25.000000 271.269354 11.590580 0.025894 3.026512 0.000000 0.000000 0.000000 1.000000 0.000000 0.000000
25.000000 271.276264 12.169158 -0.036784 3.028285 0.000000 0.000000 0.000000 1.000000 0.000000 0.000000
25.000000 271.276644 11.899063 -0.183351 3.001153 0.000000 0.000000 0.000000 1.000000 0.000000 0.000000
25.000000 271.279333 11.493978 0.024546 2.997294 0.000000 0.000000 0.000000 1.000000 0.000000 0.000000
25.000000 271.286361 12.039498 -0.033748 2.998102 0.000000 0.000000 0.000000 1.000000 0.000000 0.000000
25.000000 271.286542 11.780848 -0.176983 2.967254 0.000000 0.000000 0.000000 1.000000 0.000000 0.000000
25.000000 271.289294 11.378668 0.028274 2.961940 0.000000 0.000000 0.000000 1.000000 0.000000 0.000000
25.000000 271.296311 11.946845 -0.028971 2.967206 0.000000 0.000000 0.000000 1.000000 0.000000 0.000000
25.000000 271.296829 11.684232 -0.175993 2.934487 0.000000 0.000000 0.000000 1.000000 0.000000 0.000000
25.000000 271.299382 11.295051 0.022959 2.931184 0.000000 0.000000 0.000000 1.000000 0.000000 0.000000
25.000000 271.306332 11.841815 -0.028339 2.931885 0.000000 0.000000 0.000000 1.000000 0.000000 0.000000
25.000000 271.306636 11.593173 -0.168141 2.903059 0.000000 0.000000 0.000000 1.000000 0.000000 0.000000
25.000000 271.309258 11.235285 0.013068 2.896618 0.000000 0.000000 0.000000 1.000000 0.000000 0.000000
25.000000 271.316283 11.754625 -0.039331 2.890521 0.000000 0.000000 0.000000 1.000000 0.000000 0.000000
25.000000 271.316660 11.527892 -0.171207 2.855982 0.000000 0.000000 0.000000 1.000000 0.000000 0.000000
25.000000 271.319556 11.134357 0.031105 2.858011 0.000000 0.000000 0.000000 1.000000 0.000000 0.000000
25.000000 271.326353 11.623107 -0.038245 2.876772 0.000000 0.000000 0.000000 1.000000 0.000000 0.000000
25.000000 271.326582 11.406759 -0.166972 2.836766 0.000000 0.000000 0.000000 1.000000 0.000000 0.000000
25.000000 271.329392 11.013291 0.031269 2.829679 0.000000 0.000000 0.000000 1.000000 0.000000 0.000000
25.000000 271.336313 11.514402 -0.037436 2.836525 0.000000 0.000000 0.000000 1.000000 0.000000 0.000000
25.000000 271.336617 11.301757 -0.164909 2.798237 0.000000 0.000000 0.000000 1.000000 0.000000 0.000000
25.000000 271.339503 10.901801 0.035922 2.790446 0.000000 0.000000 0.000000 1.000000 0.000000 0.000000
25.000000 271.346440 11.434042 -0.022982 2.793136 0.000000 0.000000 0.000000 1.000000 0.000000 0.000000
25.000000 271.346541 11.203020 -0.159609 2.759991 0.000000 0.000000 0.000000 1.000000 0.000000 0.000000
25.000000 271.349444 10.809682 0.039313 2.754739 0.000000 0.000000 0.000000 1.000000 0.000000 0.000000
25.000000 271.356356 11.325013 -0.027800 2.753478 0.000000 0.000000 0.000000 1.000000 0.000000 0.000000
25.000000 271.356720 11.104773 -0.160457 2.719678 0.000000 0.000000 0.000000 1.000000 0.000000 0.000000
25.000000 271.359490 10.706064 0.039566 2.713218 0.000000 0.000000 0.000000 1.000000 0.000000 0.000000
25.000000 271.366399 11.194458 -0.037594 2.698235 0.000000 0.000000 0.000000 1.000000 0.000000 0.000000
25.000000 271.366664 11.008679 -0.155947 2.659736 0.000000 0.000000 0.000000 1.000000 0.000000 0.000000
25.000000 271.369409 10.632136 0.037609 2.667939 0.000000 0.000000 0.000000 1.000000 0.000000 0.000000
25.000000 271.376306 11.108134 -0.034554 2.668944 0.000000 0.000000 0.000000 1.000000 0.000000 0.000000
25.000000 271.376618 10.910385 -0.157082 2.637443 0.000000 0.000000 0.000000 1.000000 0.000000 0.000000
25.000000 271.379543 10.515767 0.040685 2.633241 0.000000 0.000000 0.000000 1.000000 0.000000 0.000000
25.000000 271.386366 11.014446 -0.030136 2.628010 0.000000 0.000000 0.000000 1.000000 0.000000 0.000000
25.000000 271.386685 10.824097 -0.149978 2.595296 0.000000 0.000000 0.000000 1.000000 0.000000 0.000000
25.000000 271.389410 10.436162 0.043591 2.588691 0.000000 0.000000 0.000000 1.000000 0.000000 0.000000
25.000000 271.396363 10.909847 -0.030797 2.588712 0.000000 0.000000 0.000000 1.000000 0.000000 0.000000
25.000000 271.396579 10.714654 -0.155301 2.552948 0.000000 0.000000 0.000000 1.000000 0.000000 0.000000
25.000000 271.399538 10.328687 0.038459 2.547653 0.000000 0.000000 0.000000 1.000000 0.000000 0.000000
25.000000 271.406392 10.805212 -0.031296 2.543559 0.000000 0.000000 0.000000 1.000000 0.000000 0.000000
25.000000 271.406564 10.621521 -0.150348 2.508255 0.000000 0.000000 0.000000 1.000000 0.000000 0.000000
25.000000 271.409424 10.230905 0.044300 2.499861 0.000000 0.000000 0.000000 1.000000 0.000000 0.000000
25.000000 271.416317 10.715551 -0.031029 2.496510 0.000000 0.000000 0.000000 1.000000 0.000000 0.000000
25.000000 271.416714 10.548573 -0.143179 2.458501 0.000000 0.000000 0.000000 1.000000 0.000000 0.000000
25.000000 271.419562 10.158295 0.051533 2.451491 0.000000 0.000000 0.000000 1.000000 0.000000 0.000000
25.000000 271.426399 10.597322 -0.029943 2.457078 0.000000 0.000000 0.000000 1.000000 0.000000 0.000000
25.000000 271.426676 10.431798 -0.142117 2.418944 0.000000 0.000000 0.000000 1.000000 0.000000 0.000000
25.000000 271.429399 10.042988 0.049920 2.407608 0.000000 0.000000 0.000000 1.000000 0.000000 0.000000
25.000000 271.436300 10.515934 -0.021462 2.410497 0.000000 0.000000 0.000000 1.000000 0.000000 0.000000
25.000000 271.436730 10.342942 -0.139076 2.373392 0.000000 0.000000 0.000000 1.000000 0.000000 0.000000
25.000000 271.439523 9.955506 0.051544 2.362140 0.000000 0.000000 0.000000 1.000000 0.000000 0.000000
25.000000 271.446484 10.404563 -0.022715 2.363266 0.000000 0.000000 0.000000 1.000000 0.000000 0.000000
25.000000 271.446638 10.234998 -0.140185 2.324916 0.000000 0.000000 0.000000 1.000000 0.000000 0.000000
25.000000 271.449368 9.843768 0.052467 2.314099 0.000000 0.000000 0.000000 1.000000 0.000000 0.000000
25.000000 271.456324 10.301974 -0.027602 2.315091 0.000000 0.000000 0.000000 1.000000 0.000000 0.000000
25.000000 271.456688 10.146024 -0.138606 2.276204 0.000000 0.000000 0.000000 1.000000 0.000000 0.000000
25.000000 271.459549 9.764242 0.050915 2.268187 0.000000 0.000000 0.000000 1.000000 0.000000 0.000000
25.000000 271.466440 10.192620 -0.028853 2.265732 0.000000 0.000000 0.000000 1.000000 0.000000 0.000000
25.000000 271.466717 10.053826 -0.135927 2.209575 0.000000 0.000000 0.000000 1.000000 0.000000 0.000000
25.000000 271.469436 9.700404 0.046386 2.202572 0.000000 0.000000 0.000000 1.000000 0.000000 0.000000
25.000000 271.476307 10.122689 -0.023955 2.211640 0.000000 0.000000 0.000000 1.000000 0.000000 0.000000
25.000000 271.476826 9.966144 -0.137116 2.174465 0.000000 0.000000 0.000000 1.000000 0.000000 0.000000
25.000000 271.479612 9.575355 0.057489 2.166146 0.000000 0.000000 0.000000 1.000000 0.000000 0.000000
25.000000 271.486410 9.985568 -0.036319 2.156559 0.000000 0.000000 0.000000 1.000000 0.000000 0.000000
25.000000 271.486716 9.861572 -0.131568 2.119579 0.000000 0.000000 0.000000 1.000000 0.000000 0.000000
25.000000 271.489473 9.471621 0.065368 2.116981 0.000000 0.000000 0.000000 1.000000 0.000000 0.000000
25.000000 271.496352 9.884807 -0.038707 2.110697 0.000000 0.000000 0.000000 1.000000 0.000000 0.000000
25.000000 271.496711 9.779929 -0.125840 2.065631 0.000000 0.000000 0.000000 1.000000 0.000000 0.000000
25.000000 271.499509 9.410715 0.061639 2.060553 0.000000 0.000000 0.000000 1.000000 0.000000 0.000000
25.000000 271.506375 9.786375 -0.034213 2.065675 0.000000 0.000000 0.000000 1.000000 0.000000 0.000000
25.000000 271.506695 9.680761 -0.121071 2.022908 0.000000 0.000000 0.000000 1.000000 0.000000 0.000000
25.000000 271.509433 9.322590 0.056403 2.009027 0.000000 0.000000 0.000000 1.000000 0.000000 0.000000
25.000000 271.516365 9.707854 -0.028757 2.008781 0.000000 0.000000 0.000000 1.000000 0.000000 0.000000
25.000000 271.516685 9.598940 -0.116060 1.972376 0.000000 0.000000 0.000000 1.000000 0.000000 0.000000
25.000000 271.519712 9.239885 0.061681 1.958289 0.000000 0.000000 0.000000 1.000000 0.000000 0.000000
25.000000 271.526406 9.604607 -0.016342 1.955430 0.000000 0.000000 0.000000 1.000000 0.000000 0.000000
25.000000 271.526743 9.481035 -0.114612 1.916466 0.000000 0.000000 0.000000 1.000000 0.000000 0.000000
25.000000 271.529502 9.126218 0.062566 1.901250 0.000000 0.000000 0.000000 1.000000 0.000000 0.000000
25.000000 271.536399 9.485365 -0.029153 1.906696 0.000000 0.000000 0.000000 1.000000 0.000000 0.000000
25.000000 271.536639 9.394752 -0.110862 1.858860 0.000000 0.000000 0.000000 1.000000 0.000000 0.000000
25.000000 271.539556 9.048453 0.061488 1.840089 0.000000 0.000000 0.000000 1.000000 0.000000 0.000000
25.000000 271.546458 9.402128 -0.026503 1.843882 0.000000 0.000000 0.000000 1.000000 0.000000 0.000000
25.000000 271.546583 9.303493 -0.110374 1.805216 0.000000 0.000000 0.000000 1.000000 0.000000 0.000000
25.000000 271.549626 8.961233 0.063011 1.790440 0.000000 0.000000 0.000000 1.000000 0.000000 0.000000
25.000000 271.556361 9.291760 -0.031399 1.790430 0.000000 0.000000 0.000000 1.000000 0.000000 0.000000
25.000000 271.556693 9.211326 -0.107464 1.745138 0.000000 0.000000 0.000000 1.000000 0.000000 0.000000
25.000000 271.559527 8.867379 0.066530 1.728745 0.000000 0.000000 0.000000 1.000000 0.000000 0.000000
25.000000 271.566454 9.216464 -0.022339 1.719644 0.000000 0.000000 0.000000 1.000000 0.000000 0.000000
25.000000 271.566687 9.129307 -0.102890 1.678047 0.000000 0.000000 0.000000 1.000000 0.000000 0.000000
25.000000 271.569553 8.791057 0.069589 1.664739 0.000000 0.000000 0.000000 1.000000 0.000000 0.000000
25.000000 271.576365 9.088088 -0.027675 1.664499 0.000000 0.000000 0.000000 1.000000 0.000000 0.000000
25.000000 271.576836 9.014462 -0.101840 1.620303 0.000000 0.000000 0.000000 1.000000 0.000000 0.000000
25.000000 271.579591 8.660532 0.074122 1.602075 0.000000 0.000000 0.000000 1.000000 0.000000 0.000000
25.000000 271.586600 9.013829 -0.015104 1.616266 0.000000 0.000000 0.000000 1.000000 0.000000 0.000000
25.000000 271.586720 8.930254 -0.096251 1.570330 0.000000 0.000000 0.000000 1.000000 0.000000 0.000000
25.000000 271.589538 8.608752 0.070205 1.554337 0.000000 0.000000 0.000000 1.000000 0.000000 0.000000
25.000000 271.596385 8.917530 -0.009789 1.552612 0.000000 0.000000 0.000000 1.000000 0.000000 0.000000
25.000000 271.596788 8.829202 -0.093649 1.510539 0.000000 0.000000 0.000000 1.000000 0.000000 0.000000
25.000000 271.599624 8.514560 0.073052 1.498802 0.000000 0.000000 0.000000 1.000000 0.000000 0.000000
25.000000 271.606443 8.809332 -0.013072 1.499285 0.000000 0.000000 0.000000 1.000000 0.000000 0.000000
25.000000 271.606822 8.741895 -0.088941 1.445880 0.000000 0.000000 0.000000 1.000000 0.000000 0.000000
25.000000 271.609595 8.427167 0.076809 1.430319 0.000000 0.000000 0.000000 1.000000 0.000000 0.000000
25.000000 271.616402 8.724468 -0.011222 1.433185 0.000000 0.000000 0.000000 1.000000 0.000000 0.000000
25.000000 271.616831 8.652715 -0.091846 1.381641 0.000000 0.000000 0.000000 1.000000 0.000000 0.000000
25.000000 271.619602 8.336053 0.074856 1.370871 0.000000 0.000000 0.000000 1.000000 0.000000 0.000000
25.000000 271.626411 8.625878 -0.009300 1.375494 0.000000 0.000000 0.000000 1.000000 0.000000 0.000000
25.000000 271.626745 8.562595 -0.083197 1.325523 0.000000 0.000000 0.000000 1.000000 0.000000 0.000000
25.000000 271.629584 8.251259 0.081080 1.311008 0.000000 0.000000 0.000000 1.000000 0.000000 0.000000
25.000000 271.636484 8.531018 -0.011217 1.311726 0.000000 0.000000 0.000000 1.000000 0.000000 0.000000
25.000000 271.636703 8.466796 -0.086663 1.263653 0.000000 0.000000 0.000000 1.000000 0.000000 0.000000
25.000000 271.639580 8.156269 0.077820 1.251852 0.000000 0.000000 0.000000 1.000000 0.000000 0.000000
25.000000 271.646539 8.429444 -0.015151 1.248222 0.000000 0.000000 0.000000 1.000000 0.000000 0.000000
25.000000 271.646653 8.369534 -0.087526 1.201063 0.000000 0.000000 0.000000 1.000000 0.000000 0.000000
25.000000 271.649517 8.052566 0.082258 1.187902 0.000000 0.000000 0.000000 1.000000 0.000000 0.000000
25.000000 271.656468 8.318488 -0.025714 1.187764 0.000000 0.000000 0.000000 1.000000 0.000000 0.000000
25.000000 271.656722 8.286976 -0.081608 1.132671 0.000000 0.000000 0.000000 1.000000 0.000000 0.000000
25.000000 271.659677 7.992036 0.078874 1.118267 0.000000 0.000000 0.000000 1.000000 0.000000 0.000000
25.000000 271.666487 8.255192 -0.021974 1.109891 0.000000 0.000000 0.000000 1.000000 0.000000 0.000000
25.000000 271.666696 8.203920 -0.091069 1.062399 0.000000 0.000000 0.000000 1.000000 0.000000 0.000000
25.000000 271.669584 7.889514 0.083557 1.055068 0.000000 0.000000 0.000000 1.000000 0.000000 0.000000
25.000000 271.676457 8.123564 -0.030311 1.055886 0.000000 0.000000 0.000000 1.000000 0.000000 0.000000
25.000000 271.676729 8.101837 -0.080892 1.000788 0.000000 0.000000 0.000000 1.000000 0.000000 0.000000
25.000000 271.679820 7.805455 0.082552 0.987350 0.000000 0.000000 0.000000 1.000000 0.000000 0.000000
25.000000 271.686534 8.037736 -0.020735 0.981053 0.000000 0.000000 0.000000 1.000000 0.000000 0.000000
25.000000 271.686715 8.006846 -0.077054 0.929418 0.000000 0.000000 0.000000 1.000000 0.000000 0.000000
25.000000 271.689414 7.735201 0.076864 0.918283 0.000000 0.000000 0.000000 1.000000 0.000000 0.000000
25.000000 271.696439 7.962073 -0.018068 0.911180 0.000000 0.000000 0.000000 1.000000 0.000000 0.000000
25.000000 271.696746 7.925137 -0.078977 0.861489 0.000000 0.000000 0.000000 1.000000 0.000000 0.000000
25.000000 271.699652 7.652069 0.074235 0.848154 0.000000 0.000000 0.000000 1.000000 0.000000 0.000000
25.000000 271.706569 7.845407 -0.030374 0.848875 0.000000 0.000000 0.000000 1.000000 0.000000 0.000000
25.000000 271.706848 7.836452 -0.074911 0.790354 0.000000 0.000000 0.000000 1.000000 0.000000 0.000000
25.000000 271.709622 7.568038 0.079545 0.777643 0.000000 0.000000 0.000000 1.000000 0.000000 0.000000
25.000000 271.716497 7.768026 -0.022589 0.772792 0.000000 0.000000 0.000000 1.000000 0.000000 0.000000
25.000000 271.716778 7.743137 -0.081822 0.715663 0.000000 0.000000 0.000000 1.000000 0.000000 0.000000
25.000000 271.719724 7.472411 0.080331 0.712685 0.000000 0.000000 0.000000 1.000000 0.000000 0.000000
25.000000 271.726520 7.662219 -0.029662 0.701907 0.000000 0.000000 0.000000 1.000000 0.000000 0.000000
25.000000 271.726824 7.654912 -0.071690 0.647514 0.000000 0.000000 0.000000 1.000000 0.000000 0.000000
25.000000 271.729445 7.398376 0.081518 0.636727 0.000000 0.000000 0.000000 1.000000 0.000000 0.000000
25.000000 271.736621 7.584421 -0.021086 0.628037 0.000000 0.000000 0.000000 1.000000 0.000000 0.000000
25.000000 271.736678 7.570293 -0.070392 0.572807 0.000000 0.000000 0.000000 1.000000 0.000000 0.000000
25.000000 271.739527 7.326401 0.081059 0.565903 0.000000 0.000000 0.000000 1.000000 0.000000 0.000000
25.000000 271.746656 7.130878 0.063707 0.491825 0.000000 0.000000 0.000000 1.000000 0.000000 0.000000
25.000000 271.746842 7.477031 -0.068273 0.501514 0.000000 0.000000 0.000000 1.000000 0.000000 0.000000
25.000000 271.749509 7.799144 0.141425 0.389286 0.000000 0.000000 0.000000 1.000000 0.000000 0.000000
25.000000 271.756567 7.391898 -0.018456 0.485687 0.000000 0.000000 0.000000 1.000000 0.000000 0.000000
25.000000 271.756769 7.386838 -0.061945 0.429379 0.000000 0.000000 0.000000 1.000000 0.000000 0.000000
25.000000 271.759769 7.155193 0.083821 0.420318 0.000000 0.000000 0.000000 1.000000 0.000000 0.000000
25.000000 271.766587 7.312568 -0.020936 0.410662 0.000000 0.000000 0.000000 1.000000 0.000000 0.000000
25.000000 271.766699 7.316950 -0.061410 0.350067 0.000000 0.000000 0.000000 1.000000 0.000000 0.000000
25.000000 271.769548 7.086274 0.086059 0.346137 0.000000 0.000000 0.000000 1.000000 0.000000 0.000000
25.000000 271.776513 7.211113 -0.020907 0.343088 0.000000 0.000000 0.000000 1.000000 0.000000 0.000000
25.000000 271.776668 7.211953 -0.066197 0.279538 0.000000 0.000000 0.000000 1.000000 0.000000 0.000000
25.000000 271.779589 6.991316 0.080170 0.274347 0.000000 0.000000 0.000000 1.000000 0.000000 0.000000
25.000000 271.786588 7.119181 -0.022476 0.264835 0.000000 0.000000 0.000000 1.000000 0.000000 0.000000
25.000000 271.786654 7.128065 -0.062133 0.199474 0.000000 0.000000 0.000000 1.000000 0.000000 0.000000
25.000000 271.789583 6.922759 0.079481 0.194829 0.000000 0.000000 0.000000 1.000000 0.000000 0.000000
25.000000 271.796546 7.024566 -0.025443 0.192708 0.000000 0.000000 0.000000 1.000000 0.000000 0.000000
25.000000 271.799615 7.363995 0.157126 0.016435 0.000000 0.000000 0.000000 1.000000 0.000000 0.000000
25.000000 271.806619 6.983222 -0.019344 0.198659 0.000000 0.000000 0.000000 1.000000 0.000000 0.000000
25.000000 271.806720 6.982632 -0.058574 0.146401 0.000000 0.000000 0.000000 1.000000 0.000000 0.000000
25.000000 271.809656 6.836085 0.072172 0.158957 0.000000 0.000000 0.000000 1.000000 0.000000 0.000000
25.000000 271.816565 6.935810 -0.018243 0.261104 0.000000 0.000000 0.000000 1.000000 0.000000 0.000000
25.000000 271.816768 6.935309 -0.057736 0.208562 0.000000 0.000000 0.000000 1.000000 0.000000 0.000000
25.000000 271.819622 6.766865 0.079348 0.219363 0.000000 0.000000 0.000000 1.000000 0.000000 0.000000
25.000000 271.826652 6.886812 -0.011008 0.313562 0.000000 0.000000 0.000000 1.000000 0.000000 0.000000
25.000000 271.826716 6.885035 -0.050547 0.261372 0.000000 0.000000 0.000000 1.000000 0.000000 0.000000
25.000000 271.829669 6.725026 0.081368 0.272573 0.000000 0.000000 0.000000 1.000000 0.000000 0.000000
25.000000 271.836568 6.829714 -0.010235 0.365597 0.000000 0.000000 0.000000 1.000000 0.000000 0.000000
25.000000 271.836715 6.829934 -0.046103 0.314402 0.000000 0.000000 0.000000 1.000000 0.000000 0.000000
25.000000 271.839543 6.668598 0.085006 0.323606 0.000000 0.000000 0.000000 1.000000 0.000000 0.000000
25.000000 271.846707 6.783031 -0.010384 0.414891 0.000000 0.000000 0.000000 1.000000 0.000000 0.000000
25.000000 271.846756 6.785193 -0.042884 0.365365 0.000000 0.000000 0.000000 1.000000 0.000000 0.000000
25.000000 271.849554 6.619690 0.087428 0.373569 0.000000 0.000000 0.000000 1.000000 0.000000 0.000000
25.000000 271.856619 6.723409 -0.007129 0.476189 0.000000 0.000000 0.000000 1.000000 0.000000 0.000000
25.000000 271.856714 6.721920 -0.046013 0.421090 0.000000 0.000000 0.000000 1.000000 0.000000 0.000000
25.000000 271.859738 6.542453 0.087439 0.425404 0.000000 0.000000 0.000000 1.000000 0.000000 0.000000
25.000000 271.866635 6.682429 -0.001558 0.523790 0.000000 0.000000 0.000000 1.000000 0.000000 0.000000
25.000000 271.866773 6.680947 -0.040933 0.467694 0.000000 0.000000 0.000000 1.000000 0.000000 0.000000
25.000000 271.869496 6.503856 0.092948 0.475429 0.000000 0.000000 0.000000 1.000000 0.000000 0.000000
25.000000 271.876669 6.636429 0.001833 0.570363 0.000000 0.000000 0.000000 1.000000 0.000000 0.000000
25.000000 271.876757 6.625870 -0.039990 0.520991 0.000000 0.000000 0.000000 1.000000 0.000000 0.000000
25.000000 271.879833 6.436419 0.096474 0.523397 0.000000 0.000000 0.000000 1.000000 0.000000 0.000000
25.000000 271.886725 6.569095 -0.008315 0.624978 0.000000 0.000000 0.000000 1.000000 0.000000 0.000000
25.000000 271.886763 6.581905 -0.033994 0.567584 0.000000 0.000000 0.000000 1.000000 0.000000 0.000000
25.000000 271.889518 6.392275 0.100146 0.570287 0.000000 0.000000 0.000000 1.000000 0.000000 0.000000
25.000000 271.896627 6.529591 0.002150 0.670188 0.000000 0.000000 0.000000 1.000000 0.000000 0.000000
25.000000 271.896826 6.526237 -0.034914 0.617040 0.000000 0.000000 0.000000 1.000000 0.000000 0.000000
25.000000 271.899766 6.324897 0.104286 0.619108 0.000000 0.000000 0.000000 1.000000 0.000000 0.000000
25.000000 271.906682 6.487507 0.015198 0.717664 0.000000 0.000000 0.000000 1.000000 0.000000 0.000000
25.000000 271.906684 6.476841 -0.028889 0.662829 0.000000 0.000000 0.000000 1.000000 0.000000 0.000000
25.000000 271.909603 6.275445 0.108374 0.663808 0.000000 0.000000 0.000000 1.000000 0.000000 0.000000
25.000000 271.916657 6.426122 0.009988 0.760912 0.000000 0.000000 0.000000 1.000000 0.000000 0.000000
25.000000 271.916754 6.419218 -0.028286 0.710501 0.000000 0.000000 0.000000 1.000000 0.000000 0.000000
25.000000 271.919631 6.204834 0.112303 0.712700 0.000000 0.000000 0.000000 1.000000 0.000000 0.000000
25.000000 271.926746 6.146089 0.057855 0.766309 0.000000 0.000000 0.000000 1.000000 0.000000 0.000000
25.000000 271.926877 6.374930 -0.023480 0.753324 0.000000 0.000000 0.000000 1.000000 0.000000 0.000000
25.000000 271.929719 6.666448 0.186118 0.661141 0.000000 0.000000 0.000000 1.000000 0.000000 0.000000
25.000000 271.936587 6.326800 0.015981 0.851032 0.000000 0.000000 0.000000 1.000000 0.000000 0.000000
25.000000 271.936768 6.323436 -0.021134 0.794449 0.000000 0.000000 0.000000 1.000000 0.000000 0.000000
25.000000 271.939760 6.106732 0.117651 0.792389 0.000000 0.000000 0.000000 1.000000 0.000000 0.000000
25.000000 271.946691 6.272573 0.018048 0.898383 0.000000 0.000000 0.000000 1.000000 0.000000 0.000000
25.000000 271.946791 6.271752 -0.018438 0.838632 0.000000 0.000000 0.000000 1.000000 0.000000 0.000000
25.000000 271.949558 6.049230 0.120455 0.836148 0.000000 0.000000 0.000000 1.000000 0.000000 0.000000
25.000000 271.956611 6.225270 0.021700 0.939442 0.000000 0.000000 0.000000 1.000000 0.000000 0.000000
25.000000 271.956816 6.218230 -0.018473 0.882277 0.000000 0.000000 0.000000 1.000000 0.000000 0.000000
25.000000 271.959680 5.978306 0.125291 0.877412 0.000000 0.000000 0.000000 1.000000 0.000000 0.000000
25.000000 271.966769 5.911115 0.076237 0.927331 0.000000 0.000000 0.000000 1.000000 0.000000 0.000000
25.000000 271.967020 6.160176 -0.015042 0.916025 0.000000 0.000000 0.000000 1.000000 0.000000 0.000000
25.000000 271.969559 6.449794 0.192937 0.821739 0.000000 0.000000 0.000000 1.000000 0.000000 0.000000
25.000000 271.976664 6.112282 0.013030 1.023743 0.000000 0.000000 0.000000 1.000000 0.000000 0.000000
25.000000 271.976756 6.133756 -0.006575 0.956888 0.000000 0.000000 0.000000 1.000000 0.000000 0.000000
25.000000 271.979708 5.886032 0.135954 0.950613 0.000000 0.000000 0.000000 1.000000 0.000000 0.000000
25.000000 271.986705 6.069984 0.021683 1.058271 0.000000 0.000000 0.000000 1.000000 0.000000 0.000000
25.000000 271.986780 6.082484 -0.005362 0.990842 0.000000 0.000000 0.000000 1.000000 0.000000 0.000000
25.000000 271.989536 5.842156 0.134869 0.984396 0.000000 0.000000 0.000000 1.000000 0.000000 0.000000
25.000000 271.996673 6.030022 0.035015 1.094702 0.000000 0.000000 0.000000 1.000000 0.000000 0.000000
25.000000 271.996816 6.026950 -0.005361 1.026410 0.000000 0.000000 0.000000 1.000000 0.000000 0.000000
25.000000 271.999850 5.787936 0.135419 1.018415 0.000000 0.000000 0.000000 1.000000 0.000000 0.000000
25.000000 272.006766 5.965622 0.019662 1.130479 0.000000 0.000000 0.000000 1.000000 0.000000 0.000000
25.000000 272.006879 5.981497 -0.002939 1.063385 0.000000 0.000000 0.000000 1.000000 0.000000 0.000000
25.000000 272.009665 5.725576 0.142191 1.053761 0.000000 0.000000 0.000000 1.000000 0.000000 0.000000
25.000000 272.016648 5.949160 0.037405 1.154310 0.000000 0.000000 0.000000 1.000000 0.000000 0.000000
25.000000 272.016777 5.932986 -0.005765 1.100655 0.000000 0.000000 0.000000 1.000000 0.000000 0.000000
25.000000 272.019796 5.660942 0.143045 1.086347 0.000000 0.000000 0.000000 1.000000 0.000000 0.000000
25.000000 272.026701 5.891590 0.043819 1.190854 0.000000 0.000000 0.000000 1.000000 0.000000 0.000000
25.000000 272.026750 5.883102 0.000241 1.124029 0.000000 0.000000 0.000000 1.000000 0.000000 0.000000
25.000000 272.029620 5.624358 0.145051 1.115094 0.000000 0.000000 0.000000 1.000000 0.000000 0.000000
25.000000 272.036602 5.835290 0.041954 1.221340 0.000000 0.000000 0.000000 1.000000 0.000000 0.000000
25.000000 272.036959 5.833493 0.006108 1.156328 0.000000 0.000000 0.000000 1.000000 0.000000 0.000000
25.000000 272.039772 5.571092 0.151262 1.144518 0.000000 0.000000 0.000000 1.000000 0.000000 0.000000
25.000000 272.046698 5.799845 0.058599 1.258523 0.000000 0.000000 0.000000 1.000000 0.000000 0.000000
25.000000 272.046967 5.781122 0.007056 1.191958 0.000000 0.000000 0.000000 1.000000 0.000000 0.000000
25.000000 272.049597 5.511986 0.152431 1.179471 0.000000 0.000000 0.000000 1.000000 0.000000 0.000000
25.000000 272.056659 5.748338 0.062881 1.292755 0.000000 0.000000 0.000000 1.000000 0.000000 0.000000
25.000000 272.056771 5.728449 0.008428 1.221306 0.000000 0.000000 0.000000 1.000000 0.000000 0.000000
25.000000 272.059669 5.450918 0.157104 1.206777 0.000000 0.000000 0.000000 1.000000 0.000000 0.000000
25.000000 272.066669 5.681117 0.052731 1.320295 0.000000 0.000000 0.000000 1.000000 0.000000 0.000000
25.000000 272.066800 5.674026 0.004528 1.238411 0.000000 0.000000 0.000000 1.000000 0.000000 0.000000
25.000000 272.069643 5.401036 0.155400 1.229597 0.000000 0.000000 0.000000 1.000000 0.000000 0.000000
25.000000 272.076596 5.624873 0.044128 1.338506 0.000000 0.000000 0.000000 1.000000 0.000000 0.000000
25.000000 272.076913 5.628775 0.015765 1.274916 0.000000 0.000000 0.000000 1.000000 0.000000 0.000000
25.000000 272.079685 5.355609 0.159280 1.258723 0.000000 0.000000 0.000000 1.000000 0.000000 0.000000
25.000000 272.086702 5.586313 0.051107 1.371823 0.000000 0.000000 0.000000 1.000000 0.000000 0.000000
25.000000 272.086776 5.585852 0.016081 1.303226 0.000000 0.000000 0.000000 1.000000 0.000000 0.000000
25.000000 272.089601 5.292102 0.167493 1.288653 0.000000 0.000000 0.000000 1.000000 0.000000 0.000000
25.000000 272.096676 5.543981 0.056851 1.391083 0.000000 0.000000 0.000000 1.000000 0.000000 0.000000
25.000000 272.096875 5.536645 0.018970 1.328332 0.000000 0.000000 0.000000 1.000000 0.000000 0.000000
25.000000 272.099729 5.242152 0.165133 1.309182 0.000000 0.000000 0.000000 1.000000 0.000000 0.000000
25.000000 272.106673 5.481330 0.056704 1.425822 0.000000 0.000000 0.000000 1.000000 0.000000 0.000000
25.000000 272.106790 5.476849 0.018236 1.355780 0.000000 0.000000 0.000000 1.000000 0.000000 0.000000
25.000000 272.109611 5.174341 0.171057 1.338462 0.000000 0.000000 0.000000 1.000000 0.000000 0.000000
25.000000 272.116622 5.432977 0.060289 1.449690 0.000000 0.000000 0.000000 1.000000 0.000000 0.000000
25.000000 272.116830 5.448512 0.030777 1.360364 0.000000 0.000000 0.000000 1.000000 0.000000 0.000000
25.000000 272.119709 5.170607 0.173308 1.346348 0.000000 0.000000 0.000000 1.000000 0.000000 0.000000
25.000000 272.126657 5.391036 0.070538 1.468394 0.000000 0.000000 0.000000 1.000000 0.000000 0.000000
25.000000 272.126877 5.379969 0.026619 1.398006 0.000000 0.000000 0.000000 1.000000 0.000000 0.000000
25.000000 272.129611 5.077851 0.176615 1.378914 0.000000 0.000000 0.000000 1.000000 0.000000 0.000000
25.000000 272.136638 5.334633 0.065253 1.485665 0.000000 0.000000 0.000000 1.000000 0.000000 0.000000
25.000000 272.136952 5.331225 0.031680 1.422474 0.000000 0.000000 0.000000 1.000000 0.000000 0.000000
25.000000 272.139866 5.024875 0.181802 1.404647 0.000000 0.000000 0.000000 1.000000 0.000000 0.000000
25.000000 272.146703 5.285628 0.073376 1.522075 0.000000 0.000000 0.000000 1.000000 0.000000 0.000000
25.000000 272.146842 5.283093 0.033688 1.443204 0.000000 0.000000 0.000000 1.000000 0.000000 0.000000
25.000000 272.149740 4.970952 0.183453 1.422512 0.000000 0.000000 0.000000 1.000000 0.000000 0.000000
25.000000 272.156816 5.239036 0.073448 1.536115 0.000000 0.000000 0.000000 1.000000 0.000000 0.000000
25.000000 272.156951 5.234868 0.035017 1.462066 0.000000 0.000000 0.000000 1.000000 0.000000 0.000000
25.000000 272.159751 4.919311 0.183614 1.436765 0.000000 0.000000 0.000000 1.000000 0.000000 0.000000
25.000000 272.166788 5.194415 0.072888 1.561498 0.000000 0.000000 0.000000 1.000000 0.000000 0.000000
25.000000 272.166864 5.191233 0.031523 1.479264 0.000000 0.000000 0.000000 1.000000 0.000000 0.000000
25.000000 272.169871 4.861492 0.188343 1.459417 0.000000 0.000000 0.000000 1.000000 0.000000 0.000000
25.000000 272.176714 5.141022 0.074715 1.580456 0.000000 0.000000 0.000000 1.000000 0.000000 0.000000
25.000000 272.177069 5.140314 0.035149 1.496268 0.000000 0.000000 0.000000 1.000000 0.000000 0.000000
25.000000 272.179898 4.810864 0.190458 1.474335 0.000000 0.000000 0.000000 1.000000 0.000000 0.000000
25.000000 272.186756 5.086702 0.075261 1.590615 0.000000 0.000000 0.000000 1.000000 0.000000 0.000000
25.000000 272.186820 5.090728 0.042983 1.512713 0.000000 0.000000 0.000000 1.000000 0.000000 0.000000
25.000000 272.189715 4.755414 0.198756 1.489519 0.000000 0.000000 0.000000 1.000000 0.000000 0.000000
25.000000 272.196659 5.023972 0.071564 1.608189 0.000000 0.000000 0.000000 1.000000 0.000000 0.000000
25.000000 272.196956 5.036430 0.045061 1.525170 0.000000 0.000000 0.000000 1.000000 0.000000 0.000000
25.000000 272.199803 4.712945 0.195109 1.501826 0.000000 0.000000 0.000000 1.000000 0.000000 0.000000
25.000000 272.206774 4.977910 0.076991 1.623168 0.000000 0.000000 0.000000 1.000000 0.000000 0.000000
25.000000 272.206850 4.989276 0.048887 1.538480 0.000000 0.000000 0.000000 1.000000 0.000000 0.000000
25.000000 272.209983 4.658597 0.201399 1.516514 0.000000 0.000000 0.000000 1.000000 0.000000 0.000000
25.000000 272.216689 4.924567 0.077451 1.628110 0.000000 0.000000 0.000000 1.000000 0.000000 0.000000
25.000000 272.216952 4.939867 0.053412 1.544325 0.000000 0.000000 0.000000 1.000000 0.000000 0.000000
25.000000 272.219797 4.612362 0.206306 1.525601 0.000000 0.000000 0.000000 1.000000 0.000000 0.000000
25.000000 272.226782 4.891130 0.078245 1.647022 0.000000 0.000000 0.000000 1.000000 0.000000 0.000000
25.000000 272.226939 4.902598 0.051698 1.564392 0.000000 0.000000 0.000000 1.000000 0.000000 0.000000
25.000000 272.229755 4.562942 0.206038 1.539620 0.000000 0.000000 0.000000 1.000000 0.000000 0.000000
25.000000 272.236814 4.832799 0.081808 1.657001 0.000000 0.000000 0.000000 1.000000 0.000000 0.000000
25.000000 272.236817 4.847942 0.057239 1.570728 0.000000 0.000000 0.000000 1.000000 0.000000 0.000000
25.000000 272.239944 4.509706 0.211591 1.548206 0.000000 0.000000 0.000000 1.000000 0.000000 0.000000
25.000000 272.246783 4.789287 0.087822 1.664751 0.000000 0.000000 0.000000 1.000000 0.000000 0.000000
25.000000 272.246979 4.795543 0.057591 1.584021 0.000000 0.000000 0.000000 1.000000 0.000000 0.000000
25.000000 272.249764 4.452282 0.213985 1.561421 0.000000 0.000000 0.000000 1.000000 0.000000 0.000000
25.000000 272.256995 4.735265 0.088728 1.676000 0.000000 0.000000 0.000000 1.000000 0.000000 0.000000
25.000000 272.257002 4.744621 0.060172 1.591756 0.000000 0.000000 0.000000 1.000000 0.000000 0.000000
25.000000 272.259832 4.409218 0.212935 1.568851 0.000000 0.000000 0.000000 1.000000 0.000000 0.000000
25.000000 272.266932 4.703045 0.091702 1.680944 0.000000 0.000000 0.000000 1.000000 0.000000 0.000000
25.000000 272.266957 4.707879 0.058666 1.595833 0.000000 0.000000 0.000000 1.000000 0.000000 0.000000
25.000000 272.269815 4.354414 0.218247 1.571688 0.000000 0.000000 0.000000 1.000000 0.000000 0.000000
25.000000 272.276772 4.640478 0.087215 1.690953 0.000000 0.000000 0.000000 1.000000 0.000000 0.000000
25.000000 272.276966 4.651886 0.061577 1.608378 0.000000 0.000000 0.000000 1.000000 0.000000 0.000000
25.000000 272.279878 4.294323 0.219919 1.582325 0.000000 0.000000 0.000000 1.000000 0.000000 0.000000
25.000000 272.286920 4.450901 0.126604 1.655792 0.000000 0.000000 0.000000 1.000000 0.000000 0.000000
25.000000 272.286924 4.607858 0.068206 1.610676 0.000000 0.000000 0.000000 1.000000 0.000000 0.000000
25.000000 272.289926 4.854221 0.281004 1.506392 0.000000 0.000000 0.000000 1.000000 0.000000 0.000000
25.000000 272.296693 4.550054 0.097127 1.698525 0.000000 0.000000 0.000000 1.000000 0.000000 0.000000
25.000000 272.296988 4.556263 0.066642 1.615254 0.000000 0.000000 0.000000 1.000000 0.000000 0.000000
25.000000 272.300013 4.202606 0.224422 1.589896 0.000000 0.000000 0.000000 1.000000 0.000000 0.000000
25.000000 272.306800 4.496529 0.099771 1.703501 0.000000 0.000000 0.000000 1.000000 0.000000 0.000000
25.000000 272.307056 4.506004 0.071631 1.617702 0.000000 0.000000 0.000000 1.000000 0.000000 0.000000
25.000000 272.309914 4.160155 0.222916 1.587930 0.000000 0.000000 0.000000 1.000000 0.000000 0.000000
25.000000 272.316930 4.449464 0.103361 1.706230 0.000000 0.000000 0.000000 1.000000 0.000000 0.000000
25.000000 272.316979 4.454541 0.072699 1.624503 0.000000 0.000000 0.000000 1.000000 0.000000 0.000000
25.000000 272.319997 4.098172 0.228699 1.597214 0.000000 0.000000 0.000000 1.000000 0.000000 0.000000
25.000000 272.326855 4.394735 0.100901 1.711208 0.000000 0.000000 0.000000 1.000000 0.000000 0.000000
25.000000 272.326988 4.410017 0.077048 1.622014 0.000000 0.000000 0.000000 1.000000 0.000000 0.000000
25.000000 272.329860 4.051175 0.233796 1.594981 0.000000 0.000000 0.000000 1.000000 0.000000 0.000000
25.000000 272.336718 4.351352 0.105522 1.708771 0.000000 0.000000 0.000000 1.000000 0.000000 0.000000
25.000000 272.336912 4.361609 0.078034 1.622218 0.000000 0.000000 0.000000 1.000000 0.000000 0.000000
25.000000 272.340135 4.006614 0.233636 1.595415 0.000000 0.000000 0.000000 1.000000 0.000000 0.000000
25.000000 272.346911 4.193550 0.126542 1.674233 0.000000 0.000000 0.000000 1.000000 0.000000 0.000000
25.000000 272.347027 4.315732 0.078659 1.620613 0.000000 0.000000 0.000000 1.000000 0.000000 0.000000
25.000000 272.349904 4.550162 0.287800 1.512020 0.000000 0.000000 0.000000 1.000000 0.000000 0.000000
25.000000 272.356813 4.245032 0.102709 1.712672 0.000000 0.000000 0.000000 1.000000 0.000000 0.000000
25.000000 272.357043 4.272409 0.089849 1.620703 0.000000 0.000000 0.000000 1.000000 0.000000 0.000000
25.000000 272.360011 3.911874 0.241692 1.589336 0.000000 0.000000 0.000000 1.000000 0.000000 0.000000
25.000000 272.366793 4.198271 0.102601 1.706221 0.000000 0.000000 0.000000 1.000000 0.000000 0.000000
25.000000 272.366896 4.218351 0.083959 1.617260 0.000000 0.000000 0.000000 1.000000 0.000000 0.000000
25.000000 272.369901 3.855255 0.242330 1.589539 0.000000 0.000000 0.000000 1.000000 0.000000 0.000000
25.000000 272.376696 4.149712 0.105547 1.701887 0.000000 0.000000 0.000000 1.000000 0.000000 0.000000
25.000000 272.376896 4.176800 0.091047 1.605690 0.000000 0.000000 0.000000 1.000000 0.000000 0.000000
25.000000 272.379905 3.837739 0.240687 1.577368 0.000000 0.000000 0.000000 1.000000 0.000000 0.000000
25.000000 272.386898 4.104206 0.110434 1.699134 0.000000 0.000000 0.000000 1.000000 0.000000 0.000000
25.000000 272.386978 4.130669 0.095095 1.601999 0.000000 0.000000 0.000000 1.000000 0.000000 0.000000
25.000000 272.390001 3.793907 0.243862 1.574213 0.000000 0.000000 0.000000 1.000000 0.000000 0.000000
25.000000 272.396751 4.060220 0.109936 1.694048 0.000000 0.000000 0.000000 1.000000 0.000000 0.000000
25.000000 272.397067 4.087560 0.095513 1.596837 0.000000 0.000000 0.000000 1.000000 0.000000 0.000000
25.000000 272.400043 3.749949 0.245266 1.569596 0.000000 0.000000 0.000000 1.000000 0.000000 0.000000
25.000000 272.406846 4.010448 0.111840 1.683786 0.000000 0.000000 0.000000 1.000000 0.000000 0.000000
25.000000 272.406928 4.033632 0.094839 1.590377 0.000000 0.000000 0.000000 1.000000 0.000000 0.000000
25.000000 272.409912 3.683009 0.249238 1.563288 0.000000 0.000000 0.000000 1.000000 0.000000 0.000000
25.000000 272.416792 3.956837 0.110211 1.677596 0.000000 0.000000 0.000000 1.000000 0.000000 0.000000
25.000000 272.417036 3.985746 0.098027 1.581772 0.000000 0.000000 0.000000 1.000000 0.000000 0.000000
25.000000 272.419850 3.640479 0.249473 1.554855 0.000000 0.000000 0.000000 1.000000 0.000000 0.000000
25.000000 272.427050 3.862346 0.139859 1.630248 0.000000 0.000000 0.000000 1.000000 0.000000 0.000000
25.000000 272.427086 3.942958 0.105337 1.570414 0.000000 0.000000 0.000000 1.000000 0.000000 0.000000
25.000000 272.429841 4.161009 0.311316 1.467076 0.000000 0.000000 0.000000 1.000000 0.000000 0.000000
25.000000 272.437003 3.868117 0.116144 1.655770 0.000000 0.000000 0.000000 1.000000 0.000000 0.000000
25.000000 272.437063 3.899068 0.105659 1.558756 0.000000 0.000000 0.000000 1.000000 0.000000 0.000000
25.000000 272.439898 3.557946 0.258901 1.534827 0.000000 0.000000 0.000000 1.000000 0.000000 0.000000
25.000000 272.446886 3.823651 0.118632 1.645253 0.000000 0.000000 0.000000 1.000000 0.000000 0.000000
25.000000 272.446933 3.849012 0.104739 1.553733 0.000000 0.000000 0.000000 1.000000 0.000000 0.000000
25.000000 272.449894 3.491139 0.262597 1.527898 0.000000 0.000000 0.000000 1.000000 0.000000 0.000000
25.000000 272.456921 3.770822 0.121058 1.634944 0.000000 0.000000 0.000000 1.000000 0.000000 0.000000
25.000000 272.456952 3.801794 0.110965 1.538276 0.000000 0.000000 0.000000 1.000000 0.000000 0.000000
25.000000 272.460071 3.470402 0.259029 1.511638 0.000000 0.000000 0.000000 1.000000 0.000000 0.000000
25.000000 272.466955 3.656197 0.150969 1.583787 0.000000 0.000000 0.000000 1.000000 0.000000 0.000000
25.000000 272.467074 3.751292 0.111224 1.526523 0.000000 0.000000 0.000000 1.000000 0.000000 0.000000
25.000000 272.469979 3.973129 0.322532 1.417152 0.000000 0.000000 0.000000 1.000000 0.000000 0.000000
25.000000 272.476814 3.687820 0.129273 1.605451 0.000000 0.000000 0.000000 1.000000 0.000000 0.000000
25.000000 272.476948 3.716323 0.116055 1.507222 0.000000 0.000000 0.000000 1.000000 0.000000 0.000000
25.000000 272.479979 3.384936 0.265557 1.480848 0.000000 0.000000 0.000000 1.000000 0.000000 0.000000
25.000000 272.486822 3.637999 0.131171 1.592410 0.000000 0.000000 0.000000 1.000000 0.000000 0.000000
25.000000 272.487074 3.665783 0.117677 1.495182 0.000000 0.000000 0.000000 1.000000 0.000000 0.000000
25.000000 272.489805 3.341868 0.264978 1.468379 0.000000 0.000000 0.000000 1.000000 0.000000 0.000000
25.000000 272.496823 3.594833 0.137903 1.571641 0.000000 0.000000 0.000000 1.000000 0.000000 0.000000
25.000000 272.497005 3.618513 0.121659 1.478258 0.000000 0.000000 0.000000 1.000000 0.000000 0.000000
25.000000 272.500084 3.287362 0.269996 1.450056 0.000000 0.000000 0.000000 1.000000 0.000000 0.000000
25.000000 272.507096 3.543981 0.135985 1.557103 0.000000 0.000000 0.000000 1.000000 0.000000 0.000000
25.000000 272.507099 3.570068 0.121507 1.462010 0.000000 0.000000 0.000000 1.000000 0.000000 0.000000
25.000000 272.509837 3.245373 0.268554 1.439096 0.000000 0.000000 0.000000 1.000000 0.000000 0.000000
25.000000 272.516850 3.504053 0.139933 1.552738 0.000000 0.000000 0.000000 1.000000 0.000000 0.000000
25.000000 272.517088 3.534452 0.125337 1.445750 0.000000 0.000000 0.000000 1.000000 0.000000 0.000000
25.000000 272.520007 3.203091 0.274167 1.415999 0.000000 0.000000 0.000000 1.000000 0.000000 0.000000
25.000000 272.527061 3.457176 0.136961 1.535679 0.000000 0.000000 0.000000 1.000000 0.000000 0.000000
25.000000 272.527066 3.494118 0.127826 1.425244 0.000000 0.000000 0.000000 1.000000 0.000000 0.000000
25.000000 272.529867 3.167513 0.273838 1.393270 0.000000 0.000000 0.000000 1.000000 0.000000 0.000000
25.000000 272.536936 3.409567 0.132451 1.495178 0.000000 0.000000 0.000000 1.000000 0.000000 0.000000
25.000000 272.537091 3.442283 0.124740 1.399911 0.000000 0.000000 0.000000 1.000000 0.000000 0.000000
25.000000 272.539994 3.116630 0.275666 1.377434 0.000000 0.000000 0.000000 1.000000 0.000000 0.000000
25.000000 272.546987 3.381192 0.150529 1.442611 0.000000 0.000000 0.000000 1.000000 0.000000 0.000000
25.000000 272.547071 3.417242 0.127329 1.372207 0.000000 0.000000 0.000000 1.000000 0.000000 0.000000
25.000000 272.550021 3.639284 0.345785 1.257236 0.000000 0.000000 0.000000 1.000000 0.000000 0.000000
25.000000 272.557056 3.368071 0.143161 1.422744 0.000000 0.000000 0.000000 1.000000 0.000000 0.000000
25.000000 272.559945 3.055081 0.278560 1.325510 0.000000 0.000000 0.000000 1.000000 0.000000 0.000000
25.000000 272.568081 3.274781 0.154878 1.394238 0.000000 0.000000 0.000000 1.000000 0.000000 0.000000
25.000000 272.569878 3.005257 0.278640 1.304976 0.000000 0.000000 0.000000 1.000000 0.000000 0.000000
25.000000 272.577276 3.243569 0.156258 1.371081 0.000000 0.000000 0.000000 1.000000 0.000000 0.000000
25.000000 272.579944 2.967079 0.280962 1.280231 0.000000 0.000000 0.000000 1.000000 0.000000 0.000000
25.000000 272.587114 3.353590 0.104025 1.358625 0.000000 0.000000 0.000000 1.000000 0.000000 0.000000
25.000000 272.589865 2.929773 0.284246 1.252404 0.000000 0.000000 0.000000 1.000000 0.000000 0.000000
25.000000 272.597050 3.239857 0.124751 1.321745 0.000000 0.000000 0.000000 1.000000 0.000000 0.000000
25.000000 272.599873 2.894140 0.280974 1.228171 0.000000 0.000000 0.000000 1.000000 0.000000 0.000000
25.000000 272.607127 3.332799 0.104970 1.305143 0.000000 0.000000 0.000000 1.000000 0.000000 0.000000
25.000000 272.609892 2.885500 0.290681 1.191024 0.000000 0.000000 0.000000 1.000000 0.000000 0.000000
25.000000 272.617034 3.117603 0.152256 1.267205 0.000000 0.000000 0.000000 1.000000 0.000000 0.000000
25.000000 272.619856 2.818240 0.287682 1.172687 0.000000 0.000000 0.000000 1.000000 0.000000 0.000000
25.000000 272.627143 3.056386 0.156603 1.233335 0.000000 0.000000 0.000000 1.000000 0.000000 0.000000
25.000000 272.629876 2.768731 0.289727 1.141685 0.000000 0.000000 0.000000 1.000000 0.000000 0.000000
25.000000 272.637070 3.188281 0.093792 1.218045 0.000000 0.000000 0.000000 1.000000 0.000000 0.000000
25.000000 272.639871 2.731846 0.289958 1.110968 0.000000 0.000000 0.000000 1.000000 0.000000 0.000000
25.000000 272.647063 3.077956 0.116921 1.180844 0.000000 0.000000 0.000000 1.000000 0.000000 0.000000
25.000000 272.649919 2.695928 0.289193 1.081039 0.000000 0.000000 0.000000 1.000000 0.000000 0.000000
25.000000 272.656997 3.100255 0.118406 1.135376 0.000000 0.000000 0.000000 1.000000 0.000000 0.000000
25.000000 272.659908 2.708166 0.290785 1.026282 0.000000 0.000000 0.000000 1.000000 0.000000 0.000000
25.000000 272.667071 2.979254 0.125548 1.104992 0.000000 0.000000 0.000000 1.000000 0.000000 0.000000
25.000000 272.669894 2.613249 0.291913 1.009739 0.000000 0.000000 0.000000 1.000000 0.000000 0.000000
25.000000 272.677169 2.976331 0.110065 1.084457 0.000000 0.000000 0.000000 1.000000 0.000000 0.000000
25.000000 272.680161 2.565388 0.293781 0.981818 0.000000 0.000000 0.000000 1.000000 0.000000 0.000000
25.000000 272.687260 2.898955 0.130709 1.033900 0.000000 0.000000 0.000000 1.000000 0.000000 0.000000
25.000000 272.689955 2.555395 0.292934 0.938947 0.000000 0.000000 0.000000 1.000000 0.000000 0.000000
25.000000 272.697100 2.743181 0.174447 0.990471 0.000000 0.000000 0.000000 1.000000 0.000000 0.000000
25.000000 272.700141 2.513249 0.298229 0.905420 0.000000 0.000000 0.000000 1.000000 0.000000 0.000000
25.000000 272.707397 2.721360 0.167569 0.956594 0.000000 0.000000 0.000000 1.000000 0.000000 0.000000
25.000000 272.709917 2.476669 0.296365 0.871336 0.000000 0.000000 0.000000 1.000000 0.000000 0.000000
25.000000 272.717066 2.796727 0.130398 0.929007 0.000000 0.000000 0.000000 1.000000 0.000000 0.000000
25.000000 272.719921 2.432958 0.302559 0.828227 0.000000 0.000000 0.000000 1.000000 0.000000 0.000000
25.000000 272.727178 2.773570 0.129076 0.892202 0.000000 0.000000 0.000000 1.000000 0.000000 0.000000
25.000000 272.729865 2.405763 0.302993 0.790080 0.000000 0.000000 0.000000 1.000000 0.000000 0.000000
25.000000 272.737111 2.622464 0.168791 0.838424 0.000000 0.000000 0.000000 1.000000 0.000000 0.000000
25.000000 272.739910 2.369111 0.305439 0.751305 0.000000 0.000000 0.000000 1.000000 0.000000 0.000000
25.000000 272.747120 2.576870 0.171427 0.794298 0.000000 0.000000 0.000000 1.000000 0.000000 0.000000
25.000000 272.757133 2.563487 0.163519 0.757873 0.000000 0.000000 0.000000 1.000000 0.000000 0.000000
25.000000 272.767081 2.539218 0.159473 0.712139 0.000000 0.000000 0.000000 1.000000 0.000000 0.000000
25.000000 272.777071 2.542180 0.152721 0.678893 0.000000 0.000000 0.000000 1.000000 0.000000 0.000000
25.000000 272.787104 2.450151 0.173233 0.623693 0.000000 0.000000 0.000000 1.000000 0.000000 0.000000
25.000000 272.797132 2.455690 0.160281 0.593606 0.000000 0.000000 0.000000 1.000000 0.000000 0.000000
25.000000 272.807108 2.457602 0.159604 0.559025 0.000000 0.000000 0.000000 1.000000 0.000000 0.000000
25.000000 272.817336 2.398866 0.163686 0.507271 0.000000 0.000000 0.000000 1.000000 0.000000 0.000000
25.000000 272.827177 2.387450 0.158181 0.463591 0.000000 0.000000 0.000000 1.000000 0.000000 0.000000
25.000000 272.837204 2.338893 0.157866 0.417526 0.000000 0.000000 0.000000 1.000000 0.000000 0.000000
25.000000 272.847232 2.230889 0.181216 0.355989 0.000000 0.000000 0.000000 1.000000 0.000000 0.000000
25.000000 272.857228 2.226260 0.181608 0.297820 0.000000 0.000000 0.000000 1.000000 0.000000 0.000000
25.000000 272.867276 2.258273 0.148410 0.257109 0.000000 0.000000 0.000000 1.000000 0.000000 0.000000
25.000000 272.877244 2.024481 0.207773 0.237652 0.000000 0.000000 0.000000 1.000000 0.000000 0.000000
25.000000 272.887192 2.090312 0.166828 0.292893 0.000000 0.000000 0.000000 1.000000 0.000000 0.000000
25.000000 272.897245 2.119876 0.150971 0.346460 0.000000 0.000000 0.000000 1.000000 0.000000 0.000000
25.000000 272.907245 2.143099 0.135284 0.391908 0.000000 0.000000 0.000000 1.000000 0.000000 0.000000
25.000000 272.917189 2.088678 0.146243 0.427508 0.000000 0.000000 0.000000 1.000000 0.000000 0.000000
25.000000 272.927194 2.032763 0.154666 0.454972 0.000000 0.000000 0.000000 1.000000 0.000000 0.000000
25.000000 272.937308 2.010241 0.150915 0.494998 0.000000 0.000000 0.000000 1.000000 0.000000 0.000000
25.000000 272.947257 1.938051 0.154201 0.515648 0.000000 0.000000 0.000000 1.000000 0.000000 0.000000
25.000000 272.955254 1.978670 0.150048 0.530117 0.000000 0.000000 0.000000 1.000000 0.000000 0.000000
25.000000 272.957219 1.806753 0.184347 0.524104 0.000000 0.000000 0.000000 1.000000 0.000000 0.000000
25.000000 272.967247 1.885318 0.144917 0.592344 0.000000 0.000000 0.000000 1.000000 0.000000 0.000000
25.000000 272.977294 1.805667 0.156761 0.607865 0.000000 0.000000 0.000000 1.000000 0.000000 0.000000
25.000000 272.987251 1.767956 0.152786 0.634112 0.000000 0.000000 0.000000 1.000000 0.000000 0.000000
25.000000 272.997231 1.705322 0.155610 0.659027 0.000000 0.000000 0.000000 1.000000 0.000000 0.000000
25.000000 273.007222 1.751338 0.136802 0.688968 0.000000 0.000000 0.000000 1.000000 0.000000 0.000000
25.000000 273.017179 1.638873 0.159064 0.711426 0.000000 0.000000 0.000000 1.000000 0.000000 0.000000
25.000000 273.027267 1.633972 0.156630 0.751322 0.000000 0.000000 0.000000 1.000000 0.000000 0.000000
25.000000 273.037289 1.585680 0.153835 0.771029 0.000000 0.000000 0.000000 1.000000 0.000000 0.000000
25.000000 273.047476 1.569403 0.149237 0.795614 0.000000 0.000000 0.000000 1.000000 0.000000 0.000000
25.000000 273.057215 1.577831 0.145453 0.822098 0.000000 0.000000 0.000000 1.000000 0.000000 0.000000
25.000000 273.067446 1.475890 0.155818 0.838941 0.000000 0.000000 0.000000 1.000000 0.000000 0.000000
25.000000 273.077376 1.444255 0.154874 0.859223 0.000000 0.000000 0.000000 1.000000 0.000000 0.000000
25.000000 273.087291 1.371704 0.165113 0.874987 0.000000 0.000000 0.000000 1.000000 0.000000 0.000000
25.000000 273.097385 1.268847 0.170334 0.880750 0.000000 0.000000 0.000000 1.000000 0.000000 0.000000
25.000000 273.107494 1.439113 0.135516 0.921059 0.000000 0.000000 0.000000 1.000000 0.000000 0.000000
25.000000 273.117336 1.287727 0.149718 0.932592 0.000000 0.000000 0.000000 1.000000 0.000000 0.000000
25.000000 273.127453 1.337354 0.131659 0.957428 0.000000 0.000000 0.000000 1.000000 0.000000 0.000000
25.000000 273.137329 1.225933 0.153182 0.967383 0.000000 0.000000 0.000000 1.000000 0.000000 0.000000
25.000000 273.147416 1.098015 0.169511 0.955082 0.000000 0.000000 0.000000 1.000000 0.000000 0.000000
25.000000 273.157325 1.214086 0.147521 0.992482 0.000000 0.000000 0.000000 1.000000 0.000000 0.000000
25.000000 273.167502 1.080920 0.154614 0.987709 0.000000 0.000000 0.000000 1.000000 0.000000 0.000000
25.000000 273.177335 0.935274 0.180818 0.997383 0.000000 0.000000 0.000000 1.000000 0.000000 0.000000
25.000000 273.187613 0.976770 0.164674 1.014554 0.000000 0.000000 0.000000 1.000000 0.000000 0.000000
25.000000 273.197510 0.976431 0.156515 1.025114 0.000000 0.000000 0.000000 1.000000 0.000000 0.000000
25.000000 273.207511 1.092869 0.128042 1.044207 0.000000 0.000000 0.000000 1.000000 0.000000 0.000000
25.000000 273.217265 0.833452 0.172048 1.023135 0.000000 0.000000 0.000000 1.000000 0.000000 0.000000
25.000000 273.227409 0.867305 0.152967 1.045562 0.000000 0.000000 0.000000 1.000000 0.000000 0.000000
25.000000 273.237527 0.771718 0.170524 1.038054 0.000000 0.000000 0.000000 1.000000 0.000000 0.000000
25.000000 273.247414 0.669718 0.183741 1.028441 0.000000 0.000000 0.000000 1.000000 0.000000 0.000000
25.000000 273.257354 0.928099 0.122140 1.059721 0.000000 0.000000 0.000000 1.000000 0.000000 0.000000
25.000000 273.267432 0.599509 0.180705 1.033932 0.000000 0.000000 0.000000 1.000000 0.000000 0.000000
25.000000 273.277287 0.825027 0.104907 1.071737 0.000000 0.000000 0.000000 1.000000 0.000000 0.000000
25.000000 273.287245 0.826962 0.097354 1.072290 0.000000 0.000000 0.000000 1.000000 0.000000 0.000000
25.000000 273.297549 0.752638 0.104216 1.060065 0.000000 0.000000 0.000000 1.000000 0.000000 0.000000
25.000000 273.307590 0.890960 0.057919 1.082560 0.000000 0.000000 0.000000 1.000000 0.000000 0.000000
25.000000 273.317450 0.310399 0.196288 1.007962 0.000000 0.000000 0.000000 1.000000 0.000000 0.000000
25.000000 273.327434 0.534838 0.129391 1.041295 0.000000 0.000000 0.000000 1.000000 0.000000 0.000000
25.000000 273.337459 0.570154 0.109005 1.042851 0.000000 0.000000 0.000000 1.000000 0.000000 0.000000
25.000000 273.347574 0.712431 0.062879 1.047672 0.000000 0.000000 0.000000 1.000000 0.000000 0.000000
25.000000 273.357458 0.535971 0.100404 1.023698 0.000000 0.000000 0.000000 1.000000 0.000000 0.000000
25.000000 273.367548 -0.146837 0.253813 0.935263 0.000000 0.000000 0.000000 1.000000 0.000000 0.000000
25.000000 273.377428 0.529115 0.084965 1.009542 0.000000 0.000000 0.000000 1.000000 0.000000 0.000000
25.000000 273.387501 0.193823 0.144237 0.967120 0.000000 0.000000 0.000000 1.000000 0.000000 0.000000
25.000000 273.397367 0.144191 0.148548 0.950008 0.000000 0.000000 0.000000 1.000000 0.000000 0.000000
25.000000 273.407510 0.541656 0.070058 0.972224 0.000000 0.000000 0.000000 1.000000 0.000000 0.000000
25.000000 273.417382 -0.663497 0.322611 0.821279 0.000000 0.000000 0.000000 1.000000 0.000000 0.000000
25.000000 273.427517 -0.467755 0.253141 0.833785 0.000000 0.000000 0.000000 1.000000 0.000000 0.000000
25.000000 273.437446 -0.535909 0.263917 0.806082 0.000000 0.000000 0.000000 1.000000 0.000000 0.000000
25.000000 273.447479 -0.350845 0.213810 0.815502 0.000000 0.000000 0.000000 1.000000 0.000000 0.000000
25.000000 273.457358 -0.688066 0.270871 0.759225 0.000000 0.000000 0.000000 1.000000 0.000000 0.000000
25.000000 273.467506 -0.910821 0.318779 0.718001 0.000000 0.000000 0.000000 1.000000 0.000000 0.000000
25.000000 273.477420 -1.045788 0.337398 0.680791 0.000000 0.000000 0.000000 1.000000 0.000000 0.000000
25.000000 273.487579 -1.057685 0.322939 0.666151 0.000000 0.000000 0.000000 1.000000 0.000000 0.000000
25.000000 273.497449 -1.112661 0.323487 0.633569 0.000000 0.000000 0.000000 1.000000 0.000000 0.000000
25.000000 273.507660 -1.456735 0.396643 0.554475 0.000000 0.000000 0.000000 1.000000 0.000000 0.000000
25.000000 273.517429 -1.176041 0.335221 0.575011 0.000000 0.000000 0.000000 1.000000 0.000000 0.000000
25.000000 273.527615 -1.369562 0.359710 0.530796 0.000000 0.000000 0.000000 1.000000 0.000000 0.000000
25.000000 273.537443 -1.603048 0.393484 0.483235 0.000000 0.000000 0.000000 1.000000 0.000000 0.000000
25.000000 273.547582 -1.479526 0.368941 0.469454 0.000000 0.000000 0.000000 1.000000 0.000000 0.000000
25.000000 273.557462 -1.620048 0.389388 0.422560 0.000000 0.000000 0.000000 1.000000 0.000000 0.000000
25.000000 273.567876 -1.705690 0.409966 0.384868 0.000000 0.000000 0.000000 1.000000 0.000000 0.000000
25.000000 273.575492 -1.323665 0.321709 0.420078 0.000000 0.000000 0.000000 1.000000 0.000000 0.000000
25.000000 273.577501 -1.549272 0.362300 0.380387 0.000000 0.000000 0.000000 1.000000 0.000000 0.000000
25.000000 273.587578 -1.593253 0.357182 0.349144 0.000000 0.000000 0.000000 1.000000 0.000000 0.000000
25.000000 273.597491 -1.818914 0.394838 0.285699 0.000000 0.000000 0.000000 1.000000 0.000000 0.000000
25.000000 273.607631 -1.967368 0.422115 0.232343 0.000000 0.000000 0.000000 1.000000 0.000000 0.000000
25.000000 273.615735 -1.537808 0.348131 0.268516 0.000000 0.000000 0.000000 1.000000 0.000000 0.000000
25.000000 273.617478 -1.824712 0.395330 0.217264 0.000000 0.000000 0.000000 1.000000 0.000000 0.000000
25.000000 273.625613 -1.443959 0.318418 0.247046 0.000000 0.000000 0.000000 1.000000 0.000000 0.000000
25.000000 273.627633 -1.783313 0.379250 0.182084 0.000000 0.000000 0.000000 1.000000 0.000000 0.000000
25.000000 273.637514 -1.751600 0.364113 0.155885 0.000000 0.000000 0.000000 1.000000 0.000000 0.000000
25.000000 273.647626 -1.853111 0.374587 0.114617 0.000000 0.000000 0.000000 1.000000 0.000000 0.000000
25.000000 273.657493 -1.926285 0.394355 0.124575 0.000000 0.000000 0.000000 1.000000 0.000000 0.000000
25.000000 273.667640 -1.945966 0.386766 0.170472 0.000000 0.000000 0.000000 1.000000 0.000000 0.000000
25.000000 273.677723 -1.895157 0.366962 0.220310 0.000000 0.000000 0.000000 1.000000 0.000000 0.000000
25.000000 273.687585 -1.906517 0.351770 0.260071 0.000000 0.000000 0.000000 1.000000 0.000000 0.000000
25.000000 273.697488 -1.744262 0.310534 0.304426 0.000000 0.000000 0.000000 1.000000 0.000000 0.000000
25.000000 273.707564 -1.937405 0.348363 0.318721 0.000000 0.000000 0.000000 1.000000 0.000000 0.000000
25.000000 273.717495 -1.975983 0.354523 0.341540 0.000000 0.000000 0.000000 1.000000 0.000000 0.000000
25.000000 273.727546 -2.062311 0.374603 0.358304 0.000000 0.000000 0.000000 1.000000 0.000000 0.000000
25.000000 273.737571 -2.072976 0.366153 0.380614 0.000000 0.000000 0.000000 1.000000 0.000000 0.000000
25.000000 273.747560 -2.227865 0.392714 0.404277 0.000000 0.000000 0.000000 1.000000 0.000000 0.000000
25.000000 273.757526 -2.095150 0.352186 0.443206 0.000000 0.000000 0.000000 1.000000 0.000000 0.000000
25.000000 273.767606 -2.120349 0.353239 0.468414 0.000000 0.000000 0.000000 1.000000 0.000000 0.000000
25.000000 273.777579 -2.037643 0.324461 0.510490 0.000000 0.000000 0.000000 1.000000 0.000000 0.000000
25.000000 273.787548 -2.218063 0.362182 0.504495 0.000000 0.000000 0.000000 1.000000 0.000000 0.000000
25.000000 273.797534 -2.129814 0.334700 0.545600 0.000000 0.000000 0.000000 1.000000 0.000000 0.000000
25.000000 273.807608 -2.271886 0.360530 0.544394 0.000000 0.000000 0.000000 1.000000 0.000000 0.000000
25.000000 273.817552 -2.245362 0.349076 0.568269 0.000000 0.000000 0.000000 1.000000 0.000000 0.000000
25.000000 273.827605 -2.367709 0.370908 0.569531 0.000000 0.000000 0.000000 1.000000 0.000000 0.000000
25.000000 273.837562 -2.242410 0.332789 0.603501 0.000000 0.000000 0.000000 1.000000 0.000000 0.000000
25.000000 273.847610 -2.551567 0.401165 0.599442 0.000000 0.000000 0.000000 1.000000 0.000000 0.000000
25.000000 273.857533 -2.464054 0.362096 0.609548 0.000000 0.000000 0.000000 1.000000 0.000000 0.000000
25.000000 273.867595 -2.433634 0.359113 0.637315 0.000000 0.000000 0.000000 1.000000 0.000000 0.000000
25.000000 273.875648 -2.530465 0.376473 0.634594 0.000000 0.000000 0.000000 1.000000 0.000000 0.000000
25.000000 273.877554 -2.443284 0.355951 0.654449 0.000000 0.000000 0.000000 1.000000 0.000000 0.000000
25.000000 273.885729 -2.481816 0.361444 0.654577 0.000000 0.000000 0.000000 1.000000 0.000000 0.000000
25.000000 273.887593 -2.463517 0.351339 0.662738 0.000000 0.000000 0.000000 1.000000 0.000000 0.000000
25.000000 273.897611 -2.538490 0.359695 0.666352 0.000000 0.000000 0.000000 1.000000 0.000000 0.000000
25.000000 273.907654 -2.493219 0.342175 0.679411 0.000000 0.000000 0.000000 1.000000 0.000000 0.000000
25.000000 273.917565 -2.517234 0.337091 0.690778 0.000000 0.000000 0.000000 1.000000 0.000000 0.000000
25.000000 273.925815 -2.610954 0.349320 0.691771 0.000000 0.000000 0.000000 1.000000 0.000000 0.000000
25.000000 273.927617 -2.597252 0.345882 0.694922 0.000000 0.000000 0.000000 1.000000 0.000000 0.000000
25.000000 273.937618 -2.560108 0.325669 0.703167 0.000000 0.000000 0.000000 1.000000 0.000000 0.000000
25.000000 273.947642 -2.571316 0.326042 0.705405 0.000000 0.000000 0.000000 1.000000 0.000000 0.000000
25.000000 273.955671 -2.625877 0.338697 0.701996 0.000000 0.000000 0.000000 1.000000 0.000000 0.000000
25.000000 273.957612 -2.744908 0.353685 0.683155 0.000000 0.000000 0.000000 1.000000 0.000000 0.000000
25.000000 273.965793 -2.756877 0.353210 0.684609 0.000000 0.000000 0.000000 1.000000 0.000000 0.000000
25.000000 273.967652 -2.679061 0.332522 0.703961 0.000000 0.000000 0.000000 1.000000 0.000000 0.000000
25.000000 273.975631 -2.677212 0.330966 0.704960 0.000000 0.000000 0.000000 1.000000 0.000000 0.000000
25.000000 273.977565 -2.700790 0.335491 0.700143 0.000000 0.000000 0.000000 1.000000 0.000000 0.000000
25.000000 273.985737 -2.780808 0.356838 0.693124 0.000000 0.000000 0.000000 1.000000 0.000000 0.000000
25.000000 273.987659 -2.800641 0.351649 0.695395 0.000000 0.000000 0.000000 1.000000 0.000000 0.000000
25.000000 273.995764 -2.715783 0.329420 0.702464 0.000000 0.000000 0.000000 1.000000 0.000000 0.000000
25.000000 273.997601 -2.759841 0.332291 0.697410 0.000000 0.000000 0.000000 1.000000 0.000000 0.000000
25.000000 274.005742 -2.802025 0.344925 0.692531 0.000000 0.000000 0.000000 1.000000 0.000000 0.000000
25.000000 274.007702 -2.845781 0.349999 0.685791 0.000000 0.000000 0.000000 1.000000 0.000000 0.000000
25.000000 274.015667 -2.797939 0.332355 0.694074 0.000000 0.000000 0.000000 1.000000 0.000000 0.000000
25.000000 274.017599 -2.824834 0.331749 0.692726 0.000000 0.000000 0.000000 1.000000 0.000000 0.000000
25.000000 274.025779 -2.795929 0.326169 0.693417 0.000000 0.000000 0.000000 1.000000 0.000000 0.000000
25.000000 274.027689 -2.845568 0.333238 0.684725 0.000000 0.000000 0.000000 1.000000 0.000000 0.000000
25.000000 274.035693 -2.841717 0.334351 0.683206 0.000000 0.000000 0.000000 1.000000 0.000000 0.000000
25.000000 274.037770 -2.957871 0.348182 0.664933 0.000000 0.000000 0.000000 1.000000 0.000000 0.000000
25.000000 274.045755 -3.011639 0.359501 0.662743 0.000000 0.000000 0.000000 1.000000 0.000000 0.000000
25.000000 274.047807 -3.004451 0.359740 0.663061 0.000000 0.000000 0.000000 1.000000 0.000000 0.000000
25.000000 274.055743 -2.886857 0.333810 0.668818 0.000000 0.000000 0.000000 1.000000 0.000000 0.000000
25.000000 274.057690 -2.975888 0.343666 0.655347 0.000000 0.000000 0.000000 1.000000 0.000000 0.000000
25.000000 274.065757 -3.073161 0.370024 0.646430 0.000000 0.000000 0.000000 1.000000 0.000000 0.000000
25.000000 274.067851 -3.105098 0.370357 0.644190 0.000000 0.000000 0.000000 1.000000 0.000000 0.000000
25.000000 274.075737 -2.937342 0.333316 0.651536 0.000000 0.000000 0.000000 1.000000 0.000000 0.000000
25.000000 274.077645 -3.081732 0.355863 0.623649 0.000000 0.000000 0.000000 1.000000 0.000000 0.000000
25.000000 274.085940 -3.074835 0.350489 0.627408 0.000000 0.000000 0.000000 1.000000 0.000000 0.000000
25.000000 274.087794 -3.132578 0.357543 0.618076 0.000000 0.000000 0.000000 1.000000 0.000000 0.000000
25.000000 274.095882 -3.112879 0.356590 0.616034 0.000000 0.000000 0.000000 1.000000 0.000000 0.000000
25.000000 274.097888 -3.181432 0.367691 0.602686 0.000000 0.000000 0.000000 1.000000 0.000000 0.000000
25.000000 274.105904 -3.073230 0.344296 0.607444 0.000000 0.000000 0.000000 1.000000 0.000000 0.000000
25.000000 274.107826 -3.200072 0.359573 0.586879 0.000000 0.000000 0.000000 1.000000 0.000000 0.000000
25.000000 274.115719 -3.155586 0.349821 0.588934 0.000000 0.000000 0.000000 1.000000 0.000000 0.000000
25.000000 274.117723 -3.238161 0.366120 0.570349 0.000000 0.000000 0.000000 1.000000 0.000000 0.000000
25.000000 274.125885 -3.051149 0.323072 0.581214 0.000000 0.000000 0.000000 1.000000 0.000000 0.000000
25.000000 274.127928 -3.154576 0.335227 0.564553 0.000000 0.000000 0.000000 1.000000 0.000000 0.000000
25.000000 274.135862 -3.137427 0.331762 0.565097 0.000000 0.000000 0.000000 1.000000 0.000000 0.000000
25.000000 274.137739 -3.197864 0.342223 0.552570 0.000000 0.000000 0.000000 1.000000 0.000000 0.000000
25.000000 274.145946 -3.131972 0.332565 0.551292 0.000000 0.000000 0.000000 1.000000 0.000000 0.000000
25.000000 274.147718 -3.285688 0.355282 0.522337 0.000000 0.000000 0.000000 1.000000 0.000000 0.000000
25.000000 274.155725 -3.220128 0.341292 0.525185 0.000000 0.000000 0.000000 1.000000 0.000000 0.000000
25.000000 274.157820 -3.318658 0.353714 0.508436 0.000000 0.000000 0.000000 1.000000 0.000000 0.000000
25.000000 274.165856 -3.303058 0.354725 0.505054 0.000000 0.000000 0.000000 1.000000 0.000000 0.000000
25.000000 274.167868 -3.465181 0.377203 0.475583 0.000000 0.000000 0.000000 1.000000 0.000000 0.000000
25.000000 274.175795 -3.285391 0.338950 0.483020 0.000000 0.000000 0.000000 1.000000 0.000000 0.000000
25.000000 274.177846 -3.409569 0.360960 0.455828 0.000000 0.000000 0.000000 1.000000 0.000000 0.000000
25.000000 274.185882 -3.339752 0.349563 0.455515 0.000000 0.000000 0.000000 1.000000 0.000000 0.000000
25.000000 274.187783 -3.468142 0.368875 0.430445 0.000000 0.000000 0.000000 1.000000 0.000000 0.000000
25.000000 274.195838 -3.323309 0.337071 0.437544 0.000000 0.000000 0.000000 1.000000 0.000000 0.000000
25.000000 274.197740 -3.484810 0.361787 0.405461 0.000000 0.000000 0.000000 1.000000 0.000000 0.000000
25.000000 274.205914 -3.332345 0.331199 0.410225 0.000000 0.000000 0.000000 1.000000 0.000000 0.000000
25.000000 274.207869 -3.400160 0.341458 0.396594 0.000000 0.000000 0.000000 1.000000 0.000000 0.000000
25.000000 274.215783 -3.257961 0.310026 0.403463 0.000000 0.000000 0.000000 1.000000 0.000000 0.000000
25.000000 274.217698 -3.419969 0.334601 0.370550 0.000000 0.000000 0.000000 1.000000 0.000000 0.000000
25.000000 274.225909 -3.400858 0.333851 0.368042 0.000000 0.000000 0.000000 1.000000 0.000000 0.000000
25.000000 274.227798 -3.571383 0.362933 0.330973 0.000000 0.000000 0.000000 1.000000 0.000000 0.000000
25.000000 274.235784 -3.389934 0.326109 0.337602 0.000000 0.000000 0.000000 1.000000 0.000000 0.000000
25.000000 274.237792 -3.536965 0.348876 0.307360 0.000000 0.000000 0.000000 1.000000 0.000000 0.000000
25.000000 274.245948 -3.528173 0.347978 0.306863 0.000000 0.000000 0.000000 1.000000 0.000000 0.000000
25.000000 274.257716 -3.559524 0.344589 0.257894 0.000000 0.000000 0.000000 1.000000 0.000000 0.000000
25.000000 274.265882 -3.420874 0.317072 0.261908 0.000000 0.000000 0.000000 1.000000 0.000000 0.000000
25.000000 274.267887 -3.598702 0.344253 0.224531 0.000000 0.000000 0.000000 1.000000 0.000000 0.000000
25.000000 274.275819 -3.520201 0.328131 0.227589 0.000000 0.000000 0.000000 1.000000 0.000000 0.000000
25.000000 274.277758 -3.619433 0.338580 0.211426 0.000000 0.000000 0.000000 1.000000 0.000000 0.000000
25.000000 274.285905 -3.659337 0.337455 0.218710 0.000000 0.000000 0.000000 1.000000 0.000000 0.000000
25.000000 274.287880 -3.535691 0.314850 0.247554 0.000000 0.000000 0.000000 1.000000 0.000000 0.000000
25.000000 274.296084 -3.644743 0.334803 0.245284 0.000000 0.000000 0.000000 1.000000 0.000000 0.000000
25.000000 274.297825 -3.544305 0.310685 0.274389 0.000000 0.000000 0.000000 1.000000 0.000000 0.000000
25.000000 274.305852 -3.581014 0.305817 0.285097 0.000000 0.000000 0.000000 1.000000 0.000000 0.000000
25.000000 274.307897 -3.494844 0.285970 0.308853 0.000000 0.000000 0.000000 1.000000 0.000000 0.000000
25.000000 274.315935 -3.792117 0.358868 0.285478 0.000000 0.000000 0.000000 1.000000 0.000000 0.000000
25.000000 274.317795 -3.721266 0.343090 0.304829 0.000000 0.000000 0.000000 1.000000 0.000000 0.000000
25.000000 274.325981 -3.837897 0.364184 0.303250 0.000000 0.000000 0.000000 1.000000 0.000000 0.000000
25.000000 274.327920 -3.740784 0.342812 0.329450 0.000000 0.000000 0.000000 1.000000 0.000000 0.000000
25.000000 274.335861 -3.660741 0.309774 0.349108 0.000000 0.000000 0.000000 1.000000 0.000000 0.000000
25.000000 274.337786 -3.577362 0.289413 0.373463 0.000000 0.000000 0.000000 1.000000 0.000000 0.000000
25.000000 274.346029 -3.786481 0.333685 0.364478 0.000000 0.000000 0.000000 1.000000 0.000000 0.000000
25.000000 274.347874 -3.718577 0.317656 0.383610 0.000000 0.000000 0.000000 1.000000 0.000000 0.000000
25.000000 274.355971 -3.896400 0.357626 0.373719 0.000000 0.000000 0.000000 1.000000 0.000000 0.000000
25.000000 274.357701 -3.855845 0.346376 0.386780 0.000000 0.000000 0.000000 1.000000 0.000000 0.000000
25.000000 274.365914 -3.846117 0.336915 0.394653 0.000000 0.000000 0.000000 1.000000 0.000000 0.000000
25.000000 274.368003 -3.834085 0.324998 0.407003 0.000000 0.000000 0.000000 1.000000 0.000000 0.000000
25.000000 274.375764 -4.008283 0.364763 0.397079 0.000000 0.000000 0.000000 1.000000 0.000000 0.000000
25.000000 274.377769 -3.891697 0.346276 0.421544 0.000000 0.000000 0.000000 1.000000 0.000000 0.000000
25.000000 274.385850 -3.913331 0.343735 0.428188 0.000000 0.000000 0.000000 1.000000 0.000000 0.000000
25.000000 274.387933 -3.885114 0.333191 0.440112 0.000000 0.000000 0.000000 1.000000 0.000000 0.000000
25.000000 274.395843 -3.900254 0.331481 0.444729 0.000000 0.000000 0.000000 1.000000 0.000000 0.000000
25.000000 274.397743 -3.835517 0.316078 0.463611 0.000000 0.000000 0.000000 1.000000 0.000000 0.000000
25.000000 274.405950 -3.848160 0.313601 0.468827 0.000000 0.000000 0.000000 1.000000 0.000000 0.000000
25.000000 274.407918 -3.851195 0.307903 0.474643 0.000000 0.000000 0.000000 1.000000 0.000000 0.000000
25.000000 274.415830 -4.118193 0.368562 0.460225 0.000000 0.000000 0.000000 1.000000 0.000000 0.000000
25.000000 274.417877 -4.026191 0.353225 0.479984 0.000000 0.000000 0.000000 1.000000 0.000000 0.000000
25.000000 274.425958 -4.050797 0.358595 0.478914 0.000000 0.000000 0.000000 1.000000 0.000000 0.000000
25.000000 274.427809 -4.046472 0.353087 0.484890 0.000000 0.000000 0.000000 1.000000 0.000000 0.000000
25.000000 274.435856 -4.053102 0.344962 0.494883 0.000000 0.000000 0.000000 1.000000 0.000000 0.000000
25.000000 274.437787 -4.033125 0.335852 0.504938 0.000000 0.000000 0.000000 1.000000 0.000000 0.000000
25.000000 274.445931 -4.096323 0.350846 0.500912 0.000000 0.000000 0.000000 1.000000 0.000000 0.000000
25.000000 274.447973 -4.135059 0.357832 0.492072 0.000000 0.000000 0.000000 1.000000 0.000000 0.000000
25.000000 274.455810 -4.151494 0.358078 0.494697 0.000000 0.000000 0.000000 1.000000 0.000000 0.000000
25.000000 274.457778 -4.037320 0.331693 0.526896 0.000000 0.000000 0.000000 1.000000 0.000000 0.000000
25.000000 274.465935 -4.103670 0.344053 0.526685 0.000000 0.000000 0.000000 1.000000 0.000000 0.000000
25.000000 274.468031 -4.143937 0.348685 0.520127 0.000000 0.000000 0.000000 1.000000 0.000000 0.000000
25.000000 274.475843 -4.111347 0.335335 0.528225 0.000000 0.000000 0.000000 1.000000 0.000000 0.000000
25.000000 274.477833 -4.147654 0.335912 0.525930 0.000000 0.000000 0.000000 1.000000 0.000000 0.000000
25.000000 274.486002 -4.186956 0.344943 0.523720 0.000000 0.000000 0.000000 1.000000 0.000000 0.000000
25.000000 274.487841 -4.186903 0.340142 0.528677 0.000000 0.000000 0.000000 1.000000 0.000000 0.000000
25.000000 274.495858 -4.336075 0.378050 0.516479 0.000000 0.000000 0.000000 1.000000 0.000000 0.000000
25.000000 274.497839 -4.288293 0.375535 0.521129 0.000000 0.000000 0.000000 1.000000 0.000000 0.000000
25.000000 274.505983 -4.293298 0.371141 0.526625 0.000000 0.000000 0.000000 1.000000 0.000000 0.000000
25.000000 274.507992 -4.332652 0.369478 0.526374 0.000000 0.000000 0.000000 1.000000 0.000000 0.000000
25.000000 274.515926 -4.305103 0.361446 0.529736 0.000000 0.000000 0.000000 1.000000 0.000000 0.000000
25.000000 274.517898 -4.308122 0.358813 0.532294 0.000000 0.000000 0.000000 1.000000 0.000000 0.000000
25.000000 274.525977 -4.214643 0.332161 0.543106 0.000000 0.000000 0.000000 1.000000 0.000000 0.000000
25.000000 274.527883 -4.162856 0.322304 0.555581 0.000000 0.000000 0.000000 1.000000 0.000000 0.000000
25.000000 274.535931 -4.117342 0.309860 0.560284 0.000000 0.000000 0.000000 1.000000 0.000000 0.000000
25.000000 274.537779 -4.215788 0.321830 0.543569 0.000000 0.000000 0.000000 1.000000 0.000000 0.000000
25.000000 274.545998 -4.160508 0.305961 0.550105 0.000000 0.000000 0.000000 1.000000 0.000000 0.000000
25.000000 274.548016 -4.141381 0.301031 0.556048 0.000000 0.000000 0.000000 1.000000 0.000000 0.000000
25.000000 274.555943 -4.211434 0.319412 0.549647 0.000000 0.000000 0.000000 1.000000 0.000000 0.000000
