10.000000 89.708668 25.137426 -0.227682 0.413662 0.000000 0.000000 0.000000 1.000000 0.000000 0.000000
10.000000 89.718714 24.861482 -0.286259 0.507808 0.000000 0.000000 0.000000 1.000000 0.000000 0.000000
10.000000 89.728636 24.660629 -0.292753 0.603204 0.000000 0.000000 0.000000 1.000000 0.000000 0.000000
10.000000 89.738703 24.675108 -0.249464 0.609356 0.000000 0.000000 0.000000 1.000000 0.000000 0.000000
10.000000 89.748607 24.269575 -0.301065 0.814462 0.000000 0.000000 0.000000 1.000000 0.000000 0.000000
10.000000 89.758714 24.184181 -0.281604 0.889959 0.000000 0.000000 0.000000 1.000000 0.000000 0.000000
10.000000 89.768592 24.025571 -0.286797 0.986571 0.000000 0.000000 0.000000 1.000000 0.000000 0.000000
10.000000 89.778705 23.856570 -0.288780 1.073019 0.000000 0.000000 0.000000 1.000000 0.000000 0.000000
10.000000 89.788811 23.744436 -0.280703 1.152608 0.000000 0.000000 0.000000 1.000000 0.000000 0.000000
10.000000 89.798691 23.576285 -0.283474 1.225279 0.000000 0.000000 0.000000 1.000000 0.000000 0.000000
10.000000 89.802024 22.669056 -0.435274 1.299706 0.000000 0.000000 0.000000 1.000000 0.000000 0.000000
10.000000 89.808719 23.458634 -0.288399 1.324342 0.000000 0.000000 0.000000 1.000000 0.000000 0.000000
10.000000 89.811930 22.592839 -0.437215 1.387575 0.000000 0.000000 0.000000 1.000000 0.000000 0.000000
10.000000 89.818785 23.299552 -0.281198 1.405617 0.000000 0.000000 0.000000 1.000000 0.000000 0.000000
10.000000 89.822023 22.480872 -0.425493 1.463469 0.000000 0.000000 0.000000 1.000000 0.000000 0.000000
10.000000 89.828615 23.128907 -0.292173 1.481260 0.000000 0.000000 0.000000 1.000000 0.000000 0.000000
10.000000 89.831985 22.368393 -0.424516 1.532085 0.000000 0.000000 0.000000 1.000000 0.000000 0.000000
10.000000 89.838919 23.027340 -0.284065 1.553248 0.000000 0.000000 0.000000 1.000000 0.000000 0.000000
10.000000 89.842073 22.264523 -0.421066 1.601895 0.000000 0.000000 0.000000 1.000000 0.000000 0.000000
10.000000 89.848636 23.006334 -0.279841 1.603090 0.000000 0.000000 0.000000 1.000000 0.000000 0.000000
10.000000 89.851988 22.173638 -0.430134 1.661917 0.000000 0.000000 0.000000 1.000000 0.000000 0.000000
10.000000 89.858942 22.783244 -0.275602 1.691307 0.000000 0.000000 0.000000 1.000000 0.000000 0.000000
10.000000 89.862051 22.048285 -0.412405 1.734718 0.000000 0.000000 0.000000 1.000000 0.000000 0.000000
10.000000 89.868716 22.653094 -0.278363 1.763328 0.000000 0.000000 0.000000 1.000000 0.000000 0.000000
10.000000 89.871978 21.946979 -0.411058 1.800558 0.000000 0.000000 0.000000 1.000000 0.000000 0.000000
10.000000 89.878986 22.527363 -0.273686 1.828681 0.000000 0.000000 0.000000 1.000000 0.000000 0.000000
10.000000 89.882042 21.827744 -0.407933 1.866431 0.000000 0.000000 0.000000 1.000000 0.000000 0.000000
10.000000 89.888707 22.405704 -0.270795 1.894469 0.000000 0.000000 0.000000 1.000000 0.000000 0.000000
10.000000 89.891987 21.722026 -0.404343 1.927782 0.000000 0.000000 0.000000 1.000000 0.000000 0.000000
10.000000 89.898749 22.363106 -0.274062 1.939144 0.000000 0.000000 0.000000 1.000000 0.000000 0.000000
10.000000 89.902094 21.629717 -0.416272 1.978404 0.000000 0.000000 0.000000 1.000000 0.000000 0.000000
10.000000 89.911992 21.504513 -0.397453 2.052140 0.000000 0.000000 0.000000 1.000000 0.000000 0.000000
10.000000 89.922102 21.406662 -0.394065 2.117783 0.000000 0.000000 0.000000 1.000000 0.000000 0.000000
10.000000 89.932009 21.286144 -0.393292 2.169832 0.000000 0.000000 0.000000 1.000000 0.000000 0.000000
10.000000 89.942086 21.177339 -0.387636 2.227386 0.000000 0.000000 0.000000 1.000000 0.000000 0.000000
10.000000 89.952021 21.067609 -0.383293 2.285332 0.000000 0.000000 0.000000 1.000000 0.000000 0.000000
10.000000 89.952161 20.182454 -0.103393 2.185634 0.000000 0.000000 0.000000 1.000000 0.000000 0.000000
10.000000 89.962038 20.542594 -0.548856 2.335948 0.000000 0.000000 0.000000 1.000000 0.000000 0.000000
10.000000 89.962075 20.058992 -0.103265 2.243596 0.000000 0.000000 0.000000 1.000000 0.000000 0.000000
10.000000 89.972019 20.850727 -0.375831 2.398070 0.000000 0.000000 0.000000 1.000000 0.000000 0.000000
10.000000 89.972042 19.939710 -0.104242 2.301284 0.000000 0.000000 0.000000 1.000000 0.000000 0.000000
10.000000 89.982043 20.306890 -0.548165 2.446595 0.000000 0.000000 0.000000 1.000000 0.000000 0.000000
10.000000 89.982097 19.803302 -0.098844 2.353371 0.000000 0.000000 0.000000 1.000000 0.000000 0.000000
10.000000 89.992016 20.637365 -0.372551 2.506390 0.000000 0.000000 0.000000 1.000000 0.000000 0.000000
10.000000 89.992115 19.696112 -0.104960 2.411622 0.000000 0.000000 0.000000 1.000000 0.000000 0.000000
10.000000 90.002075 20.094190 -0.560609 2.550271 0.000000 0.000000 0.000000 1.000000 0.000000 0.000000
10.000000 90.002200 19.576132 -0.103710 2.474997 0.000000 0.000000 0.000000 1.000000 0.000000 0.000000
10.000000 90.012057 20.411729 -0.363819 2.606347 0.000000 0.000000 0.000000 1.000000 0.000000 0.000000
10.000000 90.012185 19.440488 -0.096843 2.520439 0.000000 0.000000 0.000000 1.000000 0.000000 0.000000
10.000000 90.022049 19.832485 -0.539263 2.660274 0.000000 0.000000 0.000000 1.000000 0.000000 0.000000
10.000000 90.022093 19.316257 -0.098097 2.570154 0.000000 0.000000 0.000000 1.000000 0.000000 0.000000
10.000000 90.031988 20.191071 -0.360316 2.704662 0.000000 0.000000 0.000000 1.000000 0.000000 0.000000
10.000000 90.032152 19.184052 -0.089682 2.617234 0.000000 0.000000 0.000000 1.000000 0.000000 0.000000
10.000000 90.042073 20.083154 -0.354130 2.749409 0.000000 0.000000 0.000000 1.000000 0.000000 0.000000
10.000000 90.042094 19.077555 -0.092059 2.668443 0.000000 0.000000 0.000000 1.000000 0.000000 0.000000
10.000000 90.052063 19.994272 -0.366610 2.790533 0.000000 0.000000 0.000000 1.000000 0.000000 0.000000
10.000000 90.052194 18.959344 -0.097309 2.718961 0.000000 0.000000 0.000000 1.000000 0.000000 0.000000
10.000000 90.062068 19.370074 -0.529772 2.846556 0.000000 0.000000 0.000000 1.000000 0.000000 0.000000
10.000000 90.062113 18.835670 -0.094912 2.765425 0.000000 0.000000 0.000000 1.000000 0.000000 0.000000
10.000000 90.072109 19.738822 -0.353614 2.882254 0.000000 0.000000 0.000000 1.000000 0.000000 0.000000
10.000000 90.072297 18.721158 -0.098362 2.814045 0.000000 0.000000 0.000000 1.000000 0.000000 0.000000
10.000000 90.082158 19.628735 -0.349388 2.929671 0.000000 0.000000 0.000000 1.000000 0.000000 0.000000
10.000000 90.082189 18.595221 -0.094711 2.854032 0.000000 0.000000 0.000000 1.000000 0.000000 0.000000
10.000000 90.092034 19.518999 -0.345040 2.971566 0.000000 0.000000 0.000000 1.000000 0.000000 0.000000
10.000000 90.092258 18.463534 -0.091923 2.897082 0.000000 0.000000 0.000000 1.000000 0.000000 0.000000
10.000000 90.102118 19.463910 -0.349270 3.014886 0.000000 0.000000 0.000000 1.000000 0.000000 0.000000
10.000000 90.102210 18.329915 -0.080801 2.933135 0.000000 0.000000 0.000000 1.000000 0.000000 0.000000
10.000000 90.112049 19.289292 -0.342237 3.045268 0.000000 0.000000 0.000000 1.000000 0.000000 0.000000
10.000000 90.112304 18.223067 -0.093673 2.979014 0.000000 0.000000 0.000000 1.000000 0.000000 0.000000
10.000000 90.122173 19.182727 -0.334985 3.089463 0.000000 0.000000 0.000000 1.000000 0.000000 0.000000
10.000000 90.122206 18.088791 -0.083606 3.023672 0.000000 0.000000 0.000000 1.000000 0.000000 0.000000
10.000000 90.132216 19.067455 -0.336441 3.132061 0.000000 0.000000 0.000000 1.000000 0.000000 0.000000
10.000000 90.132260 17.980207 -0.087136 3.071692 0.000000 0.000000 0.000000 1.000000 0.000000 0.000000
10.000000 90.142140 18.948369 -0.336504 3.161509 0.000000 0.000000 0.000000 1.000000 0.000000 0.000000
10.000000 90.142240 17.870186 -0.094261 3.104323 0.000000 0.000000 0.000000 1.000000 0.000000 0.000000
10.000000 90.152107 18.860738 -0.345608 3.192277 0.000000 0.000000 0.000000 1.000000 0.000000 0.000000
10.000000 90.152482 17.756173 -0.097551 3.145978 0.000000 0.000000 0.000000 1.000000 0.000000 0.000000
10.000000 90.162185 18.728656 -0.335597 3.237470 0.000000 0.000000 0.000000 1.000000 0.000000 0.000000
10.000000 90.162323 17.636427 -0.096825 3.180513 0.000000 0.000000 0.000000 1.000000 0.000000 0.000000
10.000000 90.172070 18.619968 -0.333980 3.272074 0.000000 0.000000 0.000000 1.000000 0.000000 0.000000
10.000000 90.172462 17.517921 -0.094652 3.215886 0.000000 0.000000 0.000000 1.000000 0.000000 0.000000
10.000000 90.182091 18.508745 -0.334467 3.304037 0.000000 0.000000 0.000000 1.000000 0.000000 0.000000
10.000000 90.182361 17.401405 -0.094996 3.248098 0.000000 0.000000 0.000000 1.000000 0.000000 0.000000
10.000000 90.192139 18.389882 -0.332157 3.338223 0.000000 0.000000 0.000000 1.000000 0.000000 0.000000
10.000000 90.192510 17.272013 -0.093748 3.281813 0.000000 0.000000 0.000000 1.000000 0.000000 0.000000
10.000000 90.202251 18.306791 -0.345137 3.365115 0.000000 0.000000 0.000000 1.000000 0.000000 0.000000
10.000000 90.202369 17.163798 -0.102282 3.312328 0.000000 0.000000 0.000000 1.000000 0.000000 0.000000
10.000000 90.212119 18.173136 -0.318191 3.394464 0.000000 0.000000 0.000000 1.000000 0.000000 0.000000
10.000000 90.212525 17.005195 -0.073879 3.338516 0.000000 0.000000 0.000000 1.000000 0.000000 0.000000
10.000000 90.222174 18.029248 -0.325023 3.411496 0.000000 0.000000 0.000000 1.000000 0.000000 0.000000
10.000000 90.222437 16.907644 -0.092570 3.367451 0.000000 0.000000 0.000000 1.000000 0.000000 0.000000
10.000000 90.232150 17.909167 -0.330644 3.443875 0.000000 0.000000 0.000000 1.000000 0.000000 0.000000
10.000000 90.232471 16.817493 -0.105355 3.397492 0.000000 0.000000 0.000000 1.000000 0.000000 0.000000
10.000000 90.242172 17.781591 -0.326124 3.461242 0.000000 0.000000 0.000000 1.000000 0.000000 0.000000
10.000000 90.242586 16.657829 -0.095088 3.410122 0.000000 0.000000 0.000000 1.000000 0.000000 0.000000
10.000000 90.244475 16.968739 -0.281209 3.513232 0.000000 0.000000 0.000000 1.000000 0.000000 0.000000
10.000000 90.252087 17.702190 -0.331232 3.488162 0.000000 0.000000 0.000000 1.000000 0.000000 0.000000
10.000000 90.254451 17.633267 -0.285939 3.564412 0.000000 0.000000 0.000000 1.000000 0.000000 0.000000
10.000000 90.262136 17.580772 -0.316684 3.511618 0.000000 0.000000 0.000000 1.000000 0.000000 0.000000
10.000000 90.272231 17.471379 -0.327023 3.529642 0.000000 0.000000 0.000000 1.000000 0.000000 0.000000
10.000000 90.282151 17.335580 -0.324406 3.553254 0.000000 0.000000 0.000000 1.000000 0.000000 0.000000
10.000000 90.292111 17.209830 -0.319985 3.576628 0.000000 0.000000 0.000000 1.000000 0.000000 0.000000
10.000000 90.302340 17.180393 -0.330810 3.589589 0.000000 0.000000 0.000000 1.000000 0.000000 0.000000
10.000000 90.312186 17.025265 -0.312804 3.621277 0.000000 0.000000 0.000000 1.000000 0.000000 0.000000
10.000000 90.322253 16.906614 -0.313315 3.636099 0.000000 0.000000 0.000000 1.000000 0.000000 0.000000
10.000000 90.332390 16.772909 -0.314298 3.654165 0.000000 0.000000 0.000000 1.000000 0.000000 0.000000
10.000000 90.342256 16.672096 -0.315327 3.675839 0.000000 0.000000 0.000000 1.000000 0.000000 0.000000
10.000000 90.352280 16.577154 -0.319920 3.688872 0.000000 0.000000 0.000000 1.000000 0.000000 0.000000
10.000000 90.362457 16.456417 -0.311582 3.705284 0.000000 0.000000 0.000000 1.000000 0.000000 0.000000
10.000000 90.372117 16.348560 -0.310683 3.716737 0.000000 0.000000 0.000000 1.000000 0.000000 0.000000
10.000000 90.382351 16.234761 -0.304130 3.722435 0.000000 0.000000 0.000000 1.000000 0.000000 0.000000
10.000000 90.392278 16.114031 -0.314565 3.740212 0.000000 0.000000 0.000000 1.000000 0.000000 0.000000
10.000000 90.402288 15.980129 -0.311756 3.728083 0.000000 0.000000 0.000000 1.000000 0.000000 0.000000
10.000000 90.412205 15.891282 -0.312610 3.755389 0.000000 0.000000 0.000000 1.000000 0.000000 0.000000
10.000000 90.422351 15.778783 -0.308928 3.763866 0.000000 0.000000 0.000000 1.000000 0.000000 0.000000
10.000000 90.432217 15.623490 -0.316328 3.774886 0.000000 0.000000 0.000000 1.000000 0.000000 0.000000
10.000000 90.442265 15.522235 -0.311331 3.782024 0.000000 0.000000 0.000000 1.000000 0.000000 0.000000
10.000000 90.452369 15.467632 -0.309149 3.790901 0.000000 0.000000 0.000000 1.000000 0.000000 0.000000
10.000000 90.462301 15.328704 -0.305534 3.789266 0.000000 0.000000 0.000000 1.000000 0.000000 0.000000
10.000000 90.472245 15.218722 -0.305026 3.792264 0.000000 0.000000 0.000000 1.000000 0.000000 0.000000
10.000000 90.482462 15.096597 -0.308146 3.791075 0.000000 0.000000 0.000000 1.000000 0.000000 0.000000
10.000000 90.492295 14.981588 -0.307717 3.791446 0.000000 0.000000 0.000000 1.000000 0.000000 0.000000
10.000000 90.502270 14.900072 -0.306324 3.789202 0.000000 0.000000 0.000000 1.000000 0.000000 0.000000
10.000000 90.512234 14.764929 -0.303505 3.781669 0.000000 0.000000 0.000000 1.000000 0.000000 0.000000
10.000000 90.544558 14.119438 -0.260957 3.806924 0.000000 0.000000 0.000000 1.000000 0.000000 0.000000
10.000000 90.552372 14.349091 -0.311044 3.749554 0.000000 0.000000 0.000000 1.000000 0.000000 0.000000
10.000000 90.562527 14.227036 -0.305099 3.763799 0.000000 0.000000 0.000000 1.000000 0.000000 0.000000
10.000000 90.589009 14.034103 -0.276215 3.708378 0.000000 0.000000 0.000000 1.000000 0.000000 0.000000
10.000000 90.592296 13.922319 -0.311804 3.739871 0.000000 0.000000 0.000000 1.000000 0.000000 0.000000
10.000000 90.592485 12.866317 -0.145414 3.702731 0.000000 0.000000 0.000000 1.000000 0.000000 0.000000
10.000000 90.599164 13.904825 -0.261733 3.700893 0.000000 0.000000 0.000000 1.000000 0.000000 0.000000
10.000000 90.602332 13.781856 -0.303466 3.740013 0.000000 0.000000 0.000000 1.000000 0.000000 0.000000
10.000000 90.602409 12.743329 -0.142272 3.696838 0.000000 0.000000 0.000000 1.000000 0.000000 0.000000
10.000000 90.612284 13.669384 -0.304949 3.723926 0.000000 0.000000 0.000000 1.000000 0.000000 0.000000
10.000000 90.612506 12.659865 -0.148158 3.685461 0.000000 0.000000 0.000000 1.000000 0.000000 0.000000
10.000000 90.622421 13.195225 -0.475406 3.688030 0.000000 0.000000 0.000000 1.000000 0.000000 0.000000
10.000000 90.622450 12.546292 -0.150039 3.681963 0.000000 0.000000 0.000000 1.000000 0.000000 0.000000
10.000000 90.632367 13.474702 -0.292419 3.706315 0.000000 0.000000 0.000000 1.000000 0.000000 0.000000
10.000000 90.632529 12.373584 -0.123984 3.662164 0.000000 0.000000 0.000000 1.000000 0.000000 0.000000
10.000000 90.642297 13.347286 -0.307373 3.693336 0.000000 0.000000 0.000000 1.000000 0.000000 0.000000
10.000000 90.642478 12.352759 -0.155948 3.652672 0.000000 0.000000 0.000000 1.000000 0.000000 0.000000
10.000000 90.652271 13.290350 -0.313958 3.680384 0.000000 0.000000 0.000000 1.000000 0.000000 0.000000
10.000000 90.652591 12.256858 -0.157648 3.637299 0.000000 0.000000 0.000000 1.000000 0.000000 0.000000
10.000000 90.662336 13.153146 -0.293173 3.667220 0.000000 0.000000 0.000000 1.000000 0.000000 0.000000
10.000000 90.662457 12.118788 -0.136488 3.623976 0.000000 0.000000 0.000000 1.000000 0.000000 0.000000
10.000000 90.669058 13.160857 -0.254118 3.612681 0.000000 0.000000 0.000000 1.000000 0.000000 0.000000
10.000000 90.672286 13.016738 -0.306616 3.651535 0.000000 0.000000 0.000000 1.000000 0.000000 0.000000
10.000000 90.672534 12.049244 -0.161509 3.609065 0.000000 0.000000 0.000000 1.000000 0.000000 0.000000
10.000000 90.682379 12.592545 -0.453682 3.601634 0.000000 0.000000 0.000000 1.000000 0.000000 0.000000
10.000000 90.682400 12.011188 -0.171223 3.594810 0.000000 0.000000 0.000000 1.000000 0.000000 0.000000
10.000000 90.692291 12.805779 -0.306347 3.614801 0.000000 0.000000 0.000000 1.000000 0.000000 0.000000
10.000000 90.692667 11.840585 -0.163563 3.574704 0.000000 0.000000 0.000000 1.000000 0.000000 0.000000
10.000000 90.702307 12.716881 -0.311640 3.584482 0.000000 0.000000 0.000000 1.000000 0.000000 0.000000
10.000000 90.702667 11.734281 -0.163584 3.557742 0.000000 0.000000 0.000000 1.000000 0.000000 0.000000
10.000000 90.712270 12.577769 -0.312009 3.571756 0.000000 0.000000 0.000000 1.000000 0.000000 0.000000
10.000000 90.712541 11.655568 -0.175161 3.538862 0.000000 0.000000 0.000000 1.000000 0.000000 0.000000
10.000000 90.722301 12.450287 -0.312968 3.552090 0.000000 0.000000 0.000000 1.000000 0.000000 0.000000
10.000000 90.722551 11.562898 -0.181772 3.516351 0.000000 0.000000 0.000000 1.000000 0.000000 0.000000
10.000000 90.732306 12.353035 -0.315429 3.530423 0.000000 0.000000 0.000000 1.000000 0.000000 0.000000
10.000000 90.732584 11.466998 -0.185242 3.488649 0.000000 0.000000 0.000000 1.000000 0.000000 0.000000
10.000000 90.742342 12.261881 -0.308898 3.500917 0.000000 0.000000 0.000000 1.000000 0.000000 0.000000
10.000000 90.742630 11.335503 -0.173330 3.461445 0.000000 0.000000 0.000000 1.000000 0.000000 0.000000
10.000000 90.752382 12.160001 -0.322081 3.463273 0.000000 0.000000 0.000000 1.000000 0.000000 0.000000
10.000000 90.752722 11.264891 -0.188697 3.437779 0.000000 0.000000 0.000000 1.000000 0.000000 0.000000
10.000000 90.762438 12.035340 -0.315949 3.454323 0.000000 0.000000 0.000000 1.000000 0.000000 0.000000
10.000000 90.762571 11.149904 -0.186748 3.413053 0.000000 0.000000 0.000000 1.000000 0.000000 0.000000
10.000000 90.772360 11.959550 -0.303565 3.428558 0.000000 0.000000 0.000000 1.000000 0.000000 0.000000
10.000000 90.772748 10.998789 -0.162662 3.383423 0.000000 0.000000 0.000000 1.000000 0.000000 0.000000
10.000000 90.782393 11.845585 -0.302801 3.396965 0.000000 0.000000 0.000000 1.000000 0.000000 0.000000
10.000000 90.782625 10.895475 -0.164826 3.349574 0.000000 0.000000 0.000000 1.000000 0.000000 0.000000
10.000000 90.792299 11.739670 -0.304320 3.369054 0.000000 0.000000 0.000000 1.000000 0.000000 0.000000
10.000000 90.792660 10.814151 -0.169304 3.322266 0.000000 0.000000 0.000000 1.000000 0.000000 0.000000
10.000000 90.802431 11.647428 -0.312468 3.334991 0.000000 0.000000 0.000000 1.000000 0.000000 0.000000
10.000000 90.802448 10.756657 -0.180931 3.296912 0.000000 0.000000 0.000000 1.000000 0.000000 0.000000
10.000000 90.812348 11.493874 -0.321814 3.307569 0.000000 0.000000 0.000000 1.000000 0.000000 0.000000
10.000000 90.812663 10.682141 -0.204264 3.264153 0.000000 0.000000 0.000000 1.000000 0.000000 0.000000
10.000000 90.822390 11.420912 -0.309789 3.280740 0.000000 0.000000 0.000000 1.000000 0.000000 0.000000
10.000000 90.822565 10.525887 -0.180213 3.230485 0.000000 0.000000 0.000000 1.000000 0.000000 0.000000
10.000000 90.832412 11.293951 -0.325647 3.241233 0.000000 0.000000 0.000000 1.000000 0.000000 0.000000
10.000000 90.832660 10.516014 -0.213806 3.194721 0.000000 0.000000 0.000000 1.000000 0.000000 0.000000
10.000000 90.842407 11.225776 -0.314537 3.213496 0.000000 0.000000 0.000000 1.000000 0.000000 0.000000
10.000000 90.842574 10.345215 -0.187111 3.161942 0.000000 0.000000 0.000000 1.000000 0.000000 0.000000
10.000000 90.852449 11.110990 -0.316921 3.174073 0.000000 0.000000 0.000000 1.000000 0.000000 0.000000
10.000000 90.852677 10.234495 -0.187855 3.129718 0.000000 0.000000 0.000000 1.000000 0.000000 0.000000
10.000000 90.862494 10.969065 -0.331994 3.141684 0.000000 0.000000 0.000000 1.000000 0.000000 0.000000
10.000000 90.862600 10.225947 -0.225076 3.092580 0.000000 0.000000 0.000000 1.000000 0.000000 0.000000
10.000000 90.872350 10.889071 -0.320212 3.107832 0.000000 0.000000 0.000000 1.000000 0.000000 0.000000
10.000000 90.872574 10.057499 -0.199794 3.054697 0.000000 0.000000 0.000000 1.000000 0.000000 0.000000
10.000000 90.882455 10.791297 -0.321992 3.061328 0.000000 0.000000 0.000000 1.000000 0.000000 0.000000
10.000000 90.882580 9.987901 -0.206900 3.010944 0.000000 0.000000 0.000000 1.000000 0.000000 0.000000
10.000000 90.892476 10.693424 -0.320581 3.029508 0.000000 0.000000 0.000000 1.000000 0.000000 0.000000
10.000000 90.892684 9.859530 -0.200429 2.975105 0.000000 0.000000 0.000000 1.000000 0.000000 0.000000
10.000000 90.902372 10.601275 -0.325553 2.988081 0.000000 0.000000 0.000000 1.000000 0.000000 0.000000
10.000000 90.902631 9.758464 -0.201638 2.939114 0.000000 0.000000 0.000000 1.000000 0.000000 0.000000
10.000000 90.912517 10.460047 -0.341891 2.948976 0.000000 0.000000 0.000000 1.000000 0.000000 0.000000
10.000000 90.912677 9.732884 -0.237095 2.896815 0.000000 0.000000 0.000000 1.000000 0.000000 0.000000
10.000000 90.922495 10.385441 -0.326824 2.909830 0.000000 0.000000 0.000000 1.000000 0.000000 0.000000
10.000000 90.922551 9.597011 -0.212593 2.853034 0.000000 0.000000 0.000000 1.000000 0.000000 0.000000
10.000000 90.932374 10.259764 -0.337013 2.863719 0.000000 0.000000 0.000000 1.000000 0.000000 0.000000
10.000000 90.932602 9.519572 -0.229027 2.809720 0.000000 0.000000 0.000000 1.000000 0.000000 0.000000
10.000000 90.942458 10.172515 -0.330137 2.823244 0.000000 0.000000 0.000000 1.000000 0.000000 0.000000
10.000000 90.942607 9.404529 -0.217284 2.767125 0.000000 0.000000 0.000000 1.000000 0.000000 0.000000
10.000000 90.952493 10.088070 -0.333125 2.783403 0.000000 0.000000 0.000000 1.000000 0.000000 0.000000
10.000000 90.952666 9.314440 -0.220622 2.723065 0.000000 0.000000 0.000000 1.000000 0.000000 0.000000
10.000000 90.962465 9.974274 -0.334672 2.728777 0.000000 0.000000 0.000000 1.000000 0.000000 0.000000
10.000000 90.962735 9.220610 -0.224816 2.672422 0.000000 0.000000 0.000000 1.000000 0.000000 0.000000
10.000000 90.972433 9.850375 -0.348023 2.683801 0.000000 0.000000 0.000000 1.000000 0.000000 0.000000
10.000000 90.972630 9.172973 -0.247882 2.630939 0.000000 0.000000 0.000000 1.000000 0.000000 0.000000
10.000000 90.982512 9.764022 -0.336594 2.638117 0.000000 0.000000 0.000000 1.000000 0.000000 0.000000
10.000000 90.982580 9.010164 -0.223752 2.582316 0.000000 0.000000 0.000000 1.000000 0.000000 0.000000
10.000000 90.992398 9.641432 -0.354388 2.589967 0.000000 0.000000 0.000000 1.000000 0.000000 0.000000
10.000000 90.992583 9.012436 -0.259955 2.537606 0.000000 0.000000 0.000000 1.000000 0.000000 0.000000
10.000000 91.002409 9.552094 -0.353396 2.531894 0.000000 0.000000 0.000000 1.000000 0.000000 0.000000
10.000000 91.002592 8.893823 -0.254639 2.480016 0.000000 0.000000 0.000000 1.000000 0.000000 0.000000
10.000000 91.012388 9.434016 -0.362011 2.493461 0.000000 0.000000 0.000000 1.000000 0.000000 0.000000
10.000000 91.012729 8.858192 -0.273405 2.440465 0.000000 0.000000 0.000000 1.000000 0.000000 0.000000
10.000000 91.022465 9.330874 -0.364636 2.438026 0.000000 0.000000 0.000000 1.000000 0.000000 0.000000
10.000000 91.022783 8.781960 -0.278800 2.386598 0.000000 0.000000 0.000000 1.000000 0.000000 0.000000
10.000000 91.032465 9.240863 -0.362959 2.389410 0.000000 0.000000 0.000000 1.000000 0.000000 0.000000
10.000000 91.032745 8.664461 -0.273327 2.335773 0.000000 0.000000 0.000000 1.000000 0.000000 0.000000
10.000000 91.042507 9.118898 -0.365303 2.334189 0.000000 0.000000 0.000000 1.000000 0.000000 0.000000
10.000000 91.042618 8.603032 -0.281770 2.287417 0.000000 0.000000 0.000000 1.000000 0.000000 0.000000
10.000000 91.052416 9.054765 -0.372944 2.278506 0.000000 0.000000 0.000000 1.000000 0.000000 0.000000
10.000000 91.052939 8.505559 -0.283888 2.229498 0.000000 0.000000 0.000000 1.000000 0.000000 0.000000
10.000000 91.062484 8.933357 -0.365881 2.231653 0.000000 0.000000 0.000000 1.000000 0.000000 0.000000
10.000000 91.062754 8.413283 -0.283480 2.177232 0.000000 0.000000 0.000000 1.000000 0.000000 0.000000
10.000000 91.072449 8.862163 -0.351679 2.174091 0.000000 0.000000 0.000000 1.000000 0.000000 0.000000
10.000000 91.072704 8.237142 -0.254300 2.112086 0.000000 0.000000 0.000000 1.000000 0.000000 0.000000
10.000000 91.082429 8.739010 -0.367539 2.113497 0.000000 0.000000 0.000000 1.000000 0.000000 0.000000
10.000000 91.082677 8.231287 -0.287552 2.047198 0.000000 0.000000 0.000000 1.000000 0.000000 0.000000
10.000000 91.092513 8.626907 -0.369200 2.066863 0.000000 0.000000 0.000000 1.000000 0.000000 0.000000
10.000000 91.092699 8.162422 -0.296349 2.003105 0.000000 0.000000 0.000000 1.000000 0.000000 0.000000
10.000000 91.102544 8.545305 -0.368897 2.005016 0.000000 0.000000 0.000000 1.000000 0.000000 0.000000
10.000000 91.102729 8.058560 -0.292931 1.939624 0.000000 0.000000 0.000000 1.000000 0.000000 0.000000
10.000000 91.112458 8.459888 -0.361861 1.941032 0.000000 0.000000 0.000000 1.000000 0.000000 0.000000
10.000000 91.112757 7.924076 -0.279943 1.869636 0.000000 0.000000 0.000000 1.000000 0.000000 0.000000
10.000000 91.122482 8.354255 -0.367867 1.876815 0.000000 0.000000 0.000000 1.000000 0.000000 0.000000
10.000000 91.122730 7.856663 -0.289211 1.813782 0.000000 0.000000 0.000000 1.000000 0.000000 0.000000
10.000000 91.132463 8.265728 -0.367626 1.819513 0.000000 0.000000 0.000000 1.000000 0.000000 0.000000
10.000000 91.132824 7.768122 -0.290012 1.750950 0.000000 0.000000 0.000000 1.000000 0.000000 0.000000
10.000000 91.142495 8.161366 -0.366341 1.758843 0.000000 0.000000 0.000000 1.000000 0.000000 0.000000
10.000000 91.142674 7.683745 -0.292333 1.688014 0.000000 0.000000 0.000000 1.000000 0.000000 0.000000
10.000000 91.152511 8.073631 -0.374233 1.695619 0.000000 0.000000 0.000000 1.000000 0.000000 0.000000
10.000000 91.152864 7.628422 -0.304611 1.622674 0.000000 0.000000 0.000000 1.000000 0.000000 0.000000
10.000000 91.162542 7.966071 -0.371461 1.635362 0.000000 0.000000 0.000000 1.000000 0.000000 0.000000
10.000000 91.162848 7.514746 -0.301648 1.561483 0.000000 0.000000 0.000000 1.000000 0.000000 0.000000
10.000000 91.172478 7.866441 -0.377007 1.574673 0.000000 0.000000 0.000000 1.000000 0.000000 0.000000
10.000000 91.172902 7.454930 -0.310885 1.501132 0.000000 0.000000 0.000000 1.000000 0.000000 0.000000
10.000000 91.182498 7.772682 -0.380597 1.505011 0.000000 0.000000 0.000000 1.000000 0.000000 0.000000
10.000000 91.182894 7.400268 -0.320643 1.433481 0.000000 0.000000 0.000000 1.000000 0.000000 0.000000
10.000000 91.192448 7.678242 -0.382015 1.438345 0.000000 0.000000 0.000000 1.000000 0.000000 0.000000
10.000000 91.192927 7.309978 -0.321947 1.369245 0.000000 0.000000 0.000000 1.000000 0.000000 0.000000
10.000000 91.202529 7.593728 -0.388618 1.376313 0.000000 0.000000 0.000000 1.000000 0.000000 0.000000
10.000000 91.202772 7.226186 -0.327329 1.306143 0.000000 0.000000 0.000000 1.000000 0.000000 0.000000
10.000000 91.212476 7.475715 -0.385689 1.313881 0.000000 0.000000 0.000000 1.000000 0.000000 0.000000
10.000000 91.212744 7.111785 -0.324378 1.241864 0.000000 0.000000 0.000000 1.000000 0.000000 0.000000
10.000000 91.222534 7.377014 -0.385959 1.246284 0.000000 0.000000 0.000000 1.000000 0.000000 0.000000
10.000000 91.222694 7.055985 -0.329111 1.180449 0.000000 0.000000 0.000000 1.000000 0.000000 0.000000
10.000000 91.232600 7.284418 -0.389686 1.173933 0.000000 0.000000 0.000000 1.000000 0.000000 0.000000
10.000000 91.232725 6.982768 -0.336794 1.109093 0.000000 0.000000 0.000000 1.000000 0.000000 0.000000
10.000000 91.242597 7.183534 -0.394647 1.107166 0.000000 0.000000 0.000000 1.000000 0.000000 0.000000
10.000000 91.242620 6.890344 -0.342260 1.040342 0.000000 0.000000 0.000000 1.000000 0.000000 0.000000
10.000000 91.252608 7.083200 -0.399164 1.028356 0.000000 0.000000 0.000000 1.000000 0.000000 0.000000
10.000000 91.252643 6.819259 -0.348809 0.966138 0.000000 0.000000 0.000000 1.000000 0.000000 0.000000
10.000000 91.262478 6.998453 -0.400901 0.965195 0.000000 0.000000 0.000000 1.000000 0.000000 0.000000
10.000000 91.262695 6.731503 -0.351263 0.898744 0.000000 0.000000 0.000000 1.000000 0.000000 0.000000
10.000000 91.272629 6.914598 -0.398959 0.887670 0.000000 0.000000 0.000000 1.000000 0.000000 0.000000
10.000000 91.272803 6.648397 -0.350605 0.822662 0.000000 0.000000 0.000000 1.000000 0.000000 0.000000
10.000000 91.282682 6.815080 -0.403456 0.817471 0.000000 0.000000 0.000000 1.000000 0.000000 0.000000
10.000000 91.282769 6.582628 -0.358205 0.753296 0.000000 0.000000 0.000000 1.000000 0.000000 0.000000
10.000000 91.292653 6.732984 -0.402550 0.740056 0.000000 0.000000 0.000000 1.000000 0.000000 0.000000
10.000000 91.292915 6.478962 -0.356012 0.671766 0.000000 0.000000 0.000000 1.000000 0.000000 0.000000
10.000000 91.302617 6.646110 -0.439279 0.595619 0.000000 0.000000 0.000000 1.000000 0.000000 0.000000
10.000000 91.302716 6.390263 -0.356591 0.592326 0.000000 0.000000 0.000000 1.000000 0.000000 0.000000
10.000000 91.312538 6.552749 -0.411524 0.589405 0.000000 0.000000 0.000000 1.000000 0.000000 0.000000
10.000000 91.312719 6.349279 -0.370469 0.525067 0.000000 0.000000 0.000000 1.000000 0.000000 0.000000
10.000000 91.322577 6.452055 -0.411123 0.508362 0.000000 0.000000 0.000000 1.000000 0.000000 0.000000
10.000000 91.322769 6.291858 -0.378380 0.445512 0.000000 0.000000 0.000000 1.000000 0.000000 0.000000
10.000000 91.332579 6.364851 -0.411108 0.437665 0.000000 0.000000 0.000000 1.000000 0.000000 0.000000
10.000000 91.332742 6.155115 -0.368723 0.369076 0.000000 0.000000 0.000000 1.000000 0.000000 0.000000
10.000000 91.342568 6.275500 -0.410524 0.347844 0.000000 0.000000 0.000000 1.000000 0.000000 0.000000
10.000000 91.342736 6.111231 -0.376518 0.285399 0.000000 0.000000 0.000000 1.000000 0.000000 0.000000
10.000000 91.352595 6.169474 -0.424033 0.273224 0.000000 0.000000 0.000000 1.000000 0.000000 0.000000
10.000000 91.352672 6.053146 -0.393774 0.219703 0.000000 0.000000 0.000000 1.000000 0.000000 0.000000
10.000000 91.362602 6.092523 -0.413016 0.196237 0.000000 0.000000 0.000000 1.000000 0.000000 0.000000
10.000000 91.362743 5.947450 -0.383336 0.132628 0.000000 0.000000 0.000000 1.000000 0.000000 0.000000
10.000000 91.372607 5.989259 -0.428680 0.221955 0.000000 0.000000 0.000000 1.000000 0.000000 0.000000
10.000000 91.372956 5.894357 -0.392966 0.178816 0.000000 0.000000 0.000000 1.000000 0.000000 0.000000
10.000000 91.382653 5.960454 -0.427446 0.271888 0.000000 0.000000 0.000000 1.000000 0.000000 0.000000
10.000000 91.382977 5.867752 -0.390959 0.236309 0.000000 0.000000 0.000000 1.000000 0.000000 0.000000
10.000000 91.392638 5.911639 -0.420426 0.331522 0.000000 0.000000 0.000000 1.000000 0.000000 0.000000
10.000000 91.392952 5.770747 -0.379735 0.288952 0.000000 0.000000 0.000000 1.000000 0.000000 0.000000
10.000000 91.402647 5.853640 -0.422134 0.396932 0.000000 0.000000 0.000000 1.000000 0.000000 0.000000
10.000000 91.402987 5.761426 -0.383307 0.356845 0.000000 0.000000 0.000000 1.000000 0.000000 0.000000
10.000000 91.412624 5.801211 -0.430505 0.449238 0.000000 0.000000 0.000000 1.000000 0.000000 0.000000
10.000000 91.412748 5.750448 -0.400556 0.416297 0.000000 0.000000 0.000000 1.000000 0.000000 0.000000
10.000000 91.422654 5.752220 -0.428272 0.505163 0.000000 0.000000 0.000000 1.000000 0.000000 0.000000
10.000000 91.422750 5.688575 -0.397786 0.467916 0.000000 0.000000 0.000000 1.000000 0.000000 0.000000
10.000000 91.432634 5.716167 -0.421823 0.560604 0.000000 0.000000 0.000000 1.000000 0.000000 0.000000
10.000000 91.432852 5.603940 -0.383470 0.519020 0.000000 0.000000 0.000000 1.000000 0.000000 0.000000
10.000000 91.442642 5.669491 -0.421284 0.608072 0.000000 0.000000 0.000000 1.000000 0.000000 0.000000
10.000000 91.442759 5.571697 -0.386548 0.569493 0.000000 0.000000 0.000000 1.000000 0.000000 0.000000
10.000000 91.452633 5.631330 -0.420256 0.660883 0.000000 0.000000 0.000000 1.000000 0.000000 0.000000
10.000000 91.452813 5.515392 -0.380263 0.622741 0.000000 0.000000 0.000000 1.000000 0.000000 0.000000
10.000000 91.462661 5.575475 -0.415702 0.712647 0.000000 0.000000 0.000000 1.000000 0.000000 0.000000
10.000000 91.462828 5.432722 -0.376408 0.666833 0.000000 0.000000 0.000000 1.000000 0.000000 0.000000
10.000000 91.472672 5.534195 -0.416148 0.760541 0.000000 0.000000 0.000000 1.000000 0.000000 0.000000
10.000000 91.472866 5.394263 -0.376902 0.715140 0.000000 0.000000 0.000000 1.000000 0.000000 0.000000
10.000000 91.482647 5.489007 -0.412272 0.807320 0.000000 0.000000 0.000000 1.000000 0.000000 0.000000
10.000000 91.482969 5.342116 -0.372759 0.762154 0.000000 0.000000 0.000000 1.000000 0.000000 0.000000
10.000000 91.492737 5.446396 -0.410768 0.851952 0.000000 0.000000 0.000000 1.000000 0.000000 0.000000
10.000000 91.492827 5.288534 -0.370162 0.807817 0.000000 0.000000 0.000000 1.000000 0.000000 0.000000
10.000000 91.502633 5.386364 -0.405305 0.896202 0.000000 0.000000 0.000000 1.000000 0.000000 0.000000
10.000000 91.503029 5.240711 -0.364525 0.856948 0.000000 0.000000 0.000000 1.000000 0.000000 0.000000
10.000000 91.512646 5.352502 -0.408308 0.941417 0.000000 0.000000 0.000000 1.000000 0.000000 0.000000
10.000000 91.513032 5.210506 -0.370638 0.899444 0.000000 0.000000 0.000000 1.000000 0.000000 0.000000
10.000000 91.522707 5.303887 -0.409670 0.986816 0.000000 0.000000 0.000000 1.000000 0.000000 0.000000
10.000000 91.522818 5.160964 -0.372596 0.942713 0.000000 0.000000 0.000000 1.000000 0.000000 0.000000
10.000000 91.532709 5.253658 -0.410183 1.026627 0.000000 0.000000 0.000000 1.000000 0.000000 0.000000
10.000000 91.532798 5.106864 -0.374408 0.978292 0.000000 0.000000 0.000000 1.000000 0.000000 0.000000
10.000000 91.542645 5.207427 -0.410783 1.066748 0.000000 0.000000 0.000000 1.000000 0.000000 0.000000
10.000000 91.542790 5.063854 -0.377031 1.017263 0.000000 0.000000 0.000000 1.000000 0.000000 0.000000
10.000000 91.552702 5.176427 -0.417473 1.100161 0.000000 0.000000 0.000000 1.000000 0.000000 0.000000
10.000000 91.552881 5.039694 -0.380363 1.059587 0.000000 0.000000 0.000000 1.000000 0.000000 0.000000
10.000000 91.562678 5.110517 -0.414014 1.145746 0.000000 0.000000 0.000000 1.000000 0.000000 0.000000
10.000000 91.562851 4.982859 -0.382887 1.097544 0.000000 0.000000 0.000000 1.000000 0.000000 0.000000
10.000000 91.572725 5.074958 -0.406071 1.183302 0.000000 0.000000 0.000000 1.000000 0.000000 0.000000
10.000000 91.572893 4.901587 -0.369011 1.131747 0.000000 0.000000 0.000000 1.000000 0.000000 0.000000
10.000000 91.582727 5.031059 -0.408272 1.216344 0.000000 0.000000 0.000000 1.000000 0.000000 0.000000
10.000000 91.582929 4.853032 -0.371407 1.166746 0.000000 0.000000 0.000000 1.000000 0.000000 0.000000
10.000000 91.592684 4.980760 -0.408341 1.253591 0.000000 0.000000 0.000000 1.000000 0.000000 0.000000
10.000000 91.593015 4.847425 -0.376266 1.207924 0.000000 0.000000 0.000000 1.000000 0.000000 0.000000
10.000000 91.602925 4.922061 -0.415080 1.288571 0.000000 0.000000 0.000000 1.000000 0.000000 0.000000
10.000000 91.603009 4.813359 -0.385018 1.246823 0.000000 0.000000 0.000000 1.000000 0.000000 0.000000
10.000000 91.612858 4.912075 -0.434084 1.238802 0.000000 0.000000 0.000000 1.000000 0.000000 0.000000
10.000000 91.612912 4.774388 -0.386539 1.284826 0.000000 0.000000 0.000000 1.000000 0.000000 0.000000
10.000000 91.622818 4.833858 -0.411515 1.356213 0.000000 0.000000 0.000000 1.000000 0.000000 0.000000
10.000000 91.622828 4.711931 -0.382075 1.310690 0.000000 0.000000 0.000000 1.000000 0.000000 0.000000
10.000000 91.632789 4.820312 -0.429185 1.298979 0.000000 0.000000 0.000000 1.000000 0.000000 0.000000
10.000000 91.632987 4.711858 -0.391733 1.348702 0.000000 0.000000 0.000000 1.000000 0.000000 0.000000
10.000000 91.642816 4.767606 -0.434466 1.331362 0.000000 0.000000 0.000000 1.000000 0.000000 0.000000
10.000000 91.642832 4.620889 -0.384265 1.374873 0.000000 0.000000 0.000000 1.000000 0.000000 0.000000
10.000000 91.652871 4.721282 -0.439607 1.353387 0.000000 0.000000 0.000000 1.000000 0.000000 0.000000
10.000000 91.652921 4.576779 -0.387673 1.403409 0.000000 0.000000 0.000000 1.000000 0.000000 0.000000
10.000000 91.662715 4.651476 -0.412958 1.476652 0.000000 0.000000 0.000000 1.000000 0.000000 0.000000
10.000000 91.662866 4.545741 -0.385789 1.433494 0.000000 0.000000 0.000000 1.000000 0.000000 0.000000
10.000000 91.672844 4.628223 -0.434837 1.416761 0.000000 0.000000 0.000000 1.000000 0.000000 0.000000
10.000000 91.672980 4.491705 -0.386871 1.464547 0.000000 0.000000 0.000000 1.000000 0.000000 0.000000
10.000000 91.682853 4.546528 -0.415146 1.532590 0.000000 0.000000 0.000000 1.000000 0.000000 0.000000
10.000000 91.682955 4.470643 -0.391110 1.493593 0.000000 0.000000 0.000000 1.000000 0.000000 0.000000
10.000000 91.692773 4.505959 -0.414729 1.557930 0.000000 0.000000 0.000000 1.000000 0.000000 0.000000
10.000000 91.692907 4.430460 -0.390990 1.518725 0.000000 0.000000 0.000000 1.000000 0.000000 0.000000
10.000000 91.702782 4.462033 -0.413424 1.579890 0.000000 0.000000 0.000000 1.000000 0.000000 0.000000
10.000000 91.702889 4.360478 -0.386182 1.541710 0.000000 0.000000 0.000000 1.000000 0.000000 0.000000
10.000000 91.712794 4.419789 -0.411373 1.604521 0.000000 0.000000 0.000000 1.000000 0.000000 0.000000
10.000000 91.712902 4.312555 -0.385026 1.563560 0.000000 0.000000 0.000000 1.000000 0.000000 0.000000
10.000000 91.722773 4.360791 -0.414314 1.634050 0.000000 0.000000 0.000000 1.000000 0.000000 0.000000
10.000000 91.722889 4.280806 -0.390136 1.596943 0.000000 0.000000 0.000000 1.000000 0.000000 0.000000
10.000000 91.732757 4.320767 -0.415892 1.653025 0.000000 0.000000 0.000000 1.000000 0.000000 0.000000
10.000000 91.732934 4.231981 -0.390867 1.616041 0.000000 0.000000 0.000000 1.000000 0.000000 0.000000
10.000000 91.742753 4.257287 -0.431357 1.662800 0.000000 0.000000 0.000000 1.000000 0.000000 0.000000
10.000000 91.742909 4.260198 -0.415950 1.635813 0.000000 0.000000 0.000000 1.000000 0.000000 0.000000
10.000000 91.752770 4.222713 -0.416172 1.689443 0.000000 0.000000 0.000000 1.000000 0.000000 0.000000
10.000000 91.752895 4.163536 -0.395360 1.653369 0.000000 0.000000 0.000000 1.000000 0.000000 0.000000
10.000000 91.762741 4.156255 -0.436701 1.705249 0.000000 0.000000 0.000000 1.000000 0.000000 0.000000
10.000000 91.762922 4.222635 -0.430216 1.675789 0.000000 0.000000 0.000000 1.000000 0.000000 0.000000
10.000000 91.772786 4.114206 -0.436106 1.722670 0.000000 0.000000 0.000000 1.000000 0.000000 0.000000
10.000000 91.772862 4.167852 -0.429277 1.690303 0.000000 0.000000 0.000000 1.000000 0.000000 0.000000
10.000000 91.782699 4.055702 -0.443324 1.739197 0.000000 0.000000 0.000000 1.000000 0.000000 0.000000
10.000000 91.782867 4.154082 -0.440466 1.712034 0.000000 0.000000 0.000000 1.000000 0.000000 0.000000
10.000000 91.792725 4.028100 -0.423436 1.758599 0.000000 0.000000 0.000000 1.000000 0.000000 0.000000
10.000000 91.792984 4.069122 -0.416964 1.723187 0.000000 0.000000 0.000000 1.000000 0.000000 0.000000
10.000000 91.802756 3.975043 -0.435762 1.759323 0.000000 0.000000 0.000000 1.000000 0.000000 0.000000
10.000000 91.802832 4.054011 -0.432376 1.728740 0.000000 0.000000 0.000000 1.000000 0.000000 0.000000
10.000000 91.812972 3.932063 -0.433610 1.774115 0.000000 0.000000 0.000000 1.000000 0.000000 0.000000
10.000000 91.813047 3.986373 -0.426487 1.745675 0.000000 0.000000 0.000000 1.000000 0.000000 0.000000
10.000000 91.822792 3.882758 -0.437369 1.790616 0.000000 0.000000 0.000000 1.000000 0.000000 0.000000
10.000000 91.822930 3.973638 -0.435573 1.760844 0.000000 0.000000 0.000000 1.000000 0.000000 0.000000
10.000000 91.832795 3.839933 -0.436949 1.795496 0.000000 0.000000 0.000000 1.000000 0.000000 0.000000
10.000000 91.832866 3.922049 -0.433524 1.767440 0.000000 0.000000 0.000000 1.000000 0.000000 0.000000
10.000000 91.842771 3.798636 -0.436541 1.804668 0.000000 0.000000 0.000000 1.000000 0.000000 0.000000
10.000000 91.842935 3.870292 -0.432249 1.776059 0.000000 0.000000 0.000000 1.000000 0.000000 0.000000
10.000000 91.852905 3.746011 -0.439140 1.811668 0.000000 0.000000 0.000000 1.000000 0.000000 0.000000
10.000000 91.852970 3.827270 -0.435009 1.786025 0.000000 0.000000 0.000000 1.000000 0.000000 0.000000
10.000000 91.862771 3.697389 -0.439169 1.819415 0.000000 0.000000 0.000000 1.000000 0.000000 0.000000
10.000000 91.862955 3.787959 -0.438238 1.789667 0.000000 0.000000 0.000000 1.000000 0.000000 0.000000
10.000000 91.872808 3.665321 -0.431506 1.822858 0.000000 0.000000 0.000000 1.000000 0.000000 0.000000
10.000000 91.872954 3.730026 -0.428651 1.790588 0.000000 0.000000 0.000000 1.000000 0.000000 0.000000
10.000000 91.882865 3.607190 -0.440740 1.832855 0.000000 0.000000 0.000000 1.000000 0.000000 0.000000
10.000000 91.882928 3.723884 -0.443295 1.804302 0.000000 0.000000 0.000000 1.000000 0.000000 0.000000
10.000000 91.892868 3.613108 -0.437677 1.728802 0.000000 0.000000 0.000000 1.000000 0.000000 0.000000
10.000000 91.892948 3.568870 -0.414668 1.795866 0.000000 0.000000 0.000000 1.000000 0.000000 0.000000
10.000000 91.902867 3.532793 -0.432091 1.830834 0.000000 0.000000 0.000000 1.000000 0.000000 0.000000
10.000000 91.902983 3.563016 -0.423622 1.802974 0.000000 0.000000 0.000000 1.000000 0.000000 0.000000
10.000000 91.912783 3.477590 -0.437222 1.836565 0.000000 0.000000 0.000000 1.000000 0.000000 0.000000
10.000000 91.912914 3.565093 -0.436824 1.807545 0.000000 0.000000 0.000000 1.000000 0.000000 0.000000
10.000000 91.922854 3.423747 -0.444580 1.841684 0.000000 0.000000 0.000000 1.000000 0.000000 0.000000
10.000000 91.922951 3.565420 -0.449649 1.816613 0.000000 0.000000 0.000000 1.000000 0.000000 0.000000
10.000000 91.932909 3.436081 -0.434322 1.728789 0.000000 0.000000 0.000000 1.000000 0.000000 0.000000
10.000000 91.933154 3.520020 -0.450198 1.813489 0.000000 0.000000 0.000000 1.000000 0.000000 0.000000
10.000000 91.942831 3.336328 -0.440446 1.836985 0.000000 0.000000 0.000000 1.000000 0.000000 0.000000
10.000000 91.942929 3.450930 -0.444517 1.807062 0.000000 0.000000 0.000000 1.000000 0.000000 0.000000
10.000000 91.952956 3.306458 -0.447779 1.830625 0.000000 0.000000 0.000000 1.000000 0.000000 0.000000
10.000000 91.953025 3.462891 -0.455108 1.806689 0.000000 0.000000 0.000000 1.000000 0.000000 0.000000
10.000000 91.962868 3.242884 -0.444127 1.832195 0.000000 0.000000 0.000000 1.000000 0.000000 0.000000
10.000000 91.963017 3.426547 -0.457468 1.802737 0.000000 0.000000 0.000000 1.000000 0.000000 0.000000
10.000000 91.972960 3.206161 -0.446669 1.825638 0.000000 0.000000 0.000000 1.000000 0.000000 0.000000
10.000000 91.972980 3.406229 -0.458107 1.804564 0.000000 0.000000 0.000000 1.000000 0.000000 0.000000
10.000000 91.982862 3.163929 -0.440793 1.818074 0.000000 0.000000 0.000000 1.000000 0.000000 0.000000
10.000000 91.983006 3.302918 -0.448505 1.788678 0.000000 0.000000 0.000000 1.000000 0.000000 0.000000
10.000000 91.992987 3.114376 -0.444597 1.812890 0.000000 0.000000 0.000000 1.000000 0.000000 0.000000
10.000000 91.993006 3.305395 -0.457342 1.787661 0.000000 0.000000 0.000000 1.000000 0.000000 0.000000
10.000000 92.002860 3.064559 -0.450431 1.800383 0.000000 0.000000 0.000000 1.000000 0.000000 0.000000
10.000000 92.002948 3.289462 -0.466170 1.778958 0.000000 0.000000 0.000000 1.000000 0.000000 0.000000
10.000000 92.012939 3.037045 -0.435988 1.793186 0.000000 0.000000 0.000000 1.000000 0.000000 0.000000
10.000000 92.012968 3.172715 -0.445336 1.760695 0.000000 0.000000 0.000000 1.000000 0.000000 0.000000
10.000000 92.022989 2.982055 -0.449821 1.786663 0.000000 0.000000 0.000000 1.000000 0.000000 0.000000
10.000000 92.023002 3.168527 -0.463249 1.759750 0.000000 0.000000 0.000000 1.000000 0.000000 0.000000
10.000000 92.033027 2.948762 -0.432854 1.770905 0.000000 0.000000 0.000000 1.000000 0.000000 0.000000
10.000000 92.033038 3.088415 -0.443305 1.738544 0.000000 0.000000 0.000000 1.000000 0.000000 0.000000
10.000000 92.042878 2.891091 -0.446152 1.761092 0.000000 0.000000 0.000000 1.000000 0.000000 0.000000
10.000000 92.043190 3.069694 -0.460127 1.732530 0.000000 0.000000 0.000000 1.000000 0.000000 0.000000
10.000000 92.052948 2.861450 -0.447403 1.743426 0.000000 0.000000 0.000000 1.000000 0.000000 0.000000
10.000000 92.053156 3.046713 -0.461693 1.716119 0.000000 0.000000 0.000000 1.000000 0.000000 0.000000
10.000000 92.062928 2.822657 -0.441566 1.734299 0.000000 0.000000 0.000000 1.000000 0.000000 0.000000
10.000000 92.063010 2.993233 -0.456359 1.702366 0.000000 0.000000 0.000000 1.000000 0.000000 0.000000
10.000000 92.065189 2.511815 -0.264524 1.584987 0.000000 0.000000 0.000000 1.000000 0.000000 0.000000
10.000000 92.072979 2.760528 -0.455938 1.716275 0.000000 0.000000 0.000000 1.000000 0.000000 0.000000
10.000000 92.073018 3.014931 -0.477239 1.693695 0.000000 0.000000 0.000000 1.000000 0.000000 0.000000
10.000000 92.075275 2.473052 -0.265089 1.569093 0.000000 0.000000 0.000000 1.000000 0.000000 0.000000
10.000000 92.082902 2.742115 -0.452553 1.700032 0.000000 0.000000 0.000000 1.000000 0.000000 0.000000
10.000000 92.083228 2.943131 -0.466981 1.679564 0.000000 0.000000 0.000000 1.000000 0.000000 0.000000
10.000000 92.085224 2.425297 -0.264505 1.554495 0.000000 0.000000 0.000000 1.000000 0.000000 0.000000
10.000000 92.093088 2.901026 -0.469822 1.658727 0.000000 0.000000 0.000000 1.000000 0.000000 0.000000
10.000000 92.095257 2.385274 -0.264364 1.536398 0.000000 0.000000 0.000000 1.000000 0.000000 0.000000
10.000000 92.102962 2.817823 -0.456747 1.638846 0.000000 0.000000 0.000000 1.000000 0.000000 0.000000
10.000000 92.105271 2.023557 -0.274896 1.664830 0.000000 0.000000 0.000000 1.000000 0.000000 0.000000
10.000000 92.113114 2.746434 -0.447735 1.618419 0.000000 0.000000 0.000000 1.000000 0.000000 0.000000
10.000000 92.115293 2.301422 -0.265379 1.502610 0.000000 0.000000 0.000000 1.000000 0.000000 0.000000
10.000000 92.123140 2.769283 -0.465194 1.603526 0.000000 0.000000 0.000000 1.000000 0.000000 0.000000
10.000000 92.125436 2.277290 -0.269041 1.478051 0.000000 0.000000 0.000000 1.000000 0.000000 0.000000
10.000000 92.133088 2.733075 -0.468212 1.573091 0.000000 0.000000 0.000000 1.000000 0.000000 0.000000
10.000000 92.135315 1.934826 -0.280561 1.599800 0.000000 0.000000 0.000000 1.000000 0.000000 0.000000
10.000000 92.143098 2.767720 -0.487829 1.570880 0.000000 0.000000 0.000000 1.000000 0.000000 0.000000
10.000000 92.145296 2.197848 -0.267858 1.436271 0.000000 0.000000 0.000000 1.000000 0.000000 0.000000
10.000000 92.153114 2.725129 -0.485115 1.545725 0.000000 0.000000 0.000000 1.000000 0.000000 0.000000
10.000000 92.155454 1.837475 -0.282841 1.566153 0.000000 0.000000 0.000000 1.000000 0.000000 0.000000
10.000000 92.163048 2.716903 -0.501169 1.528313 0.000000 0.000000 0.000000 1.000000 0.000000 0.000000
10.000000 92.165317 2.124474 -0.272057 1.387259 0.000000 0.000000 0.000000 1.000000 0.000000 0.000000
10.000000 92.173128 2.664607 -0.498015 1.501623 0.000000 0.000000 0.000000 1.000000 0.000000 0.000000
10.000000 92.175470 1.754435 -0.286699 1.521047 0.000000 0.000000 0.000000 1.000000 0.000000 0.000000
10.000000 92.183203 2.643489 -0.505005 1.475994 0.000000 0.000000 0.000000 1.000000 0.000000 0.000000
10.000000 92.185319 1.736217 -0.288908 1.493315 0.000000 0.000000 0.000000 1.000000 0.000000 0.000000
10.000000 92.193096 2.664300 -0.515886 1.456123 0.000000 0.000000 0.000000 1.000000 0.000000 0.000000
10.000000 92.195429 1.693236 -0.290557 1.470633 0.000000 0.000000 0.000000 1.000000 0.000000 0.000000
10.000000 92.203012 2.526247 -0.490632 1.408701 0.000000 0.000000 0.000000 1.000000 0.000000 0.000000
10.000000 92.205243 1.974078 -0.274567 1.271799 0.000000 0.000000 0.000000 1.000000 0.000000 0.000000
10.000000 92.213093 2.516021 -0.499708 1.392736 0.000000 0.000000 0.000000 1.000000 0.000000 0.000000
10.000000 92.215500 1.619950 -0.286473 1.410543 0.000000 0.000000 0.000000 1.000000 0.000000 0.000000
10.000000 92.223054 2.478240 -0.504857 1.353718 0.000000 0.000000 0.000000 1.000000 0.000000 0.000000
10.000000 92.225352 1.911041 -0.277386 1.218575 0.000000 0.000000 0.000000 1.000000 0.000000 0.000000
10.000000 92.233309 2.479125 -0.511835 1.328301 0.000000 0.000000 0.000000 1.000000 0.000000 0.000000
10.000000 92.235471 1.592343 -0.291066 1.342367 0.000000 0.000000 0.000000 1.000000 0.000000 0.000000
10.000000 92.243055 2.460620 -0.514582 1.299307 0.000000 0.000000 0.000000 1.000000 0.000000 0.000000
10.000000 92.245254 1.853735 -0.278065 1.152489 0.000000 0.000000 0.000000 1.000000 0.000000 0.000000
10.000000 92.253076 2.315061 -0.493867 1.239405 0.000000 0.000000 0.000000 1.000000 0.000000 0.000000
10.000000 92.255395 1.828143 -0.285618 1.112336 0.000000 0.000000 0.000000 1.000000 0.000000 0.000000
10.000000 92.263061 2.254050 -0.493594 1.204006 0.000000 0.000000 0.000000 1.000000 0.000000 0.000000
10.000000 92.265727 1.788893 -0.287918 1.083244 0.000000 0.000000 0.000000 1.000000 0.000000 0.000000
10.000000 92.273135 2.244374 -0.501629 1.159660 0.000000 0.000000 0.000000 1.000000 0.000000 0.000000
10.000000 92.275436 1.765696 -0.289677 1.042326 0.000000 0.000000 0.000000 1.000000 0.000000 0.000000
10.000000 92.283152 2.299038 -0.522760 1.147710 0.000000 0.000000 0.000000 1.000000 0.000000 0.000000
10.000000 92.285313 1.739062 -0.291437 1.007910 0.000000 0.000000 0.000000 1.000000 0.000000 0.000000
10.000000 92.293163 2.285892 -0.524010 1.114806 0.000000 0.000000 0.000000 1.000000 0.000000 0.000000
10.000000 92.303177 2.186737 -0.519417 1.063929 0.000000 0.000000 0.000000 1.000000 0.000000 0.000000
10.000000 92.313256 2.224730 -0.537491 1.033504 0.000000 0.000000 0.000000 1.000000 0.000000 0.000000
10.000000 92.323196 2.193258 -0.529766 0.986563 0.000000 0.000000 0.000000 1.000000 0.000000 0.000000
10.000000 92.333128 2.150192 -0.537017 0.955279 0.000000 0.000000 0.000000 1.000000 0.000000 0.000000
10.000000 92.343163 2.101362 -0.537998 0.910461 0.000000 0.000000 0.000000 1.000000 0.000000 0.000000
10.000000 92.353322 2.126407 -0.552638 0.876680 0.000000 0.000000 0.000000 1.000000 0.000000 0.000000
10.000000 92.363174 1.992906 -0.527736 0.809935 0.000000 0.000000 0.000000 1.000000 0.000000 0.000000
10.000000 92.373197 2.103216 -0.555461 0.794221 0.000000 0.000000 0.000000 1.000000 0.000000 0.000000
10.000000 92.382971 1.933080 -0.523799 0.747952 0.000000 0.000000 0.000000 1.000000 0.000000 0.000000
10.000000 92.383391 1.982307 -0.547652 0.734883 0.000000 0.000000 0.000000 1.000000 0.000000 0.000000
10.000000 92.393209 1.910787 -0.541424 0.676654 0.000000 0.000000 0.000000 1.000000 0.000000 0.000000
10.000000 92.403117 1.874021 -0.542127 0.622818 0.000000 0.000000 0.000000 1.000000 0.000000 0.000000
10.000000 92.413157 2.011972 -0.575586 0.610767 0.000000 0.000000 0.000000 1.000000 0.000000 0.000000
10.000000 92.423196 1.964667 -0.571847 0.567176 0.000000 0.000000 0.000000 1.000000 0.000000 0.000000
10.000000 92.433249 1.878821 -0.575056 0.501344 0.000000 0.000000 0.000000 1.000000 0.000000 0.000000
10.000000 92.443230 1.947316 -0.586376 0.475168 0.000000 0.000000 0.000000 1.000000 0.000000 0.000000
10.000000 92.453271 1.851324 -0.575701 0.412671 0.000000 0.000000 0.000000 1.000000 0.000000 0.000000
10.000000 92.463228 1.818751 -0.580078 0.363996 0.000000 0.000000 0.000000 1.000000 0.000000 0.000000
10.000000 92.473309 1.788115 -0.574670 0.307905 0.000000 0.000000 0.000000 1.000000 0.000000 0.000000
10.000000 92.483230 1.756985 -0.586389 0.349247 0.000000 0.000000 0.000000 1.000000 0.000000 0.000000
10.000000 92.493190 1.754205 -0.588566 0.384989 0.000000 0.000000 0.000000 1.000000 0.000000 0.000000
10.000000 92.503266 1.720126 -0.590262 0.428765 0.000000 0.000000 0.000000 1.000000 0.000000 0.000000
10.000000 92.513306 1.795007 -0.612262 0.477581 0.000000 0.000000 0.000000 1.000000 0.000000 0.000000
10.000000 92.543362 1.553477 -0.587791 0.556279 0.000000 0.000000 0.000000 1.000000 0.000000 0.000000
10.000000 92.553239 1.557809 -0.595367 0.588694 0.000000 0.000000 0.000000 1.000000 0.000000 0.000000
10.000000 92.563365 1.562408 -0.606082 0.630582 0.000000 0.000000 0.000000 1.000000 0.000000 0.000000
10.000000 92.583371 1.445492 -0.599665 0.689700 0.000000 0.000000 0.000000 1.000000 0.000000 0.000000
10.000000 92.593448 1.457348 -0.608284 0.722670 0.000000 0.000000 0.000000 1.000000 0.000000 0.000000
10.000000 92.603405 1.348201 -0.595804 0.739130 0.000000 0.000000 0.000000 1.000000 0.000000 0.000000
10.000000 92.613271 1.430937 -0.616471 0.786682 0.000000 0.000000 0.000000 1.000000 0.000000 0.000000
10.000000 92.623394 1.689434 -0.661557 0.854926 0.000000 0.000000 0.000000 1.000000 0.000000 0.000000
10.000000 92.643422 1.371912 -0.623716 0.871257 0.000000 0.000000 0.000000 1.000000 0.000000 0.000000
10.000000 92.653293 1.337080 -0.624885 0.896497 0.000000 0.000000 0.000000 1.000000 0.000000 0.000000
10.000000 92.663443 1.205352 -0.609859 0.902182 0.000000 0.000000 0.000000 1.000000 0.000000 0.000000
10.000000 92.673330 1.477082 -0.665751 0.949288 0.000000 0.000000 0.000000 1.000000 0.000000 0.000000
10.000000 92.683399 1.258163 -0.629381 0.963813 0.000000 0.000000 0.000000 1.000000 0.000000 0.000000
10.000000 92.693287 1.092298 -0.612094 0.962495 0.000000 0.000000 0.000000 1.000000 0.000000 0.000000
10.000000 92.703480 0.921405 -0.586128 0.963686 0.000000 0.000000 0.000000 1.000000 0.000000 0.000000
10.000000 92.713370 0.999589 -0.608127 0.990721 0.000000 0.000000 0.000000 1.000000 0.000000 0.000000
10.000000 92.723283 1.320498 -0.668239 1.045155 0.000000 0.000000 0.000000 1.000000 0.000000 0.000000
10.000000 92.723464 0.949140 -0.607154 1.011945 0.000000 0.000000 0.000000 1.000000 0.000000 0.000000
10.000000 92.733389 0.920144 -0.597514 1.028425 0.000000 0.000000 0.000000 1.000000 0.000000 0.000000
10.000000 92.743459 0.855245 -0.595295 1.040141 0.000000 0.000000 0.000000 1.000000 0.000000 0.000000
10.000000 92.753725 0.805234 -0.590174 1.048210 0.000000 0.000000 0.000000 1.000000 0.000000 0.000000
10.000000 92.763630 0.798855 -0.600076 1.062234 0.000000 0.000000 0.000000 1.000000 0.000000 0.000000
10.000000 92.773315 0.690030 -0.582314 1.062987 0.000000 0.000000 0.000000 1.000000 0.000000 0.000000
10.000000 92.783432 0.535747 -0.561375 1.064338 0.000000 0.000000 0.000000 1.000000 0.000000 0.000000
10.000000 92.793352 0.530815 -0.568881 1.074313 0.000000 0.000000 0.000000 1.000000 0.000000 0.000000
10.000000 92.803404 0.380344 -0.548566 1.072421 0.000000 0.000000 0.000000 1.000000 0.000000 0.000000
10.000000 92.813392 0.533574 -0.585749 1.100350 0.000000 0.000000 0.000000 1.000000 0.000000 0.000000
10.000000 92.823418 0.175756 -0.515396 1.063790 0.000000 0.000000 0.000000 1.000000 0.000000 0.000000
10.000000 92.833376 0.302720 -0.554077 1.094388 0.000000 0.000000 0.000000 1.000000 0.000000 0.000000
10.000000 92.843514 -0.048536 -0.498929 1.065759 0.000000 0.000000 0.000000 1.000000 0.000000 0.000000
10.000000 92.853370 0.375013 -0.591342 1.114804 0.000000 0.000000 0.000000 1.000000 0.000000 0.000000
10.000000 92.863497 -0.209243 -0.486773 1.056646 0.000000 0.000000 0.000000 1.000000 0.000000 0.000000
10.000000 92.873339 0.530613 -0.628661 1.137596 0.000000 0.000000 0.000000 1.000000 0.000000 0.000000
10.000000 92.883487 -0.684384 -0.412943 1.014971 0.000000 0.000000 0.000000 1.000000 0.000000 0.000000
10.000000 92.893553 -0.600734 -0.435738 1.026759 0.000000 0.000000 0.000000 1.000000 0.000000 0.000000
10.000000 92.903534 -0.842292 -0.395886 0.993649 0.000000 0.000000 0.000000 1.000000 0.000000 0.000000
10.000000 92.913397 -0.396017 -0.502079 1.042622 0.000000 0.000000 0.000000 1.000000 0.000000 0.000000
10.000000 92.923437 -0.904264 -0.398281 0.978036 0.000000 0.000000 0.000000 1.000000 0.000000 0.000000
10.000000 92.933423 -1.005995 -0.389913 0.971891 0.000000 0.000000 0.000000 1.000000 0.000000 0.000000
10.000000 92.943511 -0.670615 -0.465868 1.002806 0.000000 0.000000 0.000000 1.000000 0.000000 0.000000
10.000000 92.953424 -1.250789 -0.360806 0.934517 0.000000 0.000000 0.000000 1.000000 0.000000 0.000000
10.000000 92.963495 -0.876084 -0.449604 0.968827 0.000000 0.000000 0.000000 1.000000 0.000000 0.000000
10.000000 92.973452 -1.010209 -0.419899 0.942453 0.000000 0.000000 0.000000 1.000000 0.000000 0.000000
10.000000 92.983659 -1.240205 -0.393740 0.903288 0.000000 0.000000 0.000000 1.000000 0.000000 0.000000
10.000000 92.993524 -1.529279 -0.335822 0.865838 0.000000 0.000000 0.000000 1.000000 0.000000 0.000000
10.000000 93.003613 -1.409765 -0.361325 0.870292 0.000000 0.000000 0.000000 1.000000 0.000000 0.000000
10.000000 93.013445 -1.611915 -0.328719 0.837936 0.000000 0.000000 0.000000 1.000000 0.000000 0.000000
10.000000 93.023609 -1.041891 -0.449955 0.877670 0.000000 0.000000 0.000000 1.000000 0.000000 0.000000
10.000000 93.033519 -1.655318 -0.336318 0.802605 0.000000 0.000000 0.000000 1.000000 0.000000 0.000000
10.000000 93.043631 -1.669130 -0.347999 0.787018 0.000000 0.000000 0.000000 1.000000 0.000000 0.000000
10.000000 93.053515 -1.648541 -0.355690 0.778588 0.000000 0.000000 0.000000 1.000000 0.000000 0.000000
10.000000 93.063609 -1.577754 -0.394924 0.769814 0.000000 0.000000 0.000000 1.000000 0.000000 0.000000
10.000000 93.073690 -1.634288 -0.380424 0.742594 0.000000 0.000000 0.000000 1.000000 0.000000 0.000000
10.000000 93.083685 -1.782448 -0.361913 0.707093 0.000000 0.000000 0.000000 1.000000 0.000000 0.000000
10.000000 93.093647 -1.851078 -0.362549 0.681485 0.000000 0.000000 0.000000 1.000000 0.000000 0.000000
10.000000 93.103708 -1.699919 -0.392146 0.673700 0.000000 0.000000 0.000000 1.000000 0.000000 0.000000
10.000000 93.113480 -1.773978 -0.391393 0.647064 0.000000 0.000000 0.000000 1.000000 0.000000 0.000000
10.000000 93.123806 -2.034701 -0.338281 0.575355 0.000000 0.000000 0.000000 1.000000 0.000000 0.000000
10.000000 93.134023 -1.875550 -0.380103 0.582063 0.000000 0.000000 0.000000 1.000000 0.000000 0.000000
10.000000 93.143645 -1.962504 -0.380187 0.552212 0.000000 0.000000 0.000000 1.000000 0.000000 0.000000
10.000000 93.153606 -1.884091 -0.390940 0.531907 0.000000 0.000000 0.000000 1.000000 0.000000 0.000000
10.000000 93.163608 -2.005081 -0.369062 0.493530 0.000000 0.000000 0.000000 1.000000 0.000000 0.000000
10.000000 93.173460 -1.821841 -0.396589 0.503349 0.000000 0.000000 0.000000 1.000000 0.000000 0.000000
10.000000 93.173587 -1.928712 -0.377214 0.482641 0.000000 0.000000 0.000000 1.000000 0.000000 0.000000
10.000000 93.183584 -2.139673 -0.361711 0.423561 0.000000 0.000000 0.000000 1.000000 0.000000 0.000000
10.000000 93.193541 -2.020463 -0.388534 0.400597 0.000000 0.000000 0.000000 1.000000 0.000000 0.000000
10.000000 93.203636 -2.050247 -0.375555 0.360787 0.000000 0.000000 0.000000 1.000000 0.000000 0.000000
10.000000 93.213514 -2.223276 -0.352999 0.314597 0.000000 0.000000 0.000000 1.000000 0.000000 0.000000
10.000000 93.223726 -2.509524 -0.316149 0.258533 0.000000 0.000000 0.000000 1.000000 0.000000 0.000000
10.000000 93.233675 -2.044177 -0.411997 0.269536 0.000000 0.000000 0.000000 1.000000 0.000000 0.000000
10.000000 93.243724 -2.224670 -0.380330 0.217423 0.000000 0.000000 0.000000 1.000000 0.000000 0.000000
10.000000 93.253582 -2.228493 -0.380112 0.176355 0.000000 0.000000 0.000000 1.000000 0.000000 0.000000
10.000000 93.263783 -2.290149 -0.373607 0.169562 0.000000 0.000000 0.000000 1.000000 0.000000 0.000000
10.000000 93.273553 -2.687155 -0.306033 0.138986 0.000000 0.000000 0.000000 1.000000 0.000000 0.000000
10.000000 93.273712 -2.376768 -0.360162 0.199045 0.000000 0.000000 0.000000 1.000000 0.000000 0.000000
10.000000 93.283879 -2.192384 -0.410593 0.253842 0.000000 0.000000 0.000000 1.000000 0.000000 0.000000
10.000000 93.293682 -2.326651 -0.376910 0.265880 0.000000 0.000000 0.000000 1.000000 0.000000 0.000000
10.000000 93.303704 -2.199634 -0.415267 0.308706 0.000000 0.000000 0.000000 1.000000 0.000000 0.000000
10.000000 93.313707 -2.221359 -0.421262 0.338235 0.000000 0.000000 0.000000 1.000000 0.000000 0.000000
10.000000 93.323658 -2.583259 -0.368840 0.320386 0.000000 0.000000 0.000000 1.000000 0.000000 0.000000
10.000000 93.333573 -2.368729 -0.403407 0.377455 0.000000 0.000000 0.000000 1.000000 0.000000 0.000000
10.000000 93.343698 -2.427117 -0.399819 0.407890 0.000000 0.000000 0.000000 1.000000 0.000000 0.000000
10.000000 93.353748 -2.450334 -0.397994 0.423457 0.000000 0.000000 0.000000 1.000000 0.000000 0.000000
