7.000000 67.119161 25.171661 -0.248117 0.320843 0.000000 0.000000 0.000000 1.000000 0.000000 0.000000
7.000000 67.129179 24.954746 -0.271192 0.426157 0.000000 0.000000 0.000000 1.000000 0.000000 0.000000
7.000000 67.139191 24.887763 -0.248032 0.517277 0.000000 0.000000 0.000000 1.000000 0.000000 0.000000
7.000000 67.149090 24.677622 -0.249756 0.613520 0.000000 0.000000 0.000000 1.000000 0.000000 0.000000
7.000000 67.159313 24.492582 -0.234426 0.699483 0.000000 0.000000 0.000000 1.000000 0.000000 0.000000
7.000000 67.169189 24.380311 -0.217506 0.787890 0.000000 0.000000 0.000000 1.000000 0.000000 0.000000
7.000000 67.179209 24.223052 -0.199863 0.874022 0.000000 0.000000 0.000000 1.000000 0.000000 0.000000
7.000000 67.189253 24.097458 -0.187943 0.954430 0.000000 0.000000 0.000000 1.000000 0.000000 0.000000
7.000000 67.199110 24.007684 -0.163255 1.027519 0.000000 0.000000 0.000000 1.000000 0.000000 0.000000
7.000000 67.203882 22.983916 -0.185049 1.291618 0.000000 0.000000 0.000000 1.000000 0.000000 0.000000
7.000000 67.209259 23.900808 -0.159154 1.078131 0.000000 0.000000 0.000000 1.000000 0.000000 0.000000
7.000000 67.214027 22.879951 -0.181132 1.366724 0.000000 0.000000 0.000000 1.000000 0.000000 0.000000
7.000000 67.219307 23.608455 -0.164032 1.202559 0.000000 0.000000 0.000000 1.000000 0.000000 0.000000
7.000000 67.224089 22.785621 -0.183132 1.439803 0.000000 0.000000 0.000000 1.000000 0.000000 0.000000
7.000000 67.229270 23.495209 -0.138648 1.273312 0.000000 0.000000 0.000000 1.000000 0.000000 0.000000
7.000000 67.234133 22.671260 -0.163686 1.504244 0.000000 0.000000 0.000000 1.000000 0.000000 0.000000
7.000000 67.239094 23.387893 -0.119468 1.344964 0.000000 0.000000 0.000000 1.000000 0.000000 0.000000
7.000000 67.243993 22.555790 -0.146528 1.572022 0.000000 0.000000 0.000000 1.000000 0.000000 0.000000
7.000000 67.249192 23.308680 -0.095769 1.414896 0.000000 0.000000 0.000000 1.000000 0.000000 0.000000
7.000000 67.254056 22.461360 -0.132589 1.638135 0.000000 0.000000 0.000000 1.000000 0.000000 0.000000
7.000000 67.259167 23.162215 -0.083000 1.486121 0.000000 0.000000 0.000000 1.000000 0.000000 0.000000
7.000000 67.263922 22.340903 -0.119435 1.701228 0.000000 0.000000 0.000000 1.000000 0.000000 0.000000
7.000000 67.269201 22.979369 -0.078477 1.564015 0.000000 0.000000 0.000000 1.000000 0.000000 0.000000
7.000000 67.274044 22.250789 -0.113383 1.770888 0.000000 0.000000 0.000000 1.000000 0.000000 0.000000
7.000000 67.279118 22.901869 -0.058193 1.623485 0.000000 0.000000 0.000000 1.000000 0.000000 0.000000
7.000000 67.283963 22.123281 -0.094676 1.828447 0.000000 0.000000 0.000000 1.000000 0.000000 0.000000
7.000000 67.289094 22.742259 -0.051686 1.691342 0.000000 0.000000 0.000000 1.000000 0.000000 0.000000
7.000000 67.294215 22.017786 -0.087782 1.886629 0.000000 0.000000 0.000000 1.000000 0.000000 0.000000
7.000000 67.299123 22.617978 -0.036951 1.756934 0.000000 0.000000 0.000000 1.000000 0.000000 0.000000
7.000000 67.309147 22.574070 -0.023845 1.798338 0.000000 0.000000 0.000000 1.000000 0.000000 0.000000
7.000000 67.319289 22.411206 0.002101 1.880656 0.000000 0.000000 0.000000 1.000000 0.000000 0.000000
7.000000 67.329194 22.245840 0.013261 1.945638 0.000000 0.000000 0.000000 1.000000 0.000000 0.000000
7.000000 67.339205 22.114005 0.024534 2.007555 0.000000 0.000000 0.000000 1.000000 0.000000 0.000000
7.000000 67.350023 21.957988 0.029588 2.070363 0.000000 0.000000 0.000000 1.000000 0.000000 0.000000
7.000000 67.359416 21.867626 0.034246 2.107421 0.000000 0.000000 0.000000 1.000000 0.000000 0.000000
7.000000 67.369232 21.717440 0.059046 2.178740 0.000000 0.000000 0.000000 1.000000 0.000000 0.000000
7.000000 67.379372 21.569095 0.067559 2.239382 0.000000 0.000000 0.000000 1.000000 0.000000 0.000000
7.000000 67.389228 21.465285 0.085707 2.293772 0.000000 0.000000 0.000000 1.000000 0.000000 0.000000
7.000000 67.399261 21.328844 0.095530 2.340611 0.000000 0.000000 0.000000 1.000000 0.000000 0.000000
7.000000 67.406353 19.875426 0.255708 2.256171 0.000000 0.000000 0.000000 1.000000 0.000000 0.000000
7.000000 67.409182 21.258353 0.105847 2.392513 0.000000 0.000000 0.000000 1.000000 0.000000 0.000000
7.000000 67.416410 19.762321 0.266810 2.308264 0.000000 0.000000 0.000000 1.000000 0.000000 0.000000
7.000000 67.419356 20.993385 0.096451 2.450643 0.000000 0.000000 0.000000 1.000000 0.000000 0.000000
7.000000 67.426309 19.639565 0.283289 2.360305 0.000000 0.000000 0.000000 1.000000 0.000000 0.000000
7.000000 67.429270 20.922546 0.128281 2.502829 0.000000 0.000000 0.000000 1.000000 0.000000 0.000000
7.000000 67.436454 19.508781 0.294594 2.403559 0.000000 0.000000 0.000000 1.000000 0.000000 0.000000
7.000000 67.439327 20.837086 0.146563 2.545924 0.000000 0.000000 0.000000 1.000000 0.000000 0.000000
7.000000 67.446301 19.386198 0.310434 2.452555 0.000000 0.000000 0.000000 1.000000 0.000000 0.000000
7.000000 67.449383 20.718831 0.161373 2.587671 0.000000 0.000000 0.000000 1.000000 0.000000 0.000000
7.000000 67.456415 19.274631 0.322248 2.502872 0.000000 0.000000 0.000000 1.000000 0.000000 0.000000
7.000000 67.459336 20.578102 0.170837 2.628351 0.000000 0.000000 0.000000 1.000000 0.000000 0.000000
7.000000 67.466315 19.141492 0.332997 2.543744 0.000000 0.000000 0.000000 1.000000 0.000000 0.000000
7.000000 67.469274 20.445286 0.182306 2.684769 0.000000 0.000000 0.000000 1.000000 0.000000 0.000000
7.000000 67.476431 19.025285 0.345118 2.595704 0.000000 0.000000 0.000000 1.000000 0.000000 0.000000
7.000000 67.479322 20.336731 0.200768 2.728984 0.000000 0.000000 0.000000 1.000000 0.000000 0.000000
7.000000 67.486370 18.912604 0.360024 2.635236 0.000000 0.000000 0.000000 1.000000 0.000000 0.000000
7.000000 67.489447 20.212119 0.210650 2.769880 0.000000 0.000000 0.000000 1.000000 0.000000 0.000000
7.000000 67.496425 18.789318 0.370855 2.680998 0.000000 0.000000 0.000000 1.000000 0.000000 0.000000
7.000000 67.499391 20.044556 0.216537 2.817767 0.000000 0.000000 0.000000 1.000000 0.000000 0.000000
7.000000 67.506387 18.681874 0.373010 2.728088 0.000000 0.000000 0.000000 1.000000 0.000000 0.000000
7.000000 67.509346 20.056074 0.238565 2.839396 0.000000 0.000000 0.000000 1.000000 0.000000 0.000000
7.000000 67.516606 18.573067 0.386648 2.770076 0.000000 0.000000 0.000000 1.000000 0.000000 0.000000
7.000000 67.519238 19.816428 0.244395 2.891127 0.000000 0.000000 0.000000 1.000000 0.000000 0.000000
7.000000 67.526346 18.429550 0.410339 2.803576 0.000000 0.000000 0.000000 1.000000 0.000000 0.000000
7.000000 67.529217 19.696962 0.252533 2.926758 0.000000 0.000000 0.000000 1.000000 0.000000 0.000000
7.000000 67.536501 18.304419 0.422775 2.836242 0.000000 0.000000 0.000000 1.000000 0.000000 0.000000
7.000000 67.539349 19.564718 0.265818 2.970948 0.000000 0.000000 0.000000 1.000000 0.000000 0.000000
7.000000 67.546423 18.183462 0.434213 2.872790 0.000000 0.000000 0.000000 1.000000 0.000000 0.000000
7.000000 67.549346 19.454281 0.280846 3.000486 0.000000 0.000000 0.000000 1.000000 0.000000 0.000000
7.000000 67.556527 18.060653 0.450653 2.910211 0.000000 0.000000 0.000000 1.000000 0.000000 0.000000
7.000000 67.559533 19.357738 0.288591 3.024812 0.000000 0.000000 0.000000 1.000000 0.000000 0.000000
7.000000 67.566432 17.937289 0.470578 2.935932 0.000000 0.000000 0.000000 1.000000 0.000000 0.000000
7.000000 67.569421 19.198741 0.297121 3.069677 0.000000 0.000000 0.000000 1.000000 0.000000 0.000000
7.000000 67.576542 17.833499 0.470253 2.978892 0.000000 0.000000 0.000000 1.000000 0.000000 0.000000
7.000000 67.579322 19.096228 0.319049 3.095492 0.000000 0.000000 0.000000 1.000000 0.000000 0.000000
7.000000 67.586468 17.708636 0.484159 3.010750 0.000000 0.000000 0.000000 1.000000 0.000000 0.000000
7.000000 67.589373 18.999612 0.334008 3.124379 0.000000 0.000000 0.000000 1.000000 0.000000 0.000000
7.000000 67.596459 17.599021 0.493627 3.044630 0.000000 0.000000 0.000000 1.000000 0.000000 0.000000
7.000000 67.599348 18.843808 0.337055 3.159278 0.000000 0.000000 0.000000 1.000000 0.000000 0.000000
7.000000 67.606472 17.483180 0.503649 3.075868 0.000000 0.000000 0.000000 1.000000 0.000000 0.000000
7.000000 67.609319 18.729254 0.348001 3.186727 0.000000 0.000000 0.000000 1.000000 0.000000 0.000000
7.000000 67.616572 17.382861 0.510544 3.101976 0.000000 0.000000 0.000000 1.000000 0.000000 0.000000
7.000000 67.619583 18.611903 0.360065 3.216380 0.000000 0.000000 0.000000 1.000000 0.000000 0.000000
7.000000 67.626329 17.246560 0.524842 3.131258 0.000000 0.000000 0.000000 1.000000 0.000000 0.000000
7.000000 67.629484 18.477226 0.367623 3.240677 0.000000 0.000000 0.000000 1.000000 0.000000 0.000000
7.000000 67.636520 17.121904 0.545366 3.151594 0.000000 0.000000 0.000000 1.000000 0.000000 0.000000
7.000000 67.639549 18.359204 0.378904 3.269902 0.000000 0.000000 0.000000 1.000000 0.000000 0.000000
7.000000 67.646373 17.016660 0.543205 3.182085 0.000000 0.000000 0.000000 1.000000 0.000000 0.000000
7.000000 67.649356 18.246669 0.386339 3.287891 0.000000 0.000000 0.000000 1.000000 0.000000 0.000000
7.000000 67.656495 16.887556 0.561241 3.208890 0.000000 0.000000 0.000000 1.000000 0.000000 0.000000
7.000000 67.659284 18.187949 0.403248 3.308025 0.000000 0.000000 0.000000 1.000000 0.000000 0.000000
7.000000 67.666337 16.782883 0.568925 3.235914 0.000000 0.000000 0.000000 1.000000 0.000000 0.000000
7.000000 67.669315 17.988713 0.401788 3.338225 0.000000 0.000000 0.000000 1.000000 0.000000 0.000000
7.000000 67.676499 16.636864 0.588344 3.244230 0.000000 0.000000 0.000000 1.000000 0.000000 0.000000
7.000000 67.679353 17.875851 0.414199 3.357288 0.000000 0.000000 0.000000 1.000000 0.000000 0.000000
7.000000 67.686394 16.517874 0.601378 3.258262 0.000000 0.000000 0.000000 1.000000 0.000000 0.000000
7.000000 67.689485 17.774487 0.429506 3.369344 0.000000 0.000000 0.000000 1.000000 0.000000 0.000000
7.000000 67.699608 17.647905 0.436183 3.389879 0.000000 0.000000 0.000000 1.000000 0.000000 0.000000
7.000000 67.709481 17.546433 0.452973 3.404528 0.000000 0.000000 0.000000 1.000000 0.000000 0.000000
7.000000 67.719573 17.432917 0.463456 3.421118 0.000000 0.000000 0.000000 1.000000 0.000000 0.000000
7.000000 67.729330 17.279103 0.463324 3.435844 0.000000 0.000000 0.000000 1.000000 0.000000 0.000000
7.000000 67.739346 17.187466 0.485328 3.454133 0.000000 0.000000 0.000000 1.000000 0.000000 0.000000
7.000000 67.749392 17.082768 0.497486 3.458593 0.000000 0.000000 0.000000 1.000000 0.000000 0.000000
7.000000 67.759408 16.992239 0.517984 3.472711 0.000000 0.000000 0.000000 1.000000 0.000000 0.000000
7.000000 67.769368 16.863386 0.529355 3.482189 0.000000 0.000000 0.000000 1.000000 0.000000 0.000000
7.000000 67.779419 16.737271 0.530584 3.489272 0.000000 0.000000 0.000000 1.000000 0.000000 0.000000
7.000000 67.789430 16.622357 0.545933 3.496293 0.000000 0.000000 0.000000 1.000000 0.000000 0.000000
7.000000 67.799395 16.501158 0.555557 3.500828 0.000000 0.000000 0.000000 1.000000 0.000000 0.000000
7.000000 67.809404 16.459836 0.562914 3.508193 0.000000 0.000000 0.000000 1.000000 0.000000 0.000000
7.000000 67.819523 16.303878 0.573791 3.508397 0.000000 0.000000 0.000000 1.000000 0.000000 0.000000
7.000000 67.829445 16.237574 0.593171 3.503550 0.000000 0.000000 0.000000 1.000000 0.000000 0.000000
7.000000 67.849391 15.984265 0.610095 3.510486 0.000000 0.000000 0.000000 1.000000 0.000000 0.000000
7.000000 67.859588 15.878673 0.617460 3.533089 0.000000 0.000000 0.000000 1.000000 0.000000 0.000000
7.000000 67.869587 15.706750 0.627266 3.536351 0.000000 0.000000 0.000000 1.000000 0.000000 0.000000
7.000000 67.879663 15.593830 0.635466 3.533162 0.000000 0.000000 0.000000 1.000000 0.000000 0.000000
7.000000 67.889550 15.511453 0.652190 3.530406 0.000000 0.000000 0.000000 1.000000 0.000000 0.000000
7.000000 67.899583 15.393701 0.665546 3.533580 0.000000 0.000000 0.000000 1.000000 0.000000 0.000000
7.000000 67.909480 15.274411 0.670238 3.529525 0.000000 0.000000 0.000000 1.000000 0.000000 0.000000
7.000000 67.919667 15.165767 0.683903 3.525320 0.000000 0.000000 0.000000 1.000000 0.000000 0.000000
7.000000 67.929405 15.055848 0.690760 3.518481 0.000000 0.000000 0.000000 1.000000 0.000000 0.000000
7.000000 67.939423 14.917203 0.702219 3.514038 0.000000 0.000000 0.000000 1.000000 0.000000 0.000000
7.000000 67.949399 14.829166 0.717834 3.503414 0.000000 0.000000 0.000000 1.000000 0.000000 0.000000
7.000000 67.959399 14.723225 0.730197 3.497445 0.000000 0.000000 0.000000 1.000000 0.000000 0.000000
7.000000 67.969450 14.596530 0.742941 3.488337 0.000000 0.000000 0.000000 1.000000 0.000000 0.000000
7.000000 67.976674 13.292369 0.905828 3.418270 0.000000 0.000000 0.000000 1.000000 0.000000 0.000000
7.000000 67.979641 14.505175 0.752531 3.471195 0.000000 0.000000 0.000000 1.000000 0.000000 0.000000
7.000000 67.986576 13.222920 0.898463 3.424072 0.000000 0.000000 0.000000 1.000000 0.000000 0.000000
7.000000 67.989417 14.401297 0.763124 3.462369 0.000000 0.000000 0.000000 1.000000 0.000000 0.000000
7.000000 67.996668 13.107994 0.913650 3.419590 0.000000 0.000000 0.000000 1.000000 0.000000 0.000000
7.000000 67.999561 14.293850 0.776765 3.451115 0.000000 0.000000 0.000000 1.000000 0.000000 0.000000
7.000000 68.006539 13.012601 0.919118 3.407432 0.000000 0.000000 0.000000 1.000000 0.000000 0.000000
7.000000 68.009457 14.213551 0.779991 3.432219 0.000000 0.000000 0.000000 1.000000 0.000000 0.000000
7.000000 68.016669 12.991877 0.908988 3.404082 0.000000 0.000000 0.000000 1.000000 0.000000 0.000000
7.000000 68.019718 14.055834 0.794131 3.419488 0.000000 0.000000 0.000000 1.000000 0.000000 0.000000
7.000000 68.026593 12.827014 0.931697 3.380191 0.000000 0.000000 0.000000 1.000000 0.000000 0.000000
7.000000 68.029463 13.964902 0.805383 3.402505 0.000000 0.000000 0.000000 1.000000 0.000000 0.000000
7.000000 68.036810 12.718374 0.943660 3.369839 0.000000 0.000000 0.000000 1.000000 0.000000 0.000000
7.000000 68.039546 13.870391 0.821332 3.386761 0.000000 0.000000 0.000000 1.000000 0.000000 0.000000
7.000000 68.046593 12.630656 0.944962 3.352308 0.000000 0.000000 0.000000 1.000000 0.000000 0.000000
7.000000 68.049455 13.740664 0.823949 3.365953 0.000000 0.000000 0.000000 1.000000 0.000000 0.000000
7.000000 68.056619 12.551891 0.943929 3.350349 0.000000 0.000000 0.000000 1.000000 0.000000 0.000000
7.000000 68.059593 13.642364 0.834040 3.349130 0.000000 0.000000 0.000000 1.000000 0.000000 0.000000
7.000000 68.066598 12.459412 0.947990 3.329968 0.000000 0.000000 0.000000 1.000000 0.000000 0.000000
7.000000 68.069455 13.544417 0.844490 3.330911 0.000000 0.000000 0.000000 1.000000 0.000000 0.000000
7.000000 68.076638 12.324046 0.976936 3.307666 0.000000 0.000000 0.000000 1.000000 0.000000 0.000000
7.000000 68.079547 13.426324 0.858215 3.307931 0.000000 0.000000 0.000000 1.000000 0.000000 0.000000
7.000000 68.086568 12.236395 0.980101 3.288846 0.000000 0.000000 0.000000 1.000000 0.000000 0.000000
7.000000 68.089470 13.331030 0.874922 3.284126 0.000000 0.000000 0.000000 1.000000 0.000000 0.000000
7.000000 68.096761 12.115293 0.994206 3.267180 0.000000 0.000000 0.000000 1.000000 0.000000 0.000000
7.000000 68.099534 13.224337 0.875855 3.263399 0.000000 0.000000 0.000000 1.000000 0.000000 0.000000
7.000000 68.106845 12.037571 0.995119 3.246525 0.000000 0.000000 0.000000 1.000000 0.000000 0.000000
7.000000 68.109468 13.117748 0.886251 3.236699 0.000000 0.000000 0.000000 1.000000 0.000000 0.000000
7.000000 68.116769 11.951219 1.004903 3.222337 0.000000 0.000000 0.000000 1.000000 0.000000 0.000000
7.000000 68.119651 13.019084 0.903901 3.212083 0.000000 0.000000 0.000000 1.000000 0.000000 0.000000
7.000000 68.126713 11.836189 1.009625 3.204410 0.000000 0.000000 0.000000 1.000000 0.000000 0.000000
7.000000 68.129450 12.899776 0.912567 3.185169 0.000000 0.000000 0.000000 1.000000 0.000000 0.000000
7.000000 68.136707 11.717099 1.026446 3.171746 0.000000 0.000000 0.000000 1.000000 0.000000 0.000000
7.000000 68.139564 12.804682 0.926486 3.159606 0.000000 0.000000 0.000000 1.000000 0.000000 0.000000
7.000000 68.146684 11.627986 1.030403 3.151475 0.000000 0.000000 0.000000 1.000000 0.000000 0.000000
7.000000 68.149487 12.697565 0.929078 3.132876 0.000000 0.000000 0.000000 1.000000 0.000000 0.000000
7.000000 68.156800 11.529516 1.036789 3.118805 0.000000 0.000000 0.000000 1.000000 0.000000 0.000000
7.000000 68.159640 12.590539 0.938462 3.103146 0.000000 0.000000 0.000000 1.000000 0.000000 0.000000
7.000000 68.166678 11.470689 1.040678 3.087511 0.000000 0.000000 0.000000 1.000000 0.000000 0.000000
7.000000 68.169684 12.506604 0.952976 3.072318 0.000000 0.000000 0.000000 1.000000 0.000000 0.000000
7.000000 68.176826 11.296384 1.067126 3.059894 0.000000 0.000000 0.000000 1.000000 0.000000 0.000000
7.000000 68.179635 12.404100 0.968566 3.039141 0.000000 0.000000 0.000000 1.000000 0.000000 0.000000
7.000000 68.186848 11.230478 1.066128 3.034951 0.000000 0.000000 0.000000 1.000000 0.000000 0.000000
7.000000 68.189711 12.286686 0.974808 3.010422 0.000000 0.000000 0.000000 1.000000 0.000000 0.000000
7.000000 68.196801 11.163164 1.057237 3.007934 0.000000 0.000000 0.000000 1.000000 0.000000 0.000000
7.000000 68.199786 12.173112 0.978397 2.978272 0.000000 0.000000 0.000000 1.000000 0.000000 0.000000
7.000000 68.206649 11.068212 1.059552 2.980443 0.000000 0.000000 0.000000 1.000000 0.000000 0.000000
7.000000 68.209545 12.117408 0.995992 2.937014 0.000000 0.000000 0.000000 1.000000 0.000000 0.000000
7.000000 68.216856 10.988768 1.070283 2.942106 0.000000 0.000000 0.000000 1.000000 0.000000 0.000000
7.000000 68.219771 11.972626 0.998856 2.909429 0.000000 0.000000 0.000000 1.000000 0.000000 0.000000
7.000000 68.226813 10.844911 1.102444 2.906887 0.000000 0.000000 0.000000 1.000000 0.000000 0.000000
7.000000 68.229756 11.871045 1.013621 2.877499 0.000000 0.000000 0.000000 1.000000 0.000000 0.000000
7.000000 68.236746 10.707095 1.120358 2.872762 0.000000 0.000000 0.000000 1.000000 0.000000 0.000000
7.000000 68.239692 11.774617 1.028447 2.834019 0.000000 0.000000 0.000000 1.000000 0.000000 0.000000
7.000000 68.246834 10.601971 1.133577 2.837355 0.000000 0.000000 0.000000 1.000000 0.000000 0.000000
7.000000 68.249664 11.663103 1.024818 2.806054 0.000000 0.000000 0.000000 1.000000 0.000000 0.000000
7.000000 68.256806 10.515186 1.137949 2.802551 0.000000 0.000000 0.000000 1.000000 0.000000 0.000000
7.000000 68.259704 11.572878 1.040167 2.765670 0.000000 0.000000 0.000000 1.000000 0.000000 0.000000
7.000000 68.266882 10.434807 1.143100 2.761066 0.000000 0.000000 0.000000 1.000000 0.000000 0.000000
7.000000 68.269716 11.442064 1.049029 2.728378 0.000000 0.000000 0.000000 1.000000 0.000000 0.000000
7.000000 68.276884 10.313794 1.154187 2.724391 0.000000 0.000000 0.000000 1.000000 0.000000 0.000000
7.000000 68.279822 11.361905 1.058751 2.685815 0.000000 0.000000 0.000000 1.000000 0.000000 0.000000
7.000000 68.286789 10.227142 1.156395 2.685647 0.000000 0.000000 0.000000 1.000000 0.000000 0.000000
7.000000 68.289771 11.250096 1.062870 2.640155 0.000000 0.000000 0.000000 1.000000 0.000000 0.000000
7.000000 68.296967 10.194294 1.133973 2.647672 0.000000 0.000000 0.000000 1.000000 0.000000 0.000000
7.000000 68.299661 11.154342 1.071368 2.590913 0.000000 0.000000 0.000000 1.000000 0.000000 0.000000
7.000000 68.306712 10.094186 1.146239 2.605827 0.000000 0.000000 0.000000 1.000000 0.000000 0.000000
7.000000 68.309695 11.055538 1.086552 2.551423 0.000000 0.000000 0.000000 1.000000 0.000000 0.000000
7.000000 68.316864 10.008417 1.161398 2.555305 0.000000 0.000000 0.000000 1.000000 0.000000 0.000000
7.000000 68.319718 10.963926 1.099291 2.503631 0.000000 0.000000 0.000000 1.000000 0.000000 0.000000
7.000000 68.326705 9.840349 1.188566 2.518415 0.000000 0.000000 0.000000 1.000000 0.000000 0.000000
7.000000 68.329632 10.863165 1.102658 2.453796 0.000000 0.000000 0.000000 1.000000 0.000000 0.000000
7.000000 68.336934 9.756709 1.197420 2.473055 0.000000 0.000000 0.000000 1.000000 0.000000 0.000000
7.000000 68.339684 10.759193 1.111665 2.408221 0.000000 0.000000 0.000000 1.000000 0.000000 0.000000
7.000000 68.346612 9.731228 1.171179 2.431978 0.000000 0.000000 0.000000 1.000000 0.000000 0.000000
7.000000 68.349604 10.656375 1.119211 2.363519 0.000000 0.000000 0.000000 1.000000 0.000000 0.000000
7.000000 68.356951 9.581503 1.206289 2.386788 0.000000 0.000000 0.000000 1.000000 0.000000 0.000000
7.000000 68.359785 10.551564 1.127053 2.317784 0.000000 0.000000 0.000000 1.000000 0.000000 0.000000
7.000000 68.366664 9.506348 1.212551 2.333385 0.000000 0.000000 0.000000 1.000000 0.000000 0.000000
7.000000 68.369690 10.444623 1.136338 2.270940 0.000000 0.000000 0.000000 1.000000 0.000000 0.000000
7.000000 68.376904 9.418185 1.212009 2.278978 0.000000 0.000000 0.000000 1.000000 0.000000 0.000000
7.000000 68.379693 10.359156 1.148889 2.223865 0.000000 0.000000 0.000000 1.000000 0.000000 0.000000
7.000000 68.386797 9.281641 1.239734 2.233640 0.000000 0.000000 0.000000 1.000000 0.000000 0.000000
7.000000 68.389636 10.273537 1.165434 2.174398 0.000000 0.000000 0.000000 1.000000 0.000000 0.000000
7.000000 68.396803 9.199926 1.243151 2.180990 0.000000 0.000000 0.000000 1.000000 0.000000 0.000000
7.000000 68.399687 10.188384 1.175211 2.116478 0.000000 0.000000 0.000000 1.000000 0.000000 0.000000
7.000000 68.406758 9.121777 1.249352 2.131279 0.000000 0.000000 0.000000 1.000000 0.000000 0.000000
7.000000 68.409731 10.066111 1.182695 2.065760 0.000000 0.000000 0.000000 1.000000 0.000000 0.000000
7.000000 68.416813 9.056790 1.249237 2.074212 0.000000 0.000000 0.000000 1.000000 0.000000 0.000000
7.000000 68.419844 9.976566 1.192399 2.015566 0.000000 0.000000 0.000000 1.000000 0.000000 0.000000
7.000000 68.426784 8.962607 1.249628 2.022801 0.000000 0.000000 0.000000 1.000000 0.000000 0.000000
7.000000 68.429873 9.869748 1.199800 1.962057 0.000000 0.000000 0.000000 1.000000 0.000000 0.000000
7.000000 68.436905 8.886873 1.250441 1.966740 0.000000 0.000000 0.000000 1.000000 0.000000 0.000000
7.000000 68.439866 9.780744 1.211083 1.904486 0.000000 0.000000 0.000000 1.000000 0.000000 0.000000
7.000000 68.446805 8.811289 1.253490 1.915484 0.000000 0.000000 0.000000 1.000000 0.000000 0.000000
7.000000 68.449850 9.671917 1.219773 1.843049 0.000000 0.000000 0.000000 1.000000 0.000000 0.000000
7.000000 68.456899 8.708201 1.263734 1.854869 0.000000 0.000000 0.000000 1.000000 0.000000 0.000000
7.000000 68.459812 9.573766 1.227418 1.792553 0.000000 0.000000 0.000000 1.000000 0.000000 0.000000
7.000000 68.466807 8.597881 1.273772 1.785299 0.000000 0.000000 0.000000 1.000000 0.000000 0.000000
7.000000 68.469651 9.469998 1.237073 1.740736 0.000000 0.000000 0.000000 1.000000 0.000000 0.000000
7.000000 68.476819 8.508458 1.287068 1.738378 0.000000 0.000000 0.000000 1.000000 0.000000 0.000000
7.000000 68.479957 9.381190 1.244350 1.678577 0.000000 0.000000 0.000000 1.000000 0.000000 0.000000
7.000000 68.486801 8.425883 1.289793 1.686797 0.000000 0.000000 0.000000 1.000000 0.000000 0.000000
7.000000 68.489702 9.277853 1.253641 1.611688 0.000000 0.000000 0.000000 1.000000 0.000000 0.000000
7.000000 68.496864 8.403073 1.265862 1.632237 0.000000 0.000000 0.000000 1.000000 0.000000 0.000000
7.000000 68.499776 9.218134 1.274707 1.554485 0.000000 0.000000 0.000000 1.000000 0.000000 0.000000
7.000000 68.506787 8.215150 1.311667 1.564453 0.000000 0.000000 0.000000 1.000000 0.000000 0.000000
7.000000 68.509707 9.098091 1.285300 1.503967 0.000000 0.000000 0.000000 1.000000 0.000000 0.000000
7.000000 68.516904 8.184055 1.301228 1.502020 0.000000 0.000000 0.000000 1.000000 0.000000 0.000000
7.000000 68.519747 8.977061 1.286596 1.448382 0.000000 0.000000 0.000000 1.000000 0.000000 0.000000
7.000000 68.526790 8.132069 1.287052 1.454950 0.000000 0.000000 0.000000 1.000000 0.000000 0.000000
7.000000 68.529732 8.903918 1.298785 1.384294 0.000000 0.000000 0.000000 1.000000 0.000000 0.000000
7.000000 68.536834 8.011784 1.313817 1.390643 0.000000 0.000000 0.000000 1.000000 0.000000 0.000000
7.000000 68.540099 8.805534 1.309976 1.317226 0.000000 0.000000 0.000000 1.000000 0.000000 0.000000
7.000000 68.546781 7.961674 1.304441 1.332142 0.000000 0.000000 0.000000 1.000000 0.000000 0.000000
7.000000 68.549702 8.701494 1.313314 1.258357 0.000000 0.000000 0.000000 1.000000 0.000000 0.000000
7.000000 68.556894 7.825218 1.336933 1.272357 0.000000 0.000000 0.000000 1.000000 0.000000 0.000000
7.000000 68.559841 8.608577 1.325909 1.192611 0.000000 0.000000 0.000000 1.000000 0.000000 0.000000
7.000000 68.566790 7.692913 1.358969 1.195990 0.000000 0.000000 0.000000 1.000000 0.000000 0.000000
7.000000 68.569834 8.515225 1.334679 1.128538 0.000000 0.000000 0.000000 1.000000 0.000000 0.000000
7.000000 68.576895 7.641963 1.345594 1.137314 0.000000 0.000000 0.000000 1.000000 0.000000 0.000000
7.000000 68.579778 8.443118 1.346663 1.056366 0.000000 0.000000 0.000000 1.000000 0.000000 0.000000
7.000000 68.586804 7.661528 1.316402 1.077525 0.000000 0.000000 0.000000 1.000000 0.000000 0.000000
7.000000 68.589866 8.327216 1.351649 0.996071 0.000000 0.000000 0.000000 1.000000 0.000000 0.000000
7.000000 68.596897 7.458800 1.370332 0.995120 0.000000 0.000000 0.000000 1.000000 0.000000 0.000000
7.000000 68.599807 8.241121 1.364594 0.921367 0.000000 0.000000 0.000000 1.000000 0.000000 0.000000
7.000000 68.606812 7.370973 1.375374 0.934087 0.000000 0.000000 0.000000 1.000000 0.000000 0.000000
7.000000 68.609743 8.142252 1.372073 0.856769 0.000000 0.000000 0.000000 1.000000 0.000000 0.000000
7.000000 68.616891 7.375545 1.341955 0.870921 0.000000 0.000000 0.000000 1.000000 0.000000 0.000000
7.000000 68.620090 8.052745 1.380437 0.786534 0.000000 0.000000 0.000000 1.000000 0.000000 0.000000
7.000000 68.626834 7.272311 1.359092 0.799716 0.000000 0.000000 0.000000 1.000000 0.000000 0.000000
7.000000 68.629911 7.961811 1.391213 0.714156 0.000000 0.000000 0.000000 1.000000 0.000000 0.000000
7.000000 68.636932 7.204863 1.357641 0.731382 0.000000 0.000000 0.000000 1.000000 0.000000 0.000000
7.000000 68.639879 7.864530 1.395250 0.645718 0.000000 0.000000 0.000000 1.000000 0.000000 0.000000
7.000000 68.646827 7.122700 1.354880 0.657339 0.000000 0.000000 0.000000 1.000000 0.000000 0.000000
7.000000 68.649829 7.792770 1.407057 0.567156 0.000000 0.000000 0.000000 1.000000 0.000000 0.000000
7.000000 68.656860 6.965551 1.400514 0.576428 0.000000 0.000000 0.000000 1.000000 0.000000 0.000000
7.000000 68.659809 7.677203 1.414281 0.499594 0.000000 0.000000 0.000000 1.000000 0.000000 0.000000
7.000000 68.666845 6.897846 1.403717 0.494111 0.000000 0.000000 0.000000 1.000000 0.000000 0.000000
7.000000 68.669766 7.591029 1.424775 0.427386 0.000000 0.000000 0.000000 1.000000 0.000000 0.000000
7.000000 68.676920 6.958337 1.341605 0.457486 0.000000 0.000000 0.000000 1.000000 0.000000 0.000000
7.000000 68.679784 7.498098 1.433692 0.352149 0.000000 0.000000 0.000000 1.000000 0.000000 0.000000
7.000000 68.686839 6.810870 1.376132 0.374014 0.000000 0.000000 0.000000 1.000000 0.000000 0.000000
7.000000 68.689711 7.395800 1.438351 0.280000 0.000000 0.000000 0.000000 1.000000 0.000000 0.000000
7.000000 68.696929 6.748279 1.381342 0.296614 0.000000 0.000000 0.000000 1.000000 0.000000 0.000000
7.000000 68.699799 7.313376 1.448562 0.195922 0.000000 0.000000 0.000000 1.000000 0.000000 0.000000
7.000000 68.706827 6.635882 1.386479 0.219108 0.000000 0.000000 0.000000 1.000000 0.000000 0.000000
7.000000 68.709691 7.216196 1.454951 0.129508 0.000000 0.000000 0.000000 1.000000 0.000000 0.000000
7.000000 68.716876 6.515339 1.407967 0.117573 0.000000 0.000000 0.000000 1.000000 0.000000 0.000000
7.000000 68.719836 7.121742 1.462455 0.050129 0.000000 0.000000 0.000000 1.000000 0.000000 0.000000
7.000000 68.726836 6.482124 1.405197 0.093594 0.000000 0.000000 0.000000 1.000000 0.000000 0.000000
7.000000 68.729737 7.069693 1.469723 0.065453 0.000000 0.000000 0.000000 1.000000 0.000000 0.000000
7.000000 68.737044 6.458084 1.399938 0.171166 0.000000 0.000000 0.000000 1.000000 0.000000 0.000000
7.000000 68.739829 7.022833 1.477872 0.128220 0.000000 0.000000 0.000000 1.000000 0.000000 0.000000
7.000000 68.747176 6.406835 1.406275 0.232099 0.000000 0.000000 0.000000 1.000000 0.000000 0.000000
7.000000 68.749756 6.993468 1.483230 0.176252 0.000000 0.000000 0.000000 1.000000 0.000000 0.000000
7.000000 68.757033 6.274411 1.451592 0.278822 0.000000 0.000000 0.000000 1.000000 0.000000 0.000000
7.000000 68.759810 6.943983 1.486629 0.242436 0.000000 0.000000 0.000000 1.000000 0.000000 0.000000
7.000000 68.766970 6.308542 1.414151 0.342210 0.000000 0.000000 0.000000 1.000000 0.000000 0.000000
7.000000 68.769745 6.869534 1.485070 0.306386 0.000000 0.000000 0.000000 1.000000 0.000000 0.000000
7.000000 68.777045 6.266053 1.419193 0.402726 0.000000 0.000000 0.000000 1.000000 0.000000 0.000000
7.000000 68.779828 6.825389 1.490706 0.363024 0.000000 0.000000 0.000000 1.000000 0.000000 0.000000
7.000000 68.786911 6.182263 1.434106 0.455432 0.000000 0.000000 0.000000 1.000000 0.000000 0.000000
7.000000 68.789813 6.779386 1.493433 0.417231 0.000000 0.000000 0.000000 1.000000 0.000000 0.000000
7.000000 68.796946 5.991628 1.501538 0.491390 0.000000 0.000000 0.000000 1.000000 0.000000 0.000000
7.000000 68.800006 6.715517 1.496137 0.476532 0.000000 0.000000 0.000000 1.000000 0.000000 0.000000
7.000000 68.806912 6.060189 1.454481 0.565830 0.000000 0.000000 0.000000 1.000000 0.000000 0.000000
7.000000 68.809858 6.670684 1.504525 0.526774 0.000000 0.000000 0.000000 1.000000 0.000000 0.000000
7.000000 68.817020 6.023633 1.457335 0.621857 0.000000 0.000000 0.000000 1.000000 0.000000 0.000000
7.000000 68.819833 6.631546 1.504715 0.577768 0.000000 0.000000 0.000000 1.000000 0.000000 0.000000
7.000000 68.826948 5.906910 1.490691 0.662750 0.000000 0.000000 0.000000 1.000000 0.000000 0.000000
7.000000 68.829767 6.570197 1.507886 0.632962 0.000000 0.000000 0.000000 1.000000 0.000000 0.000000
7.000000 68.836992 5.948191 1.457545 0.733907 0.000000 0.000000 0.000000 1.000000 0.000000 0.000000
7.000000 68.839848 6.530758 1.513445 0.680352 0.000000 0.000000 0.000000 1.000000 0.000000 0.000000
7.000000 68.847024 5.896171 1.467837 0.782961 0.000000 0.000000 0.000000 1.000000 0.000000 0.000000
7.000000 68.849790 6.500697 1.524430 0.720060 0.000000 0.000000 0.000000 1.000000 0.000000 0.000000
7.000000 68.857057 5.863056 1.464143 0.833672 0.000000 0.000000 0.000000 1.000000 0.000000 0.000000
7.000000 68.859878 6.427807 1.521044 0.774231 0.000000 0.000000 0.000000 1.000000 0.000000 0.000000
7.000000 68.867045 5.774558 1.481407 0.873041 0.000000 0.000000 0.000000 1.000000 0.000000 0.000000
7.000000 68.869804 6.381291 1.525325 0.823019 0.000000 0.000000 0.000000 1.000000 0.000000 0.000000
7.000000 68.877059 5.698659 1.503625 0.911233 0.000000 0.000000 0.000000 1.000000 0.000000 0.000000
7.000000 68.879915 6.331505 1.529930 0.869393 0.000000 0.000000 0.000000 1.000000 0.000000 0.000000
7.000000 68.887017 5.694442 1.483484 0.962472 0.000000 0.000000 0.000000 1.000000 0.000000 0.000000
7.000000 68.889819 6.282217 1.534508 0.914041 0.000000 0.000000 0.000000 1.000000 0.000000 0.000000
7.000000 68.897051 5.690164 1.485817 1.010215 0.000000 0.000000 0.000000 1.000000 0.000000 0.000000
7.000000 68.899867 6.231143 1.539879 0.951419 0.000000 0.000000 0.000000 1.000000 0.000000 0.000000
7.000000 68.906978 5.491972 1.532934 1.043231 0.000000 0.000000 0.000000 1.000000 0.000000 0.000000
7.000000 68.909800 6.192932 1.543214 0.996636 0.000000 0.000000 0.000000 1.000000 0.000000 0.000000
7.000000 68.917004 5.483072 1.521245 1.066953 0.000000 0.000000 0.000000 1.000000 0.000000 0.000000
7.000000 68.919911 6.140133 1.548337 1.037884 0.000000 0.000000 0.000000 1.000000 0.000000 0.000000
7.000000 68.926968 5.389371 1.545477 1.110717 0.000000 0.000000 0.000000 1.000000 0.000000 0.000000
7.000000 68.929804 6.088438 1.548931 1.076525 0.000000 0.000000 0.000000 1.000000 0.000000 0.000000
7.000000 68.937126 5.391871 1.535067 1.166422 0.000000 0.000000 0.000000 1.000000 0.000000 0.000000
7.000000 68.940020 6.041086 1.554163 1.115995 0.000000 0.000000 0.000000 1.000000 0.000000 0.000000
7.000000 68.946963 5.323680 1.544713 1.191095 0.000000 0.000000 0.000000 1.000000 0.000000 0.000000
7.000000 68.949826 6.006611 1.561863 1.147670 0.000000 0.000000 0.000000 1.000000 0.000000 0.000000
7.000000 68.957132 5.363445 1.511861 1.244412 0.000000 0.000000 0.000000 1.000000 0.000000 0.000000
7.000000 68.959948 5.942831 1.562463 1.192255 0.000000 0.000000 0.000000 1.000000 0.000000 0.000000
7.000000 68.967032 5.177605 1.567128 1.271699 0.000000 0.000000 0.000000 1.000000 0.000000 0.000000
7.000000 68.969859 5.900515 1.569583 1.225370 0.000000 0.000000 0.000000 1.000000 0.000000 0.000000
7.000000 68.977045 5.162512 1.564511 1.313473 0.000000 0.000000 0.000000 1.000000 0.000000 0.000000
7.000000 68.979933 5.838024 1.570987 1.263600 0.000000 0.000000 0.000000 1.000000 0.000000 0.000000
7.000000 68.986952 5.228331 1.521886 1.351151 0.000000 0.000000 0.000000 1.000000 0.000000 0.000000
7.000000 68.989852 5.808337 1.577725 1.292245 0.000000 0.000000 0.000000 1.000000 0.000000 0.000000
7.000000 68.997082 5.203707 1.517089 1.390211 0.000000 0.000000 0.000000 1.000000 0.000000 0.000000
7.000000 68.999944 5.753701 1.578212 1.319219 0.000000 0.000000 0.000000 1.000000 0.000000 0.000000
7.000000 69.007078 4.990151 1.590181 1.414468 0.000000 0.000000 0.000000 1.000000 0.000000 0.000000
7.000000 69.009876 5.704482 1.584994 1.352560 0.000000 0.000000 0.000000 1.000000 0.000000 0.000000
7.000000 69.017065 4.985877 1.580417 1.441878 0.000000 0.000000 0.000000 1.000000 0.000000 0.000000
7.000000 69.019939 5.669810 1.591695 1.376629 0.000000 0.000000 0.000000 1.000000 0.000000 0.000000
7.000000 69.027017 4.933832 1.585252 1.474074 0.000000 0.000000 0.000000 1.000000 0.000000 0.000000
7.000000 69.029879 5.622039 1.593334 1.409928 0.000000 0.000000 0.000000 1.000000 0.000000 0.000000
7.000000 69.037187 4.859763 1.603079 1.505862 0.000000 0.000000 0.000000 1.000000 0.000000 0.000000
7.000000 69.039939 5.573427 1.599971 1.435124 0.000000 0.000000 0.000000 1.000000 0.000000 0.000000
7.000000 69.047266 4.957485 1.545134 1.548272 0.000000 0.000000 0.000000 1.000000 0.000000 0.000000
7.000000 69.049872 5.518111 1.602774 1.464791 0.000000 0.000000 0.000000 1.000000 0.000000 0.000000
7.000000 69.057206 4.913257 1.549951 1.578655 0.000000 0.000000 0.000000 1.000000 0.000000 0.000000
7.000000 69.059998 5.471993 1.606560 1.488890 0.000000 0.000000 0.000000 1.000000 0.000000 0.000000
7.000000 69.069515 5.213495 1.412009 1.603432 0.000000 0.000000 0.000000 1.000000 0.000000 0.000000
7.000000 69.069897 5.424684 1.606117 1.513968 0.000000 0.000000 0.000000 1.000000 0.000000 0.000000
7.000000 69.077229 4.658118 1.625094 1.606755 0.000000 0.000000 0.000000 1.000000 0.000000 0.000000
7.000000 69.080038 5.377674 1.614904 1.535780 0.000000 0.000000 0.000000 1.000000 0.000000 0.000000
7.000000 69.087048 4.639453 1.618818 1.643163 0.000000 0.000000 0.000000 1.000000 0.000000 0.000000
7.000000 69.089895 5.322541 1.616698 1.562916 0.000000 0.000000 0.000000 1.000000 0.000000 0.000000
7.000000 69.097004 4.683099 1.580877 1.674653 0.000000 0.000000 0.000000 1.000000 0.000000 0.000000
7.000000 69.100007 5.292108 1.626495 1.577490 0.000000 0.000000 0.000000 1.000000 0.000000 0.000000
7.000000 69.106993 4.678129 1.570048 1.708061 0.000000 0.000000 0.000000 1.000000 0.000000 0.000000
7.000000 69.109892 5.226964 1.620689 1.606720 0.000000 0.000000 0.000000 1.000000 0.000000 0.000000
7.000000 69.117009 4.533421 1.614526 1.712915 0.000000 0.000000 0.000000 1.000000 0.000000 0.000000
7.000000 69.120005 5.198190 1.627436 1.618826 0.000000 0.000000 0.000000 1.000000 0.000000 0.000000
7.000000 69.127009 4.433190 1.646736 1.727968 0.000000 0.000000 0.000000 1.000000 0.000000 0.000000
7.000000 69.129890 5.167559 1.636923 1.634409 0.000000 0.000000 0.000000 1.000000 0.000000 0.000000
7.000000 69.137099 4.348066 1.664742 1.740089 0.000000 0.000000 0.000000 1.000000 0.000000 0.000000
7.000000 69.140116 5.131058 1.642770 1.641967 0.000000 0.000000 0.000000 1.000000 0.000000 0.000000
7.000000 69.147075 4.347518 1.649299 1.762084 0.000000 0.000000 0.000000 1.000000 0.000000 0.000000
7.000000 69.150026 5.069991 1.642067 1.663309 0.000000 0.000000 0.000000 1.000000 0.000000 0.000000
7.000000 69.157162 4.299030 1.652903 1.778450 0.000000 0.000000 0.000000 1.000000 0.000000 0.000000
7.000000 69.167039 4.425289 1.617582 1.809551 0.000000 0.000000 0.000000 1.000000 0.000000 0.000000
7.000000 69.177088 4.240173 1.650915 1.812957 0.000000 0.000000 0.000000 1.000000 0.000000 0.000000
7.000000 69.187252 4.198778 1.655879 1.830979 0.000000 0.000000 0.000000 1.000000 0.000000 0.000000
7.000000 69.197341 4.294926 1.595581 1.854517 0.000000 0.000000 0.000000 1.000000 0.000000 0.000000
7.000000 69.207246 4.125790 1.655232 1.843475 0.000000 0.000000 0.000000 1.000000 0.000000 0.000000
7.000000 69.217297 4.015975 1.680886 1.859083 0.000000 0.000000 0.000000 1.000000 0.000000 0.000000
7.000000 69.227165 3.925378 1.703418 1.857203 0.000000 0.000000 0.000000 1.000000 0.000000 0.000000
7.000000 69.237341 4.030531 1.649320 1.874073 0.000000 0.000000 0.000000 1.000000 0.000000 0.000000
7.000000 69.247222 3.940329 1.665063 1.880195 0.000000 0.000000 0.000000 1.000000 0.000000 0.000000
7.000000 69.257241 3.936768 1.662223 1.886584 0.000000 0.000000 0.000000 1.000000 0.000000 0.000000
7.000000 69.267258 3.790364 1.710595 1.882162 0.000000 0.000000 0.000000 1.000000 0.000000 0.000000
7.000000 69.277398 3.810185 1.680495 1.889523 0.000000 0.000000 0.000000 1.000000 0.000000 0.000000
7.000000 69.287110 3.750285 1.693082 1.890221 0.000000 0.000000 0.000000 1.000000 0.000000 0.000000
7.000000 69.297228 3.786886 1.663848 1.898423 0.000000 0.000000 0.000000 1.000000 0.000000 0.000000
7.000000 69.307443 3.599935 1.725072 1.888731 0.000000 0.000000 0.000000 1.000000 0.000000 0.000000
7.000000 69.317269 3.749666 1.660640 1.906331 0.000000 0.000000 0.000000 1.000000 0.000000 0.000000
7.000000 69.327276 3.596181 1.696973 1.886013 0.000000 0.000000 0.000000 1.000000 0.000000 0.000000
7.000000 69.337302 3.537694 1.710668 1.891172 0.000000 0.000000 0.000000 1.000000 0.000000 0.000000
7.000000 69.344894 3.609482 1.663275 1.920977 0.000000 0.000000 0.000000 1.000000 0.000000 0.000000
7.000000 69.347142 3.449367 1.734073 1.881636 0.000000 0.000000 0.000000 1.000000 0.000000 0.000000
7.000000 69.354976 3.548881 1.668017 1.914585 0.000000 0.000000 0.000000 1.000000 0.000000 0.000000
7.000000 69.357267 3.416142 1.733226 1.877894 0.000000 0.000000 0.000000 1.000000 0.000000 0.000000
7.000000 69.365036 3.523912 1.667923 1.906266 0.000000 0.000000 0.000000 1.000000 0.000000 0.000000
7.000000 69.367185 3.450736 1.723429 1.869029 0.000000 0.000000 0.000000 1.000000 0.000000 0.000000
7.000000 69.375061 3.470153 1.665817 1.896566 0.000000 0.000000 0.000000 1.000000 0.000000 0.000000
7.000000 69.377305 3.363945 1.722173 1.860809 0.000000 0.000000 0.000000 1.000000 0.000000 0.000000
7.000000 69.385007 3.413375 1.672906 1.897043 0.000000 0.000000 0.000000 1.000000 0.000000 0.000000
7.000000 69.387218 3.325663 1.729869 1.861423 0.000000 0.000000 0.000000 1.000000 0.000000 0.000000
7.000000 69.395049 3.319255 1.657934 1.891883 0.000000 0.000000 0.000000 1.000000 0.000000 0.000000
7.000000 69.397254 3.438804 1.670583 1.867345 0.000000 0.000000 0.000000 1.000000 0.000000 0.000000
7.000000 69.405098 3.338908 1.679106 1.877811 0.000000 0.000000 0.000000 1.000000 0.000000 0.000000
7.000000 69.407182 3.383460 1.680313 1.841293 0.000000 0.000000 0.000000 1.000000 0.000000 0.000000
7.000000 69.415083 3.263093 1.668792 1.869072 0.000000 0.000000 0.000000 1.000000 0.000000 0.000000
7.000000 69.417233 3.390381 1.682633 1.841566 0.000000 0.000000 0.000000 1.000000 0.000000 0.000000
7.000000 69.424919 3.238228 1.681553 1.855035 0.000000 0.000000 0.000000 1.000000 0.000000 0.000000
7.000000 69.427339 3.200608 1.726903 1.821626 0.000000 0.000000 0.000000 1.000000 0.000000 0.000000
7.000000 69.435135 3.237153 1.696362 1.837044 0.000000 0.000000 0.000000 1.000000 0.000000 0.000000
7.000000 69.437245 3.054585 1.770073 1.791530 0.000000 0.000000 0.000000 1.000000 0.000000 0.000000
7.000000 69.445016 3.166919 1.698802 1.829448 0.000000 0.000000 0.000000 1.000000 0.000000 0.000000
7.000000 69.447246 3.041006 1.762447 1.788245 0.000000 0.000000 0.000000 1.000000 0.000000 0.000000
7.000000 69.454998 3.085091 1.684960 1.819228 0.000000 0.000000 0.000000 1.000000 0.000000 0.000000
7.000000 69.457458 3.135035 1.708854 1.783306 0.000000 0.000000 0.000000 1.000000 0.000000 0.000000
7.000000 69.465039 3.071136 1.690802 1.800326 0.000000 0.000000 0.000000 1.000000 0.000000 0.000000
7.000000 69.467144 3.037978 1.732498 1.760160 0.000000 0.000000 0.000000 1.000000 0.000000 0.000000
7.000000 69.474959 3.034210 1.694532 1.773978 0.000000 0.000000 0.000000 1.000000 0.000000 0.000000
7.000000 69.477265 3.010976 1.730144 1.737281 0.000000 0.000000 0.000000 1.000000 0.000000 0.000000
7.000000 69.485032 2.985237 1.699808 1.761267 0.000000 0.000000 0.000000 1.000000 0.000000 0.000000
7.000000 69.487157 2.980124 1.734258 1.721345 0.000000 0.000000 0.000000 1.000000 0.000000 0.000000
7.000000 69.495020 2.957038 1.705247 1.743974 0.000000 0.000000 0.000000 1.000000 0.000000 0.000000
7.000000 69.497232 2.902211 1.750565 1.702481 0.000000 0.000000 0.000000 1.000000 0.000000 0.000000
7.000000 69.505122 2.904024 1.710905 1.727457 0.000000 0.000000 0.000000 1.000000 0.000000 0.000000
7.000000 69.507167 2.859463 1.752394 1.683377 0.000000 0.000000 0.000000 1.000000 0.000000 0.000000
7.000000 69.515089 2.845885 1.701815 1.704475 0.000000 0.000000 0.000000 1.000000 0.000000 0.000000
7.000000 69.517234 3.011344 1.701837 1.675095 0.000000 0.000000 0.000000 1.000000 0.000000 0.000000
7.000000 69.524935 2.811114 1.707735 1.685945 0.000000 0.000000 0.000000 1.000000 0.000000 0.000000
7.000000 69.527192 2.871373 1.727843 1.644824 0.000000 0.000000 0.000000 1.000000 0.000000 0.000000
7.000000 69.535096 2.746464 1.706102 1.667722 0.000000 0.000000 0.000000 1.000000 0.000000 0.000000
7.000000 69.537340 2.901296 1.706060 1.629495 0.000000 0.000000 0.000000 1.000000 0.000000 0.000000
7.000000 69.545047 2.736525 1.712182 1.635857 0.000000 0.000000 0.000000 1.000000 0.000000 0.000000
7.000000 69.547152 2.800784 1.727220 1.596357 0.000000 0.000000 0.000000 1.000000 0.000000 0.000000
7.000000 69.555224 2.721724 1.727404 1.610304 0.000000 0.000000 0.000000 1.000000 0.000000 0.000000
7.000000 69.557364 2.676111 1.765709 1.562790 0.000000 0.000000 0.000000 1.000000 0.000000 0.000000
7.000000 69.564940 2.712012 1.734477 1.574881 0.000000 0.000000 0.000000 1.000000 0.000000 0.000000
7.000000 69.567229 2.601136 1.788463 1.525169 0.000000 0.000000 0.000000 1.000000 0.000000 0.000000
7.000000 69.575145 2.682175 1.742844 1.544247 0.000000 0.000000 0.000000 1.000000 0.000000 0.000000
7.000000 69.577289 2.510337 1.802891 1.487298 0.000000 0.000000 0.000000 1.000000 0.000000 0.000000
7.000000 69.584963 2.594967 1.732546 1.530533 0.000000 0.000000 0.000000 1.000000 0.000000 0.000000
7.000000 69.587163 2.595612 1.758619 1.480725 0.000000 0.000000 0.000000 1.000000 0.000000 0.000000
7.000000 69.595015 2.589256 1.748348 1.498258 0.000000 0.000000 0.000000 1.000000 0.000000 0.000000
7.000000 69.597373 2.440449 1.805527 1.438097 0.000000 0.000000 0.000000 1.000000 0.000000 0.000000
7.000000 69.605252 2.526902 1.747934 1.475560 0.000000 0.000000 0.000000 1.000000 0.000000 0.000000
7.000000 69.607166 2.462255 1.788130 1.414402 0.000000 0.000000 0.000000 1.000000 0.000000 0.000000
7.000000 69.615008 2.513602 1.752739 1.435272 0.000000 0.000000 0.000000 1.000000 0.000000 0.000000
7.000000 69.617289 2.389285 1.801541 1.370387 0.000000 0.000000 0.000000 1.000000 0.000000 0.000000
7.000000 69.625022 2.485307 1.758036 1.390604 0.000000 0.000000 0.000000 1.000000 0.000000 0.000000
7.000000 69.627214 2.373648 1.799114 1.330415 0.000000 0.000000 0.000000 1.000000 0.000000 0.000000
7.000000 69.635092 2.437247 1.762073 1.373381 0.000000 0.000000 0.000000 1.000000 0.000000 0.000000
7.000000 69.637278 2.305896 1.811426 1.302789 0.000000 0.000000 0.000000 1.000000 0.000000 0.000000
7.000000 69.645003 2.400335 1.763011 1.336805 0.000000 0.000000 0.000000 1.000000 0.000000 0.000000
7.000000 69.647199 2.312884 1.798893 1.268933 0.000000 0.000000 0.000000 1.000000 0.000000 0.000000
7.000000 69.655107 2.377200 1.765572 1.296972 0.000000 0.000000 0.000000 1.000000 0.000000 0.000000
7.000000 69.657271 2.312035 1.798654 1.232613 0.000000 0.000000 0.000000 1.000000 0.000000 0.000000
7.000000 69.665043 2.339137 1.769058 1.260644 0.000000 0.000000 0.000000 1.000000 0.000000 0.000000
7.000000 69.667176 2.272638 1.799131 1.195045 0.000000 0.000000 0.000000 1.000000 0.000000 0.000000
7.000000 69.675137 2.294955 1.774603 1.224096 0.000000 0.000000 0.000000 1.000000 0.000000 0.000000
7.000000 69.677329 2.160812 1.818256 1.154510 0.000000 0.000000 0.000000 1.000000 0.000000 0.000000
7.000000 69.685037 2.277656 1.775134 1.184515 0.000000 0.000000 0.000000 1.000000 0.000000 0.000000
7.000000 69.687218 2.135484 1.820247 1.110794 0.000000 0.000000 0.000000 1.000000 0.000000 0.000000
7.000000 69.695119 2.234880 1.778501 1.150636 0.000000 0.000000 0.000000 1.000000 0.000000 0.000000
7.000000 69.697345 2.118701 1.814201 1.076129 0.000000 0.000000 0.000000 1.000000 0.000000 0.000000
7.000000 69.705018 2.200298 1.777838 1.108623 0.000000 0.000000 0.000000 1.000000 0.000000 0.000000
7.000000 69.707282 2.095865 1.810820 1.036807 0.000000 0.000000 0.000000 1.000000 0.000000 0.000000
7.000000 69.715054 2.181815 1.781637 1.064171 0.000000 0.000000 0.000000 1.000000 0.000000 0.000000
7.000000 69.717344 2.067162 1.815283 0.992302 0.000000 0.000000 0.000000 1.000000 0.000000 0.000000
7.000000 69.725129 2.130997 1.782829 1.034121 0.000000 0.000000 0.000000 1.000000 0.000000 0.000000
7.000000 69.727224 2.038671 1.812248 0.956711 0.000000 0.000000 0.000000 1.000000 0.000000 0.000000
7.000000 69.735124 2.132942 1.788143 0.970525 0.000000 0.000000 0.000000 1.000000 0.000000 0.000000
7.000000 69.737328 2.009219 1.816372 0.888156 0.000000 0.000000 0.000000 1.000000 0.000000 0.000000
7.000000 69.747492 1.957024 1.813675 0.855687 0.000000 0.000000 0.000000 1.000000 0.000000 0.000000
7.000000 69.757360 1.870861 1.840164 0.805164 0.000000 0.000000 0.000000 1.000000 0.000000 0.000000
7.000000 69.767246 1.874106 1.830602 0.758263 0.000000 0.000000 0.000000 1.000000 0.000000 0.000000
7.000000 69.777314 1.833459 1.827143 0.714171 0.000000 0.000000 0.000000 1.000000 0.000000 0.000000
7.000000 69.787287 1.858657 1.811628 0.662510 0.000000 0.000000 0.000000 1.000000 0.000000 0.000000
7.000000 69.795091 1.837730 1.816523 0.645948 0.000000 0.000000 0.000000 1.000000 0.000000 0.000000
7.000000 69.797390 1.808211 1.817651 0.620496 0.000000 0.000000 0.000000 1.000000 0.000000 0.000000
7.000000 69.805094 1.761699 1.830575 0.594609 0.000000 0.000000 0.000000 1.000000 0.000000 0.000000
7.000000 69.807377 1.755533 1.827581 0.570614 0.000000 0.000000 0.000000 1.000000 0.000000 0.000000
7.000000 69.815137 1.709259 1.839247 0.540016 0.000000 0.000000 0.000000 1.000000 0.000000 0.000000
7.000000 69.817407 1.738738 1.831001 0.522541 0.000000 0.000000 0.000000 1.000000 0.000000 0.000000
7.000000 69.825020 1.870244 1.776574 0.521930 0.000000 0.000000 0.000000 1.000000 0.000000 0.000000
7.000000 69.827394 1.833087 1.778656 0.495608 0.000000 0.000000 0.000000 1.000000 0.000000 0.000000
7.000000 69.835170 1.690181 1.827760 0.456135 0.000000 0.000000 0.000000 1.000000 0.000000 0.000000
7.000000 69.837477 1.753777 1.812355 0.437814 0.000000 0.000000 0.000000 1.000000 0.000000 0.000000
7.000000 69.845050 1.743767 1.808714 0.408514 0.000000 0.000000 0.000000 1.000000 0.000000 0.000000
7.000000 69.847456 1.697648 1.811621 0.376237 0.000000 0.000000 0.000000 1.000000 0.000000 0.000000
7.000000 69.855165 1.675371 1.815187 0.355324 0.000000 0.000000 0.000000 1.000000 0.000000 0.000000
7.000000 69.857417 1.669589 1.812358 0.334521 0.000000 0.000000 0.000000 1.000000 0.000000 0.000000
7.000000 69.865337 1.629216 1.819924 0.297354 0.000000 0.000000 0.000000 1.000000 0.000000 0.000000
7.000000 69.867539 1.587873 1.822258 0.262624 0.000000 0.000000 0.000000 1.000000 0.000000 0.000000
7.000000 69.875337 1.483969 1.855381 0.221643 0.000000 0.000000 0.000000 1.000000 0.000000 0.000000
7.000000 69.877441 1.497089 1.849356 0.195696 0.000000 0.000000 0.000000 1.000000 0.000000 0.000000
7.000000 69.885154 1.548830 1.826947 0.191595 0.000000 0.000000 0.000000 1.000000 0.000000 0.000000
7.000000 69.887408 1.481178 1.838376 0.184504 0.000000 0.000000 0.000000 1.000000 0.000000 0.000000
7.000000 69.895226 1.542276 1.825747 0.227035 0.000000 0.000000 0.000000 1.000000 0.000000 0.000000
7.000000 69.897475 1.402884 1.854679 0.235897 0.000000 0.000000 0.000000 1.000000 0.000000 0.000000
7.000000 69.905314 1.425424 1.852916 0.262562 0.000000 0.000000 0.000000 1.000000 0.000000 0.000000
7.000000 69.907354 1.359645 1.867290 0.272101 0.000000 0.000000 0.000000 1.000000 0.000000 0.000000
7.000000 69.915228 1.429061 1.850127 0.309448 0.000000 0.000000 0.000000 1.000000 0.000000 0.000000
7.000000 69.917414 1.312306 1.874565 0.317667 0.000000 0.000000 0.000000 1.000000 0.000000 0.000000
7.000000 69.925221 1.499246 1.811842 0.364602 0.000000 0.000000 0.000000 1.000000 0.000000 0.000000
7.000000 69.927320 1.372307 1.837375 0.368891 0.000000 0.000000 0.000000 1.000000 0.000000 0.000000
7.000000 69.935282 1.395400 1.835726 0.394902 0.000000 0.000000 0.000000 1.000000 0.000000 0.000000
7.000000 69.937406 1.304047 1.854577 0.401024 0.000000 0.000000 0.000000 1.000000 0.000000 0.000000
7.000000 69.945286 1.370739 1.833461 0.422372 0.000000 0.000000 0.000000 1.000000 0.000000 0.000000
7.000000 69.957467 1.278412 1.839047 0.479562 0.000000 0.000000 0.000000 1.000000 0.000000 0.000000
7.000000 69.965294 1.384880 1.804521 0.513128 0.000000 0.000000 0.000000 1.000000 0.000000 0.000000
7.000000 69.967362 0.934870 1.880665 0.473136 0.000000 0.000000 0.000000 1.000000 0.000000 0.000000
7.000000 69.975422 1.001446 1.860873 0.506859 0.000000 0.000000 0.000000 1.000000 0.000000 0.000000
7.000000 69.977479 0.904460 1.878473 0.514456 0.000000 0.000000 0.000000 1.000000 0.000000 0.000000
7.000000 69.985469 0.844302 1.904097 0.529641 0.000000 0.000000 0.000000 1.000000 0.000000 0.000000
7.000000 69.987445 1.000545 1.879114 0.566111 0.000000 0.000000 0.000000 1.000000 0.000000 0.000000
7.000000 69.995312 1.008707 1.878624 0.579253 0.000000 0.000000 0.000000 1.000000 0.000000 0.000000
7.000000 69.997467 0.862878 1.904074 0.576450 0.000000 0.000000 0.000000 1.000000 0.000000 0.000000
7.000000 70.005261 0.889150 1.899481 0.606773 0.000000 0.000000 0.000000 1.000000 0.000000 0.000000
7.000000 70.007373 0.797439 1.916157 0.613259 0.000000 0.000000 0.000000 1.000000 0.000000 0.000000
7.000000 70.015380 0.866785 1.893939 0.637613 0.000000 0.000000 0.000000 1.000000 0.000000 0.000000
7.000000 70.017458 0.943299 1.882222 0.661786 0.000000 0.000000 0.000000 1.000000 0.000000 0.000000
7.000000 70.025214 1.046539 1.848495 0.690893 0.000000 0.000000 0.000000 1.000000 0.000000 0.000000
7.000000 70.027405 0.842799 1.884605 0.690445 0.000000 0.000000 0.000000 1.000000 0.000000 0.000000
7.000000 70.035346 -0.175396 2.038233 0.616698 0.000000 0.000000 0.000000 1.000000 0.000000 0.000000
7.000000 70.037443 0.837686 1.871825 0.740257 0.000000 0.000000 0.000000 1.000000 0.000000 0.000000
7.000000 70.045212 1.002925 1.813676 0.768143 0.000000 0.000000 0.000000 1.000000 0.000000 0.000000
7.000000 70.047369 0.915834 1.828489 0.761405 0.000000 0.000000 0.000000 1.000000 0.000000 0.000000
7.000000 70.055291 0.812472 1.869733 0.769056 0.000000 0.000000 0.000000 1.000000 0.000000 0.000000
7.000000 70.057540 0.723789 1.885812 0.775460 0.000000 0.000000 0.000000 1.000000 0.000000 0.000000
7.000000 70.065295 0.929958 1.813459 0.808181 0.000000 0.000000 0.000000 1.000000 0.000000 0.000000
7.000000 70.067403 0.851352 1.828289 0.824113 0.000000 0.000000 0.000000 1.000000 0.000000 0.000000
7.000000 70.075429 0.770365 1.859306 0.826572 0.000000 0.000000 0.000000 1.000000 0.000000 0.000000
7.000000 70.077527 0.663109 1.877005 0.824057 0.000000 0.000000 0.000000 1.000000 0.000000 0.000000
7.000000 70.085239 0.707741 1.863433 0.849305 0.000000 0.000000 0.000000 1.000000 0.000000 0.000000
7.000000 70.087568 0.645760 1.873918 0.858477 0.000000 0.000000 0.000000 1.000000 0.000000 0.000000
7.000000 70.095256 0.659517 1.872686 0.888160 0.000000 0.000000 0.000000 1.000000 0.000000 0.000000
7.000000 70.097573 0.593595 1.883963 0.888650 0.000000 0.000000 0.000000 1.000000 0.000000 0.000000
7.000000 70.105232 0.633641 1.872376 0.910225 0.000000 0.000000 0.000000 1.000000 0.000000 0.000000
7.000000 70.107392 0.582246 1.881365 0.918490 0.000000 0.000000 0.000000 1.000000 0.000000 0.000000
7.000000 70.115226 0.611845 1.873025 0.936207 0.000000 0.000000 0.000000 1.000000 0.000000 0.000000
7.000000 70.117477 0.535131 1.886098 0.944124 0.000000 0.000000 0.000000 1.000000 0.000000 0.000000
7.000000 70.125169 0.507377 1.895710 0.938509 0.000000 0.000000 0.000000 1.000000 0.000000 0.000000
7.000000 70.127431 0.384451 1.915560 0.933263 0.000000 0.000000 0.000000 1.000000 0.000000 0.000000
7.000000 70.135196 0.476654 1.884526 0.965469 0.000000 0.000000 0.000000 1.000000 0.000000 0.000000
7.000000 70.137506 0.489040 1.882014 0.983257 0.000000 0.000000 0.000000 1.000000 0.000000 0.000000
7.000000 70.145253 0.461818 1.892884 0.993999 0.000000 0.000000 0.000000 1.000000 0.000000 0.000000
7.000000 70.147429 0.356247 1.910187 0.988720 0.000000 0.000000 0.000000 1.000000 0.000000 0.000000
7.000000 70.155250 0.263270 1.943390 0.990266 0.000000 0.000000 0.000000 1.000000 0.000000 0.000000
7.000000 70.157564 0.188197 1.954733 0.993126 0.000000 0.000000 0.000000 1.000000 0.000000 0.000000
7.000000 70.165258 0.491802 1.848587 1.036857 0.000000 0.000000 0.000000 1.000000 0.000000 0.000000
7.000000 70.167441 0.456593 1.854158 1.043943 0.000000 0.000000 0.000000 1.000000 0.000000 0.000000
7.000000 70.175186 0.492730 1.842703 1.060825 0.000000 0.000000 0.000000 1.000000 0.000000 0.000000
7.000000 70.177568 0.463364 1.847356 1.068174 0.000000 0.000000 0.000000 1.000000 0.000000 0.000000
7.000000 70.185247 0.345867 1.889284 1.062841 0.000000 0.000000 0.000000 1.000000 0.000000 0.000000
7.000000 70.187451 0.133501 1.923538 1.047989 0.000000 0.000000 0.000000 1.000000 0.000000 0.000000
7.000000 70.195297 0.271948 1.875042 1.070427 0.000000 0.000000 0.000000 1.000000 0.000000 0.000000
7.000000 70.197528 0.438061 1.847480 1.092023 0.000000 0.000000 0.000000 1.000000 0.000000 0.000000
7.000000 70.205256 0.510521 1.823351 1.112095 0.000000 0.000000 0.000000 1.000000 0.000000 0.000000
7.000000 70.207554 0.396539 1.842282 1.103954 0.000000 0.000000 0.000000 1.000000 0.000000 0.000000
7.000000 70.215206 0.466202 1.818896 1.120203 0.000000 0.000000 0.000000 1.000000 0.000000 0.000000
7.000000 70.217582 0.257486 1.852795 1.111233 0.000000 0.000000 0.000000 1.000000 0.000000 0.000000
7.000000 70.225272 0.208944 1.869996 1.115012 0.000000 0.000000 0.000000 1.000000 0.000000 0.000000
7.000000 70.227702 0.135710 1.881230 1.114300 0.000000 0.000000 0.000000 1.000000 0.000000 0.000000
7.000000 70.235240 0.069918 1.904125 1.110887 0.000000 0.000000 0.000000 1.000000 0.000000 0.000000
7.000000 70.237599 -0.013704 1.918265 1.099646 0.000000 0.000000 0.000000 1.000000 0.000000 0.000000
7.000000 70.245408 -0.102062 1.948355 1.097730 0.000000 0.000000 0.000000 1.000000 0.000000 0.000000
7.000000 70.247543 -0.173404 1.958084 1.099262 0.000000 0.000000 0.000000 1.000000 0.000000 0.000000
7.000000 70.255400 0.023608 1.889612 1.121430 0.000000 0.000000 0.000000 1.000000 0.000000 0.000000
7.000000 70.257592 0.023784 1.888350 1.129320 0.000000 0.000000 0.000000 1.000000 0.000000 0.000000
7.000000 70.265392 -0.137865 1.943897 1.123586 0.000000 0.000000 0.000000 1.000000 0.000000 0.000000
7.000000 70.267746 -0.263655 1.963861 1.112836 0.000000 0.000000 0.000000 1.000000 0.000000 0.000000
7.000000 70.275337 -0.073996 1.897848 1.137586 0.000000 0.000000 0.000000 1.000000 0.000000 0.000000
7.000000 70.277592 -0.113706 1.904193 1.134155 0.000000 0.000000 0.000000 1.000000 0.000000 0.000000
7.000000 70.285344 -0.193433 1.930943 1.133351 0.000000 0.000000 0.000000 1.000000 0.000000 0.000000
7.000000 70.287655 -0.280142 1.944583 1.126658 0.000000 0.000000 0.000000 1.000000 0.000000 0.000000
7.000000 70.295600 -0.118516 1.889247 1.141496 0.000000 0.000000 0.000000 1.000000 0.000000 0.000000
7.000000 70.297767 -0.163280 1.896584 1.136639 0.000000 0.000000 0.000000 1.000000 0.000000 0.000000
7.000000 70.305226 -0.239449 1.922248 1.133254 0.000000 0.000000 0.000000 1.000000 0.000000 0.000000
7.000000 70.307579 -0.301537 1.932472 1.126549 0.000000 0.000000 0.000000 1.000000 0.000000 0.000000
7.000000 70.315435 -0.242557 1.911883 1.136097 0.000000 0.000000 0.000000 1.000000 0.000000 0.000000
7.000000 70.317627 -0.285715 1.918247 1.134182 0.000000 0.000000 0.000000 1.000000 0.000000 0.000000
7.000000 70.325428 -0.336109 1.935646 1.127851 0.000000 0.000000 0.000000 1.000000 0.000000 0.000000
7.000000 70.327661 -0.404912 1.946776 1.120782 0.000000 0.000000 0.000000 1.000000 0.000000 0.000000
7.000000 70.335543 -0.423937 1.951738 1.127539 0.000000 0.000000 0.000000 1.000000 0.000000 0.000000
7.000000 70.337525 -0.487330 1.961342 1.123098 0.000000 0.000000 0.000000 1.000000 0.000000 0.000000
7.000000 70.345450 -0.475875 1.957571 1.123608 0.000000 0.000000 0.000000 1.000000 0.000000 0.000000
7.000000 70.347470 -0.548390 1.968983 1.116956 0.000000 0.000000 0.000000 1.000000 0.000000 0.000000
7.000000 70.355456 -0.507238 1.954586 1.122915 0.000000 0.000000 0.000000 1.000000 0.000000 0.000000
7.000000 70.357741 -0.558801 1.963014 1.117267 0.000000 0.000000 0.000000 1.000000 0.000000 0.000000
7.000000 70.365441 -0.370220 1.900657 1.124910 0.000000 0.000000 0.000000 1.000000 0.000000 0.000000
7.000000 70.367741 -0.389998 1.902854 1.126237 0.000000 0.000000 0.000000 1.000000 0.000000 0.000000
7.000000 70.375422 -0.420190 1.912573 1.127411 0.000000 0.000000 0.000000 1.000000 0.000000 0.000000
7.000000 70.377765 -0.467344 1.920677 1.120443 0.000000 0.000000 0.000000 1.000000 0.000000 0.000000
7.000000 70.385333 -0.382146 1.891420 1.129566 0.000000 0.000000 0.000000 1.000000 0.000000 0.000000
7.000000 70.387659 -0.517045 1.912436 1.116513 0.000000 0.000000 0.000000 1.000000 0.000000 0.000000
7.000000 70.395362 -0.661917 1.961549 1.104308 0.000000 0.000000 0.000000 1.000000 0.000000 0.000000
7.000000 70.397708 -0.687693 1.970728 1.088742 0.000000 0.000000 0.000000 1.000000 0.000000 0.000000
7.000000 70.405492 -0.367429 1.862903 1.118603 0.000000 0.000000 0.000000 1.000000 0.000000 0.000000
7.000000 70.407543 -0.326271 1.855896 1.124172 0.000000 0.000000 0.000000 1.000000 0.000000 0.000000
7.000000 70.415512 -0.559745 1.935744 1.097328 0.000000 0.000000 0.000000 1.000000 0.000000 0.000000
7.000000 70.417605 -0.623383 1.948001 1.085141 0.000000 0.000000 0.000000 1.000000 0.000000 0.000000
7.000000 70.425416 -0.356426 1.857954 1.110495 0.000000 0.000000 0.000000 1.000000 0.000000 0.000000
7.000000 70.427595 -0.517007 1.886453 1.085743 0.000000 0.000000 0.000000 1.000000 0.000000 0.000000
7.000000 70.435542 -0.592672 1.913919 1.069632 0.000000 0.000000 0.000000 1.000000 0.000000 0.000000
7.000000 70.437654 -0.723285 1.933049 1.059352 0.000000 0.000000 0.000000 1.000000 0.000000 0.000000
7.000000 70.445313 -0.752704 1.943154 1.056072 0.000000 0.000000 0.000000 1.000000 0.000000 0.000000
7.000000 70.447645 -0.889705 1.966756 1.035987 0.000000 0.000000 0.000000 1.000000 0.000000 0.000000
7.000000 70.455333 -0.626180 1.879430 1.053729 0.000000 0.000000 0.000000 1.000000 0.000000 0.000000
7.000000 70.457559 -0.578652 1.877625 1.043555 0.000000 0.000000 0.000000 1.000000 0.000000 0.000000
7.000000 70.465289 -0.819848 1.960265 1.014659 0.000000 0.000000 0.000000 1.000000 0.000000 0.000000
7.000000 70.467586 -0.887334 1.972375 1.004033 0.000000 0.000000 0.000000 1.000000 0.000000 0.000000
7.000000 70.475399 -0.789371 1.939219 1.014140 0.000000 0.000000 0.000000 1.000000 0.000000 0.000000
7.000000 70.477624 -0.870256 1.954639 0.999679 0.000000 0.000000 0.000000 1.000000 0.000000 0.000000
7.000000 70.485368 -0.658563 1.886133 1.011615 0.000000 0.000000 0.000000 1.000000 0.000000 0.000000
7.000000 70.487690 -0.728444 1.899941 0.997151 0.000000 0.000000 0.000000 1.000000 0.000000 0.000000
7.000000 70.495421 -0.971323 1.986950 0.957307 0.000000 0.000000 0.000000 1.000000 0.000000 0.000000
7.000000 70.497675 -1.073530 2.007627 0.935464 0.000000 0.000000 0.000000 1.000000 0.000000 0.000000
7.000000 70.505455 -0.978897 1.976212 0.943143 0.000000 0.000000 0.000000 1.000000 0.000000 0.000000
7.000000 70.507590 -1.093468 1.999791 0.918994 0.000000 0.000000 0.000000 1.000000 0.000000 0.000000
7.000000 70.515571 -0.712387 1.875449 0.945093 0.000000 0.000000 0.000000 1.000000 0.000000 0.000000
7.000000 70.517690 -0.865457 1.900250 0.924833 0.000000 0.000000 0.000000 1.000000 0.000000 0.000000
7.000000 70.525454 -0.983162 1.942686 0.904916 0.000000 0.000000 0.000000 1.000000 0.000000 0.000000
7.000000 70.527630 -1.091592 1.966264 0.877768 0.000000 0.000000 0.000000 1.000000 0.000000 0.000000
7.000000 70.535537 -1.059945 1.956153 0.879539 0.000000 0.000000 0.000000 1.000000 0.000000 0.000000
7.000000 70.537671 -1.161593 1.976932 0.858379 0.000000 0.000000 0.000000 1.000000 0.000000 0.000000
7.000000 70.545385 -1.066159 1.949613 0.856283 0.000000 0.000000 0.000000 1.000000 0.000000 0.000000
7.000000 70.547673 -1.165973 1.969311 0.836189 0.000000 0.000000 0.000000 1.000000 0.000000 0.000000
7.000000 70.555446 -1.021083 1.923709 0.842813 0.000000 0.000000 0.000000 1.000000 0.000000 0.000000
7.000000 70.557603 -1.109793 1.942735 0.821789 0.000000 0.000000 0.000000 1.000000 0.000000 0.000000
7.000000 70.565371 -0.899868 1.874284 0.838187 0.000000 0.000000 0.000000 1.000000 0.000000 0.000000
7.000000 70.567654 -0.974523 1.891724 0.817784 0.000000 0.000000 0.000000 1.000000 0.000000 0.000000
7.000000 70.575397 -1.017237 1.910335 0.802366 0.000000 0.000000 0.000000 1.000000 0.000000 0.000000
7.000000 70.577679 -1.227547 1.948921 0.765537 0.000000 0.000000 0.000000 1.000000 0.000000 0.000000
7.000000 70.585393 -1.022782 1.885095 0.775521 0.000000 0.000000 0.000000 1.000000 0.000000 0.000000
7.000000 70.587770 -1.144812 1.910554 0.748035 0.000000 0.000000 0.000000 1.000000 0.000000 0.000000
7.000000 70.595428 -1.113120 1.909584 0.727070 0.000000 0.000000 0.000000 1.000000 0.000000 0.000000
7.000000 70.597681 -1.259309 1.938907 0.694051 0.000000 0.000000 0.000000 1.000000 0.000000 0.000000
7.000000 70.605685 -1.082663 1.878528 0.715262 0.000000 0.000000 0.000000 1.000000 0.000000 0.000000
7.000000 70.607820 -1.241400 1.908647 0.684999 0.000000 0.000000 0.000000 1.000000 0.000000 0.000000
7.000000 70.615438 -1.175465 1.895236 0.672028 0.000000 0.000000 0.000000 1.000000 0.000000 0.000000
7.000000 70.617815 -1.291074 1.919877 0.643646 0.000000 0.000000 0.000000 1.000000 0.000000 0.000000
7.000000 70.625424 -1.396509 1.959339 0.623572 0.000000 0.000000 0.000000 1.000000 0.000000 0.000000
7.000000 70.627736 -1.597250 1.998773 0.582364 0.000000 0.000000 0.000000 1.000000 0.000000 0.000000
7.000000 70.635414 -1.299180 1.905492 0.600689 0.000000 0.000000 0.000000 1.000000 0.000000 0.000000
7.000000 70.637752 -1.382714 1.925725 0.576415 0.000000 0.000000 0.000000 1.000000 0.000000 0.000000
7.000000 70.645448 -1.193541 1.870853 0.577379 0.000000 0.000000 0.000000 1.000000 0.000000 0.000000
7.000000 70.647815 -1.341331 1.902564 0.539708 0.000000 0.000000 0.000000 1.000000 0.000000 0.000000
7.000000 70.655474 -1.314198 1.895901 0.537604 0.000000 0.000000 0.000000 1.000000 0.000000 0.000000
7.000000 70.657768 -1.489465 1.931011 0.500105 0.000000 0.000000 0.000000 1.000000 0.000000 0.000000
7.000000 70.665421 -1.378205 1.899934 0.500842 0.000000 0.000000 0.000000 1.000000 0.000000 0.000000
7.000000 70.677680 -1.543469 1.937853 0.425628 0.000000 0.000000 0.000000 1.000000 0.000000 0.000000
7.000000 70.685613 -1.410695 1.899756 0.427171 0.000000 0.000000 0.000000 1.000000 0.000000 0.000000
7.000000 70.687754 -1.557870 1.929556 0.392951 0.000000 0.000000 0.000000 1.000000 0.000000 0.000000
7.000000 70.695663 -1.444764 1.899673 0.388646 0.000000 0.000000 0.000000 1.000000 0.000000 0.000000
7.000000 70.697736 -1.660544 1.939934 0.343300 0.000000 0.000000 0.000000 1.000000 0.000000 0.000000
7.000000 70.705476 -1.665493 1.946522 0.332810 0.000000 0.000000 0.000000 1.000000 0.000000 0.000000
7.000000 70.727690 -2.069816 2.011820 0.190917 0.000000 0.000000 0.000000 1.000000 0.000000 0.000000
7.000000 70.735482 -1.731615 1.909517 0.206833 0.000000 0.000000 0.000000 1.000000 0.000000 0.000000
7.000000 70.737735 -1.770407 1.927934 0.176148 0.000000 0.000000 0.000000 1.000000 0.000000 0.000000
7.000000 70.745567 -1.865735 1.960976 0.162698 0.000000 0.000000 0.000000 1.000000 0.000000 0.000000
7.000000 70.747660 -1.788670 1.947087 0.178382 0.000000 0.000000 0.000000 1.000000 0.000000 0.000000
7.000000 70.755634 -1.941607 1.986502 0.180529 0.000000 0.000000 0.000000 1.000000 0.000000 0.000000
7.000000 70.767693 -1.843897 1.967596 0.258803 0.000000 0.000000 0.000000 1.000000 0.000000 0.000000
7.000000 70.775739 -1.917259 1.984397 0.263132 0.000000 0.000000 0.000000 1.000000 0.000000 0.000000
7.000000 70.787755 -1.755961 1.906158 0.339609 0.000000 0.000000 0.000000 1.000000 0.000000 0.000000
7.000000 70.795624 -1.924609 1.959130 0.325457 0.000000 0.000000 0.000000 1.000000 0.000000 0.000000
7.000000 70.797756 -1.988993 1.953374 0.340372 0.000000 0.000000 0.000000 1.000000 0.000000 0.000000
7.000000 70.805514 -2.053233 1.963949 0.352636 0.000000 0.000000 0.000000 1.000000 0.000000 0.000000
7.000000 70.817788 -1.856147 1.916418 0.420665 0.000000 0.000000 0.000000 1.000000 0.000000 0.000000
7.000000 70.825729 -2.011580 1.953924 0.425878 0.000000 0.000000 0.000000 1.000000 0.000000 0.000000
7.000000 70.827766 -2.033759 1.947382 0.435638 0.000000 0.000000 0.000000 1.000000 0.000000 0.000000
7.000000 70.835625 -2.108718 1.963069 0.440784 0.000000 0.000000 0.000000 1.000000 0.000000 0.000000
7.000000 70.837830 -2.012705 1.936683 0.470119 0.000000 0.000000 0.000000 1.000000 0.000000 0.000000
7.000000 70.845555 -2.290289 2.020335 0.452613 0.000000 0.000000 0.000000 1.000000 0.000000 0.000000
7.000000 70.847747 -2.117856 1.975039 0.505014 0.000000 0.000000 0.000000 1.000000 0.000000 0.000000
7.000000 70.855571 -2.147857 1.979492 0.511957 0.000000 0.000000 0.000000 1.000000 0.000000 0.000000
7.000000 70.857759 -2.387669 2.016591 0.476508 0.000000 0.000000 0.000000 1.000000 0.000000 0.000000
7.000000 70.865594 -2.523238 2.049417 0.479709 0.000000 0.000000 0.000000 1.000000 0.000000 0.000000
7.000000 70.867731 -2.445040 2.017892 0.518129 0.000000 0.000000 0.000000 1.000000 0.000000 0.000000
7.000000 70.875553 -2.349249 1.979427 0.539706 0.000000 0.000000 0.000000 1.000000 0.000000 0.000000
7.000000 70.877762 -2.208112 1.953950 0.565959 0.000000 0.000000 0.000000 1.000000 0.000000 0.000000
7.000000 70.885642 -2.209064 1.946929 0.577864 0.000000 0.000000 0.000000 1.000000 0.000000 0.000000
7.000000 70.887747 -2.201714 1.937971 0.590207 0.000000 0.000000 0.000000 1.000000 0.000000 0.000000
7.000000 70.895691 -2.348485 1.980585 0.584585 0.000000 0.000000 0.000000 1.000000 0.000000 0.000000
7.000000 70.897719 -2.390434 1.974089 0.598229 0.000000 0.000000 0.000000 1.000000 0.000000 0.000000
7.000000 70.905722 -2.392465 1.974879 0.597792 0.000000 0.000000 0.000000 1.000000 0.000000 0.000000
7.000000 70.907790 -2.192194 1.946697 0.622655 0.000000 0.000000 0.000000 1.000000 0.000000 0.000000
7.000000 70.915692 -2.263200 1.957606 0.636406 0.000000 0.000000 0.000000 1.000000 0.000000 0.000000
7.000000 70.917957 -2.374426 1.963050 0.637038 0.000000 0.000000 0.000000 1.000000 0.000000 0.000000
7.000000 70.925506 -2.431526 1.983154 0.629012 0.000000 0.000000 0.000000 1.000000 0.000000 0.000000
7.000000 70.927792 -2.533709 1.987851 0.633633 0.000000 0.000000 0.000000 1.000000 0.000000 0.000000
7.000000 70.935494 -2.577933 1.989478 0.653755 0.000000 0.000000 0.000000 1.000000 0.000000 0.000000
7.000000 70.937826 -2.628034 1.990923 0.656193 0.000000 0.000000 0.000000 1.000000 0.000000 0.000000
7.000000 70.945701 -2.905742 2.077721 0.636288 0.000000 0.000000 0.000000 1.000000 0.000000 0.000000
7.000000 70.947784 -2.893775 2.070444 0.646424 0.000000 0.000000 0.000000 1.000000 0.000000 0.000000
7.000000 70.955768 -2.879834 2.062142 0.654248 0.000000 0.000000 0.000000 1.000000 0.000000 0.000000
7.000000 70.957911 -2.797130 2.045489 0.672256 0.000000 0.000000 0.000000 1.000000 0.000000 0.000000
7.000000 70.965567 -2.803075 2.043152 0.679139 0.000000 0.000000 0.000000 1.000000 0.000000 0.000000
7.000000 70.967841 -2.807760 2.037330 0.688887 0.000000 0.000000 0.000000 1.000000 0.000000 0.000000
7.000000 70.975518 -2.781752 2.028070 0.692766 0.000000 0.000000 0.000000 1.000000 0.000000 0.000000
7.000000 70.977886 -2.413513 1.976964 0.736248 0.000000 0.000000 0.000000 1.000000 0.000000 0.000000
7.000000 70.985512 -2.366825 1.951473 0.757402 0.000000 0.000000 0.000000 1.000000 0.000000 0.000000
7.000000 70.987797 -2.500433 1.961744 0.753157 0.000000 0.000000 0.000000 1.000000 0.000000 0.000000
7.000000 70.995593 -2.463512 1.945773 0.763137 0.000000 0.000000 0.000000 1.000000 0.000000 0.000000
7.000000 70.997897 -2.530347 1.949097 0.764046 0.000000 0.000000 0.000000 1.000000 0.000000 0.000000
7.000000 71.005603 -2.540969 1.949453 0.768407 0.000000 0.000000 0.000000 1.000000 0.000000 0.000000
7.000000 71.007887 -2.582198 1.958681 0.758426 0.000000 0.000000 0.000000 1.000000 0.000000 0.000000
7.000000 71.015606 -2.819226 2.032979 0.740572 0.000000 0.000000 0.000000 1.000000 0.000000 0.000000
7.000000 71.017855 -2.711180 2.013043 0.760131 0.000000 0.000000 0.000000 1.000000 0.000000 0.000000
7.000000 71.025615 -2.572371 1.964346 0.778424 0.000000 0.000000 0.000000 1.000000 0.000000 0.000000
7.000000 71.027847 -2.689476 1.973828 0.773991 0.000000 0.000000 0.000000 1.000000 0.000000 0.000000
7.000000 71.035616 -2.710026 1.979287 0.774121 0.000000 0.000000 0.000000 1.000000 0.000000 0.000000
7.000000 71.038016 -2.697376 1.971417 0.785039 0.000000 0.000000 0.000000 1.000000 0.000000 0.000000
7.000000 71.045560 -2.784412 1.995089 0.785066 0.000000 0.000000 0.000000 1.000000 0.000000 0.000000
7.000000 71.048042 -2.840923 1.999593 0.783452 0.000000 0.000000 0.000000 1.000000 0.000000 0.000000
7.000000 71.055649 -2.799090 1.986348 0.786670 0.000000 0.000000 0.000000 1.000000 0.000000 0.000000
7.000000 71.057991 -2.811676 1.985599 0.789235 0.000000 0.000000 0.000000 1.000000 0.000000 0.000000
7.000000 71.065590 -2.947910 2.029537 0.777422 0.000000 0.000000 0.000000 1.000000 0.000000 0.000000
7.000000 71.067915 -3.015116 2.041134 0.765888 0.000000 0.000000 0.000000 1.000000 0.000000 0.000000
7.000000 71.075609 -2.841196 1.978814 0.791683 0.000000 0.000000 0.000000 1.000000 0.000000 0.000000
7.000000 71.078002 -2.879484 1.982500 0.789462 0.000000 0.000000 0.000000 1.000000 0.000000 0.000000
7.000000 71.085867 -3.078534 2.049465 0.767196 0.000000 0.000000 0.000000 1.000000 0.000000 0.000000
7.000000 71.087958 -3.084637 2.046565 0.772374 0.000000 0.000000 0.000000 1.000000 0.000000 0.000000
7.000000 71.095557 -3.140165 2.060411 0.774502 0.000000 0.000000 0.000000 1.000000 0.000000 0.000000
7.000000 71.097938 -3.172542 2.063785 0.772386 0.000000 0.000000 0.000000 1.000000 0.000000 0.000000
7.000000 71.105635 -3.122519 2.048083 0.776074 0.000000 0.000000 0.000000 1.000000 0.000000 0.000000
7.000000 71.107856 -3.160166 2.053809 0.770859 0.000000 0.000000 0.000000 1.000000 0.000000 0.000000
7.000000 71.115585 -3.190824 2.062874 0.769527 0.000000 0.000000 0.000000 1.000000 0.000000 0.000000
7.000000 71.117800 -3.345503 2.084110 0.751617 0.000000 0.000000 0.000000 1.000000 0.000000 0.000000
7.000000 71.125710 -3.318696 2.079134 0.747534 0.000000 0.000000 0.000000 1.000000 0.000000 0.000000
7.000000 71.127905 -3.218266 2.064997 0.759665 0.000000 0.000000 0.000000 1.000000 0.000000 0.000000
7.000000 71.135711 -2.964878 1.978773 0.790202 0.000000 0.000000 0.000000 1.000000 0.000000 0.000000
7.000000 71.137903 -3.028694 1.988571 0.781098 0.000000 0.000000 0.000000 1.000000 0.000000 0.000000
7.000000 71.145675 -2.990912 1.977470 0.782648 0.000000 0.000000 0.000000 1.000000 0.000000 0.000000
7.000000 71.147880 -3.027082 1.985627 0.773505 0.000000 0.000000 0.000000 1.000000 0.000000 0.000000
7.000000 71.155631 -3.061463 1.997923 0.768374 0.000000 0.000000 0.000000 1.000000 0.000000 0.000000
7.000000 71.157928 -3.174453 2.016353 0.750632 0.000000 0.000000 0.000000 1.000000 0.000000 0.000000
7.000000 71.165916 -3.152015 2.009868 0.751460 0.000000 0.000000 0.000000 1.000000 0.000000 0.000000
7.000000 71.167792 -3.257895 2.024832 0.738225 0.000000 0.000000 0.000000 1.000000 0.000000 0.000000
7.000000 71.175726 -3.298701 2.040542 0.730170 0.000000 0.000000 0.000000 1.000000 0.000000 0.000000
7.000000 71.177941 -3.348636 2.045793 0.726832 0.000000 0.000000 0.000000 1.000000 0.000000 0.000000
7.000000 71.185885 -3.182201 1.992051 0.742311 0.000000 0.000000 0.000000 1.000000 0.000000 0.000000
7.000000 71.187929 -3.240374 2.000962 0.733868 0.000000 0.000000 0.000000 1.000000 0.000000 0.000000
7.000000 71.195643 -3.217653 1.994277 0.734830 0.000000 0.000000 0.000000 1.000000 0.000000 0.000000
7.000000 71.197924 -3.208679 1.996688 0.730124 0.000000 0.000000 0.000000 1.000000 0.000000 0.000000
7.000000 71.205597 -3.357678 2.047182 0.712073 0.000000 0.000000 0.000000 1.000000 0.000000 0.000000
7.000000 71.207893 -3.683791 2.092937 0.671743 0.000000 0.000000 0.000000 1.000000 0.000000 0.000000
7.000000 71.215603 -3.618654 2.075343 0.671650 0.000000 0.000000 0.000000 1.000000 0.000000 0.000000
7.000000 71.217876 -3.247055 2.034843 0.699590 0.000000 0.000000 0.000000 1.000000 0.000000 0.000000
7.000000 71.225916 -2.961626 1.944790 0.723059 0.000000 0.000000 0.000000 1.000000 0.000000 0.000000
7.000000 71.227963 -3.357046 1.998661 0.675344 0.000000 0.000000 0.000000 1.000000 0.000000 0.000000
7.000000 71.235783 -3.175439 2.006670 0.688301 0.000000 0.000000 0.000000 1.000000 0.000000 0.000000
7.000000 71.237944 -3.661589 2.066897 0.640688 0.000000 0.000000 0.000000 1.000000 0.000000 0.000000
7.000000 71.245609 -3.371792 1.974512 0.666705 0.000000 0.000000 0.000000 1.000000 0.000000 0.000000
7.000000 71.247938 -3.562025 2.006389 0.632957 0.000000 0.000000 0.000000 1.000000 0.000000 0.000000
7.000000 71.255679 -3.574671 2.015557 0.621691 0.000000 0.000000 0.000000 1.000000 0.000000 0.000000
7.000000 71.257954 -3.361713 1.995019 0.632735 0.000000 0.000000 0.000000 1.000000 0.000000 0.000000
7.000000 71.265686 -3.338455 1.989879 0.630825 0.000000 0.000000 0.000000 1.000000 0.000000 0.000000
7.000000 71.267963 -3.561081 2.028001 0.591200 0.000000 0.000000 0.000000 1.000000 0.000000 0.000000
7.000000 71.275637 -3.457184 1.996754 0.597794 0.000000 0.000000 0.000000 1.000000 0.000000 0.000000
7.000000 71.277937 -3.635109 2.019811 0.577652 0.000000 0.000000 0.000000 1.000000 0.000000 0.000000
7.000000 71.285729 -3.602146 2.016507 0.567115 0.000000 0.000000 0.000000 1.000000 0.000000 0.000000
7.000000 71.288055 -3.628752 2.026449 0.552559 0.000000 0.000000 0.000000 1.000000 0.000000 0.000000
7.000000 71.295660 -3.570689 2.011670 0.550989 0.000000 0.000000 0.000000 1.000000 0.000000 0.000000
7.000000 71.297924 -3.744062 2.038014 0.524648 0.000000 0.000000 0.000000 1.000000 0.000000 0.000000
7.000000 71.305676 -3.650486 2.010181 0.529737 0.000000 0.000000 0.000000 1.000000 0.000000 0.000000
7.000000 71.307891 -3.725172 2.030800 0.502643 0.000000 0.000000 0.000000 1.000000 0.000000 0.000000
7.000000 71.315753 -3.685428 2.024210 0.495751 0.000000 0.000000 0.000000 1.000000 0.000000 0.000000
7.000000 71.318141 -3.785982 2.041525 0.476934 0.000000 0.000000 0.000000 1.000000 0.000000 0.000000
7.000000 71.325689 -3.689428 2.014751 0.478969 0.000000 0.000000 0.000000 1.000000 0.000000 0.000000
7.000000 71.328078 -3.851372 2.043008 0.447756 0.000000 0.000000 0.000000 1.000000 0.000000 0.000000
7.000000 71.335958 -3.808581 2.033493 0.444457 0.000000 0.000000 0.000000 1.000000 0.000000 0.000000
7.000000 71.337986 -3.946599 2.062689 0.409661 0.000000 0.000000 0.000000 1.000000 0.000000 0.000000
7.000000 71.345905 -3.697370 1.992207 0.418995 0.000000 0.000000 0.000000 1.000000 0.000000 0.000000
7.000000 71.347877 -3.823293 2.018277 0.387595 0.000000 0.000000 0.000000 1.000000 0.000000 0.000000
7.000000 71.355761 -3.702399 1.982687 0.394914 0.000000 0.000000 0.000000 1.000000 0.000000 0.000000
7.000000 71.357897 -3.740676 1.986882 0.391597 0.000000 0.000000 0.000000 1.000000 0.000000 0.000000
7.000000 71.366063 -3.829909 2.022624 0.368210 0.000000 0.000000 0.000000 1.000000 0.000000 0.000000
7.000000 71.367905 -3.852221 2.037386 0.344511 0.000000 0.000000 0.000000 1.000000 0.000000 0.000000
7.000000 71.375799 -3.896444 2.056173 0.331651 0.000000 0.000000 0.000000 1.000000 0.000000 0.000000
7.000000 71.378018 -4.006761 2.081924 0.299964 0.000000 0.000000 0.000000 1.000000 0.000000 0.000000
7.000000 71.386073 -3.811005 2.025686 0.310096 0.000000 0.000000 0.000000 1.000000 0.000000 0.000000
7.000000 71.388015 -4.024181 2.053438 0.284101 0.000000 0.000000 0.000000 1.000000 0.000000 0.000000
7.000000 71.395863 -3.913115 2.025505 0.281020 0.000000 0.000000 0.000000 1.000000 0.000000 0.000000
7.000000 71.398040 -4.070624 2.056854 0.241690 0.000000 0.000000 0.000000 1.000000 0.000000 0.000000
7.000000 71.405936 -3.804069 1.980796 0.252674 0.000000 0.000000 0.000000 1.000000 0.000000 0.000000
