10.000000 92.629831 25.169286 -0.261285 0.302580 0.000000 0.000000 0.000000 1.000000 0.000000 0.000000
10.000000 92.639889 25.056467 -0.233537 0.377394 0.000000 0.000000 0.000000 1.000000 0.000000 0.000000
10.000000 92.649869 24.924572 -0.221367 0.471825 0.000000 0.000000 0.000000 1.000000 0.000000 0.000000
10.000000 92.659916 24.744742 -0.215097 0.561859 0.000000 0.000000 0.000000 1.000000 0.000000 0.000000
10.000000 92.669915 24.554022 -0.187472 0.655410 0.000000 0.000000 0.000000 1.000000 0.000000 0.000000
10.000000 92.679984 24.417237 -0.146941 0.745722 0.000000 0.000000 0.000000 1.000000 0.000000 0.000000
10.000000 92.689875 24.363279 -0.116626 0.818379 0.000000 0.000000 0.000000 1.000000 0.000000 0.000000
10.000000 92.699998 24.195344 -0.090047 0.913742 0.000000 0.000000 0.000000 1.000000 0.000000 0.000000
10.000000 92.709902 23.989118 -0.075059 0.993529 0.000000 0.000000 0.000000 1.000000 0.000000 0.000000
10.000000 92.714755 22.999628 -0.091802 1.265331 0.000000 0.000000 0.000000 1.000000 0.000000 0.000000
10.000000 92.719888 23.836606 -0.054446 1.076222 0.000000 0.000000 0.000000 1.000000 0.000000 0.000000
10.000000 92.724658 22.951993 -0.077776 1.332212 0.000000 0.000000 0.000000 1.000000 0.000000 0.000000
10.000000 92.729853 23.759377 -0.008143 1.153754 0.000000 0.000000 0.000000 1.000000 0.000000 0.000000
10.000000 92.734717 22.832797 -0.042775 1.398436 0.000000 0.000000 0.000000 1.000000 0.000000 0.000000
10.000000 92.739889 23.664566 0.012082 1.214555 0.000000 0.000000 0.000000 1.000000 0.000000 0.000000
10.000000 92.744679 22.729908 -0.022614 1.467379 0.000000 0.000000 0.000000 1.000000 0.000000 0.000000
10.000000 92.749846 23.481347 0.036425 1.309343 0.000000 0.000000 0.000000 1.000000 0.000000 0.000000
10.000000 92.754850 22.627914 -0.001877 1.538077 0.000000 0.000000 0.000000 1.000000 0.000000 0.000000
10.000000 92.759965 23.389508 0.073377 1.379084 0.000000 0.000000 0.000000 1.000000 0.000000 0.000000
10.000000 92.764669 22.509603 0.030614 1.597341 0.000000 0.000000 0.000000 1.000000 0.000000 0.000000
10.000000 92.769823 23.248562 0.095923 1.456366 0.000000 0.000000 0.000000 1.000000 0.000000 0.000000
10.000000 92.774788 22.404993 0.050205 1.670958 0.000000 0.000000 0.000000 1.000000 0.000000 0.000000
10.000000 92.780002 23.126528 0.122197 1.523095 0.000000 0.000000 0.000000 1.000000 0.000000 0.000000
10.000000 92.784724 22.296552 0.075049 1.732206 0.000000 0.000000 0.000000 1.000000 0.000000 0.000000
10.000000 92.789880 23.014579 0.145701 1.585955 0.000000 0.000000 0.000000 1.000000 0.000000 0.000000
10.000000 92.794798 22.186141 0.097370 1.794216 0.000000 0.000000 0.000000 1.000000 0.000000 0.000000
10.000000 92.799978 22.865193 0.180128 1.656720 0.000000 0.000000 0.000000 1.000000 0.000000 0.000000
10.000000 92.809978 22.731300 0.200969 1.723900 0.000000 0.000000 0.000000 1.000000 0.000000 0.000000
10.000000 92.820037 22.620394 0.232114 1.786996 0.000000 0.000000 0.000000 1.000000 0.000000 0.000000
10.000000 92.830040 22.482019 0.253652 1.852864 0.000000 0.000000 0.000000 1.000000 0.000000 0.000000
10.000000 92.840050 22.449672 0.282609 1.903353 0.000000 0.000000 0.000000 1.000000 0.000000 0.000000
10.000000 92.849936 22.138101 0.278216 1.985181 0.000000 0.000000 0.000000 1.000000 0.000000 0.000000
10.000000 92.860070 22.076077 0.324575 2.039778 0.000000 0.000000 0.000000 1.000000 0.000000 0.000000
10.000000 92.869981 21.946472 0.344980 2.099036 0.000000 0.000000 0.000000 1.000000 0.000000 0.000000
10.000000 92.880052 21.835449 0.372693 2.152328 0.000000 0.000000 0.000000 1.000000 0.000000 0.000000
10.000000 92.889961 21.675402 0.393678 2.189972 0.000000 0.000000 0.000000 1.000000 0.000000 0.000000
10.000000 92.900073 21.605834 0.430353 2.265121 0.000000 0.000000 0.000000 1.000000 0.000000 0.000000
10.000000 92.909957 21.465684 0.452309 2.322360 0.000000 0.000000 0.000000 1.000000 0.000000 0.000000
10.000000 92.920067 21.336420 0.467577 2.370371 0.000000 0.000000 0.000000 1.000000 0.000000 0.000000
10.000000 92.929953 21.196130 0.492136 2.423452 0.000000 0.000000 0.000000 1.000000 0.000000 0.000000
10.000000 92.934935 20.598227 0.431678 2.541652 0.000000 0.000000 0.000000 1.000000 0.000000 0.000000
10.000000 92.940096 21.175595 0.517445 2.462853 0.000000 0.000000 0.000000 1.000000 0.000000 0.000000
10.000000 92.949956 20.931398 0.537523 2.526428 0.000000 0.000000 0.000000 1.000000 0.000000 0.000000
10.000000 92.957364 19.485343 0.700563 2.416605 0.000000 0.000000 0.000000 1.000000 0.000000 0.000000
10.000000 92.960019 20.832490 0.566314 2.573013 0.000000 0.000000 0.000000 1.000000 0.000000 0.000000
10.000000 92.967135 19.414671 0.704235 2.480705 0.000000 0.000000 0.000000 1.000000 0.000000 0.000000
10.000000 92.969974 20.709707 0.589827 2.615770 0.000000 0.000000 0.000000 1.000000 0.000000 0.000000
10.000000 92.977380 19.291978 0.733999 2.532084 0.000000 0.000000 0.000000 1.000000 0.000000 0.000000
10.000000 92.980014 20.600417 0.618494 2.662688 0.000000 0.000000 0.000000 1.000000 0.000000 0.000000
10.000000 92.987271 19.161059 0.754401 2.571213 0.000000 0.000000 0.000000 1.000000 0.000000 0.000000
10.000000 92.989909 20.427713 0.636504 2.702987 0.000000 0.000000 0.000000 1.000000 0.000000 0.000000
10.000000 92.997181 19.072777 0.772099 2.623318 0.000000 0.000000 0.000000 1.000000 0.000000 0.000000
10.000000 93.000063 20.335711 0.666491 2.751477 0.000000 0.000000 0.000000 1.000000 0.000000 0.000000
10.000000 93.007222 18.925328 0.808019 2.659060 0.000000 0.000000 0.000000 1.000000 0.000000 0.000000
10.000000 93.010088 20.204978 0.683312 2.789872 0.000000 0.000000 0.000000 1.000000 0.000000 0.000000
10.000000 93.017139 18.808491 0.830423 2.703641 0.000000 0.000000 0.000000 1.000000 0.000000 0.000000
10.000000 93.020111 20.087768 0.705086 2.833151 0.000000 0.000000 0.000000 1.000000 0.000000 0.000000
10.000000 93.027165 18.691262 0.855129 2.745930 0.000000 0.000000 0.000000 1.000000 0.000000 0.000000
10.000000 93.030002 19.969347 0.731293 2.872568 0.000000 0.000000 0.000000 1.000000 0.000000 0.000000
10.000000 93.037167 18.587187 0.869776 2.784420 0.000000 0.000000 0.000000 1.000000 0.000000 0.000000
10.000000 93.040013 19.828704 0.746999 2.901970 0.000000 0.000000 0.000000 1.000000 0.000000 0.000000
10.000000 93.047096 18.462965 0.894892 2.820749 0.000000 0.000000 0.000000 1.000000 0.000000 0.000000
10.000000 93.049958 19.645705 0.751379 2.950978 0.000000 0.000000 0.000000 1.000000 0.000000 0.000000
10.000000 93.057149 18.306688 0.933481 2.862118 0.000000 0.000000 0.000000 1.000000 0.000000 0.000000
10.000000 93.060071 19.586281 0.790109 2.980247 0.000000 0.000000 0.000000 1.000000 0.000000 0.000000
10.000000 93.067086 18.210863 0.950963 2.893703 0.000000 0.000000 0.000000 1.000000 0.000000 0.000000
10.000000 93.069960 19.479419 0.816699 3.023714 0.000000 0.000000 0.000000 1.000000 0.000000 0.000000
10.000000 93.077142 18.085459 0.977560 2.929783 0.000000 0.000000 0.000000 1.000000 0.000000 0.000000
10.000000 93.080052 19.371689 0.846627 3.055724 0.000000 0.000000 0.000000 1.000000 0.000000 0.000000
10.000000 93.087145 17.975396 0.990608 2.963780 0.000000 0.000000 0.000000 1.000000 0.000000 0.000000
10.000000 93.089975 19.295392 0.869779 3.078704 0.000000 0.000000 0.000000 1.000000 0.000000 0.000000
10.000000 93.097231 17.863447 1.015003 2.982432 0.000000 0.000000 0.000000 1.000000 0.000000 0.000000
10.000000 93.100018 19.112966 0.892325 3.118198 0.000000 0.000000 0.000000 1.000000 0.000000 0.000000
10.000000 93.107092 17.720510 1.049961 3.010099 0.000000 0.000000 0.000000 1.000000 0.000000 0.000000
10.000000 93.109956 18.979592 0.906331 3.148374 0.000000 0.000000 0.000000 1.000000 0.000000 0.000000
10.000000 93.117225 17.582831 1.075953 3.033760 0.000000 0.000000 0.000000 1.000000 0.000000 0.000000
10.000000 93.120074 18.889325 0.936037 3.177340 0.000000 0.000000 0.000000 1.000000 0.000000 0.000000
10.000000 93.127171 17.399493 1.121240 3.032060 0.000000 0.000000 0.000000 1.000000 0.000000 0.000000
10.000000 93.130010 18.751226 0.951583 3.207468 0.000000 0.000000 0.000000 1.000000 0.000000 0.000000
10.000000 93.140106 18.738118 0.987582 3.234883 0.000000 0.000000 0.000000 1.000000 0.000000 0.000000
10.000000 93.150010 18.517461 0.995337 3.262137 0.000000 0.000000 0.000000 1.000000 0.000000 0.000000
10.000000 93.160089 18.371197 1.012582 3.291701 0.000000 0.000000 0.000000 1.000000 0.000000 0.000000
10.000000 93.170024 18.259832 1.031770 3.314708 0.000000 0.000000 0.000000 1.000000 0.000000 0.000000
10.000000 93.180208 18.161175 1.057480 3.332449 0.000000 0.000000 0.000000 1.000000 0.000000 0.000000
10.000000 93.190064 18.070044 1.074143 3.351069 0.000000 0.000000 0.000000 1.000000 0.000000 0.000000
10.000000 93.200051 17.908041 1.094913 3.377441 0.000000 0.000000 0.000000 1.000000 0.000000 0.000000
10.000000 93.210013 17.836525 1.121155 3.391144 0.000000 0.000000 0.000000 1.000000 0.000000 0.000000
10.000000 93.220187 17.747704 1.148873 3.397359 0.000000 0.000000 0.000000 1.000000 0.000000 0.000000
10.000000 93.230162 17.631637 1.169687 3.408071 0.000000 0.000000 0.000000 1.000000 0.000000 0.000000
10.000000 93.234975 17.094891 1.119910 3.459644 0.000000 0.000000 0.000000 1.000000 0.000000 0.000000
10.000000 93.250094 17.425126 1.217555 3.432349 0.000000 0.000000 0.000000 1.000000 0.000000 0.000000
10.000000 93.260203 17.237914 1.231437 3.455600 0.000000 0.000000 0.000000 1.000000 0.000000 0.000000
10.000000 93.270041 17.152909 1.259300 3.470922 0.000000 0.000000 0.000000 1.000000 0.000000 0.000000
10.000000 93.280171 17.047651 1.281045 3.481455 0.000000 0.000000 0.000000 1.000000 0.000000 0.000000
10.000000 93.290051 16.960605 1.292094 3.490676 0.000000 0.000000 0.000000 1.000000 0.000000 0.000000
10.000000 93.300131 16.784153 1.307301 3.507352 0.000000 0.000000 0.000000 1.000000 0.000000 0.000000
10.000000 93.310388 16.673978 1.335985 3.512487 0.000000 0.000000 0.000000 1.000000 0.000000 0.000000
10.000000 93.320129 16.572095 1.359820 3.525006 0.000000 0.000000 0.000000 1.000000 0.000000 0.000000
10.000000 93.330053 16.459357 1.384901 3.534862 0.000000 0.000000 0.000000 1.000000 0.000000 0.000000
10.000000 93.340209 16.378535 1.396210 3.531288 0.000000 0.000000 0.000000 1.000000 0.000000 0.000000
10.000000 93.350264 16.249785 1.422775 3.537106 0.000000 0.000000 0.000000 1.000000 0.000000 0.000000
10.000000 93.360209 16.133889 1.444324 3.544516 0.000000 0.000000 0.000000 1.000000 0.000000 0.000000
10.000000 93.370123 16.019081 1.471332 3.544034 0.000000 0.000000 0.000000 1.000000 0.000000 0.000000
10.000000 93.380200 15.894851 1.486017 3.548797 0.000000 0.000000 0.000000 1.000000 0.000000 0.000000
10.000000 93.390173 15.810596 1.507390 3.533781 0.000000 0.000000 0.000000 1.000000 0.000000 0.000000
10.000000 93.400175 15.662285 1.525069 3.543848 0.000000 0.000000 0.000000 1.000000 0.000000 0.000000
10.000000 93.410361 15.561089 1.545311 3.545283 0.000000 0.000000 0.000000 1.000000 0.000000 0.000000
10.000000 93.420225 15.481090 1.572287 3.544133 0.000000 0.000000 0.000000 1.000000 0.000000 0.000000
10.000000 93.430094 15.346086 1.587347 3.542057 0.000000 0.000000 0.000000 1.000000 0.000000 0.000000
10.000000 93.440148 15.220728 1.601849 3.535794 0.000000 0.000000 0.000000 1.000000 0.000000 0.000000
10.000000 93.450110 15.128128 1.626157 3.528991 0.000000 0.000000 0.000000 1.000000 0.000000 0.000000
10.000000 93.460230 15.011301 1.647968 3.522874 0.000000 0.000000 0.000000 1.000000 0.000000 0.000000
10.000000 93.470114 14.906923 1.671019 3.516607 0.000000 0.000000 0.000000 1.000000 0.000000 0.000000
10.000000 93.480236 14.770968 1.682724 3.511035 0.000000 0.000000 0.000000 1.000000 0.000000 0.000000
10.000000 93.490261 14.698143 1.717603 3.498179 0.000000 0.000000 0.000000 1.000000 0.000000 0.000000
10.000000 93.500234 14.576100 1.737705 3.482148 0.000000 0.000000 0.000000 1.000000 0.000000 0.000000
10.000000 93.510151 14.471691 1.761481 3.470112 0.000000 0.000000 0.000000 1.000000 0.000000 0.000000
10.000000 93.520195 14.360747 1.772051 3.459146 0.000000 0.000000 0.000000 1.000000 0.000000 0.000000
10.000000 93.530162 14.258055 1.792322 3.444023 0.000000 0.000000 0.000000 1.000000 0.000000 0.000000
10.000000 93.540189 14.209266 1.821412 3.418235 0.000000 0.000000 0.000000 1.000000 0.000000 0.000000
10.000000 93.550166 14.042263 1.833192 3.408568 0.000000 0.000000 0.000000 1.000000 0.000000 0.000000
10.000000 93.560264 13.941480 1.854278 3.395476 0.000000 0.000000 0.000000 1.000000 0.000000 0.000000
10.000000 93.570185 13.838544 1.877020 3.373311 0.000000 0.000000 0.000000 1.000000 0.000000 0.000000
10.000000 93.580203 13.733177 1.893611 3.356286 0.000000 0.000000 0.000000 1.000000 0.000000 0.000000
10.000000 93.590207 13.666018 1.915767 3.316468 0.000000 0.000000 0.000000 1.000000 0.000000 0.000000
10.000000 93.600345 13.503471 1.927652 3.314715 0.000000 0.000000 0.000000 1.000000 0.000000 0.000000
10.000000 93.610259 13.406136 1.948250 3.287511 0.000000 0.000000 0.000000 1.000000 0.000000 0.000000
10.000000 93.617481 12.151980 2.100252 3.233769 0.000000 0.000000 0.000000 1.000000 0.000000 0.000000
10.000000 93.620449 13.311088 1.973102 3.266446 0.000000 0.000000 0.000000 1.000000 0.000000 0.000000
10.000000 93.627357 12.108488 2.093429 3.231790 0.000000 0.000000 0.000000 1.000000 0.000000 0.000000
10.000000 93.630266 13.181428 1.980964 3.244463 0.000000 0.000000 0.000000 1.000000 0.000000 0.000000
10.000000 93.637431 12.013876 2.107793 3.210757 0.000000 0.000000 0.000000 1.000000 0.000000 0.000000
10.000000 93.640232 13.136174 2.005129 3.205589 0.000000 0.000000 0.000000 1.000000 0.000000 0.000000
10.000000 93.647387 11.966530 2.113127 3.193936 0.000000 0.000000 0.000000 1.000000 0.000000 0.000000
10.000000 93.650172 12.976186 2.024937 3.191072 0.000000 0.000000 0.000000 1.000000 0.000000 0.000000
10.000000 93.657427 11.827015 2.143052 3.150260 0.000000 0.000000 0.000000 1.000000 0.000000 0.000000
10.000000 93.660202 12.874230 2.038607 3.160929 0.000000 0.000000 0.000000 1.000000 0.000000 0.000000
10.000000 93.667388 11.740824 2.153377 3.139410 0.000000 0.000000 0.000000 1.000000 0.000000 0.000000
10.000000 93.670222 12.778507 2.065797 3.132104 0.000000 0.000000 0.000000 1.000000 0.000000 0.000000
10.000000 93.677657 11.632965 2.178765 3.112939 0.000000 0.000000 0.000000 1.000000 0.000000 0.000000
10.000000 93.680336 12.678413 2.086960 3.100755 0.000000 0.000000 0.000000 1.000000 0.000000 0.000000
10.000000 93.687664 11.541920 2.193126 3.090200 0.000000 0.000000 0.000000 1.000000 0.000000 0.000000
10.000000 93.690269 12.596975 2.111265 3.071738 0.000000 0.000000 0.000000 1.000000 0.000000 0.000000
10.000000 93.697508 11.517673 2.190349 3.058329 0.000000 0.000000 0.000000 1.000000 0.000000 0.000000
10.000000 93.700443 12.445434 2.104334 3.044293 0.000000 0.000000 0.000000 1.000000 0.000000 0.000000
10.000000 93.707386 11.353369 2.224443 3.029906 0.000000 0.000000 0.000000 1.000000 0.000000 0.000000
10.000000 93.710317 12.359935 2.134909 3.009709 0.000000 0.000000 0.000000 1.000000 0.000000 0.000000
10.000000 93.717394 11.214118 2.265230 2.994819 0.000000 0.000000 0.000000 1.000000 0.000000 0.000000
10.000000 93.720299 12.260804 2.158373 2.976471 0.000000 0.000000 0.000000 1.000000 0.000000 0.000000
10.000000 93.727388 11.165113 2.266941 2.967684 0.000000 0.000000 0.000000 1.000000 0.000000 0.000000
10.000000 93.730262 12.142314 2.166279 2.944068 0.000000 0.000000 0.000000 1.000000 0.000000 0.000000
10.000000 93.737386 11.050459 2.281970 2.930243 0.000000 0.000000 0.000000 1.000000 0.000000 0.000000
10.000000 93.740297 12.105479 2.206182 2.902609 0.000000 0.000000 0.000000 1.000000 0.000000 0.000000
10.000000 93.747290 10.963329 2.292653 2.897498 0.000000 0.000000 0.000000 1.000000 0.000000 0.000000
10.000000 93.750262 11.918935 2.193016 2.876900 0.000000 0.000000 0.000000 1.000000 0.000000 0.000000
10.000000 93.757431 10.901460 2.298547 2.863770 0.000000 0.000000 0.000000 1.000000 0.000000 0.000000
10.000000 93.760326 11.847478 2.224387 2.834290 0.000000 0.000000 0.000000 1.000000 0.000000 0.000000
10.000000 93.767412 10.779737 2.327210 2.827217 0.000000 0.000000 0.000000 1.000000 0.000000 0.000000
10.000000 93.770314 11.752497 2.243665 2.801511 0.000000 0.000000 0.000000 1.000000 0.000000 0.000000
10.000000 93.777502 10.684460 2.344186 2.786892 0.000000 0.000000 0.000000 1.000000 0.000000 0.000000
10.000000 93.780365 11.644843 2.261244 2.760081 0.000000 0.000000 0.000000 1.000000 0.000000 0.000000
10.000000 93.787582 10.561149 2.366044 2.749618 0.000000 0.000000 0.000000 1.000000 0.000000 0.000000
10.000000 93.790256 11.552015 2.283672 2.712651 0.000000 0.000000 0.000000 1.000000 0.000000 0.000000
10.000000 93.797452 10.461267 2.390046 2.705719 0.000000 0.000000 0.000000 1.000000 0.000000 0.000000
10.000000 93.800319 11.457603 2.304376 2.678091 0.000000 0.000000 0.000000 1.000000 0.000000 0.000000
10.000000 93.807383 10.392726 2.393200 2.670202 0.000000 0.000000 0.000000 1.000000 0.000000 0.000000
10.000000 93.810282 11.360677 2.321994 2.632479 0.000000 0.000000 0.000000 1.000000 0.000000 0.000000
10.000000 93.817435 10.282548 2.414231 2.629048 0.000000 0.000000 0.000000 1.000000 0.000000 0.000000
10.000000 93.820362 11.243600 2.332614 2.587061 0.000000 0.000000 0.000000 1.000000 0.000000 0.000000
10.000000 93.827536 10.186914 2.432461 2.586144 0.000000 0.000000 0.000000 1.000000 0.000000 0.000000
10.000000 93.830240 11.145457 2.348870 2.546071 0.000000 0.000000 0.000000 1.000000 0.000000 0.000000
10.000000 93.837516 10.091710 2.447320 2.543683 0.000000 0.000000 0.000000 1.000000 0.000000 0.000000
10.000000 93.840341 11.042531 2.366458 2.498610 0.000000 0.000000 0.000000 1.000000 0.000000 0.000000
10.000000 93.847534 10.035751 2.465952 2.500647 0.000000 0.000000 0.000000 1.000000 0.000000 0.000000
10.000000 93.850275 10.944045 2.382438 2.448883 0.000000 0.000000 0.000000 1.000000 0.000000 0.000000
10.000000 93.857598 9.898960 2.483685 2.456498 0.000000 0.000000 0.000000 1.000000 0.000000 0.000000
10.000000 93.860403 10.829926 2.395042 2.404159 0.000000 0.000000 0.000000 1.000000 0.000000 0.000000
10.000000 93.867527 9.815613 2.494493 2.413928 0.000000 0.000000 0.000000 1.000000 0.000000 0.000000
10.000000 93.870326 10.749382 2.414125 2.356988 0.000000 0.000000 0.000000 1.000000 0.000000 0.000000
10.000000 93.877529 9.743550 2.502200 2.370039 0.000000 0.000000 0.000000 1.000000 0.000000 0.000000
10.000000 93.880359 10.654321 2.431079 2.307828 0.000000 0.000000 0.000000 1.000000 0.000000 0.000000
10.000000 93.887547 9.616404 2.536539 2.316120 0.000000 0.000000 0.000000 1.000000 0.000000 0.000000
10.000000 93.890307 10.586426 2.458472 2.254654 0.000000 0.000000 0.000000 1.000000 0.000000 0.000000
10.000000 93.897511 9.624110 2.533638 2.273981 0.000000 0.000000 0.000000 1.000000 0.000000 0.000000
10.000000 93.900426 10.473979 2.478482 2.212261 0.000000 0.000000 0.000000 1.000000 0.000000 0.000000
10.000000 93.907410 9.443854 2.567380 2.214651 0.000000 0.000000 0.000000 1.000000 0.000000 0.000000
10.000000 93.910325 10.357960 2.490927 2.168226 0.000000 0.000000 0.000000 1.000000 0.000000 0.000000
10.000000 93.917600 9.387210 2.568018 2.169101 0.000000 0.000000 0.000000 1.000000 0.000000 0.000000
10.000000 93.920361 10.272822 2.509511 2.108643 0.000000 0.000000 0.000000 1.000000 0.000000 0.000000
10.000000 93.927504 9.259974 2.601062 2.115471 0.000000 0.000000 0.000000 1.000000 0.000000 0.000000
10.000000 93.930419 10.172680 2.531259 2.061506 0.000000 0.000000 0.000000 1.000000 0.000000 0.000000
10.000000 93.935483 9.740338 2.468864 2.132294 0.000000 0.000000 0.000000 1.000000 0.000000 0.000000
10.000000 93.937727 9.163485 2.619726 2.059108 0.000000 0.000000 0.000000 1.000000 0.000000 0.000000
10.000000 93.940465 10.086905 2.549730 1.999722 0.000000 0.000000 0.000000 1.000000 0.000000 0.000000
10.000000 93.947524 9.131667 2.620052 1.999734 0.000000 0.000000 0.000000 1.000000 0.000000 0.000000
10.000000 93.950324 9.978410 2.570811 1.949141 0.000000 0.000000 0.000000 1.000000 0.000000 0.000000
10.000000 93.957465 8.995330 2.643220 1.949895 0.000000 0.000000 0.000000 1.000000 0.000000 0.000000
10.000000 93.960424 9.869945 2.575655 1.893839 0.000000 0.000000 0.000000 1.000000 0.000000 0.000000
10.000000 93.967425 8.918807 2.651904 1.894857 0.000000 0.000000 0.000000 1.000000 0.000000 0.000000
10.000000 93.970383 9.782348 2.596339 1.832466 0.000000 0.000000 0.000000 1.000000 0.000000 0.000000
10.000000 93.977526 8.813020 2.675897 1.838741 0.000000 0.000000 0.000000 1.000000 0.000000 0.000000
10.000000 93.980381 9.682182 2.607886 1.782630 0.000000 0.000000 0.000000 1.000000 0.000000 0.000000
10.000000 93.987504 8.721678 2.687513 1.774293 0.000000 0.000000 0.000000 1.000000 0.000000 0.000000
10.000000 93.990354 9.571031 2.621842 1.731772 0.000000 0.000000 0.000000 1.000000 0.000000 0.000000
10.000000 93.997685 8.697667 2.692543 1.717794 0.000000 0.000000 0.000000 1.000000 0.000000 0.000000
10.000000 94.000440 9.499355 2.642925 1.660045 0.000000 0.000000 0.000000 1.000000 0.000000 0.000000
10.000000 94.007518 8.579630 2.704521 1.665329 0.000000 0.000000 0.000000 1.000000 0.000000 0.000000
10.000000 94.010332 9.364065 2.647885 1.608065 0.000000 0.000000 0.000000 1.000000 0.000000 0.000000
10.000000 94.017638 8.451524 2.735892 1.598859 0.000000 0.000000 0.000000 1.000000 0.000000 0.000000
10.000000 94.020479 9.299786 2.676715 1.545736 0.000000 0.000000 0.000000 1.000000 0.000000 0.000000
10.000000 94.027579 8.380748 2.747301 1.542189 0.000000 0.000000 0.000000 1.000000 0.000000 0.000000
10.000000 94.030510 9.202592 2.694030 1.492121 0.000000 0.000000 0.000000 1.000000 0.000000 0.000000
10.000000 94.037712 8.249279 2.779735 1.475179 0.000000 0.000000 0.000000 1.000000 0.000000 0.000000
10.000000 94.040484 9.086355 2.700853 1.434161 0.000000 0.000000 0.000000 1.000000 0.000000 0.000000
10.000000 94.047420 8.261101 2.766685 1.421953 0.000000 0.000000 0.000000 1.000000 0.000000 0.000000
10.000000 94.050441 9.009069 2.725328 1.368342 0.000000 0.000000 0.000000 1.000000 0.000000 0.000000
10.000000 94.057573 8.096092 2.799363 1.353925 0.000000 0.000000 0.000000 1.000000 0.000000 0.000000
10.000000 94.060513 8.900090 2.736890 1.310000 0.000000 0.000000 0.000000 1.000000 0.000000 0.000000
10.000000 94.067449 8.019425 2.807498 1.294519 0.000000 0.000000 0.000000 1.000000 0.000000 0.000000
10.000000 94.070612 8.816935 2.757528 1.242886 0.000000 0.000000 0.000000 1.000000 0.000000 0.000000
10.000000 94.075323 8.449544 2.691122 1.325606 0.000000 0.000000 0.000000 1.000000 0.000000 0.000000
10.000000 94.077555 7.914133 2.825605 1.222893 0.000000 0.000000 0.000000 1.000000 0.000000 0.000000
10.000000 94.080573 8.713629 2.769526 1.174413 0.000000 0.000000 0.000000 1.000000 0.000000 0.000000
10.000000 94.085327 8.338957 2.703548 1.264548 0.000000 0.000000 0.000000 1.000000 0.000000 0.000000
10.000000 94.087652 7.869543 2.824337 1.169758 0.000000 0.000000 0.000000 1.000000 0.000000 0.000000
10.000000 94.090473 8.619297 2.787403 1.103878 0.000000 0.000000 0.000000 1.000000 0.000000 0.000000
10.000000 94.095255 8.267530 2.719000 1.195329 0.000000 0.000000 0.000000 1.000000 0.000000 0.000000
10.000000 94.097716 7.794384 2.833693 1.098969 0.000000 0.000000 0.000000 1.000000 0.000000 0.000000
10.000000 94.100586 8.522245 2.792865 1.050120 0.000000 0.000000 0.000000 1.000000 0.000000 0.000000
10.000000 94.105247 8.207446 2.734269 1.126145 0.000000 0.000000 0.000000 1.000000 0.000000 0.000000
10.000000 94.107558 7.665526 2.869830 1.022436 0.000000 0.000000 0.000000 1.000000 0.000000 0.000000
10.000000 94.110548 8.442171 2.820001 0.977003 0.000000 0.000000 0.000000 1.000000 0.000000 0.000000
10.000000 94.115296 8.105366 2.754952 1.059283 0.000000 0.000000 0.000000 1.000000 0.000000 0.000000
10.000000 94.117599 7.577783 2.885489 0.953078 0.000000 0.000000 0.000000 1.000000 0.000000 0.000000
10.000000 94.120580 8.339978 2.831546 0.915424 0.000000 0.000000 0.000000 1.000000 0.000000 0.000000
10.000000 94.125303 8.015539 2.767114 0.993117 0.000000 0.000000 0.000000 1.000000 0.000000 0.000000
10.000000 94.127577 7.522845 2.887791 0.888461 0.000000 0.000000 0.000000 1.000000 0.000000 0.000000
10.000000 94.130562 8.234653 2.841855 0.848781 0.000000 0.000000 0.000000 1.000000 0.000000 0.000000
10.000000 94.135326 7.915743 2.778626 0.929625 0.000000 0.000000 0.000000 1.000000 0.000000 0.000000
10.000000 94.137568 7.473046 2.887569 0.834592 0.000000 0.000000 0.000000 1.000000 0.000000 0.000000
10.000000 94.140524 8.161239 2.867329 0.768380 0.000000 0.000000 0.000000 1.000000 0.000000 0.000000
10.000000 94.145377 7.825256 2.799573 0.860258 0.000000 0.000000 0.000000 1.000000 0.000000 0.000000
10.000000 94.147575 7.301554 2.927912 0.750307 0.000000 0.000000 0.000000 1.000000 0.000000 0.000000
10.000000 94.150398 8.053200 2.871217 0.709095 0.000000 0.000000 0.000000 1.000000 0.000000 0.000000
10.000000 94.155383 7.749679 2.809680 0.793384 0.000000 0.000000 0.000000 1.000000 0.000000 0.000000
10.000000 94.157612 7.278885 2.925289 0.690204 0.000000 0.000000 0.000000 1.000000 0.000000 0.000000
10.000000 94.160527 7.952389 2.882192 0.636677 0.000000 0.000000 0.000000 1.000000 0.000000 0.000000
10.000000 94.165328 7.673825 2.825398 0.719935 0.000000 0.000000 0.000000 1.000000 0.000000 0.000000
10.000000 94.167553 7.187835 2.945116 0.608038 0.000000 0.000000 0.000000 1.000000 0.000000 0.000000
10.000000 94.170445 7.862181 2.892030 0.565856 0.000000 0.000000 0.000000 1.000000 0.000000 0.000000
10.000000 94.175427 7.581320 2.835206 0.646149 0.000000 0.000000 0.000000 1.000000 0.000000 0.000000
10.000000 94.177678 7.106638 2.952770 0.545855 0.000000 0.000000 0.000000 1.000000 0.000000 0.000000
10.000000 94.180574 7.754349 2.905809 0.490287 0.000000 0.000000 0.000000 1.000000 0.000000 0.000000
10.000000 94.185417 7.502194 2.850489 0.563291 0.000000 0.000000 0.000000 1.000000 0.000000 0.000000
10.000000 94.187546 7.039185 2.961037 0.457244 0.000000 0.000000 0.000000 1.000000 0.000000 0.000000
10.000000 94.190586 7.657768 2.902537 0.423128 0.000000 0.000000 0.000000 1.000000 0.000000 0.000000
10.000000 94.195389 7.539797 2.821227 0.494843 0.000000 0.000000 0.000000 1.000000 0.000000 0.000000
10.000000 94.197562 6.959479 2.978668 0.399667 0.000000 0.000000 0.000000 1.000000 0.000000 0.000000
10.000000 94.205388 7.439142 2.841122 0.419030 0.000000 0.000000 0.000000 1.000000 0.000000 0.000000
10.000000 94.207567 6.874487 2.992986 0.320235 0.000000 0.000000 0.000000 1.000000 0.000000 0.000000
10.000000 94.215301 7.341630 2.850116 0.344506 0.000000 0.000000 0.000000 1.000000 0.000000 0.000000
10.000000 94.217638 6.793431 2.999149 0.250389 0.000000 0.000000 0.000000 1.000000 0.000000 0.000000
10.000000 94.225218 7.256747 2.868028 0.262946 0.000000 0.000000 0.000000 1.000000 0.000000 0.000000
10.000000 94.227575 6.721644 3.011451 0.163552 0.000000 0.000000 0.000000 1.000000 0.000000 0.000000
10.000000 94.235330 7.173747 2.878571 0.185717 0.000000 0.000000 0.000000 1.000000 0.000000 0.000000
10.000000 94.245455 7.079949 2.885184 0.154620 0.000000 0.000000 0.000000 1.000000 0.000000 0.000000
10.000000 94.247604 6.574557 3.031953 0.107277 0.000000 0.000000 0.000000 1.000000 0.000000 0.000000
10.000000 94.255548 7.022736 2.900013 0.219758 0.000000 0.000000 0.000000 1.000000 0.000000 0.000000
10.000000 94.257593 6.515344 3.048288 0.173601 0.000000 0.000000 0.000000 1.000000 0.000000 0.000000
10.000000 94.265373 6.975441 2.904892 0.281900 0.000000 0.000000 0.000000 1.000000 0.000000 0.000000
10.000000 94.267591 6.505821 3.044600 0.243857 0.000000 0.000000 0.000000 1.000000 0.000000 0.000000
10.000000 94.275539 6.933945 2.912290 0.342025 0.000000 0.000000 0.000000 1.000000 0.000000 0.000000
10.000000 94.277597 6.445095 3.055669 0.299720 0.000000 0.000000 0.000000 1.000000 0.000000 0.000000
10.000000 94.285327 6.898698 2.925027 0.392852 0.000000 0.000000 0.000000 1.000000 0.000000 0.000000
10.000000 94.287640 6.358748 3.074564 0.341909 0.000000 0.000000 0.000000 1.000000 0.000000 0.000000
10.000000 94.295538 6.845208 2.923579 0.462296 0.000000 0.000000 0.000000 1.000000 0.000000 0.000000
10.000000 94.297674 6.355681 3.064952 0.417158 0.000000 0.000000 0.000000 1.000000 0.000000 0.000000
10.000000 94.305391 6.807564 2.936023 0.508313 0.000000 0.000000 0.000000 1.000000 0.000000 0.000000
10.000000 94.307645 6.242228 3.095549 0.457038 0.000000 0.000000 0.000000 1.000000 0.000000 0.000000
10.000000 94.315356 6.759590 2.943993 0.566543 0.000000 0.000000 0.000000 1.000000 0.000000 0.000000
10.000000 94.317648 6.213373 3.100240 0.520453 0.000000 0.000000 0.000000 1.000000 0.000000 0.000000
10.000000 94.325591 6.706856 2.941275 0.626006 0.000000 0.000000 0.000000 1.000000 0.000000 0.000000
10.000000 94.327681 6.203462 3.087152 0.582166 0.000000 0.000000 0.000000 1.000000 0.000000 0.000000
10.000000 94.335503 6.659874 2.950830 0.676675 0.000000 0.000000 0.000000 1.000000 0.000000 0.000000
10.000000 94.337708 6.147125 3.097580 0.634743 0.000000 0.000000 0.000000 1.000000 0.000000 0.000000
10.000000 94.345579 6.624426 2.952587 0.731292 0.000000 0.000000 0.000000 1.000000 0.000000 0.000000
10.000000 94.347638 6.114303 3.098353 0.693311 0.000000 0.000000 0.000000 1.000000 0.000000 0.000000
10.000000 94.355685 6.587015 2.960709 0.776650 0.000000 0.000000 0.000000 1.000000 0.000000 0.000000
10.000000 94.357695 6.050596 3.110635 0.731637 0.000000 0.000000 0.000000 1.000000 0.000000 0.000000
10.000000 94.365441 6.556703 2.967826 0.813703 0.000000 0.000000 0.000000 1.000000 0.000000 0.000000
10.000000 94.367658 6.023890 3.113442 0.777515 0.000000 0.000000 0.000000 1.000000 0.000000 0.000000
10.000000 94.375478 6.528165 2.975010 0.865731 0.000000 0.000000 0.000000 1.000000 0.000000 0.000000
10.000000 94.387779 5.871304 3.150464 0.869004 0.000000 0.000000 0.000000 1.000000 0.000000 0.000000
10.000000 94.397678 5.779435 3.166795 0.915912 0.000000 0.000000 0.000000 1.000000 0.000000 0.000000
10.000000 94.407672 5.739620 3.173119 0.955042 0.000000 0.000000 0.000000 1.000000 0.000000 0.000000
10.000000 94.417813 5.687024 3.187146 1.002911 0.000000 0.000000 0.000000 1.000000 0.000000 0.000000
10.000000 94.427750 5.644156 3.190387 1.048907 0.000000 0.000000 0.000000 1.000000 0.000000 0.000000
10.000000 94.437713 5.596342 3.197884 1.081580 0.000000 0.000000 0.000000 1.000000 0.000000 0.000000
10.000000 94.447792 5.551862 3.201275 1.111413 0.000000 0.000000 0.000000 1.000000 0.000000 0.000000
10.000000 94.457763 5.527023 3.202709 1.164581 0.000000 0.000000 0.000000 1.000000 0.000000 0.000000
10.000000 94.467687 5.482561 3.206057 1.204962 0.000000 0.000000 0.000000 1.000000 0.000000 0.000000
10.000000 94.477692 5.413566 3.218725 1.239053 0.000000 0.000000 0.000000 1.000000 0.000000 0.000000
10.000000 94.487793 5.372597 3.223669 1.278371 0.000000 0.000000 0.000000 1.000000 0.000000 0.000000
10.000000 94.497798 5.416762 3.208817 1.312758 0.000000 0.000000 0.000000 1.000000 0.000000 0.000000
10.000000 94.507774 5.295843 3.234474 1.353522 0.000000 0.000000 0.000000 1.000000 0.000000 0.000000
10.000000 94.517860 5.239041 3.245042 1.386434 0.000000 0.000000 0.000000 1.000000 0.000000 0.000000
10.000000 94.527819 5.191953 3.254792 1.415138 0.000000 0.000000 0.000000 1.000000 0.000000 0.000000
10.000000 94.537836 5.155723 3.257958 1.445463 0.000000 0.000000 0.000000 1.000000 0.000000 0.000000
10.000000 94.547844 5.136023 3.258020 1.482047 0.000000 0.000000 0.000000 1.000000 0.000000 0.000000
10.000000 94.557808 5.073371 3.266955 1.511010 0.000000 0.000000 0.000000 1.000000 0.000000 0.000000
10.000000 94.567790 5.009951 3.276911 1.537914 0.000000 0.000000 0.000000 1.000000 0.000000 0.000000
10.000000 94.577850 4.975959 3.280051 1.559667 0.000000 0.000000 0.000000 1.000000 0.000000 0.000000
10.000000 94.587814 4.914391 3.294030 1.590378 0.000000 0.000000 0.000000 1.000000 0.000000 0.000000
10.000000 94.597770 4.913010 3.286040 1.600129 0.000000 0.000000 0.000000 1.000000 0.000000 0.000000
10.000000 94.607833 4.845505 3.300487 1.645604 0.000000 0.000000 0.000000 1.000000 0.000000 0.000000
10.000000 94.617830 4.748330 3.325567 1.663988 0.000000 0.000000 0.000000 1.000000 0.000000 0.000000
10.000000 94.627833 4.772241 3.300937 1.687230 0.000000 0.000000 0.000000 1.000000 0.000000 0.000000
10.000000 94.637862 4.719734 3.309798 1.711543 0.000000 0.000000 0.000000 1.000000 0.000000 0.000000
10.000000 94.647815 4.775614 3.289405 1.738328 0.000000 0.000000 0.000000 1.000000 0.000000 0.000000
10.000000 94.657844 4.617887 3.327350 1.746907 0.000000 0.000000 0.000000 1.000000 0.000000 0.000000
10.000000 94.667851 4.477334 3.375021 1.754723 0.000000 0.000000 0.000000 1.000000 0.000000 0.000000
10.000000 94.677826 4.505863 3.349108 1.778665 0.000000 0.000000 0.000000 1.000000 0.000000 0.000000
10.000000 94.687828 4.484866 3.347122 1.793618 0.000000 0.000000 0.000000 1.000000 0.000000 0.000000
10.000000 94.697843 4.431534 3.353930 1.806616 0.000000 0.000000 0.000000 1.000000 0.000000 0.000000
10.000000 94.705575 4.447804 3.346237 1.815369 0.000000 0.000000 0.000000 1.000000 0.000000 0.000000
10.000000 94.707831 4.393648 3.358883 1.816559 0.000000 0.000000 0.000000 1.000000 0.000000 0.000000
10.000000 94.717955 4.354083 3.362426 1.831467 0.000000 0.000000 0.000000 1.000000 0.000000 0.000000
10.000000 94.727903 4.297560 3.371965 1.839823 0.000000 0.000000 0.000000 1.000000 0.000000 0.000000
10.000000 94.738028 4.265669 3.373428 1.847336 0.000000 0.000000 0.000000 1.000000 0.000000 0.000000
10.000000 94.747872 4.174667 3.396725 1.858321 0.000000 0.000000 0.000000 1.000000 0.000000 0.000000
10.000000 94.757803 4.184383 3.383054 1.865891 0.000000 0.000000 0.000000 1.000000 0.000000 0.000000
10.000000 94.767901 4.116168 3.395879 1.869129 0.000000 0.000000 0.000000 1.000000 0.000000 0.000000
10.000000 94.777861 4.081548 3.398693 1.871806 0.000000 0.000000 0.000000 1.000000 0.000000 0.000000
10.000000 94.787821 4.026662 3.407584 1.881081 0.000000 0.000000 0.000000 1.000000 0.000000 0.000000
10.000000 94.797788 3.986592 3.413332 1.885176 0.000000 0.000000 0.000000 1.000000 0.000000 0.000000
10.000000 94.807779 3.958061 3.415513 1.887088 0.000000 0.000000 0.000000 1.000000 0.000000 0.000000
10.000000 94.817892 3.918075 3.416454 1.885266 0.000000 0.000000 0.000000 1.000000 0.000000 0.000000
10.000000 94.827895 3.879319 3.420883 1.887591 0.000000 0.000000 0.000000 1.000000 0.000000 0.000000
10.000000 94.837928 3.836454 3.429434 1.884917 0.000000 0.000000 0.000000 1.000000 0.000000 0.000000
10.000000 94.847914 3.913453 3.406783 1.886118 0.000000 0.000000 0.000000 1.000000 0.000000 0.000000
10.000000 94.857898 3.770476 3.436664 1.878033 0.000000 0.000000 0.000000 1.000000 0.000000 0.000000
10.000000 94.868011 3.707517 3.445496 1.865171 0.000000 0.000000 0.000000 1.000000 0.000000 0.000000
10.000000 94.877952 3.695156 3.442590 1.864533 0.000000 0.000000 0.000000 1.000000 0.000000 0.000000
10.000000 94.887928 3.595566 3.464389 1.855771 0.000000 0.000000 0.000000 1.000000 0.000000 0.000000
10.000000 94.898041 3.577994 3.462330 1.842280 0.000000 0.000000 0.000000 1.000000 0.000000 0.000000
10.000000 94.908020 3.527752 3.469300 1.840708 0.000000 0.000000 0.000000 1.000000 0.000000 0.000000
10.000000 94.917968 3.484615 3.477195 1.830057 0.000000 0.000000 0.000000 1.000000 0.000000 0.000000
10.000000 94.927853 3.446847 3.482053 1.815395 0.000000 0.000000 0.000000 1.000000 0.000000 0.000000
10.000000 94.937866 3.417079 3.481002 1.805638 0.000000 0.000000 0.000000 1.000000 0.000000 0.000000
10.000000 94.947863 3.365040 3.491684 1.797542 0.000000 0.000000 0.000000 1.000000 0.000000 0.000000
10.000000 94.957848 3.342919 3.489099 1.779447 0.000000 0.000000 0.000000 1.000000 0.000000 0.000000
10.000000 94.967899 3.302153 3.492549 1.768072 0.000000 0.000000 0.000000 1.000000 0.000000 0.000000
10.000000 94.977900 3.255654 3.504761 1.748586 0.000000 0.000000 0.000000 1.000000 0.000000 0.000000
10.000000 94.987863 3.198438 3.515600 1.723346 0.000000 0.000000 0.000000 1.000000 0.000000 0.000000
10.000000 94.997912 3.231747 3.500693 1.712153 0.000000 0.000000 0.000000 1.000000 0.000000 0.000000
10.000000 95.007962 3.140457 3.517952 1.691260 0.000000 0.000000 0.000000 1.000000 0.000000 0.000000
10.000000 95.018077 3.088372 3.526384 1.675433 0.000000 0.000000 0.000000 1.000000 0.000000 0.000000
10.000000 95.027937 3.047262 3.530104 1.649083 0.000000 0.000000 0.000000 1.000000 0.000000 0.000000
10.000000 95.037942 3.035455 3.526909 1.625926 0.000000 0.000000 0.000000 1.000000 0.000000 0.000000
10.000000 95.047970 3.046114 3.523728 1.597367 0.000000 0.000000 0.000000 1.000000 0.000000 0.000000
10.000000 95.057872 2.934681 3.543524 1.578300 0.000000 0.000000 0.000000 1.000000 0.000000 0.000000
10.000000 95.067932 2.878196 3.550940 1.550675 0.000000 0.000000 0.000000 1.000000 0.000000 0.000000
10.000000 95.077980 2.841351 3.558412 1.515687 0.000000 0.000000 0.000000 1.000000 0.000000 0.000000
10.000000 95.088506 2.802168 3.562704 1.494650 0.000000 0.000000 0.000000 1.000000 0.000000 0.000000
10.000000 95.097988 2.805390 3.556468 1.470263 0.000000 0.000000 0.000000 1.000000 0.000000 0.000000
10.000000 95.108190 2.692581 3.583195 1.432810 0.000000 0.000000 0.000000 1.000000 0.000000 0.000000
10.000000 95.117945 2.601767 3.610588 1.387738 0.000000 0.000000 0.000000 1.000000 0.000000 0.000000
10.000000 95.128033 2.631331 3.585707 1.365277 0.000000 0.000000 0.000000 1.000000 0.000000 0.000000
10.000000 95.137994 2.608209 3.589442 1.334720 0.000000 0.000000 0.000000 1.000000 0.000000 0.000000
10.000000 95.147995 2.609572 3.584686 1.299021 0.000000 0.000000 0.000000 1.000000 0.000000 0.000000
10.000000 95.157981 2.507092 3.603119 1.258556 0.000000 0.000000 0.000000 1.000000 0.000000 0.000000
10.000000 95.168060 2.471455 3.605315 1.219677 0.000000 0.000000 0.000000 1.000000 0.000000 0.000000
10.000000 95.178088 2.420993 3.616609 1.184754 0.000000 0.000000 0.000000 1.000000 0.000000 0.000000
10.000000 95.188040 2.369496 3.622669 1.141318 0.000000 0.000000 0.000000 1.000000 0.000000 0.000000
10.000000 95.197982 2.494900 3.585988 1.114526 0.000000 0.000000 0.000000 1.000000 0.000000 0.000000
10.000000 95.208115 2.341269 3.618056 1.065826 0.000000 0.000000 0.000000 1.000000 0.000000 0.000000
10.000000 95.218036 2.305580 3.620979 1.027489 0.000000 0.000000 0.000000 1.000000 0.000000 0.000000
10.000000 95.228108 2.246735 3.632304 0.982491 0.000000 0.000000 0.000000 1.000000 0.000000 0.000000
10.000000 95.238012 2.215304 3.635946 0.939259 0.000000 0.000000 0.000000 1.000000 0.000000 0.000000
10.000000 95.248123 2.109441 3.654787 0.884515 0.000000 0.000000 0.000000 1.000000 0.000000 0.000000
10.000000 95.257962 2.125220 3.649196 0.844712 0.000000 0.000000 0.000000 1.000000 0.000000 0.000000
10.000000 95.267987 2.119577 3.644217 0.797100 0.000000 0.000000 0.000000 1.000000 0.000000 0.000000
10.000000 95.278083 2.038063 3.662630 0.741934 0.000000 0.000000 0.000000 1.000000 0.000000 0.000000
10.000000 95.287997 2.040232 3.647472 0.702847 0.000000 0.000000 0.000000 1.000000 0.000000 0.000000
10.000000 95.298091 1.988670 3.661591 0.651157 0.000000 0.000000 0.000000 1.000000 0.000000 0.000000
10.000000 95.305735 2.017498 3.648815 0.635657 0.000000 0.000000 0.000000 1.000000 0.000000 0.000000
10.000000 95.308103 1.971404 3.659915 0.607506 0.000000 0.000000 0.000000 1.000000 0.000000 0.000000
10.000000 95.325765 1.941270 3.658389 0.523739 0.000000 0.000000 0.000000 1.000000 0.000000 0.000000
10.000000 95.328002 1.869505 3.676135 0.482046 0.000000 0.000000 0.000000 1.000000 0.000000 0.000000
10.000000 95.355853 1.942112 3.651245 0.391977 0.000000 0.000000 0.000000 1.000000 0.000000 0.000000
10.000000 95.358135 1.813793 3.680811 0.353049 0.000000 0.000000 0.000000 1.000000 0.000000 0.000000
10.000000 95.365937 1.909761 3.638259 0.345675 0.000000 0.000000 0.000000 1.000000 0.000000 0.000000
10.000000 95.368338 1.824096 3.658351 0.309060 0.000000 0.000000 0.000000 1.000000 0.000000 0.000000
10.000000 95.375880 1.846695 3.648742 0.287840 0.000000 0.000000 0.000000 1.000000 0.000000 0.000000
10.000000 95.378111 1.775730 3.665759 0.249344 0.000000 0.000000 0.000000 1.000000 0.000000 0.000000
10.000000 95.385983 1.765531 3.670898 0.220920 0.000000 0.000000 0.000000 1.000000 0.000000 0.000000
10.000000 95.388153 1.659350 3.695865 0.178894 0.000000 0.000000 0.000000 1.000000 0.000000 0.000000
10.000000 95.395900 1.682903 3.686060 0.158611 0.000000 0.000000 0.000000 1.000000 0.000000 0.000000
10.000000 95.398141 1.688550 3.685597 0.143781 0.000000 0.000000 0.000000 1.000000 0.000000 0.000000
10.000000 95.405977 1.690925 3.684456 0.163979 0.000000 0.000000 0.000000 1.000000 0.000000 0.000000
10.000000 95.408280 1.687350 3.684063 0.192666 0.000000 0.000000 0.000000 1.000000 0.000000 0.000000
10.000000 95.415875 1.708966 3.674145 0.222631 0.000000 0.000000 0.000000 1.000000 0.000000 0.000000
10.000000 95.418160 1.629764 3.691165 0.229427 0.000000 0.000000 0.000000 1.000000 0.000000 0.000000
10.000000 95.425865 1.630279 3.690898 0.252337 0.000000 0.000000 0.000000 1.000000 0.000000 0.000000
10.000000 95.428136 1.584620 3.700031 0.272276 0.000000 0.000000 0.000000 1.000000 0.000000 0.000000
10.000000 95.436041 1.550700 3.714860 0.289450 0.000000 0.000000 0.000000 1.000000 0.000000 0.000000
10.000000 95.438229 1.492684 3.726822 0.303286 0.000000 0.000000 0.000000 1.000000 0.000000 0.000000
10.000000 95.446012 1.556178 3.698444 0.333052 0.000000 0.000000 0.000000 1.000000 0.000000 0.000000
10.000000 95.448632 1.579726 3.692284 0.357105 0.000000 0.000000 0.000000 1.000000 0.000000 0.000000
10.000000 95.455875 1.554619 3.703253 0.364947 0.000000 0.000000 0.000000 1.000000 0.000000 0.000000
10.000000 95.458593 1.462220 3.722673 0.374904 0.000000 0.000000 0.000000 1.000000 0.000000 0.000000
10.000000 95.465952 1.419644 3.740837 0.404498 0.000000 0.000000 0.000000 1.000000 0.000000 0.000000
10.000000 95.468264 1.353375 3.754873 0.411665 0.000000 0.000000 0.000000 1.000000 0.000000 0.000000
10.000000 95.485956 1.390301 3.732445 0.468516 0.000000 0.000000 0.000000 1.000000 0.000000 0.000000
10.000000 95.488272 1.338110 3.742732 0.485160 0.000000 0.000000 0.000000 1.000000 0.000000 0.000000
10.000000 95.495833 1.315544 3.751970 0.512685 0.000000 0.000000 0.000000 1.000000 0.000000 0.000000
10.000000 95.498069 1.294087 3.755912 0.525272 0.000000 0.000000 0.000000 1.000000 0.000000 0.000000
10.000000 95.506033 1.324785 3.742203 0.548337 0.000000 0.000000 0.000000 1.000000 0.000000 0.000000
10.000000 95.508028 1.167765 3.775931 0.550452 0.000000 0.000000 0.000000 1.000000 0.000000 0.000000
10.000000 95.515915 1.168003 3.775364 0.571457 0.000000 0.000000 0.000000 1.000000 0.000000 0.000000
10.000000 95.518208 1.172382 3.773234 0.590399 0.000000 0.000000 0.000000 1.000000 0.000000 0.000000
10.000000 95.526051 1.137676 3.788161 0.600969 0.000000 0.000000 0.000000 1.000000 0.000000 0.000000
10.000000 95.528280 1.122646 3.790048 0.621349 0.000000 0.000000 0.000000 1.000000 0.000000 0.000000
10.000000 95.536005 1.148690 3.778060 0.644803 0.000000 0.000000 0.000000 1.000000 0.000000 0.000000
10.000000 95.538094 1.033544 3.802529 0.647766 0.000000 0.000000 0.000000 1.000000 0.000000 0.000000
10.000000 95.545983 1.038840 3.799650 0.666656 0.000000 0.000000 0.000000 1.000000 0.000000 0.000000
10.000000 95.548174 1.071158 3.791655 0.682205 0.000000 0.000000 0.000000 1.000000 0.000000 0.000000
10.000000 95.555946 1.086988 3.784361 0.705375 0.000000 0.000000 0.000000 1.000000 0.000000 0.000000
10.000000 95.558218 0.992424 3.803908 0.716019 0.000000 0.000000 0.000000 1.000000 0.000000 0.000000
10.000000 95.565936 0.984179 3.807146 0.728196 0.000000 0.000000 0.000000 1.000000 0.000000 0.000000
10.000000 95.568352 0.978531 3.807384 0.741516 0.000000 0.000000 0.000000 1.000000 0.000000 0.000000
10.000000 95.575914 0.992680 3.800767 0.759319 0.000000 0.000000 0.000000 1.000000 0.000000 0.000000
10.000000 95.578250 0.940163 3.810871 0.774477 0.000000 0.000000 0.000000 1.000000 0.000000 0.000000
10.000000 95.586062 0.945800 3.807881 0.790568 0.000000 0.000000 0.000000 1.000000 0.000000 0.000000
10.000000 95.588108 0.880554 3.821311 0.796702 0.000000 0.000000 0.000000 1.000000 0.000000 0.000000
10.000000 95.595841 0.879153 3.821425 0.810061 0.000000 0.000000 0.000000 1.000000 0.000000 0.000000
10.000000 95.608149 0.774547 3.846259 0.838206 0.000000 0.000000 0.000000 1.000000 0.000000 0.000000
10.000000 95.615901 0.806110 3.831905 0.858364 0.000000 0.000000 0.000000 1.000000 0.000000 0.000000
10.000000 95.618115 0.797582 3.832281 0.875783 0.000000 0.000000 0.000000 1.000000 0.000000 0.000000
10.000000 95.625971 0.798859 3.831309 0.886645 0.000000 0.000000 0.000000 1.000000 0.000000 0.000000
10.000000 95.628086 0.729012 3.845968 0.888424 0.000000 0.000000 0.000000 1.000000 0.000000 0.000000
10.000000 95.635933 0.747514 3.837486 0.900776 0.000000 0.000000 0.000000 1.000000 0.000000 0.000000
10.000000 95.638179 0.709225 3.844939 0.908424 0.000000 0.000000 0.000000 1.000000 0.000000 0.000000
10.000000 95.646110 0.683224 3.855699 0.917799 0.000000 0.000000 0.000000 1.000000 0.000000 0.000000
10.000000 95.648251 0.659903 3.860815 0.915786 0.000000 0.000000 0.000000 1.000000 0.000000 0.000000
10.000000 95.656000 0.661271 3.859700 0.929401 0.000000 0.000000 0.000000 1.000000 0.000000 0.000000
10.000000 95.658206 0.616324 3.867780 0.944608 0.000000 0.000000 0.000000 1.000000 0.000000 0.000000
10.000000 95.666084 0.634472 3.859438 0.956817 0.000000 0.000000 0.000000 1.000000 0.000000 0.000000
10.000000 95.668190 0.553655 3.876256 0.959222 0.000000 0.000000 0.000000 1.000000 0.000000 0.000000
10.000000 95.676015 0.541020 3.881154 0.969221 0.000000 0.000000 0.000000 1.000000 0.000000 0.000000
10.000000 95.678153 0.560381 3.875498 0.985799 0.000000 0.000000 0.000000 1.000000 0.000000 0.000000
10.000000 95.686067 0.553148 3.878055 0.996436 0.000000 0.000000 0.000000 1.000000 0.000000 0.000000
10.000000 95.688342 0.477754 3.894347 0.992129 0.000000 0.000000 0.000000 1.000000 0.000000 0.000000
10.000000 95.695940 0.503896 3.882463 1.006086 0.000000 0.000000 0.000000 1.000000 0.000000 0.000000
10.000000 95.698160 0.465399 3.890251 1.009014 0.000000 0.000000 0.000000 1.000000 0.000000 0.000000
10.000000 95.706166 0.473346 3.886479 1.016336 0.000000 0.000000 0.000000 1.000000 0.000000 0.000000
10.000000 95.708401 0.412622 3.898694 1.021417 0.000000 0.000000 0.000000 1.000000 0.000000 0.000000
10.000000 95.716016 0.402386 3.902478 1.031502 0.000000 0.000000 0.000000 1.000000 0.000000 0.000000
10.000000 95.718251 0.403747 3.901467 1.038296 0.000000 0.000000 0.000000 1.000000 0.000000 0.000000
10.000000 95.726057 0.405417 3.900357 1.045434 0.000000 0.000000 0.000000 1.000000 0.000000 0.000000
10.000000 95.728369 0.368653 3.907334 1.052247 0.000000 0.000000 0.000000 1.000000 0.000000 0.000000
10.000000 95.736148 0.368296 3.907098 1.058794 0.000000 0.000000 0.000000 1.000000 0.000000 0.000000
10.000000 95.738218 0.338198 3.913100 1.061576 0.000000 0.000000 0.000000 1.000000 0.000000 0.000000
10.000000 95.746081 0.349457 3.907732 1.071264 0.000000 0.000000 0.000000 1.000000 0.000000 0.000000
10.000000 95.748320 0.294052 3.920961 1.056898 0.000000 0.000000 0.000000 1.000000 0.000000 0.000000
10.000000 95.756111 0.315732 3.911465 1.062099 0.000000 0.000000 0.000000 1.000000 0.000000 0.000000
10.000000 95.758184 0.231785 3.928034 1.069973 0.000000 0.000000 0.000000 1.000000 0.000000 0.000000
10.000000 95.766015 0.218283 3.933289 1.076776 0.000000 0.000000 0.000000 1.000000 0.000000 0.000000
10.000000 95.768345 0.193676 3.937651 1.083266 0.000000 0.000000 0.000000 1.000000 0.000000 0.000000
10.000000 95.775944 0.203218 3.933260 1.088427 0.000000 0.000000 0.000000 1.000000 0.000000 0.000000
10.000000 95.778221 0.173422 3.939642 1.086829 0.000000 0.000000 0.000000 1.000000 0.000000 0.000000
10.000000 95.786019 0.233158 3.913679 1.097299 0.000000 0.000000 0.000000 1.000000 0.000000 0.000000
10.000000 95.788391 0.146090 3.932226 1.093240 0.000000 0.000000 0.000000 1.000000 0.000000 0.000000
10.000000 95.796025 0.113223 3.945919 1.095533 0.000000 0.000000 0.000000 1.000000 0.000000 0.000000
10.000000 95.798370 0.171010 3.933646 1.097932 0.000000 0.000000 0.000000 1.000000 0.000000 0.000000
10.000000 95.806215 0.179446 3.929775 1.102425 0.000000 0.000000 0.000000 1.000000 0.000000 0.000000
10.000000 95.808364 0.058982 3.955060 1.099682 0.000000 0.000000 0.000000 1.000000 0.000000 0.000000
10.000000 95.816152 0.055466 3.956387 1.101655 0.000000 0.000000 0.000000 1.000000 0.000000 0.000000
10.000000 95.818355 -0.024456 3.973183 1.099439 0.000000 0.000000 0.000000 1.000000 0.000000 0.000000
10.000000 95.826248 -0.006203 3.965007 1.105767 0.000000 0.000000 0.000000 1.000000 0.000000 0.000000
10.000000 95.828420 -0.020366 3.968821 1.098885 0.000000 0.000000 0.000000 1.000000 0.000000 0.000000
10.000000 95.836145 -0.029923 3.972785 1.099368 0.000000 0.000000 0.000000 1.000000 0.000000 0.000000
10.000000 95.838371 -0.056685 3.977880 1.102505 0.000000 0.000000 0.000000 1.000000 0.000000 0.000000
10.000000 95.846111 -0.035218 3.968590 1.105998 0.000000 0.000000 0.000000 1.000000 0.000000 0.000000
10.000000 95.848370 0.014824 3.958711 1.102832 0.000000 0.000000 0.000000 1.000000 0.000000 0.000000
10.000000 95.856059 0.016309 3.958097 1.102725 0.000000 0.000000 0.000000 1.000000 0.000000 0.000000
10.000000 95.858287 -0.147962 3.993529 1.090430 0.000000 0.000000 0.000000 1.000000 0.000000 0.000000
10.000000 95.866242 -0.143309 3.991506 1.091316 0.000000 0.000000 0.000000 1.000000 0.000000 0.000000
10.000000 95.868443 -0.225052 4.008963 1.086210 0.000000 0.000000 0.000000 1.000000 0.000000 0.000000
10.000000 95.876097 -0.218480 4.006223 1.086210 0.000000 0.000000 0.000000 1.000000 0.000000 0.000000
10.000000 95.878333 -0.253185 4.014176 1.080092 0.000000 0.000000 0.000000 1.000000 0.000000 0.000000
10.000000 95.886213 -0.231486 4.004953 1.082057 0.000000 0.000000 0.000000 1.000000 0.000000 0.000000
10.000000 95.888595 -0.252116 4.009878 1.077048 0.000000 0.000000 0.000000 1.000000 0.000000 0.000000
10.000000 95.896205 -0.228999 4.000056 1.079174 0.000000 0.000000 0.000000 1.000000 0.000000 0.000000
10.000000 95.898385 -0.312487 4.021943 1.048123 0.000000 0.000000 0.000000 1.000000 0.000000 0.000000
10.000000 95.906248 -0.231608 3.987985 1.053459 0.000000 0.000000 0.000000 1.000000 0.000000 0.000000
10.000000 95.908586 -0.296781 3.999597 1.063603 0.000000 0.000000 0.000000 1.000000 0.000000 0.000000
10.000000 95.916228 -0.314592 4.007357 1.059857 0.000000 0.000000 0.000000 1.000000 0.000000 0.000000
10.000000 95.918541 -0.313523 4.007944 1.054423 0.000000 0.000000 0.000000 1.000000 0.000000 0.000000
10.000000 95.926297 -0.297709 4.001538 1.052978 0.000000 0.000000 0.000000 1.000000 0.000000 0.000000
10.000000 95.928630 -0.340808 4.011691 1.043576 0.000000 0.000000 0.000000 1.000000 0.000000 0.000000
10.000000 95.936190 -0.327601 4.006417 1.041746 0.000000 0.000000 0.000000 1.000000 0.000000 0.000000
10.000000 95.938385 -0.442028 4.031867 1.026700 0.000000 0.000000 0.000000 1.000000 0.000000 0.000000
10.000000 95.946324 -0.445900 4.034285 1.019144 0.000000 0.000000 0.000000 1.000000 0.000000 0.000000
10.000000 95.948423 -0.375226 4.020754 1.014354 0.000000 0.000000 0.000000 1.000000 0.000000 0.000000
10.000000 95.956597 -0.349138 4.009799 1.016114 0.000000 0.000000 0.000000 1.000000 0.000000 0.000000
10.000000 95.958395 -0.478054 4.037794 1.003475 0.000000 0.000000 0.000000 1.000000 0.000000 0.000000
10.000000 95.966274 -0.463903 4.032371 0.999898 0.000000 0.000000 0.000000 1.000000 0.000000 0.000000
10.000000 95.968509 -0.525463 4.047454 0.983278 0.000000 0.000000 0.000000 1.000000 0.000000 0.000000
10.000000 95.976170 -0.489102 4.033326 0.976305 0.000000 0.000000 0.000000 1.000000 0.000000 0.000000
10.000000 95.978390 -0.554599 4.048272 0.964992 0.000000 0.000000 0.000000 1.000000 0.000000 0.000000
10.000000 95.986241 -0.553061 4.047987 0.962013 0.000000 0.000000 0.000000 1.000000 0.000000 0.000000
10.000000 95.988439 -0.588786 4.057304 0.948878 0.000000 0.000000 0.000000 1.000000 0.000000 0.000000
10.000000 95.996189 -0.556574 4.045075 0.940603 0.000000 0.000000 0.000000 1.000000 0.000000 0.000000
10.000000 95.998414 -0.635914 4.065308 0.914375 0.000000 0.000000 0.000000 1.000000 0.000000 0.000000
10.000000 96.006226 -0.612225 4.055243 0.917490 0.000000 0.000000 0.000000 1.000000 0.000000 0.000000
10.000000 96.008411 -0.610212 4.054559 0.919054 0.000000 0.000000 0.000000 1.000000 0.000000 0.000000
10.000000 96.016094 -0.572267 4.039293 0.917220 0.000000 0.000000 0.000000 1.000000 0.000000 0.000000
10.000000 96.018393 -0.658721 4.059012 0.902590 0.000000 0.000000 0.000000 1.000000 0.000000 0.000000
10.000000 96.026217 -0.643046 4.053700 0.893983 0.000000 0.000000 0.000000 1.000000 0.000000 0.000000
10.000000 96.028447 -0.728724 4.073916 0.875212 0.000000 0.000000 0.000000 1.000000 0.000000 0.000000
10.000000 96.036067 -0.710193 4.067884 0.863104 0.000000 0.000000 0.000000 1.000000 0.000000 0.000000
10.000000 96.038390 -0.787482 4.087247 0.839140 0.000000 0.000000 0.000000 1.000000 0.000000 0.000000
10.000000 96.046200 -0.776061 4.083060 0.835809 0.000000 0.000000 0.000000 1.000000 0.000000 0.000000
10.000000 96.048398 -0.906103 4.114480 0.804837 0.000000 0.000000 0.000000 1.000000 0.000000 0.000000
10.000000 96.056129 -0.846283 4.090967 0.800760 0.000000 0.000000 0.000000 1.000000 0.000000 0.000000
10.000000 96.058467 -0.814292 4.083997 0.804490 0.000000 0.000000 0.000000 1.000000 0.000000 0.000000
10.000000 96.066225 -0.783835 4.073002 0.793888 0.000000 0.000000 0.000000 1.000000 0.000000 0.000000
10.000000 96.068513 -0.875148 4.095616 0.766993 0.000000 0.000000 0.000000 1.000000 0.000000 0.000000
10.000000 96.076136 -0.874370 4.096704 0.756860 0.000000 0.000000 0.000000 1.000000 0.000000 0.000000
10.000000 96.078392 -0.919002 4.108502 0.739931 0.000000 0.000000 0.000000 1.000000 0.000000 0.000000
10.000000 96.086286 -0.859452 4.084764 0.737625 0.000000 0.000000 0.000000 1.000000 0.000000 0.000000
10.000000 96.088540 -0.891986 4.093248 0.725811 0.000000 0.000000 0.000000 1.000000 0.000000 0.000000
10.000000 96.096249 -0.865179 4.083175 0.720328 0.000000 0.000000 0.000000 1.000000 0.000000 0.000000
10.000000 96.098453 -0.804124 4.073454 0.708397 0.000000 0.000000 0.000000 1.000000 0.000000 0.000000
10.000000 96.106347 -0.764050 4.058818 0.697651 0.000000 0.000000 0.000000 1.000000 0.000000 0.000000
10.000000 96.108554 -0.958734 4.101958 0.669483 0.000000 0.000000 0.000000 1.000000 0.000000 0.000000
10.000000 96.116187 -0.922124 4.088309 0.661275 0.000000 0.000000 0.000000 1.000000 0.000000 0.000000
10.000000 96.118429 -0.991316 4.106394 0.635409 0.000000 0.000000 0.000000 1.000000 0.000000 0.000000
10.000000 96.126368 -0.945925 4.089218 0.627931 0.000000 0.000000 0.000000 1.000000 0.000000 0.000000
10.000000 96.128516 -1.010836 4.105919 0.605520 0.000000 0.000000 0.000000 1.000000 0.000000 0.000000
10.000000 96.136104 -0.980750 4.095604 0.593336 0.000000 0.000000 0.000000 1.000000 0.000000 0.000000
10.000000 96.138373 -1.096962 4.124109 0.560836 0.000000 0.000000 0.000000 1.000000 0.000000 0.000000
10.000000 96.146207 -1.082159 4.119820 0.550307 0.000000 0.000000 0.000000 1.000000 0.000000 0.000000
10.000000 96.148542 -1.052875 4.117074 0.535435 0.000000 0.000000 0.000000 1.000000 0.000000 0.000000
10.000000 96.156195 -1.000444 4.096703 0.532158 0.000000 0.000000 0.000000 1.000000 0.000000 0.000000
10.000000 96.158445 -1.134806 4.127945 0.505048 0.000000 0.000000 0.000000 1.000000 0.000000 0.000000
10.000000 96.166351 -1.112376 4.121170 0.491803 0.000000 0.000000 0.000000 1.000000 0.000000 0.000000
10.000000 96.168600 -1.176324 4.138408 0.466759 0.000000 0.000000 0.000000 1.000000 0.000000 0.000000
10.000000 96.176240 -1.100381 4.109438 0.459167 0.000000 0.000000 0.000000 1.000000 0.000000 0.000000
10.000000 96.178464 -1.197428 4.134051 0.428561 0.000000 0.000000 0.000000 1.000000 0.000000 0.000000
10.000000 96.186585 -1.191000 4.134771 0.408500 0.000000 0.000000 0.000000 1.000000 0.000000 0.000000
10.000000 96.188598 -1.273630 4.155196 0.384203 0.000000 0.000000 0.000000 1.000000 0.000000 0.000000
10.000000 96.196154 -1.231046 4.139865 0.373872 0.000000 0.000000 0.000000 1.000000 0.000000 0.000000
10.000000 96.198544 -1.220809 4.143138 0.347168 0.000000 0.000000 0.000000 1.000000 0.000000 0.000000
10.000000 96.206330 -1.141003 4.112186 0.343930 0.000000 0.000000 0.000000 1.000000 0.000000 0.000000
10.000000 96.208602 -1.282267 4.144608 0.316277 0.000000 0.000000 0.000000 1.000000 0.000000 0.000000
10.000000 96.216320 -1.282686 4.147761 0.298397 0.000000 0.000000 0.000000 1.000000 0.000000 0.000000
10.000000 96.218472 -1.341671 4.164444 0.270721 0.000000 0.000000 0.000000 1.000000 0.000000 0.000000
10.000000 96.226291 -1.286221 4.144967 0.256108 0.000000 0.000000 0.000000 1.000000 0.000000 0.000000
10.000000 96.228588 -1.422288 4.178378 0.217009 0.000000 0.000000 0.000000 1.000000 0.000000 0.000000
10.000000 96.236159 -1.373096 4.161059 0.204716 0.000000 0.000000 0.000000 1.000000 0.000000 0.000000
10.000000 96.238469 -1.423226 4.175213 0.180468 0.000000 0.000000 0.000000 1.000000 0.000000 0.000000
10.000000 96.246331 -1.361105 4.152759 0.167696 0.000000 0.000000 0.000000 1.000000 0.000000 0.000000
