6.000000 84.896528 25.052846 -0.243643 0.372541 0.000000 0.000000 0.000000 1.000000 0.000000 0.000000
6.000000 84.899759 25.110322 -0.227247 0.403238 0.000000 0.000000 0.000000 1.000000 0.000000 0.000000
6.000000 84.909805 24.911441 -0.220678 0.506702 0.000000 0.000000 0.000000 1.000000 0.000000 0.000000
6.000000 84.919773 24.741898 -0.194384 0.611305 0.000000 0.000000 0.000000 1.000000 0.000000 0.000000
6.000000 84.929675 24.459367 -0.186662 0.760106 0.000000 0.000000 0.000000 1.000000 0.000000 0.000000
6.000000 84.939762 24.338976 -0.161749 0.821796 0.000000 0.000000 0.000000 1.000000 0.000000 0.000000
6.000000 84.949726 24.254877 -0.121403 0.898191 0.000000 0.000000 0.000000 1.000000 0.000000 0.000000
6.000000 84.959764 24.142243 -0.092076 0.978739 0.000000 0.000000 0.000000 1.000000 0.000000 0.000000
6.000000 84.969858 23.984602 -0.073055 1.064456 0.000000 0.000000 0.000000 1.000000 0.000000 0.000000
6.000000 84.973003 23.019618 -0.098119 1.336908 0.000000 0.000000 0.000000 1.000000 0.000000 0.000000
6.000000 84.979755 23.909617 -0.045656 1.140691 0.000000 0.000000 0.000000 1.000000 0.000000 0.000000
6.000000 84.983111 22.904136 -0.073485 1.405011 0.000000 0.000000 0.000000 1.000000 0.000000 0.000000
6.000000 84.989722 23.815616 -0.024584 1.209193 0.000000 0.000000 0.000000 1.000000 0.000000 0.000000
6.000000 84.993006 22.800282 -0.057498 1.479799 0.000000 0.000000 0.000000 1.000000 0.000000 0.000000
6.000000 85.000068 23.602935 0.004000 1.299567 0.000000 0.000000 0.000000 1.000000 0.000000 0.000000
6.000000 85.003155 22.683657 -0.032557 1.543570 0.000000 0.000000 0.000000 1.000000 0.000000 0.000000
6.000000 85.009890 23.470899 0.023780 1.371636 0.000000 0.000000 0.000000 1.000000 0.000000 0.000000
6.000000 85.013127 22.565681 -0.014518 1.609543 0.000000 0.000000 0.000000 1.000000 0.000000 0.000000
6.000000 85.019949 23.382650 0.052329 1.442605 0.000000 0.000000 0.000000 1.000000 0.000000 0.000000
6.000000 85.023272 22.451036 0.010160 1.677904 0.000000 0.000000 0.000000 1.000000 0.000000 0.000000
6.000000 85.029718 23.153929 0.054231 1.521438 0.000000 0.000000 0.000000 1.000000 0.000000 0.000000
6.000000 85.033062 22.369031 0.015733 1.738305 0.000000 0.000000 0.000000 1.000000 0.000000 0.000000
6.000000 85.039810 23.172352 0.100533 1.569991 0.000000 0.000000 0.000000 1.000000 0.000000 0.000000
6.000000 85.043195 22.240446 0.053730 1.800477 0.000000 0.000000 0.000000 1.000000 0.000000 0.000000
6.000000 85.049783 22.965224 0.119668 1.657548 0.000000 0.000000 0.000000 1.000000 0.000000 0.000000
6.000000 85.053071 22.138078 0.072093 1.863011 0.000000 0.000000 0.000000 1.000000 0.000000 0.000000
6.000000 85.063099 22.021826 0.090764 1.924982 0.000000 0.000000 0.000000 1.000000 0.000000 0.000000
6.000000 85.073072 21.910171 0.106276 1.982333 0.000000 0.000000 0.000000 1.000000 0.000000 0.000000
6.000000 85.083165 21.792133 0.128217 2.039916 0.000000 0.000000 0.000000 1.000000 0.000000 0.000000
6.000000 85.093032 21.678654 0.149631 2.098144 0.000000 0.000000 0.000000 1.000000 0.000000 0.000000
6.000000 85.103139 21.564382 0.168172 2.156226 0.000000 0.000000 0.000000 1.000000 0.000000 0.000000
6.000000 85.113232 21.448401 0.189081 2.210711 0.000000 0.000000 0.000000 1.000000 0.000000 0.000000
6.000000 85.123075 21.333736 0.212650 2.262663 0.000000 0.000000 0.000000 1.000000 0.000000 0.000000
6.000000 85.133167 21.216233 0.226830 2.310075 0.000000 0.000000 0.000000 1.000000 0.000000 0.000000
6.000000 85.143275 21.084504 0.250447 2.362525 0.000000 0.000000 0.000000 1.000000 0.000000 0.000000
6.000000 85.153052 20.972802 0.272344 2.416180 0.000000 0.000000 0.000000 1.000000 0.000000 0.000000
6.000000 85.163201 20.886515 0.284092 2.466279 0.000000 0.000000 0.000000 1.000000 0.000000 0.000000
6.000000 85.173048 20.788645 0.290772 2.510115 0.000000 0.000000 0.000000 1.000000 0.000000 0.000000
6.000000 85.183389 20.654274 0.329537 2.563371 0.000000 0.000000 0.000000 1.000000 0.000000 0.000000
6.000000 85.193249 20.512341 0.355610 2.606206 0.000000 0.000000 0.000000 1.000000 0.000000 0.000000
6.000000 85.196719 20.074903 0.118607 2.506940 0.000000 0.000000 0.000000 1.000000 0.000000 0.000000
6.000000 85.199835 19.845097 0.376711 2.617348 0.000000 0.000000 0.000000 1.000000 0.000000 0.000000
6.000000 85.203261 20.415064 0.372731 2.650817 0.000000 0.000000 0.000000 1.000000 0.000000 0.000000
6.000000 85.206716 19.973919 0.146192 2.556570 0.000000 0.000000 0.000000 1.000000 0.000000 0.000000
6.000000 85.209748 19.741948 0.402117 2.663636 0.000000 0.000000 0.000000 1.000000 0.000000 0.000000
6.000000 85.213196 20.280731 0.393410 2.692538 0.000000 0.000000 0.000000 1.000000 0.000000 0.000000
6.000000 85.216752 19.854886 0.166029 2.601462 0.000000 0.000000 0.000000 1.000000 0.000000 0.000000
6.000000 85.223223 20.188075 0.408003 2.732984 0.000000 0.000000 0.000000 1.000000 0.000000 0.000000
6.000000 85.226715 19.731245 0.188752 2.648586 0.000000 0.000000 0.000000 1.000000 0.000000 0.000000
6.000000 85.233372 20.024394 0.434855 2.778256 0.000000 0.000000 0.000000 1.000000 0.000000 0.000000
6.000000 85.236766 19.620715 0.197295 2.682986 0.000000 0.000000 0.000000 1.000000 0.000000 0.000000
6.000000 85.243412 19.913991 0.453552 2.819853 0.000000 0.000000 0.000000 1.000000 0.000000 0.000000
6.000000 85.246635 19.495931 0.231443 2.734894 0.000000 0.000000 0.000000 1.000000 0.000000 0.000000
6.000000 85.253165 19.797158 0.474594 2.858493 0.000000 0.000000 0.000000 1.000000 0.000000 0.000000
6.000000 85.256837 19.378438 0.253461 2.777121 0.000000 0.000000 0.000000 1.000000 0.000000 0.000000
6.000000 85.263188 19.663329 0.496061 2.897368 0.000000 0.000000 0.000000 1.000000 0.000000 0.000000
6.000000 85.266720 19.264839 0.272749 2.821125 0.000000 0.000000 0.000000 1.000000 0.000000 0.000000
6.000000 85.273253 19.565369 0.514119 2.938495 0.000000 0.000000 0.000000 1.000000 0.000000 0.000000
6.000000 85.276715 19.147386 0.293205 2.860371 0.000000 0.000000 0.000000 1.000000 0.000000 0.000000
6.000000 85.283208 19.461947 0.533337 2.976116 0.000000 0.000000 0.000000 1.000000 0.000000 0.000000
6.000000 85.286703 19.041818 0.304234 2.890060 0.000000 0.000000 0.000000 1.000000 0.000000 0.000000
6.000000 85.293232 19.331982 0.553593 3.009168 0.000000 0.000000 0.000000 1.000000 0.000000 0.000000
6.000000 85.296760 18.908558 0.329788 2.934356 0.000000 0.000000 0.000000 1.000000 0.000000 0.000000
6.000000 85.303247 19.187803 0.583089 3.045306 0.000000 0.000000 0.000000 1.000000 0.000000 0.000000
6.000000 85.306634 18.800309 0.351172 2.971464 0.000000 0.000000 0.000000 1.000000 0.000000 0.000000
6.000000 85.313122 19.104057 0.593462 3.078456 0.000000 0.000000 0.000000 1.000000 0.000000 0.000000
6.000000 85.316794 18.679035 0.369637 3.005416 0.000000 0.000000 0.000000 1.000000 0.000000 0.000000
6.000000 85.323243 18.995621 0.613320 3.110163 0.000000 0.000000 0.000000 1.000000 0.000000 0.000000
6.000000 85.326815 18.559507 0.390420 3.044134 0.000000 0.000000 0.000000 1.000000 0.000000 0.000000
6.000000 85.333366 18.869167 0.628275 3.137225 0.000000 0.000000 0.000000 1.000000 0.000000 0.000000
6.000000 85.336742 18.464291 0.404160 3.074837 0.000000 0.000000 0.000000 1.000000 0.000000 0.000000
6.000000 85.343266 18.742228 0.655030 3.171435 0.000000 0.000000 0.000000 1.000000 0.000000 0.000000
6.000000 85.346711 18.327795 0.430595 3.102181 0.000000 0.000000 0.000000 1.000000 0.000000 0.000000
6.000000 85.353292 18.627238 0.675292 3.203658 0.000000 0.000000 0.000000 1.000000 0.000000 0.000000
6.000000 85.356870 18.211870 0.450142 3.130192 0.000000 0.000000 0.000000 1.000000 0.000000 0.000000
6.000000 85.363262 18.494768 0.692364 3.227483 0.000000 0.000000 0.000000 1.000000 0.000000 0.000000
6.000000 85.366858 18.092294 0.466905 3.162741 0.000000 0.000000 0.000000 1.000000 0.000000 0.000000
6.000000 85.373228 18.352092 0.713140 3.251591 0.000000 0.000000 0.000000 1.000000 0.000000 0.000000
6.000000 85.376799 17.983259 0.486835 3.185599 0.000000 0.000000 0.000000 1.000000 0.000000 0.000000
6.000000 85.393340 18.121133 0.761892 3.312424 0.000000 0.000000 0.000000 1.000000 0.000000 0.000000
6.000000 85.403418 18.001546 0.771611 3.332639 0.000000 0.000000 0.000000 1.000000 0.000000 0.000000
6.000000 85.413188 17.856959 0.792083 3.360717 0.000000 0.000000 0.000000 1.000000 0.000000 0.000000
6.000000 85.423280 17.730452 0.815015 3.378969 0.000000 0.000000 0.000000 1.000000 0.000000 0.000000
6.000000 85.433225 17.683354 0.835975 3.400016 0.000000 0.000000 0.000000 1.000000 0.000000 0.000000
6.000000 85.443319 17.570107 0.851088 3.428922 0.000000 0.000000 0.000000 1.000000 0.000000 0.000000
6.000000 85.453273 17.423652 0.872793 3.437214 0.000000 0.000000 0.000000 1.000000 0.000000 0.000000
6.000000 85.463398 17.305977 0.891414 3.455742 0.000000 0.000000 0.000000 1.000000 0.000000 0.000000
6.000000 85.473281 17.183685 0.907541 3.469514 0.000000 0.000000 0.000000 1.000000 0.000000 0.000000
6.000000 85.483387 17.040073 0.932634 3.481404 0.000000 0.000000 0.000000 1.000000 0.000000 0.000000
6.000000 85.493216 16.937030 0.949489 3.496238 0.000000 0.000000 0.000000 1.000000 0.000000 0.000000
6.000000 85.503338 16.778162 0.973381 3.504918 0.000000 0.000000 0.000000 1.000000 0.000000 0.000000
6.000000 85.513373 16.705328 0.987866 3.527050 0.000000 0.000000 0.000000 1.000000 0.000000 0.000000
6.000000 85.523284 16.566885 1.012281 3.539583 0.000000 0.000000 0.000000 1.000000 0.000000 0.000000
6.000000 85.533240 16.461397 1.025475 3.545475 0.000000 0.000000 0.000000 1.000000 0.000000 0.000000
6.000000 85.543348 16.371175 1.039394 3.558495 0.000000 0.000000 0.000000 1.000000 0.000000 0.000000
6.000000 85.553351 16.200726 1.062337 3.570018 0.000000 0.000000 0.000000 1.000000 0.000000 0.000000
6.000000 85.563492 16.102373 1.083800 3.575129 0.000000 0.000000 0.000000 1.000000 0.000000 0.000000
6.000000 85.573195 15.985547 1.102522 3.588594 0.000000 0.000000 0.000000 1.000000 0.000000 0.000000
6.000000 85.583289 15.854325 1.122520 3.589789 0.000000 0.000000 0.000000 1.000000 0.000000 0.000000
6.000000 85.593364 15.779810 1.136027 3.592444 0.000000 0.000000 0.000000 1.000000 0.000000 0.000000
6.000000 85.603391 15.648209 1.159096 3.599507 0.000000 0.000000 0.000000 1.000000 0.000000 0.000000
6.000000 85.613246 15.534725 1.177270 3.600936 0.000000 0.000000 0.000000 1.000000 0.000000 0.000000
6.000000 85.623352 15.414646 1.196794 3.599460 0.000000 0.000000 0.000000 1.000000 0.000000 0.000000
6.000000 85.633326 15.303313 1.214682 3.608905 0.000000 0.000000 0.000000 1.000000 0.000000 0.000000
6.000000 85.643364 15.201979 1.232695 3.606216 0.000000 0.000000 0.000000 1.000000 0.000000 0.000000
6.000000 85.653294 15.079865 1.256815 3.609142 0.000000 0.000000 0.000000 1.000000 0.000000 0.000000
6.000000 85.663432 14.943975 1.276681 3.602416 0.000000 0.000000 0.000000 1.000000 0.000000 0.000000
6.000000 85.673308 14.851709 1.292150 3.600055 0.000000 0.000000 0.000000 1.000000 0.000000 0.000000
6.000000 85.683471 14.730383 1.311533 3.601589 0.000000 0.000000 0.000000 1.000000 0.000000 0.000000
6.000000 85.693408 14.624055 1.331148 3.602347 0.000000 0.000000 0.000000 1.000000 0.000000 0.000000
6.000000 85.703538 14.555707 1.342809 3.598573 0.000000 0.000000 0.000000 1.000000 0.000000 0.000000
6.000000 85.713291 14.410130 1.363405 3.596321 0.000000 0.000000 0.000000 1.000000 0.000000 0.000000
6.000000 85.723633 14.308624 1.381435 3.587838 0.000000 0.000000 0.000000 1.000000 0.000000 0.000000
6.000000 85.730216 14.701941 1.441091 3.544804 0.000000 0.000000 0.000000 1.000000 0.000000 0.000000
6.000000 85.733277 14.202258 1.398265 3.577561 0.000000 0.000000 0.000000 1.000000 0.000000 0.000000
6.000000 85.743605 14.092917 1.424063 3.575804 0.000000 0.000000 0.000000 1.000000 0.000000 0.000000
6.000000 85.753501 13.957479 1.438436 3.564870 0.000000 0.000000 0.000000 1.000000 0.000000 0.000000
6.000000 85.763579 13.858709 1.450141 3.543706 0.000000 0.000000 0.000000 1.000000 0.000000 0.000000
6.000000 85.773324 13.763264 1.479809 3.539098 0.000000 0.000000 0.000000 1.000000 0.000000 0.000000
6.000000 85.783364 13.612590 1.491918 3.524103 0.000000 0.000000 0.000000 1.000000 0.000000 0.000000
6.000000 85.793444 13.508808 1.512697 3.504459 0.000000 0.000000 0.000000 1.000000 0.000000 0.000000
6.000000 85.803388 13.381353 1.529925 3.496183 0.000000 0.000000 0.000000 1.000000 0.000000 0.000000
6.000000 85.813454 13.303124 1.544939 3.477318 0.000000 0.000000 0.000000 1.000000 0.000000 0.000000
6.000000 85.823334 13.219255 1.558030 3.462845 0.000000 0.000000 0.000000 1.000000 0.000000 0.000000
6.000000 85.833406 13.110515 1.574701 3.442172 0.000000 0.000000 0.000000 1.000000 0.000000 0.000000
6.000000 85.843434 12.931379 1.597047 3.423667 0.000000 0.000000 0.000000 1.000000 0.000000 0.000000
6.000000 85.853437 12.815763 1.608028 3.405791 0.000000 0.000000 0.000000 1.000000 0.000000 0.000000
6.000000 85.856953 12.714551 1.382348 3.355633 0.000000 0.000000 0.000000 1.000000 0.000000 0.000000
6.000000 85.863338 12.745902 1.635575 3.378491 0.000000 0.000000 0.000000 1.000000 0.000000 0.000000
6.000000 85.866892 12.654486 1.416734 3.346168 0.000000 0.000000 0.000000 1.000000 0.000000 0.000000
6.000000 85.873385 12.657209 1.644249 3.361118 0.000000 0.000000 0.000000 1.000000 0.000000 0.000000
6.000000 85.876945 12.539649 1.437849 3.329256 0.000000 0.000000 0.000000 1.000000 0.000000 0.000000
6.000000 85.883379 12.545997 1.663173 3.340956 0.000000 0.000000 0.000000 1.000000 0.000000 0.000000
6.000000 85.886874 12.456233 1.461477 3.301900 0.000000 0.000000 0.000000 1.000000 0.000000 0.000000
6.000000 85.893405 12.421661 1.684957 3.314684 0.000000 0.000000 0.000000 1.000000 0.000000 0.000000
6.000000 85.897005 12.346377 1.483525 3.283431 0.000000 0.000000 0.000000 1.000000 0.000000 0.000000
6.000000 85.903412 12.301912 1.701730 3.292132 0.000000 0.000000 0.000000 1.000000 0.000000 0.000000
6.000000 85.906878 12.243787 1.495202 3.259181 0.000000 0.000000 0.000000 1.000000 0.000000 0.000000
6.000000 85.913337 12.149031 1.712173 3.267537 0.000000 0.000000 0.000000 1.000000 0.000000 0.000000
6.000000 85.916937 12.137223 1.511437 3.239937 0.000000 0.000000 0.000000 1.000000 0.000000 0.000000
6.000000 85.923425 12.122519 1.727586 3.240245 0.000000 0.000000 0.000000 1.000000 0.000000 0.000000
6.000000 85.926909 12.037486 1.528654 3.217488 0.000000 0.000000 0.000000 1.000000 0.000000 0.000000
6.000000 85.933388 12.004700 1.749782 3.209575 0.000000 0.000000 0.000000 1.000000 0.000000 0.000000
6.000000 85.937011 11.943256 1.537148 3.185664 0.000000 0.000000 0.000000 1.000000 0.000000 0.000000
6.000000 85.943394 11.893546 1.764879 3.180775 0.000000 0.000000 0.000000 1.000000 0.000000 0.000000
6.000000 85.946923 11.825858 1.568341 3.160560 0.000000 0.000000 0.000000 1.000000 0.000000 0.000000
6.000000 85.953424 11.802845 1.780178 3.154525 0.000000 0.000000 0.000000 1.000000 0.000000 0.000000
6.000000 85.956991 11.727248 1.580026 3.130318 0.000000 0.000000 0.000000 1.000000 0.000000 0.000000
6.000000 85.963423 11.674565 1.805016 3.122681 0.000000 0.000000 0.000000 1.000000 0.000000 0.000000
6.000000 85.966922 11.626963 1.606545 3.101955 0.000000 0.000000 0.000000 1.000000 0.000000 0.000000
6.000000 85.973382 11.571986 1.817730 3.092814 0.000000 0.000000 0.000000 1.000000 0.000000 0.000000
6.000000 85.977071 11.528827 1.618674 3.069869 0.000000 0.000000 0.000000 1.000000 0.000000 0.000000
6.000000 85.983422 11.496760 1.829097 3.061409 0.000000 0.000000 0.000000 1.000000 0.000000 0.000000
6.000000 85.986949 11.436571 1.625340 3.032999 0.000000 0.000000 0.000000 1.000000 0.000000 0.000000
6.000000 85.993508 11.372457 1.848797 3.026744 0.000000 0.000000 0.000000 1.000000 0.000000 0.000000
6.000000 85.997121 11.324776 1.657719 3.004575 0.000000 0.000000 0.000000 1.000000 0.000000 0.000000
6.000000 86.003432 11.248066 1.870480 2.994095 0.000000 0.000000 0.000000 1.000000 0.000000 0.000000
6.000000 86.006954 11.226252 1.671854 2.968768 0.000000 0.000000 0.000000 1.000000 0.000000 0.000000
6.000000 86.013429 11.143028 1.872303 2.958387 0.000000 0.000000 0.000000 1.000000 0.000000 0.000000
6.000000 86.017021 11.121488 1.687228 2.932975 0.000000 0.000000 0.000000 1.000000 0.000000 0.000000
6.000000 86.023443 11.030230 1.891424 2.922883 0.000000 0.000000 0.000000 1.000000 0.000000 0.000000
6.000000 86.026985 11.030325 1.700430 2.897805 0.000000 0.000000 0.000000 1.000000 0.000000 0.000000
6.000000 86.033452 10.939346 1.899756 2.882052 0.000000 0.000000 0.000000 1.000000 0.000000 0.000000
6.000000 86.037252 10.946951 1.721476 2.854732 0.000000 0.000000 0.000000 1.000000 0.000000 0.000000
6.000000 86.043518 10.832946 1.924081 2.848240 0.000000 0.000000 0.000000 1.000000 0.000000 0.000000
6.000000 86.046982 10.827334 1.739084 2.822531 0.000000 0.000000 0.000000 1.000000 0.000000 0.000000
6.000000 86.053460 10.715094 1.938413 2.807857 0.000000 0.000000 0.000000 1.000000 0.000000 0.000000
6.000000 86.057096 10.727190 1.752864 2.783620 0.000000 0.000000 0.000000 1.000000 0.000000 0.000000
6.000000 86.063464 10.617642 1.956251 2.766654 0.000000 0.000000 0.000000 1.000000 0.000000 0.000000
6.000000 86.067087 10.630376 1.768935 2.743402 0.000000 0.000000 0.000000 1.000000 0.000000 0.000000
6.000000 86.073376 10.521278 1.966269 2.728179 0.000000 0.000000 0.000000 1.000000 0.000000 0.000000
6.000000 86.077273 10.532179 1.780983 2.698723 0.000000 0.000000 0.000000 1.000000 0.000000 0.000000
6.000000 86.083436 10.424380 1.985448 2.689134 0.000000 0.000000 0.000000 1.000000 0.000000 0.000000
6.000000 86.087195 10.430488 1.800662 2.655707 0.000000 0.000000 0.000000 1.000000 0.000000 0.000000
6.000000 86.093397 10.305677 2.001978 2.639516 0.000000 0.000000 0.000000 1.000000 0.000000 0.000000
6.000000 86.097104 10.336210 1.817336 2.614636 0.000000 0.000000 0.000000 1.000000 0.000000 0.000000
6.000000 86.103432 10.224849 2.014674 2.599672 0.000000 0.000000 0.000000 1.000000 0.000000 0.000000
6.000000 86.106972 10.238018 1.835308 2.570038 0.000000 0.000000 0.000000 1.000000 0.000000 0.000000
6.000000 86.113369 10.107476 2.029079 2.552907 0.000000 0.000000 0.000000 1.000000 0.000000 0.000000
6.000000 86.117026 10.138527 1.850568 2.522724 0.000000 0.000000 0.000000 1.000000 0.000000 0.000000
6.000000 86.123359 10.005605 2.046059 2.510249 0.000000 0.000000 0.000000 1.000000 0.000000 0.000000
6.000000 86.127188 10.047622 1.865356 2.479744 0.000000 0.000000 0.000000 1.000000 0.000000 0.000000
6.000000 86.133344 9.906137 2.059543 2.462730 0.000000 0.000000 0.000000 1.000000 0.000000 0.000000
6.000000 86.137274 9.950117 1.877876 2.425396 0.000000 0.000000 0.000000 1.000000 0.000000 0.000000
6.000000 86.143432 9.819287 2.075043 2.413914 0.000000 0.000000 0.000000 1.000000 0.000000 0.000000
6.000000 86.147169 9.854587 1.903498 2.387759 0.000000 0.000000 0.000000 1.000000 0.000000 0.000000
6.000000 86.153465 9.718756 2.096807 2.366021 0.000000 0.000000 0.000000 1.000000 0.000000 0.000000
6.000000 86.157050 9.757052 1.919685 2.337539 0.000000 0.000000 0.000000 1.000000 0.000000 0.000000
6.000000 86.163483 9.586995 2.103728 2.324034 0.000000 0.000000 0.000000 1.000000 0.000000 0.000000
6.000000 86.166924 9.655283 1.935140 2.287995 0.000000 0.000000 0.000000 1.000000 0.000000 0.000000
6.000000 86.173457 9.527013 2.123660 2.267803 0.000000 0.000000 0.000000 1.000000 0.000000 0.000000
6.000000 86.177242 9.558596 1.952541 2.237757 0.000000 0.000000 0.000000 1.000000 0.000000 0.000000
6.000000 86.183552 9.392592 2.135320 2.222461 0.000000 0.000000 0.000000 1.000000 0.000000 0.000000
6.000000 86.187094 9.491315 1.971163 2.184921 0.000000 0.000000 0.000000 1.000000 0.000000 0.000000
6.000000 86.193394 9.311877 2.148276 2.168128 0.000000 0.000000 0.000000 1.000000 0.000000 0.000000
6.000000 86.197114 9.366959 1.984108 2.138012 0.000000 0.000000 0.000000 1.000000 0.000000 0.000000
6.000000 86.203461 9.241968 2.169641 2.117410 0.000000 0.000000 0.000000 1.000000 0.000000 0.000000
6.000000 86.206996 9.273947 2.000947 2.082094 0.000000 0.000000 0.000000 1.000000 0.000000 0.000000
6.000000 86.213428 9.122347 2.179966 2.058575 0.000000 0.000000 0.000000 1.000000 0.000000 0.000000
6.000000 86.217088 9.173881 2.020456 2.018882 0.000000 0.000000 0.000000 1.000000 0.000000 0.000000
6.000000 86.223750 9.042732 2.191703 2.003711 0.000000 0.000000 0.000000 1.000000 0.000000 0.000000
6.000000 86.227027 9.082166 2.031155 1.971732 0.000000 0.000000 0.000000 1.000000 0.000000 0.000000
6.000000 86.233390 8.941357 2.207410 1.950124 0.000000 0.000000 0.000000 1.000000 0.000000 0.000000
6.000000 86.237149 8.987000 2.044085 1.910968 0.000000 0.000000 0.000000 1.000000 0.000000 0.000000
6.000000 86.243535 8.847683 2.224978 1.887135 0.000000 0.000000 0.000000 1.000000 0.000000 0.000000
6.000000 86.247011 8.886663 2.063381 1.852578 0.000000 0.000000 0.000000 1.000000 0.000000 0.000000
6.000000 86.253519 8.775719 2.245605 1.835937 0.000000 0.000000 0.000000 1.000000 0.000000 0.000000
6.000000 86.257128 8.801991 2.076891 1.791851 0.000000 0.000000 0.000000 1.000000 0.000000 0.000000
6.000000 86.263592 8.676053 2.258011 1.778126 0.000000 0.000000 0.000000 1.000000 0.000000 0.000000
6.000000 86.267046 8.699700 2.094375 1.738745 0.000000 0.000000 0.000000 1.000000 0.000000 0.000000
6.000000 86.273497 8.541077 2.262491 1.712112 0.000000 0.000000 0.000000 1.000000 0.000000 0.000000
6.000000 86.277128 8.608224 2.111328 1.681303 0.000000 0.000000 0.000000 1.000000 0.000000 0.000000
6.000000 86.283493 8.470760 2.280197 1.663301 0.000000 0.000000 0.000000 1.000000 0.000000 0.000000
6.000000 86.287101 8.515759 2.125340 1.616261 0.000000 0.000000 0.000000 1.000000 0.000000 0.000000
6.000000 86.293602 8.413355 2.302592 1.602563 0.000000 0.000000 0.000000 1.000000 0.000000 0.000000
6.000000 86.297171 8.419808 2.142589 1.557807 0.000000 0.000000 0.000000 1.000000 0.000000 0.000000
6.000000 86.303501 8.320822 2.315301 1.538197 0.000000 0.000000 0.000000 1.000000 0.000000 0.000000
6.000000 86.307052 8.328731 2.159569 1.493711 0.000000 0.000000 0.000000 1.000000 0.000000 0.000000
6.000000 86.313428 8.214453 2.330129 1.479089 0.000000 0.000000 0.000000 1.000000 0.000000 0.000000
6.000000 86.317176 8.232451 2.177953 1.433819 0.000000 0.000000 0.000000 1.000000 0.000000 0.000000
6.000000 86.323506 8.091278 2.335560 1.418649 0.000000 0.000000 0.000000 1.000000 0.000000 0.000000
6.000000 86.327029 8.136490 2.188555 1.370363 0.000000 0.000000 0.000000 1.000000 0.000000 0.000000
6.000000 86.333583 8.043698 2.357741 1.344653 0.000000 0.000000 0.000000 1.000000 0.000000 0.000000
6.000000 86.337202 8.040347 2.210378 1.304782 0.000000 0.000000 0.000000 1.000000 0.000000 0.000000
6.000000 86.343511 7.952887 2.378041 1.287027 0.000000 0.000000 0.000000 1.000000 0.000000 0.000000
6.000000 86.347131 7.952976 2.223811 1.244408 0.000000 0.000000 0.000000 1.000000 0.000000 0.000000
6.000000 86.353594 7.852145 2.396235 1.232382 0.000000 0.000000 0.000000 1.000000 0.000000 0.000000
6.000000 86.357212 7.865861 2.238500 1.175450 0.000000 0.000000 0.000000 1.000000 0.000000 0.000000
6.000000 86.363570 7.762483 2.407572 1.164555 0.000000 0.000000 0.000000 1.000000 0.000000 0.000000
6.000000 86.367086 7.769624 2.254416 1.110204 0.000000 0.000000 0.000000 1.000000 0.000000 0.000000
6.000000 86.373534 7.665610 2.422203 1.103068 0.000000 0.000000 0.000000 1.000000 0.000000 0.000000
6.000000 86.377209 7.678935 2.273286 1.047030 0.000000 0.000000 0.000000 1.000000 0.000000 0.000000
6.000000 86.383532 7.571810 2.432616 1.033724 0.000000 0.000000 0.000000 1.000000 0.000000 0.000000
6.000000 86.387084 7.584268 2.290148 0.975239 0.000000 0.000000 0.000000 1.000000 0.000000 0.000000
6.000000 86.393570 7.461731 2.442611 0.968502 0.000000 0.000000 0.000000 1.000000 0.000000 0.000000
6.000000 86.397149 7.492349 2.306390 0.910628 0.000000 0.000000 0.000000 1.000000 0.000000 0.000000
6.000000 86.403520 7.391449 2.455213 0.895104 0.000000 0.000000 0.000000 1.000000 0.000000 0.000000
6.000000 86.407153 7.399698 2.317641 0.834354 0.000000 0.000000 0.000000 1.000000 0.000000 0.000000
6.000000 86.413542 7.280732 2.464002 0.826729 0.000000 0.000000 0.000000 1.000000 0.000000 0.000000
6.000000 86.417217 7.310304 2.330147 0.760878 0.000000 0.000000 0.000000 1.000000 0.000000 0.000000
6.000000 86.420358 7.112633 2.445974 0.752916 0.000000 0.000000 0.000000 1.000000 0.000000 0.000000
6.000000 86.423661 7.196393 2.474564 0.752498 0.000000 0.000000 0.000000 1.000000 0.000000 0.000000
6.000000 86.427140 7.228561 2.351146 0.690952 0.000000 0.000000 0.000000 1.000000 0.000000 0.000000
6.000000 86.430302 7.033697 2.464569 0.681734 0.000000 0.000000 0.000000 1.000000 0.000000 0.000000
6.000000 86.433751 7.099326 2.486680 0.681764 0.000000 0.000000 0.000000 1.000000 0.000000 0.000000
6.000000 86.437405 7.135853 2.358926 0.614494 0.000000 0.000000 0.000000 1.000000 0.000000 0.000000
6.000000 86.440350 6.939539 2.476573 0.611964 0.000000 0.000000 0.000000 1.000000 0.000000 0.000000
6.000000 86.443698 7.006385 2.501582 0.614017 0.000000 0.000000 0.000000 1.000000 0.000000 0.000000
6.000000 86.447171 7.043909 2.380717 0.549342 0.000000 0.000000 0.000000 1.000000 0.000000 0.000000
6.000000 86.450330 7.291406 2.589508 0.447982 0.000000 0.000000 0.000000 1.000000 0.000000 0.000000
6.000000 86.453670 6.931226 2.515368 0.535007 0.000000 0.000000 0.000000 1.000000 0.000000 0.000000
6.000000 86.457228 6.953469 2.392096 0.475952 0.000000 0.000000 0.000000 1.000000 0.000000 0.000000
6.000000 86.460392 6.767607 2.502579 0.469889 0.000000 0.000000 0.000000 1.000000 0.000000 0.000000
6.000000 86.463604 6.861591 2.536280 0.464667 0.000000 0.000000 0.000000 1.000000 0.000000 0.000000
6.000000 86.467199 6.861858 2.412613 0.389781 0.000000 0.000000 0.000000 1.000000 0.000000 0.000000
6.000000 86.470331 6.693082 2.518346 0.386879 0.000000 0.000000 0.000000 1.000000 0.000000 0.000000
6.000000 86.473792 6.765667 2.549983 0.392152 0.000000 0.000000 0.000000 1.000000 0.000000 0.000000
6.000000 86.477229 6.773644 2.423655 0.323166 0.000000 0.000000 0.000000 1.000000 0.000000 0.000000
6.000000 86.480432 6.598742 2.530785 0.318534 0.000000 0.000000 0.000000 1.000000 0.000000 0.000000
6.000000 86.483889 6.679960 2.562138 0.316750 0.000000 0.000000 0.000000 1.000000 0.000000 0.000000
6.000000 86.487212 6.687347 2.439713 0.242858 0.000000 0.000000 0.000000 1.000000 0.000000 0.000000
6.000000 86.490314 6.514211 2.548054 0.244266 0.000000 0.000000 0.000000 1.000000 0.000000 0.000000
6.000000 86.494012 6.581055 2.569079 0.239043 0.000000 0.000000 0.000000 1.000000 0.000000 0.000000
6.000000 86.497203 6.590256 2.453318 0.167542 0.000000 0.000000 0.000000 1.000000 0.000000 0.000000
6.000000 86.500381 6.431554 2.554371 0.166245 0.000000 0.000000 0.000000 1.000000 0.000000 0.000000
6.000000 86.503718 6.506243 2.586456 0.167191 0.000000 0.000000 0.000000 1.000000 0.000000 0.000000
6.000000 86.507173 6.516853 2.462077 0.156558 0.000000 0.000000 0.000000 1.000000 0.000000 0.000000
6.000000 86.510324 6.395122 2.556220 0.176278 0.000000 0.000000 0.000000 1.000000 0.000000 0.000000
6.000000 86.513896 6.409819 2.593739 0.217272 0.000000 0.000000 0.000000 1.000000 0.000000 0.000000
6.000000 86.517190 6.485058 2.471466 0.209928 0.000000 0.000000 0.000000 1.000000 0.000000 0.000000
6.000000 86.520477 6.358764 2.565615 0.227586 0.000000 0.000000 0.000000 1.000000 0.000000 0.000000
6.000000 86.524010 6.341633 2.591654 0.274166 0.000000 0.000000 0.000000 1.000000 0.000000 0.000000
6.000000 86.527194 6.431117 2.482096 0.264504 0.000000 0.000000 0.000000 1.000000 0.000000 0.000000
6.000000 86.530344 6.313222 2.570598 0.281672 0.000000 0.000000 0.000000 1.000000 0.000000 0.000000
6.000000 86.533648 6.308480 2.599214 0.324339 0.000000 0.000000 0.000000 1.000000 0.000000 0.000000
6.000000 86.537277 6.382546 2.485050 0.312186 0.000000 0.000000 0.000000 1.000000 0.000000 0.000000
6.000000 86.540622 6.265630 2.571390 0.328682 0.000000 0.000000 0.000000 1.000000 0.000000 0.000000
6.000000 86.543849 6.258045 2.602199 0.374390 0.000000 0.000000 0.000000 1.000000 0.000000 0.000000
6.000000 86.547265 6.333362 2.495241 0.368165 0.000000 0.000000 0.000000 1.000000 0.000000 0.000000
6.000000 86.550309 6.210976 2.579615 0.377612 0.000000 0.000000 0.000000 1.000000 0.000000 0.000000
6.000000 86.553879 6.184002 2.604674 0.426970 0.000000 0.000000 0.000000 1.000000 0.000000 0.000000
6.000000 86.557431 6.296810 2.506580 0.422441 0.000000 0.000000 0.000000 1.000000 0.000000 0.000000
6.000000 86.560405 6.166741 2.589044 0.425873 0.000000 0.000000 0.000000 1.000000 0.000000 0.000000
6.000000 86.563775 6.158694 2.617582 0.466093 0.000000 0.000000 0.000000 1.000000 0.000000 0.000000
6.000000 86.567269 6.239759 2.513382 0.470725 0.000000 0.000000 0.000000 1.000000 0.000000 0.000000
6.000000 86.570357 6.127239 2.588086 0.477006 0.000000 0.000000 0.000000 1.000000 0.000000 0.000000
6.000000 86.573661 6.139073 2.632820 0.524205 0.000000 0.000000 0.000000 1.000000 0.000000 0.000000
6.000000 86.577343 6.199769 2.521250 0.523547 0.000000 0.000000 0.000000 1.000000 0.000000 0.000000
6.000000 86.583749 5.782710 2.721248 0.503633 0.000000 0.000000 0.000000 1.000000 0.000000 0.000000
6.000000 86.587337 6.154980 2.520038 0.571442 0.000000 0.000000 0.000000 1.000000 0.000000 0.000000
6.000000 86.593777 5.724911 2.726487 0.549984 0.000000 0.000000 0.000000 1.000000 0.000000 0.000000
6.000000 86.597243 6.109503 2.528868 0.610450 0.000000 0.000000 0.000000 1.000000 0.000000 0.000000
6.000000 86.603894 5.705475 2.724168 0.598687 0.000000 0.000000 0.000000 1.000000 0.000000 0.000000
6.000000 86.607184 6.059384 2.531004 0.654259 0.000000 0.000000 0.000000 1.000000 0.000000 0.000000
6.000000 86.613679 5.590286 2.758295 0.636042 0.000000 0.000000 0.000000 1.000000 0.000000 0.000000
6.000000 86.617383 6.025171 2.536399 0.697742 0.000000 0.000000 0.000000 1.000000 0.000000 0.000000
6.000000 86.623826 5.595113 2.746354 0.688210 0.000000 0.000000 0.000000 1.000000 0.000000 0.000000
6.000000 86.633888 5.571177 2.751965 0.743076 0.000000 0.000000 0.000000 1.000000 0.000000 0.000000
6.000000 86.643753 5.515792 2.755765 0.781256 0.000000 0.000000 0.000000 1.000000 0.000000 0.000000
6.000000 86.653877 5.465358 2.768738 0.822843 0.000000 0.000000 0.000000 1.000000 0.000000 0.000000
6.000000 86.663997 5.438892 2.765984 0.864365 0.000000 0.000000 0.000000 1.000000 0.000000 0.000000
6.000000 86.673774 5.390268 2.774593 0.903138 0.000000 0.000000 0.000000 1.000000 0.000000 0.000000
6.000000 86.683861 5.276216 2.797148 0.932705 0.000000 0.000000 0.000000 1.000000 0.000000 0.000000
6.000000 86.693742 5.285997 2.788980 0.967887 0.000000 0.000000 0.000000 1.000000 0.000000 0.000000
6.000000 86.703725 5.170217 2.817561 0.991571 0.000000 0.000000 0.000000 1.000000 0.000000 0.000000
6.000000 86.713697 5.117790 2.831952 1.029843 0.000000 0.000000 0.000000 1.000000 0.000000 0.000000
6.000000 86.723746 5.061259 2.838627 1.066726 0.000000 0.000000 0.000000 1.000000 0.000000 0.000000
6.000000 86.733707 4.990135 2.854628 1.095348 0.000000 0.000000 0.000000 1.000000 0.000000 0.000000
6.000000 86.743742 4.994550 2.839667 1.131025 0.000000 0.000000 0.000000 1.000000 0.000000 0.000000
6.000000 86.753745 4.958161 2.855974 1.167419 0.000000 0.000000 0.000000 1.000000 0.000000 0.000000
6.000000 86.763722 4.868052 2.872818 1.201314 0.000000 0.000000 0.000000 1.000000 0.000000 0.000000
6.000000 86.773779 4.932058 2.850409 1.230633 0.000000 0.000000 0.000000 1.000000 0.000000 0.000000
6.000000 86.783738 4.834970 2.871956 1.257550 0.000000 0.000000 0.000000 1.000000 0.000000 0.000000
6.000000 86.793766 4.765331 2.882405 1.283179 0.000000 0.000000 0.000000 1.000000 0.000000 0.000000
6.000000 86.803740 4.708051 2.892613 1.309464 0.000000 0.000000 0.000000 1.000000 0.000000 0.000000
6.000000 86.813773 4.645488 2.898053 1.325492 0.000000 0.000000 0.000000 1.000000 0.000000 0.000000
6.000000 86.823739 4.559047 2.929137 1.348409 0.000000 0.000000 0.000000 1.000000 0.000000 0.000000
6.000000 86.833794 4.544935 2.921284 1.374617 0.000000 0.000000 0.000000 1.000000 0.000000 0.000000
6.000000 86.843750 4.475370 2.938603 1.393298 0.000000 0.000000 0.000000 1.000000 0.000000 0.000000
6.000000 86.853786 4.395974 2.951259 1.413808 0.000000 0.000000 0.000000 1.000000 0.000000 0.000000
6.000000 86.863757 4.463993 2.932989 1.438523 0.000000 0.000000 0.000000 1.000000 0.000000 0.000000
6.000000 86.873795 4.434214 2.930908 1.457955 0.000000 0.000000 0.000000 1.000000 0.000000 0.000000
6.000000 86.883780 4.246649 2.983479 1.462669 0.000000 0.000000 0.000000 1.000000 0.000000 0.000000
6.000000 86.893821 4.301587 2.952675 1.490889 0.000000 0.000000 0.000000 1.000000 0.000000 0.000000
6.000000 86.903759 4.153010 3.002629 1.501131 0.000000 0.000000 0.000000 1.000000 0.000000 0.000000
6.000000 86.913811 4.132054 3.001491 1.506915 0.000000 0.000000 0.000000 1.000000 0.000000 0.000000
6.000000 86.923791 4.018003 3.031646 1.525055 0.000000 0.000000 0.000000 1.000000 0.000000 0.000000
6.000000 86.933771 4.014859 3.020259 1.544336 0.000000 0.000000 0.000000 1.000000 0.000000 0.000000
6.000000 86.943805 3.917363 3.046975 1.544657 0.000000 0.000000 0.000000 1.000000 0.000000 0.000000
6.000000 86.953811 3.874031 3.052514 1.559827 0.000000 0.000000 0.000000 1.000000 0.000000 0.000000
6.000000 86.963846 3.838482 3.062123 1.564388 0.000000 0.000000 0.000000 1.000000 0.000000 0.000000
6.000000 86.973869 3.813865 3.061457 1.573909 0.000000 0.000000 0.000000 1.000000 0.000000 0.000000
6.000000 86.983778 3.697325 3.089467 1.573965 0.000000 0.000000 0.000000 1.000000 0.000000 0.000000
6.000000 86.993823 3.746526 3.057108 1.587786 0.000000 0.000000 0.000000 1.000000 0.000000 0.000000
6.000000 87.003834 3.579037 3.112605 1.589611 0.000000 0.000000 0.000000 1.000000 0.000000 0.000000
6.000000 87.013812 3.618729 3.099184 1.602756 0.000000 0.000000 0.000000 1.000000 0.000000 0.000000
6.000000 87.023812 3.434338 3.134361 1.585474 0.000000 0.000000 0.000000 1.000000 0.000000 0.000000
6.000000 87.033846 3.429241 3.128035 1.578127 0.000000 0.000000 0.000000 1.000000 0.000000 0.000000
6.000000 87.043855 3.485870 3.077159 1.598402 0.000000 0.000000 0.000000 1.000000 0.000000 0.000000
6.000000 87.054033 3.650584 3.042378 1.620307 0.000000 0.000000 0.000000 1.000000 0.000000 0.000000
6.000000 87.063873 3.512443 3.065649 1.607694 0.000000 0.000000 0.000000 1.000000 0.000000 0.000000
6.000000 87.073828 3.465328 3.074265 1.602470 0.000000 0.000000 0.000000 1.000000 0.000000 0.000000
6.000000 87.083893 3.157658 3.142605 1.576249 0.000000 0.000000 0.000000 1.000000 0.000000 0.000000
6.000000 87.093861 3.143607 3.144155 1.571905 0.000000 0.000000 0.000000 1.000000 0.000000 0.000000
6.000000 87.103880 3.122068 3.144301 1.568673 0.000000 0.000000 0.000000 1.000000 0.000000 0.000000
6.000000 87.113992 2.916852 3.229636 1.537783 0.000000 0.000000 0.000000 1.000000 0.000000 0.000000
6.000000 87.123848 2.899054 3.220387 1.540937 0.000000 0.000000 0.000000 1.000000 0.000000 0.000000
6.000000 87.133994 2.962118 3.177573 1.531906 0.000000 0.000000 0.000000 1.000000 0.000000 0.000000
6.000000 87.143900 3.223356 3.115542 1.551936 0.000000 0.000000 0.000000 1.000000 0.000000 0.000000
6.000000 87.154014 2.813694 3.216375 1.504035 0.000000 0.000000 0.000000 1.000000 0.000000 0.000000
6.000000 87.163894 2.901231 3.175186 1.510092 0.000000 0.000000 0.000000 1.000000 0.000000 0.000000
6.000000 87.174017 2.839053 3.184190 1.489628 0.000000 0.000000 0.000000 1.000000 0.000000 0.000000
6.000000 87.183959 2.784814 3.202571 1.470306 0.000000 0.000000 0.000000 1.000000 0.000000 0.000000
6.000000 87.194001 2.690246 3.217423 1.452701 0.000000 0.000000 0.000000 1.000000 0.000000 0.000000
6.000000 87.203916 2.553855 3.267228 1.424378 0.000000 0.000000 0.000000 1.000000 0.000000 0.000000
6.000000 87.214036 2.769268 3.184400 1.431344 0.000000 0.000000 0.000000 1.000000 0.000000 0.000000
6.000000 87.223931 2.704274 3.207022 1.405073 0.000000 0.000000 0.000000 1.000000 0.000000 0.000000
6.000000 87.234032 2.660101 3.213256 1.387206 0.000000 0.000000 0.000000 1.000000 0.000000 0.000000
6.000000 87.243920 2.475595 3.268322 1.347569 0.000000 0.000000 0.000000 1.000000 0.000000 0.000000
6.000000 87.253889 2.799905 3.189652 1.354538 0.000000 0.000000 0.000000 1.000000 0.000000 0.000000
6.000000 87.274077 2.481455 3.255258 1.291644 0.000000 0.000000 0.000000 1.000000 0.000000 0.000000
6.000000 87.283956 2.255114 3.282819 1.249129 0.000000 0.000000 0.000000 1.000000 0.000000 0.000000
6.000000 87.303910 2.577859 3.192324 1.233307 0.000000 0.000000 0.000000 1.000000 0.000000 0.000000
6.000000 87.314063 2.421421 3.232395 1.187816 0.000000 0.000000 0.000000 1.000000 0.000000 0.000000
6.000000 87.323980 2.415816 3.224247 1.165433 0.000000 0.000000 0.000000 1.000000 0.000000 0.000000
6.000000 87.334054 2.101366 3.284179 1.106609 0.000000 0.000000 0.000000 1.000000 0.000000 0.000000
6.000000 87.343966 2.236555 3.257546 1.093173 0.000000 0.000000 0.000000 1.000000 0.000000 0.000000
6.000000 87.354125 2.017004 3.348735 1.031593 0.000000 0.000000 0.000000 1.000000 0.000000 0.000000
6.000000 87.364128 2.424732 3.191975 1.054591 0.000000 0.000000 0.000000 1.000000 0.000000 0.000000
6.000000 87.374062 2.373210 3.223622 1.013989 0.000000 0.000000 0.000000 1.000000 0.000000 0.000000
6.000000 87.394172 2.150495 3.262255 0.939926 0.000000 0.000000 0.000000 1.000000 0.000000 0.000000
6.000000 87.403994 1.683977 3.359264 0.847517 0.000000 0.000000 0.000000 1.000000 0.000000 0.000000
6.000000 87.414268 1.684101 3.362310 0.801359 0.000000 0.000000 0.000000 1.000000 0.000000 0.000000
6.000000 87.423953 1.903015 3.308926 0.799389 0.000000 0.000000 0.000000 1.000000 0.000000 0.000000
6.000000 87.434214 1.857702 3.315743 0.761253 0.000000 0.000000 0.000000 1.000000 0.000000 0.000000
6.000000 87.437739 1.624986 3.365632 0.713019 0.000000 0.000000 0.000000 1.000000 0.000000 0.000000
6.000000 87.444038 1.641989 3.358378 0.702410 0.000000 0.000000 0.000000 1.000000 0.000000 0.000000
6.000000 87.447556 1.903487 3.303492 0.710542 0.000000 0.000000 0.000000 1.000000 0.000000 0.000000
6.000000 87.454104 1.911894 3.299310 0.691314 0.000000 0.000000 0.000000 1.000000 0.000000 0.000000
6.000000 87.457675 1.849113 3.312925 0.661811 0.000000 0.000000 0.000000 1.000000 0.000000 0.000000
6.000000 87.464071 1.835307 3.318486 0.641782 0.000000 0.000000 0.000000 1.000000 0.000000 0.000000
6.000000 87.467612 1.732903 3.340630 0.603414 0.000000 0.000000 0.000000 1.000000 0.000000 0.000000
6.000000 87.474220 1.741861 3.336209 0.580673 0.000000 0.000000 0.000000 1.000000 0.000000 0.000000
6.000000 87.477744 1.869428 3.309451 0.581610 0.000000 0.000000 0.000000 1.000000 0.000000 0.000000
6.000000 87.484049 1.929473 3.283000 0.571436 0.000000 0.000000 0.000000 1.000000 0.000000 0.000000
6.000000 87.487649 1.922743 3.284669 0.543554 0.000000 0.000000 0.000000 1.000000 0.000000 0.000000
6.000000 87.494159 1.847457 3.316756 0.518488 0.000000 0.000000 0.000000 1.000000 0.000000 0.000000
6.000000 87.497695 1.544180 3.381759 0.451224 0.000000 0.000000 0.000000 1.000000 0.000000 0.000000
6.000000 87.504078 1.561401 3.373763 0.435359 0.000000 0.000000 0.000000 1.000000 0.000000 0.000000
6.000000 87.507619 1.660480 3.352862 0.439934 0.000000 0.000000 0.000000 1.000000 0.000000 0.000000
6.000000 87.514161 1.581299 3.386867 0.403254 0.000000 0.000000 0.000000 1.000000 0.000000 0.000000
6.000000 87.527728 1.535428 3.394887 0.331965 0.000000 0.000000 0.000000 1.000000 0.000000 0.000000
6.000000 87.534209 1.583114 3.373945 0.320949 0.000000 0.000000 0.000000 1.000000 0.000000 0.000000
6.000000 87.537759 1.449329 3.402890 0.286906 0.000000 0.000000 0.000000 1.000000 0.000000 0.000000
6.000000 87.544117 1.545398 3.361856 0.264538 0.000000 0.000000 0.000000 1.000000 0.000000 0.000000
6.000000 87.547679 1.550240 3.362064 0.235152 0.000000 0.000000 0.000000 1.000000 0.000000 0.000000
6.000000 87.554145 1.617038 3.333338 0.225767 0.000000 0.000000 0.000000 1.000000 0.000000 0.000000
6.000000 87.557733 1.534232 3.351357 0.198891 0.000000 0.000000 0.000000 1.000000 0.000000 0.000000
6.000000 87.564052 1.351314 3.430553 0.155510 0.000000 0.000000 0.000000 1.000000 0.000000 0.000000
6.000000 87.567739 1.192043 3.464785 0.123611 0.000000 0.000000 0.000000 1.000000 0.000000 0.000000
6.000000 87.574220 1.268261 3.431719 0.161996 0.000000 0.000000 0.000000 1.000000 0.000000 0.000000
6.000000 87.577757 1.280274 3.427988 0.187792 0.000000 0.000000 0.000000 1.000000 0.000000 0.000000
6.000000 87.584124 1.311118 3.414657 0.214999 0.000000 0.000000 0.000000 1.000000 0.000000 0.000000
6.000000 87.587842 1.271777 3.421918 0.232608 0.000000 0.000000 0.000000 1.000000 0.000000 0.000000
6.000000 87.594278 1.416574 3.359873 0.275849 0.000000 0.000000 0.000000 1.000000 0.000000 0.000000
6.000000 87.597895 1.383458 3.366382 0.285277 0.000000 0.000000 0.000000 1.000000 0.000000 0.000000
6.000000 87.604067 1.237451 3.429026 0.283248 0.000000 0.000000 0.000000 1.000000 0.000000 0.000000
6.000000 87.607855 1.139246 3.448750 0.291724 0.000000 0.000000 0.000000 1.000000 0.000000 0.000000
6.000000 87.614209 1.277494 3.389622 0.328500 0.000000 0.000000 0.000000 1.000000 0.000000 0.000000
6.000000 87.627784 1.231620 3.379942 0.372366 0.000000 0.000000 0.000000 1.000000 0.000000 0.000000
6.000000 87.634202 1.054117 3.455525 0.359486 0.000000 0.000000 0.000000 1.000000 0.000000 0.000000
6.000000 87.654274 0.529073 3.563821 0.384174 0.000000 0.000000 0.000000 1.000000 0.000000 0.000000
6.000000 87.657765 0.546677 3.558657 0.401360 0.000000 0.000000 0.000000 1.000000 0.000000 0.000000
6.000000 87.664136 0.646846 3.515848 0.422909 0.000000 0.000000 0.000000 1.000000 0.000000 0.000000
6.000000 87.667695 0.706749 3.501636 0.450457 0.000000 0.000000 0.000000 1.000000 0.000000 0.000000
6.000000 87.674209 0.680779 3.511353 0.473574 0.000000 0.000000 0.000000 1.000000 0.000000 0.000000
6.000000 87.677959 0.484197 3.552198 0.453673 0.000000 0.000000 0.000000 1.000000 0.000000 0.000000
6.000000 87.684142 0.628491 3.490982 0.481827 0.000000 0.000000 0.000000 1.000000 0.000000 0.000000
6.000000 87.687830 0.640514 3.485840 0.513546 0.000000 0.000000 0.000000 1.000000 0.000000 0.000000
6.000000 87.694350 0.629032 3.489673 0.531232 0.000000 0.000000 0.000000 1.000000 0.000000 0.000000
6.000000 87.697847 0.447546 3.525865 0.526481 0.000000 0.000000 0.000000 1.000000 0.000000 0.000000
6.000000 87.704136 0.461462 3.519147 0.541696 0.000000 0.000000 0.000000 1.000000 0.000000 0.000000
6.000000 87.707880 0.530838 3.503459 0.564300 0.000000 0.000000 0.000000 1.000000 0.000000 0.000000
6.000000 87.714256 0.589916 3.477709 0.587126 0.000000 0.000000 0.000000 1.000000 0.000000 0.000000
6.000000 87.737884 0.761531 3.455184 0.671332 0.000000 0.000000 0.000000 1.000000 0.000000 0.000000
6.000000 87.744218 0.796846 3.439963 0.688160 0.000000 0.000000 0.000000 1.000000 0.000000 0.000000
6.000000 87.747853 0.671734 3.465703 0.678397 0.000000 0.000000 0.000000 1.000000 0.000000 0.000000
6.000000 87.754322 0.581406 3.503137 0.682413 0.000000 0.000000 0.000000 1.000000 0.000000 0.000000
6.000000 87.757716 0.795264 3.456246 0.730920 0.000000 0.000000 0.000000 1.000000 0.000000 0.000000
6.000000 87.764156 0.768491 3.467324 0.736713 0.000000 0.000000 0.000000 1.000000 0.000000 0.000000
6.000000 87.767659 0.638059 3.493736 0.732332 0.000000 0.000000 0.000000 1.000000 0.000000 0.000000
6.000000 87.774242 0.606324 3.506516 0.743942 0.000000 0.000000 0.000000 1.000000 0.000000 0.000000
6.000000 87.777719 0.612529 3.504610 0.751166 0.000000 0.000000 0.000000 1.000000 0.000000 0.000000
6.000000 87.784175 0.639291 3.492974 0.766408 0.000000 0.000000 0.000000 1.000000 0.000000 0.000000
6.000000 87.787650 0.018085 3.620164 0.718817 0.000000 0.000000 0.000000 1.000000 0.000000 0.000000
6.000000 87.794248 0.024829 3.616405 0.730984 0.000000 0.000000 0.000000 1.000000 0.000000 0.000000
6.000000 87.797786 0.407929 3.537043 0.770325 0.000000 0.000000 0.000000 1.000000 0.000000 0.000000
6.000000 87.804188 0.443087 3.521798 0.785195 0.000000 0.000000 0.000000 1.000000 0.000000 0.000000
6.000000 87.807664 0.368946 3.536166 0.787094 0.000000 0.000000 0.000000 1.000000 0.000000 0.000000
6.000000 87.814225 0.325865 3.553972 0.785830 0.000000 0.000000 0.000000 1.000000 0.000000 0.000000
6.000000 87.817745 0.468084 3.523424 0.809331 0.000000 0.000000 0.000000 1.000000 0.000000 0.000000
6.000000 87.824097 0.602086 3.466637 0.843355 0.000000 0.000000 0.000000 1.000000 0.000000 0.000000
6.000000 87.837719 0.420700 3.497477 0.847785 0.000000 0.000000 0.000000 1.000000 0.000000 0.000000
6.000000 87.844204 0.425588 3.495020 0.857055 0.000000 0.000000 0.000000 1.000000 0.000000 0.000000
6.000000 87.847842 0.359283 3.508459 0.853003 0.000000 0.000000 0.000000 1.000000 0.000000 0.000000
6.000000 87.854286 0.360151 3.507450 0.865791 0.000000 0.000000 0.000000 1.000000 0.000000 0.000000
6.000000 87.857659 0.291972 3.519941 0.872723 0.000000 0.000000 0.000000 1.000000 0.000000 0.000000
6.000000 87.864202 0.304710 3.514606 0.874624 0.000000 0.000000 0.000000 1.000000 0.000000 0.000000
6.000000 87.867678 -0.047101 3.587202 0.837888 0.000000 0.000000 0.000000 1.000000 0.000000 0.000000
6.000000 87.874331 -0.036944 3.582219 0.847899 0.000000 0.000000 0.000000 1.000000 0.000000 0.000000
6.000000 87.877716 0.154261 3.542944 0.866215 0.000000 0.000000 0.000000 1.000000 0.000000 0.000000
6.000000 87.884238 0.179211 3.532381 0.872135 0.000000 0.000000 0.000000 1.000000 0.000000 0.000000
6.000000 87.887814 -0.081943 3.584685 0.856399 0.000000 0.000000 0.000000 1.000000 0.000000 0.000000
6.000000 87.894319 -0.064725 3.577058 0.863957 0.000000 0.000000 0.000000 1.000000 0.000000 0.000000
6.000000 87.897760 0.674252 3.425342 0.926226 0.000000 0.000000 0.000000 1.000000 0.000000 0.000000
6.000000 87.904184 0.657970 3.432110 0.928584 0.000000 0.000000 0.000000 1.000000 0.000000 0.000000
6.000000 87.907888 -0.316540 3.631674 0.847484 0.000000 0.000000 0.000000 1.000000 0.000000 0.000000
6.000000 87.914330 -0.281544 3.616789 0.855710 0.000000 0.000000 0.000000 1.000000 0.000000 0.000000
6.000000 87.917817 -0.412516 3.642844 0.847160 0.000000 0.000000 0.000000 1.000000 0.000000 0.000000
6.000000 87.924184 -0.495475 3.676208 0.844719 0.000000 0.000000 0.000000 1.000000 0.000000 0.000000
6.000000 87.927861 -0.384692 3.653022 0.858893 0.000000 0.000000 0.000000 1.000000 0.000000 0.000000
6.000000 87.934339 -0.379352 3.650776 0.859896 0.000000 0.000000 0.000000 1.000000 0.000000 0.000000
6.000000 87.937825 -0.213310 3.616430 0.878448 0.000000 0.000000 0.000000 1.000000 0.000000 0.000000
6.000000 87.944204 -0.121359 3.578461 0.888619 0.000000 0.000000 0.000000 1.000000 0.000000 0.000000
6.000000 87.947903 -0.225469 3.599764 0.878224 0.000000 0.000000 0.000000 1.000000 0.000000 0.000000
6.000000 87.954373 -0.220362 3.597136 0.883980 0.000000 0.000000 0.000000 1.000000 0.000000 0.000000
6.000000 87.957907 -0.465949 3.646481 0.864596 0.000000 0.000000 0.000000 1.000000 0.000000 0.000000
6.000000 87.964274 -0.477376 3.651158 0.863525 0.000000 0.000000 0.000000 1.000000 0.000000 0.000000
6.000000 87.967822 -0.279436 3.611353 0.879425 0.000000 0.000000 0.000000 1.000000 0.000000 0.000000
6.000000 87.974365 -0.246252 3.597469 0.885192 0.000000 0.000000 0.000000 1.000000 0.000000 0.000000
6.000000 87.977870 -0.282800 3.604797 0.882433 0.000000 0.000000 0.000000 1.000000 0.000000 0.000000
6.000000 87.984264 -0.288971 3.606694 0.887696 0.000000 0.000000 0.000000 1.000000 0.000000 0.000000
6.000000 87.987860 -0.367432 3.623624 0.874789 0.000000 0.000000 0.000000 1.000000 0.000000 0.000000
6.000000 87.994401 -0.405400 3.639862 0.865121 0.000000 0.000000 0.000000 1.000000 0.000000 0.000000
6.000000 87.997836 -0.507535 3.661023 0.853237 0.000000 0.000000 0.000000 1.000000 0.000000 0.000000
6.000000 88.004213 -0.516381 3.664612 0.852562 0.000000 0.000000 0.000000 1.000000 0.000000 0.000000
6.000000 88.007875 -0.672265 3.695701 0.840896 0.000000 0.000000 0.000000 1.000000 0.000000 0.000000
6.000000 88.014367 -0.655145 3.689239 0.838448 0.000000 0.000000 0.000000 1.000000 0.000000 0.000000
6.000000 88.017907 -0.549720 3.670366 0.834459 0.000000 0.000000 0.000000 1.000000 0.000000 0.000000
6.000000 88.024308 -0.454859 3.631431 0.845726 0.000000 0.000000 0.000000 1.000000 0.000000 0.000000
6.000000 88.027884 -0.458146 3.631882 0.846579 0.000000 0.000000 0.000000 1.000000 0.000000 0.000000
6.000000 88.034346 -0.318545 3.574489 0.864076 0.000000 0.000000 0.000000 1.000000 0.000000 0.000000
6.000000 88.037850 -0.385007 3.588841 0.852749 0.000000 0.000000 0.000000 1.000000 0.000000 0.000000
6.000000 88.044339 -0.419794 3.604856 0.833990 0.000000 0.000000 0.000000 1.000000 0.000000 0.000000
6.000000 88.047937 -0.568137 3.638485 0.799706 0.000000 0.000000 0.000000 1.000000 0.000000 0.000000
6.000000 88.054377 -0.600438 3.651352 0.798163 0.000000 0.000000 0.000000 1.000000 0.000000 0.000000
6.000000 88.057840 -0.624708 3.654342 0.805354 0.000000 0.000000 0.000000 1.000000 0.000000 0.000000
6.000000 88.064326 -0.652838 3.667403 0.790443 0.000000 0.000000 0.000000 1.000000 0.000000 0.000000
6.000000 88.067893 -0.674897 3.672528 0.784444 0.000000 0.000000 0.000000 1.000000 0.000000 0.000000
6.000000 88.074412 -0.599233 3.641081 0.796862 0.000000 0.000000 0.000000 1.000000 0.000000 0.000000
6.000000 88.077834 -0.661011 3.655406 0.781056 0.000000 0.000000 0.000000 1.000000 0.000000 0.000000
6.000000 88.084330 -0.722466 3.681010 0.770408 0.000000 0.000000 0.000000 1.000000 0.000000 0.000000
6.000000 88.088005 -0.702970 3.678213 0.766688 0.000000 0.000000 0.000000 1.000000 0.000000 0.000000
6.000000 88.094375 -0.570724 3.627507 0.756396 0.000000 0.000000 0.000000 1.000000 0.000000 0.000000
6.000000 88.097919 -1.188411 3.765137 0.720348 0.000000 0.000000 0.000000 1.000000 0.000000 0.000000
6.000000 88.104319 -1.161510 3.756289 0.710245 0.000000 0.000000 0.000000 1.000000 0.000000 0.000000
6.000000 88.107839 -1.307753 3.787230 0.687283 0.000000 0.000000 0.000000 1.000000 0.000000 0.000000
6.000000 88.114403 -1.145536 3.723573 0.690963 0.000000 0.000000 0.000000 1.000000 0.000000 0.000000
6.000000 88.117860 -1.060111 3.707219 0.694484 0.000000 0.000000 0.000000 1.000000 0.000000 0.000000
6.000000 88.124289 -1.230056 3.776062 0.676059 0.000000 0.000000 0.000000 1.000000 0.000000 0.000000
6.000000 88.127857 -1.028166 3.739658 0.675481 0.000000 0.000000 0.000000 1.000000 0.000000 0.000000
6.000000 88.134401 -0.703556 3.608056 0.712396 0.000000 0.000000 0.000000 1.000000 0.000000 0.000000
6.000000 88.137853 -0.751333 3.623347 0.683000 0.000000 0.000000 0.000000 1.000000 0.000000 0.000000
6.000000 88.144346 -0.931371 3.700497 0.638086 0.000000 0.000000 0.000000 1.000000 0.000000 0.000000
6.000000 88.147952 -0.884263 3.690567 0.645062 0.000000 0.000000 0.000000 1.000000 0.000000 0.000000
6.000000 88.154433 -0.881367 3.689890 0.642321 0.000000 0.000000 0.000000 1.000000 0.000000 0.000000
6.000000 88.157861 -0.939235 3.704182 0.624303 0.000000 0.000000 0.000000 1.000000 0.000000 0.000000
6.000000 88.164348 -0.815409 3.656418 0.623547 0.000000 0.000000 0.000000 1.000000 0.000000 0.000000
6.000000 88.167964 -0.925485 3.681194 0.598880 0.000000 0.000000 0.000000 1.000000 0.000000 0.000000
6.000000 88.174502 -0.906477 3.673421 0.601537 0.000000 0.000000 0.000000 1.000000 0.000000 0.000000
6.000000 88.177906 -1.064890 3.706323 0.579690 0.000000 0.000000 0.000000 1.000000 0.000000 0.000000
6.000000 88.184257 -1.029804 3.694626 0.569080 0.000000 0.000000 0.000000 1.000000 0.000000 0.000000
6.000000 88.197968 -0.827705 3.676041 0.555461 0.000000 0.000000 0.000000 1.000000 0.000000 0.000000
6.000000 88.204367 -0.717905 3.634097 0.554416 0.000000 0.000000 0.000000 1.000000 0.000000 0.000000
6.000000 88.207968 -1.280745 3.753640 0.466871 0.000000 0.000000 0.000000 1.000000 0.000000 0.000000
6.000000 88.214432 -1.246885 3.743976 0.452296 0.000000 0.000000 0.000000 1.000000 0.000000 0.000000
6.000000 88.217870 -1.018215 3.696619 0.484356 0.000000 0.000000 0.000000 1.000000 0.000000 0.000000
6.000000 88.224590 -0.923487 3.659654 0.487285 0.000000 0.000000 0.000000 1.000000 0.000000 0.000000
6.000000 88.227933 -1.429776 3.763178 0.419632 0.000000 0.000000 0.000000 1.000000 0.000000 0.000000
6.000000 88.234670 -1.376133 3.743182 0.416615 0.000000 0.000000 0.000000 1.000000 0.000000 0.000000
6.000000 88.237874 -1.287823 3.731372 0.400057 0.000000 0.000000 0.000000 1.000000 0.000000 0.000000
6.000000 88.244532 -1.274559 3.728393 0.389798 0.000000 0.000000 0.000000 1.000000 0.000000 0.000000
6.000000 88.247923 -1.385119 3.757322 0.350626 0.000000 0.000000 0.000000 1.000000 0.000000 0.000000
6.000000 88.254435 -1.363564 3.751863 0.339243 0.000000 0.000000 0.000000 1.000000 0.000000 0.000000
6.000000 88.257915 -1.483513 3.782520 0.301824 0.000000 0.000000 0.000000 1.000000 0.000000 0.000000
6.000000 88.264556 -1.408004 3.755715 0.297294 0.000000 0.000000 0.000000 1.000000 0.000000 0.000000
6.000000 88.267939 -1.474522 3.771027 0.282243 0.000000 0.000000 0.000000 1.000000 0.000000 0.000000
6.000000 88.274529 -1.360674 3.729129 0.279627 0.000000 0.000000 0.000000 1.000000 0.000000 0.000000
6.000000 88.277961 -1.352620 3.726925 0.283155 0.000000 0.000000 0.000000 1.000000 0.000000 0.000000
6.000000 88.284449 -1.348982 3.728197 0.268186 0.000000 0.000000 0.000000 1.000000 0.000000 0.000000
