21.000000 191.939683 25.443949 -0.214795 0.193045 0.000000 0.000000 0.000000 1.000000 0.000000 0.000000
21.000000 191.942518 25.441582 -0.212625 0.239923 0.000000 0.000000 0.000000 1.000000 0.000000 0.000000
21.000000 191.972603 24.660870 -0.381509 0.615662 0.000000 0.000000 0.000000 1.000000 0.000000 0.000000
21.000000 191.982497 24.442583 -0.416503 0.728311 0.000000 0.000000 0.000000 1.000000 0.000000 0.000000
21.000000 191.992594 24.388931 -0.415673 0.796134 0.000000 0.000000 0.000000 1.000000 0.000000 0.000000
21.000000 192.002544 24.176541 -0.438092 0.898429 0.000000 0.000000 0.000000 1.000000 0.000000 0.000000
21.000000 192.012701 23.991303 -0.454561 0.971461 0.000000 0.000000 0.000000 1.000000 0.000000 0.000000
21.000000 192.022455 23.867130 -0.465790 1.055980 0.000000 0.000000 0.000000 1.000000 0.000000 0.000000
21.000000 192.025682 22.923809 -0.605303 1.146924 0.000000 0.000000 0.000000 1.000000 0.000000 0.000000
21.000000 192.032514 23.713497 -0.488464 1.137118 0.000000 0.000000 0.000000 1.000000 0.000000 0.000000
21.000000 192.035863 22.804891 -0.622291 1.215168 0.000000 0.000000 0.000000 1.000000 0.000000 0.000000
21.000000 192.042499 23.591453 -0.485307 1.222033 0.000000 0.000000 0.000000 1.000000 0.000000 0.000000
21.000000 192.045846 22.699783 -0.625478 1.294544 0.000000 0.000000 0.000000 1.000000 0.000000 0.000000
21.000000 192.052547 23.465624 -0.495341 1.295496 0.000000 0.000000 0.000000 1.000000 0.000000 0.000000
21.000000 192.055942 22.592644 -0.633109 1.364729 0.000000 0.000000 0.000000 1.000000 0.000000 0.000000
21.000000 192.062489 23.393876 -0.514863 1.352241 0.000000 0.000000 0.000000 1.000000 0.000000 0.000000
21.000000 192.065767 22.494859 -0.656520 1.425583 0.000000 0.000000 0.000000 1.000000 0.000000 0.000000
21.000000 192.072611 23.206232 -0.523818 1.443006 0.000000 0.000000 0.000000 1.000000 0.000000 0.000000
21.000000 192.075897 22.384065 -0.656234 1.500933 0.000000 0.000000 0.000000 1.000000 0.000000 0.000000
21.000000 192.082444 23.063959 -0.530296 1.514279 0.000000 0.000000 0.000000 1.000000 0.000000 0.000000
21.000000 192.086045 22.265250 -0.663462 1.565991 0.000000 0.000000 0.000000 1.000000 0.000000 0.000000
21.000000 192.092620 22.841616 -0.568465 1.588869 0.000000 0.000000 0.000000 1.000000 0.000000 0.000000
21.000000 192.095969 22.164539 -0.670326 1.631902 0.000000 0.000000 0.000000 1.000000 0.000000 0.000000
21.000000 192.102556 22.792991 -0.561794 1.653984 0.000000 0.000000 0.000000 1.000000 0.000000 0.000000
21.000000 192.105900 22.052568 -0.684752 1.695935 0.000000 0.000000 0.000000 1.000000 0.000000 0.000000
21.000000 192.112715 22.740492 -0.575154 1.714113 0.000000 0.000000 0.000000 1.000000 0.000000 0.000000
21.000000 192.115922 21.972547 -0.706117 1.763250 0.000000 0.000000 0.000000 1.000000 0.000000 0.000000
21.000000 192.122442 22.562551 -0.592182 1.784428 0.000000 0.000000 0.000000 1.000000 0.000000 0.000000
21.000000 192.125868 21.858378 -0.710786 1.827117 0.000000 0.000000 0.000000 1.000000 0.000000 0.000000
21.000000 192.132758 22.357113 -0.605208 1.855974 0.000000 0.000000 0.000000 1.000000 0.000000 0.000000
21.000000 192.135943 21.724976 -0.710476 1.885085 0.000000 0.000000 0.000000 1.000000 0.000000 0.000000
21.000000 192.142612 22.225361 -0.615471 1.919628 0.000000 0.000000 0.000000 1.000000 0.000000 0.000000
21.000000 192.145834 21.614588 -0.719109 1.944193 0.000000 0.000000 0.000000 1.000000 0.000000 0.000000
21.000000 192.152689 22.120406 -0.632504 1.970554 0.000000 0.000000 0.000000 1.000000 0.000000 0.000000
21.000000 192.155903 21.510308 -0.735422 1.998780 0.000000 0.000000 0.000000 1.000000 0.000000 0.000000
21.000000 192.162453 22.053288 -0.648265 2.021061 0.000000 0.000000 0.000000 1.000000 0.000000 0.000000
21.000000 192.165681 21.417602 -0.754016 2.051364 0.000000 0.000000 0.000000 1.000000 0.000000 0.000000
21.000000 192.167277 20.516515 -0.468292 1.937530 0.000000 0.000000 0.000000 1.000000 0.000000 0.000000
21.000000 192.172484 21.825975 -0.658496 2.098973 0.000000 0.000000 0.000000 1.000000 0.000000 0.000000
21.000000 192.175997 21.287180 -0.749674 2.116324 0.000000 0.000000 0.000000 1.000000 0.000000 0.000000
21.000000 192.177131 20.392834 -0.481854 1.997490 0.000000 0.000000 0.000000 1.000000 0.000000 0.000000
21.000000 192.182573 21.701122 -0.668517 2.159324 0.000000 0.000000 0.000000 1.000000 0.000000 0.000000
21.000000 192.187082 20.264010 -0.495387 2.051315 0.000000 0.000000 0.000000 1.000000 0.000000 0.000000
21.000000 192.192577 21.576395 -0.681318 2.215678 0.000000 0.000000 0.000000 1.000000 0.000000 0.000000
21.000000 192.197062 20.142950 -0.506093 2.111970 0.000000 0.000000 0.000000 1.000000 0.000000 0.000000
21.000000 192.202544 21.463592 -0.692098 2.262695 0.000000 0.000000 0.000000 1.000000 0.000000 0.000000
21.000000 192.207331 20.009651 -0.515004 2.166712 0.000000 0.000000 0.000000 1.000000 0.000000 0.000000
21.000000 192.212534 21.412141 -0.712149 2.293532 0.000000 0.000000 0.000000 1.000000 0.000000 0.000000
21.000000 192.217059 19.882986 -0.532537 2.224365 0.000000 0.000000 0.000000 1.000000 0.000000 0.000000
21.000000 192.222436 21.169946 -0.725487 2.379388 0.000000 0.000000 0.000000 1.000000 0.000000 0.000000
21.000000 192.227044 19.759856 -0.546466 2.275487 0.000000 0.000000 0.000000 1.000000 0.000000 0.000000
21.000000 192.232656 21.047038 -0.731925 2.426842 0.000000 0.000000 0.000000 1.000000 0.000000 0.000000
21.000000 192.237031 19.637143 -0.560103 2.328334 0.000000 0.000000 0.000000 1.000000 0.000000 0.000000
21.000000 192.242529 20.926353 -0.745607 2.479809 0.000000 0.000000 0.000000 1.000000 0.000000 0.000000
21.000000 192.247169 19.505728 -0.563806 2.375915 0.000000 0.000000 0.000000 1.000000 0.000000 0.000000
21.000000 192.252600 20.785944 -0.760778 2.525355 0.000000 0.000000 0.000000 1.000000 0.000000 0.000000
21.000000 192.257068 19.390626 -0.582577 2.430177 0.000000 0.000000 0.000000 1.000000 0.000000 0.000000
21.000000 192.262647 20.732729 -0.777084 2.560299 0.000000 0.000000 0.000000 1.000000 0.000000 0.000000
21.000000 192.267097 19.242574 -0.585282 2.464779 0.000000 0.000000 0.000000 1.000000 0.000000 0.000000
21.000000 192.272738 20.522904 -0.786568 2.622647 0.000000 0.000000 0.000000 1.000000 0.000000 0.000000
21.000000 192.277103 19.137735 -0.605579 2.525695 0.000000 0.000000 0.000000 1.000000 0.000000 0.000000
21.000000 192.282704 20.411780 -0.796659 2.673559 0.000000 0.000000 0.000000 1.000000 0.000000 0.000000
21.000000 192.287162 19.015587 -0.617068 2.569755 0.000000 0.000000 0.000000 1.000000 0.000000 0.000000
21.000000 192.292577 20.235080 -0.829569 2.715115 0.000000 0.000000 0.000000 1.000000 0.000000 0.000000
21.000000 192.297214 18.890773 -0.624670 2.615668 0.000000 0.000000 0.000000 1.000000 0.000000 0.000000
21.000000 192.302633 20.145088 -0.825951 2.762730 0.000000 0.000000 0.000000 1.000000 0.000000 0.000000
21.000000 192.307123 18.759739 -0.643402 2.659359 0.000000 0.000000 0.000000 1.000000 0.000000 0.000000
21.000000 192.312628 20.090159 -0.842144 2.791635 0.000000 0.000000 0.000000 1.000000 0.000000 0.000000
21.000000 192.317109 18.642492 -0.657548 2.705543 0.000000 0.000000 0.000000 1.000000 0.000000 0.000000
21.000000 192.322491 19.884379 -0.858293 2.840405 0.000000 0.000000 0.000000 1.000000 0.000000 0.000000
21.000000 192.327339 18.523409 -0.672434 2.751699 0.000000 0.000000 0.000000 1.000000 0.000000 0.000000
21.000000 192.332581 19.744056 -0.871374 2.888487 0.000000 0.000000 0.000000 1.000000 0.000000 0.000000
21.000000 192.337122 18.420251 -0.693198 2.791504 0.000000 0.000000 0.000000 1.000000 0.000000 0.000000
21.000000 192.342515 19.597187 -0.892237 2.917574 0.000000 0.000000 0.000000 1.000000 0.000000 0.000000
21.000000 192.347323 18.251091 -0.685582 2.824970 0.000000 0.000000 0.000000 1.000000 0.000000 0.000000
21.000000 192.352815 19.530717 -0.890004 2.959948 0.000000 0.000000 0.000000 1.000000 0.000000 0.000000
21.000000 192.357215 18.153827 -0.716672 2.871073 0.000000 0.000000 0.000000 1.000000 0.000000 0.000000
21.000000 192.362681 19.392758 -0.906874 2.978581 0.000000 0.000000 0.000000 1.000000 0.000000 0.000000
21.000000 192.367321 18.032812 -0.725676 2.910679 0.000000 0.000000 0.000000 1.000000 0.000000 0.000000
21.000000 192.372585 19.257279 -0.918402 3.035560 0.000000 0.000000 0.000000 1.000000 0.000000 0.000000
21.000000 192.377005 17.912114 -0.735301 2.940764 0.000000 0.000000 0.000000 1.000000 0.000000 0.000000
21.000000 192.382469 19.132985 -0.931303 3.069032 0.000000 0.000000 0.000000 1.000000 0.000000 0.000000
21.000000 192.387337 17.805363 -0.751045 2.978240 0.000000 0.000000 0.000000 1.000000 0.000000 0.000000
21.000000 192.392569 19.009307 -0.946545 3.107062 0.000000 0.000000 0.000000 1.000000 0.000000 0.000000
21.000000 192.397187 17.683355 -0.767299 3.019036 0.000000 0.000000 0.000000 1.000000 0.000000 0.000000
21.000000 192.402544 18.909465 -0.953358 3.134491 0.000000 0.000000 0.000000 1.000000 0.000000 0.000000
21.000000 192.407245 17.574277 -0.784237 3.052722 0.000000 0.000000 0.000000 1.000000 0.000000 0.000000
21.000000 192.412610 18.811169 -0.964762 3.161032 0.000000 0.000000 0.000000 1.000000 0.000000 0.000000
21.000000 192.417181 17.446291 -0.794047 3.088763 0.000000 0.000000 0.000000 1.000000 0.000000 0.000000
21.000000 192.422490 18.639182 -0.980086 3.199401 0.000000 0.000000 0.000000 1.000000 0.000000 0.000000
21.000000 192.427349 17.326120 -0.808097 3.119719 0.000000 0.000000 0.000000 1.000000 0.000000 0.000000
21.000000 192.432603 18.547039 -0.987261 3.226854 0.000000 0.000000 0.000000 1.000000 0.000000 0.000000
21.000000 192.437137 17.219603 -0.824604 3.149254 0.000000 0.000000 0.000000 1.000000 0.000000 0.000000
21.000000 192.442548 18.390161 -1.010388 3.261599 0.000000 0.000000 0.000000 1.000000 0.000000 0.000000
21.000000 192.447145 17.111497 -0.842586 3.182802 0.000000 0.000000 0.000000 1.000000 0.000000 0.000000
21.000000 192.452649 18.290518 -1.017968 3.288478 0.000000 0.000000 0.000000 1.000000 0.000000 0.000000
21.000000 192.457193 16.981953 -0.856046 3.211445 0.000000 0.000000 0.000000 1.000000 0.000000 0.000000
21.000000 192.462540 18.211150 -1.032268 3.302985 0.000000 0.000000 0.000000 1.000000 0.000000 0.000000
21.000000 192.467178 16.873861 -0.868396 3.240557 0.000000 0.000000 0.000000 1.000000 0.000000 0.000000
21.000000 192.472667 18.047896 -1.050376 3.328959 0.000000 0.000000 0.000000 1.000000 0.000000 0.000000
21.000000 192.477092 16.765544 -0.886450 3.269765 0.000000 0.000000 0.000000 1.000000 0.000000 0.000000
21.000000 192.482561 17.866226 -1.064513 3.358904 0.000000 0.000000 0.000000 1.000000 0.000000 0.000000
21.000000 192.487207 16.650557 -0.898778 3.291930 0.000000 0.000000 0.000000 1.000000 0.000000 0.000000
21.000000 192.492624 17.727627 -1.080429 3.387876 0.000000 0.000000 0.000000 1.000000 0.000000 0.000000
21.000000 192.497061 16.535157 -0.910314 3.318182 0.000000 0.000000 0.000000 1.000000 0.000000 0.000000
21.000000 192.502568 17.661299 -1.079298 3.406548 0.000000 0.000000 0.000000 1.000000 0.000000 0.000000
21.000000 192.507168 16.413823 -0.922569 3.340430 0.000000 0.000000 0.000000 1.000000 0.000000 0.000000
21.000000 192.512663 17.553874 -1.098184 3.416037 0.000000 0.000000 0.000000 1.000000 0.000000 0.000000
21.000000 192.517140 16.300249 -0.937694 3.363181 0.000000 0.000000 0.000000 1.000000 0.000000 0.000000
21.000000 192.522576 17.430319 -1.104553 3.438015 0.000000 0.000000 0.000000 1.000000 0.000000 0.000000
21.000000 192.525943 17.342252 -1.115797 3.431571 0.000000 0.000000 0.000000 1.000000 0.000000 0.000000
21.000000 192.532670 17.333055 -1.114305 3.450062 0.000000 0.000000 0.000000 1.000000 0.000000 0.000000
21.000000 192.537210 16.092825 -0.968862 3.404924 0.000000 0.000000 0.000000 1.000000 0.000000 0.000000
21.000000 192.542518 17.220819 -1.130744 3.450721 0.000000 0.000000 0.000000 1.000000 0.000000 0.000000
21.000000 192.547404 15.928502 -0.967615 3.414710 0.000000 0.000000 0.000000 1.000000 0.000000 0.000000
21.000000 192.552742 17.128417 -1.136305 3.461447 0.000000 0.000000 0.000000 1.000000 0.000000 0.000000
21.000000 192.557261 15.862977 -1.001426 3.444543 0.000000 0.000000 0.000000 1.000000 0.000000 0.000000
21.000000 192.562573 17.017731 -1.147279 3.485104 0.000000 0.000000 0.000000 1.000000 0.000000 0.000000
21.000000 192.567402 15.742955 -1.008212 3.458015 0.000000 0.000000 0.000000 1.000000 0.000000 0.000000
21.000000 192.572737 16.868183 -1.165916 3.505047 0.000000 0.000000 0.000000 1.000000 0.000000 0.000000
21.000000 192.577245 15.624854 -1.022519 3.474422 0.000000 0.000000 0.000000 1.000000 0.000000 0.000000
21.000000 192.582582 16.717044 -1.175672 3.516133 0.000000 0.000000 0.000000 1.000000 0.000000 0.000000
21.000000 192.587300 15.540174 -1.041394 3.487662 0.000000 0.000000 0.000000 1.000000 0.000000 0.000000
21.000000 192.592687 16.605868 -1.183875 3.528726 0.000000 0.000000 0.000000 1.000000 0.000000 0.000000
21.000000 192.597280 15.363786 -1.028756 3.497719 0.000000 0.000000 0.000000 1.000000 0.000000 0.000000
21.000000 192.602602 16.503352 -1.197117 3.531951 0.000000 0.000000 0.000000 1.000000 0.000000 0.000000
21.000000 192.607281 15.270459 -1.056829 3.514443 0.000000 0.000000 0.000000 1.000000 0.000000 0.000000
21.000000 192.612678 16.430700 -1.218013 3.542017 0.000000 0.000000 0.000000 1.000000 0.000000 0.000000
21.000000 192.617209 15.169370 -1.074346 3.525767 0.000000 0.000000 0.000000 1.000000 0.000000 0.000000
21.000000 192.622800 16.294908 -1.223151 3.541109 0.000000 0.000000 0.000000 1.000000 0.000000 0.000000
21.000000 192.627275 15.059771 -1.088447 3.534534 0.000000 0.000000 0.000000 1.000000 0.000000 0.000000
21.000000 192.632752 16.156231 -1.235263 3.560043 0.000000 0.000000 0.000000 1.000000 0.000000 0.000000
21.000000 192.637216 14.951200 -1.101310 3.546002 0.000000 0.000000 0.000000 1.000000 0.000000 0.000000
21.000000 192.642695 16.019930 -1.241866 3.564957 0.000000 0.000000 0.000000 1.000000 0.000000 0.000000
21.000000 192.647342 14.851416 -1.119735 3.557192 0.000000 0.000000 0.000000 1.000000 0.000000 0.000000
21.000000 192.652722 15.937234 -1.255139 3.573317 0.000000 0.000000 0.000000 1.000000 0.000000 0.000000
21.000000 192.657296 14.751766 -1.139033 3.568003 0.000000 0.000000 0.000000 1.000000 0.000000 0.000000
21.000000 192.662609 15.756629 -1.262033 3.581668 0.000000 0.000000 0.000000 1.000000 0.000000 0.000000
21.000000 192.667279 14.652172 -1.151948 3.574461 0.000000 0.000000 0.000000 1.000000 0.000000 0.000000
21.000000 192.672745 15.729069 -1.278213 3.581069 0.000000 0.000000 0.000000 1.000000 0.000000 0.000000
21.000000 192.677197 14.512996 -1.160676 3.574629 0.000000 0.000000 0.000000 1.000000 0.000000 0.000000
21.000000 192.682793 15.614618 -1.295261 3.571186 0.000000 0.000000 0.000000 1.000000 0.000000 0.000000
21.000000 192.687302 14.442260 -1.183038 3.577170 0.000000 0.000000 0.000000 1.000000 0.000000 0.000000
21.000000 192.692890 15.466334 -1.305976 3.586440 0.000000 0.000000 0.000000 1.000000 0.000000 0.000000
21.000000 192.697217 14.313623 -1.183899 3.580203 0.000000 0.000000 0.000000 1.000000 0.000000 0.000000
21.000000 192.702734 15.385820 -1.314362 3.582053 0.000000 0.000000 0.000000 1.000000 0.000000 0.000000
21.000000 192.707346 14.214277 -1.210326 3.587993 0.000000 0.000000 0.000000 1.000000 0.000000 0.000000
21.000000 192.712839 15.303810 -1.327714 3.582691 0.000000 0.000000 0.000000 1.000000 0.000000 0.000000
21.000000 192.717265 14.114082 -1.221022 3.589003 0.000000 0.000000 0.000000 1.000000 0.000000 0.000000
21.000000 192.722819 15.126273 -1.335666 3.593498 0.000000 0.000000 0.000000 1.000000 0.000000 0.000000
21.000000 192.727312 14.011361 -1.238457 3.588192 0.000000 0.000000 0.000000 1.000000 0.000000 0.000000
21.000000 192.732798 15.018525 -1.354041 3.589237 0.000000 0.000000 0.000000 1.000000 0.000000 0.000000
21.000000 192.737365 13.886096 -1.249927 3.583687 0.000000 0.000000 0.000000 1.000000 0.000000 0.000000
21.000000 192.742709 14.938780 -1.349955 3.594042 0.000000 0.000000 0.000000 1.000000 0.000000 0.000000
21.000000 192.747544 13.771723 -1.255155 3.580485 0.000000 0.000000 0.000000 1.000000 0.000000 0.000000
21.000000 192.752811 14.823222 -1.364167 3.592012 0.000000 0.000000 0.000000 1.000000 0.000000 0.000000
21.000000 192.757463 13.684742 -1.274319 3.581194 0.000000 0.000000 0.000000 1.000000 0.000000 0.000000
21.000000 192.762717 14.728077 -1.380845 3.577758 0.000000 0.000000 0.000000 1.000000 0.000000 0.000000
21.000000 192.767329 13.581086 -1.293788 3.578386 0.000000 0.000000 0.000000 1.000000 0.000000 0.000000
21.000000 192.772793 14.577559 -1.389158 3.582055 0.000000 0.000000 0.000000 1.000000 0.000000 0.000000
21.000000 192.777233 13.482019 -1.311518 3.571593 0.000000 0.000000 0.000000 1.000000 0.000000 0.000000
21.000000 192.782755 14.480971 -1.403901 3.574693 0.000000 0.000000 0.000000 1.000000 0.000000 0.000000
21.000000 192.787287 13.381492 -1.318096 3.563997 0.000000 0.000000 0.000000 1.000000 0.000000 0.000000
21.000000 192.792769 14.366239 -1.416834 3.567773 0.000000 0.000000 0.000000 1.000000 0.000000 0.000000
21.000000 192.797271 13.234592 -1.320649 3.553318 0.000000 0.000000 0.000000 1.000000 0.000000 0.000000
21.000000 192.802732 14.242920 -1.425954 3.555699 0.000000 0.000000 0.000000 1.000000 0.000000 0.000000
21.000000 192.807352 13.154086 -1.348360 3.549309 0.000000 0.000000 0.000000 1.000000 0.000000 0.000000
21.000000 192.812815 14.152792 -1.437498 3.543988 0.000000 0.000000 0.000000 1.000000 0.000000 0.000000
21.000000 192.816124 14.049709 -1.456441 3.584772 0.000000 0.000000 0.000000 1.000000 0.000000 0.000000
21.000000 192.822874 14.032494 -1.443033 3.533244 0.000000 0.000000 0.000000 1.000000 0.000000 0.000000
21.000000 192.827421 12.948657 -1.378519 3.518918 0.000000 0.000000 0.000000 1.000000 0.000000 0.000000
21.000000 192.832803 13.928958 -1.454860 3.523066 0.000000 0.000000 0.000000 1.000000 0.000000 0.000000
21.000000 192.837374 12.898046 -1.400386 3.514500 0.000000 0.000000 0.000000 1.000000 0.000000 0.000000
21.000000 192.842747 13.834700 -1.458978 3.508551 0.000000 0.000000 0.000000 1.000000 0.000000 0.000000
21.000000 192.847437 12.743449 -1.410732 3.501069 0.000000 0.000000 0.000000 1.000000 0.000000 0.000000
21.000000 192.852820 13.731483 -1.470650 3.491986 0.000000 0.000000 0.000000 1.000000 0.000000 0.000000
21.000000 192.857310 12.672045 -1.425719 3.487389 0.000000 0.000000 0.000000 1.000000 0.000000 0.000000
21.000000 192.862741 13.682791 -1.489714 3.466426 0.000000 0.000000 0.000000 1.000000 0.000000 0.000000
21.000000 192.867417 12.592541 -1.445248 3.481273 0.000000 0.000000 0.000000 1.000000 0.000000 0.000000
21.000000 192.872808 13.509167 -1.489560 3.459526 0.000000 0.000000 0.000000 1.000000 0.000000 0.000000
21.000000 192.877370 12.495057 -1.455159 3.471120 0.000000 0.000000 0.000000 1.000000 0.000000 0.000000
21.000000 192.882844 13.383331 -1.507018 3.442845 0.000000 0.000000 0.000000 1.000000 0.000000 0.000000
21.000000 192.887441 12.414206 -1.466810 3.452588 0.000000 0.000000 0.000000 1.000000 0.000000 0.000000
21.000000 192.892967 13.279430 -1.523886 3.421558 0.000000 0.000000 0.000000 1.000000 0.000000 0.000000
21.000000 192.897354 12.265800 -1.471497 3.430828 0.000000 0.000000 0.000000 1.000000 0.000000 0.000000
21.000000 192.902835 13.205363 -1.521385 3.400628 0.000000 0.000000 0.000000 1.000000 0.000000 0.000000
21.000000 192.907381 12.189229 -1.495102 3.410610 0.000000 0.000000 0.000000 1.000000 0.000000 0.000000
21.000000 192.913106 13.176949 -1.542251 3.374018 0.000000 0.000000 0.000000 1.000000 0.000000 0.000000
21.000000 192.917350 12.074821 -1.509890 3.397795 0.000000 0.000000 0.000000 1.000000 0.000000 0.000000
21.000000 192.922997 12.969891 -1.546580 3.358056 0.000000 0.000000 0.000000 1.000000 0.000000 0.000000
21.000000 192.927405 11.984489 -1.530048 3.374918 0.000000 0.000000 0.000000 1.000000 0.000000 0.000000
21.000000 192.933011 12.888983 -1.553388 3.337681 0.000000 0.000000 0.000000 1.000000 0.000000 0.000000
21.000000 192.937353 11.931578 -1.544962 3.362312 0.000000 0.000000 0.000000 1.000000 0.000000 0.000000
21.000000 192.942793 12.789360 -1.575207 3.323396 0.000000 0.000000 0.000000 1.000000 0.000000 0.000000
21.000000 192.947401 11.783360 -1.557740 3.331693 0.000000 0.000000 0.000000 1.000000 0.000000 0.000000
21.000000 192.952929 12.698476 -1.583466 3.292245 0.000000 0.000000 0.000000 1.000000 0.000000 0.000000
21.000000 192.957343 11.691472 -1.569991 3.310493 0.000000 0.000000 0.000000 1.000000 0.000000 0.000000
21.000000 192.962734 12.639665 -1.596784 3.248768 0.000000 0.000000 0.000000 1.000000 0.000000 0.000000
21.000000 192.967353 11.564392 -1.577971 3.277595 0.000000 0.000000 0.000000 1.000000 0.000000 0.000000
21.000000 192.972797 12.477229 -1.600130 3.249911 0.000000 0.000000 0.000000 1.000000 0.000000 0.000000
21.000000 192.977328 11.471686 -1.594846 3.257657 0.000000 0.000000 0.000000 1.000000 0.000000 0.000000
21.000000 192.982775 12.386698 -1.614597 3.216012 0.000000 0.000000 0.000000 1.000000 0.000000 0.000000
21.000000 192.987544 11.425542 -1.610751 3.224453 0.000000 0.000000 0.000000 1.000000 0.000000 0.000000
21.000000 192.992822 12.202960 -1.624200 3.176944 0.000000 0.000000 0.000000 1.000000 0.000000 0.000000
21.000000 192.997563 11.292020 -1.621246 3.204486 0.000000 0.000000 0.000000 1.000000 0.000000 0.000000
21.000000 193.002726 12.164548 -1.637123 3.151696 0.000000 0.000000 0.000000 1.000000 0.000000 0.000000
21.000000 193.007437 11.221622 -1.642514 3.179683 0.000000 0.000000 0.000000 1.000000 0.000000 0.000000
21.000000 193.012844 12.029523 -1.636990 3.116619 0.000000 0.000000 0.000000 1.000000 0.000000 0.000000
21.000000 193.017423 11.124046 -1.661417 3.144270 0.000000 0.000000 0.000000 1.000000 0.000000 0.000000
21.000000 193.022799 11.959028 -1.653201 3.074818 0.000000 0.000000 0.000000 1.000000 0.000000 0.000000
21.000000 193.027444 11.034418 -1.671691 3.114664 0.000000 0.000000 0.000000 1.000000 0.000000 0.000000
21.000000 193.032856 11.891128 -1.664644 3.049741 0.000000 0.000000 0.000000 1.000000 0.000000 0.000000
21.000000 193.037435 10.942197 -1.687460 3.085589 0.000000 0.000000 0.000000 1.000000 0.000000 0.000000
21.000000 193.042755 11.781968 -1.674565 3.013415 0.000000 0.000000 0.000000 1.000000 0.000000 0.000000
21.000000 193.047587 10.822154 -1.692186 3.050229 0.000000 0.000000 0.000000 1.000000 0.000000 0.000000
21.000000 193.052850 11.671732 -1.686098 2.985294 0.000000 0.000000 0.000000 1.000000 0.000000 0.000000
21.000000 193.057445 10.762931 -1.719078 3.026070 0.000000 0.000000 0.000000 1.000000 0.000000 0.000000
21.000000 193.062769 11.577340 -1.698425 2.941131 0.000000 0.000000 0.000000 1.000000 0.000000 0.000000
21.000000 193.067467 10.655710 -1.727745 2.986459 0.000000 0.000000 0.000000 1.000000 0.000000 0.000000
21.000000 193.072866 11.390792 -1.699654 2.915317 0.000000 0.000000 0.000000 1.000000 0.000000 0.000000
21.000000 193.077346 10.559620 -1.740450 2.952128 0.000000 0.000000 0.000000 1.000000 0.000000 0.000000
21.000000 193.082817 11.343952 -1.722698 2.882890 0.000000 0.000000 0.000000 1.000000 0.000000 0.000000
21.000000 193.087445 10.510766 -1.758422 2.914341 0.000000 0.000000 0.000000 1.000000 0.000000 0.000000
21.000000 193.092881 11.280910 -1.728045 2.838512 0.000000 0.000000 0.000000 1.000000 0.000000 0.000000
21.000000 193.097404 10.402233 -1.774570 2.880939 0.000000 0.000000 0.000000 1.000000 0.000000 0.000000
21.000000 193.102805 11.179196 -1.740019 2.800823 0.000000 0.000000 0.000000 1.000000 0.000000 0.000000
21.000000 193.107644 10.315530 -1.789048 2.845808 0.000000 0.000000 0.000000 1.000000 0.000000 0.000000
21.000000 193.112911 11.063617 -1.753777 2.753395 0.000000 0.000000 0.000000 1.000000 0.000000 0.000000
21.000000 193.117436 10.196928 -1.801953 2.802352 0.000000 0.000000 0.000000 1.000000 0.000000 0.000000
21.000000 193.122815 10.945218 -1.758378 2.732137 0.000000 0.000000 0.000000 1.000000 0.000000 0.000000
21.000000 193.127563 10.127590 -1.818680 2.761904 0.000000 0.000000 0.000000 1.000000 0.000000 0.000000
21.000000 193.133110 10.864546 -1.771500 2.675127 0.000000 0.000000 0.000000 1.000000 0.000000 0.000000
21.000000 193.137498 10.058939 -1.837463 2.726899 0.000000 0.000000 0.000000 1.000000 0.000000 0.000000
21.000000 193.143033 10.763938 -1.781982 2.633480 0.000000 0.000000 0.000000 1.000000 0.000000 0.000000
21.000000 193.147508 9.941138 -1.846338 2.685157 0.000000 0.000000 0.000000 1.000000 0.000000 0.000000
21.000000 193.153165 10.652957 -1.789353 2.575775 0.000000 0.000000 0.000000 1.000000 0.000000 0.000000
21.000000 193.157435 9.822064 -1.842588 2.644701 0.000000 0.000000 0.000000 1.000000 0.000000 0.000000
21.000000 193.163063 10.563218 -1.801414 2.530293 0.000000 0.000000 0.000000 1.000000 0.000000 0.000000
21.000000 193.167500 9.780825 -1.875863 2.602558 0.000000 0.000000 0.000000 1.000000 0.000000 0.000000
21.000000 193.173119 10.462238 -1.813655 2.482124 0.000000 0.000000 0.000000 1.000000 0.000000 0.000000
21.000000 193.177436 9.687844 -1.887812 2.555832 0.000000 0.000000 0.000000 1.000000 0.000000 0.000000
21.000000 193.182915 10.372637 -1.821071 2.445955 0.000000 0.000000 0.000000 1.000000 0.000000 0.000000
21.000000 193.187565 9.655102 -1.912042 2.515937 0.000000 0.000000 0.000000 1.000000 0.000000 0.000000
21.000000 193.192959 10.246511 -1.841155 2.388886 0.000000 0.000000 0.000000 1.000000 0.000000 0.000000
21.000000 193.197710 9.494977 -1.912089 2.463588 0.000000 0.000000 0.000000 1.000000 0.000000 0.000000
21.000000 193.203066 10.151308 -1.845578 2.337937 0.000000 0.000000 0.000000 1.000000 0.000000 0.000000
21.000000 193.207581 9.415213 -1.925259 2.418084 0.000000 0.000000 0.000000 1.000000 0.000000 0.000000
21.000000 193.213226 10.069039 -1.857143 2.287320 0.000000 0.000000 0.000000 1.000000 0.000000 0.000000
21.000000 193.217559 9.339760 -1.945023 2.365506 0.000000 0.000000 0.000000 1.000000 0.000000 0.000000
21.000000 193.223089 9.945909 -1.862490 2.248081 0.000000 0.000000 0.000000 1.000000 0.000000 0.000000
21.000000 193.227535 9.219569 -1.942883 2.323331 0.000000 0.000000 0.000000 1.000000 0.000000 0.000000
21.000000 193.233134 9.867735 -1.868068 2.198188 0.000000 0.000000 0.000000 1.000000 0.000000 0.000000
21.000000 193.237667 9.186430 -1.977037 2.263836 0.000000 0.000000 0.000000 1.000000 0.000000 0.000000
21.000000 193.243108 9.758249 -1.879887 2.146157 0.000000 0.000000 0.000000 1.000000 0.000000 0.000000
21.000000 193.247540 9.096885 -1.990756 2.224498 0.000000 0.000000 0.000000 1.000000 0.000000 0.000000
21.000000 193.253173 9.678634 -1.888676 2.093593 0.000000 0.000000 0.000000 1.000000 0.000000 0.000000
21.000000 193.257474 8.966328 -1.994489 2.165417 0.000000 0.000000 0.000000 1.000000 0.000000 0.000000
21.000000 193.263116 9.593663 -1.898715 2.030620 0.000000 0.000000 0.000000 1.000000 0.000000 0.000000
21.000000 193.267582 8.914337 -2.013337 2.118209 0.000000 0.000000 0.000000 1.000000 0.000000 0.000000
21.000000 193.273107 9.493493 -1.909346 1.979431 0.000000 0.000000 0.000000 1.000000 0.000000 0.000000
21.000000 193.277874 8.811083 -2.027250 2.059624 0.000000 0.000000 0.000000 1.000000 0.000000 0.000000
21.000000 193.282950 9.380635 -1.923183 1.924391 0.000000 0.000000 0.000000 1.000000 0.000000 0.000000
21.000000 193.287565 8.769104 -2.043138 2.005506 0.000000 0.000000 0.000000 1.000000 0.000000 0.000000
21.000000 193.292972 9.296154 -1.926993 1.864234 0.000000 0.000000 0.000000 1.000000 0.000000 0.000000
21.000000 193.297541 8.641373 -2.050753 1.945735 0.000000 0.000000 0.000000 1.000000 0.000000 0.000000
21.000000 193.302946 9.193452 -1.936997 1.811429 0.000000 0.000000 0.000000 1.000000 0.000000 0.000000
21.000000 193.307792 8.560655 -2.064816 1.895734 0.000000 0.000000 0.000000 1.000000 0.000000 0.000000
21.000000 193.313092 9.129351 -1.950811 1.748125 0.000000 0.000000 0.000000 1.000000 0.000000 0.000000
21.000000 193.317581 8.503003 -2.086819 1.838057 0.000000 0.000000 0.000000 1.000000 0.000000 0.000000
21.000000 193.323052 9.018735 -1.961292 1.687457 0.000000 0.000000 0.000000 1.000000 0.000000 0.000000
21.000000 193.327718 8.394174 -2.096354 1.771547 0.000000 0.000000 0.000000 1.000000 0.000000 0.000000
21.000000 193.333107 8.909065 -1.964465 1.615058 0.000000 0.000000 0.000000 1.000000 0.000000 0.000000
21.000000 193.336462 8.427396 -2.142326 1.777326 0.000000 0.000000 0.000000 1.000000 0.000000 0.000000
21.000000 193.343082 8.814964 -1.970888 1.574615 0.000000 0.000000 0.000000 1.000000 0.000000 0.000000
21.000000 193.347641 8.249448 -2.120747 1.662079 0.000000 0.000000 0.000000 1.000000 0.000000 0.000000
21.000000 193.353084 8.717583 -1.982263 1.515251 0.000000 0.000000 0.000000 1.000000 0.000000 0.000000
21.000000 193.357690 8.134592 -2.130027 1.600923 0.000000 0.000000 0.000000 1.000000 0.000000 0.000000
21.000000 193.362944 8.642934 -1.991784 1.443924 0.000000 0.000000 0.000000 1.000000 0.000000 0.000000
21.000000 193.367680 8.067173 -2.145158 1.542179 0.000000 0.000000 0.000000 1.000000 0.000000 0.000000
21.000000 193.373183 8.530210 -2.004443 1.386071 0.000000 0.000000 0.000000 1.000000 0.000000 0.000000
21.000000 193.377599 7.996532 -2.167068 1.477634 0.000000 0.000000 0.000000 1.000000 0.000000 0.000000
21.000000 193.383100 8.444342 -2.009723 1.320354 0.000000 0.000000 0.000000 1.000000 0.000000 0.000000
21.000000 193.387515 7.906258 -2.174101 1.411202 0.000000 0.000000 0.000000 1.000000 0.000000 0.000000
21.000000 193.393060 8.343539 -2.017320 1.255663 0.000000 0.000000 0.000000 1.000000 0.000000 0.000000
21.000000 193.397770 7.860333 -2.192243 1.363630 0.000000 0.000000 0.000000 1.000000 0.000000 0.000000
21.000000 193.402961 8.251096 -2.031583 1.187908 0.000000 0.000000 0.000000 1.000000 0.000000 0.000000
21.000000 193.407763 7.808906 -2.214110 1.303892 0.000000 0.000000 0.000000 1.000000 0.000000 0.000000
21.000000 193.413016 8.160398 -2.040931 1.121305 0.000000 0.000000 0.000000 1.000000 0.000000 0.000000
21.000000 193.417737 7.693535 -2.218256 1.238999 0.000000 0.000000 0.000000 1.000000 0.000000 0.000000
21.000000 193.422962 8.065002 -2.046695 1.059326 0.000000 0.000000 0.000000 1.000000 0.000000 0.000000
21.000000 193.427640 7.656963 -2.247284 1.179920 0.000000 0.000000 0.000000 1.000000 0.000000 0.000000
21.000000 193.433074 7.979909 -2.051951 0.989204 0.000000 0.000000 0.000000 1.000000 0.000000 0.000000
21.000000 193.437662 7.555961 -2.255538 1.106470 0.000000 0.000000 0.000000 1.000000 0.000000 0.000000
21.000000 193.442930 7.883209 -2.065021 0.916820 0.000000 0.000000 0.000000 1.000000 0.000000 0.000000
21.000000 193.447796 7.476368 -2.270489 1.037089 0.000000 0.000000 0.000000 1.000000 0.000000 0.000000
21.000000 193.453264 7.795094 -2.072745 0.847409 0.000000 0.000000 0.000000 1.000000 0.000000 0.000000
21.000000 193.457737 7.377496 -2.277289 0.971463 0.000000 0.000000 0.000000 1.000000 0.000000 0.000000
21.000000 193.463074 7.709535 -2.078763 0.773929 0.000000 0.000000 0.000000 1.000000 0.000000 0.000000
21.000000 193.467640 7.310307 -2.294815 0.901371 0.000000 0.000000 0.000000 1.000000 0.000000 0.000000
21.000000 193.473140 7.602516 -2.091401 0.707971 0.000000 0.000000 0.000000 1.000000 0.000000 0.000000
21.000000 193.477587 7.215118 -2.300613 0.834340 0.000000 0.000000 0.000000 1.000000 0.000000 0.000000
21.000000 193.483087 7.513299 -2.100400 0.634554 0.000000 0.000000 0.000000 1.000000 0.000000 0.000000
21.000000 193.487601 7.157778 -2.320701 0.763080 0.000000 0.000000 0.000000 1.000000 0.000000 0.000000
21.000000 193.493135 7.420822 -2.107996 0.560575 0.000000 0.000000 0.000000 1.000000 0.000000 0.000000
21.000000 193.497550 7.087249 -2.335834 0.692305 0.000000 0.000000 0.000000 1.000000 0.000000 0.000000
21.000000 193.503049 7.336893 -2.117621 0.482715 0.000000 0.000000 0.000000 1.000000 0.000000 0.000000
21.000000 193.507669 7.000377 -2.345006 0.618256 0.000000 0.000000 0.000000 1.000000 0.000000 0.000000
21.000000 193.513149 7.243217 -2.123912 0.405559 0.000000 0.000000 0.000000 1.000000 0.000000 0.000000
21.000000 193.517649 6.944593 -2.366463 0.552826 0.000000 0.000000 0.000000 1.000000 0.000000 0.000000
21.000000 193.523098 7.160314 -2.132485 0.333030 0.000000 0.000000 0.000000 1.000000 0.000000 0.000000
21.000000 193.527626 6.882413 -2.384585 0.483913 0.000000 0.000000 0.000000 1.000000 0.000000 0.000000
21.000000 193.533071 7.057469 -2.140772 0.263433 0.000000 0.000000 0.000000 1.000000 0.000000 0.000000
21.000000 193.537585 6.813381 -2.397355 0.397175 0.000000 0.000000 0.000000 1.000000 0.000000 0.000000
21.000000 193.543104 6.982472 -2.155385 0.179672 0.000000 0.000000 0.000000 1.000000 0.000000 0.000000
21.000000 193.547675 6.727364 -2.402718 0.332134 0.000000 0.000000 0.000000 1.000000 0.000000 0.000000
21.000000 193.553228 6.879254 -2.158121 0.107996 0.000000 0.000000 0.000000 1.000000 0.000000 0.000000
21.000000 193.557716 6.654271 -2.417868 0.255745 0.000000 0.000000 0.000000 1.000000 0.000000 0.000000
21.000000 193.563091 6.806199 -2.166077 0.014924 0.000000 0.000000 0.000000 1.000000 0.000000 0.000000
21.000000 193.567631 6.538571 -2.421616 0.169196 0.000000 0.000000 0.000000 1.000000 0.000000 0.000000
21.000000 193.573053 6.737462 -2.178004 -0.009423 0.000000 0.000000 0.000000 1.000000 0.000000 0.000000
21.000000 193.577663 6.516519 -2.432061 0.218170 0.000000 0.000000 0.000000 1.000000 0.000000 0.000000
21.000000 193.583033 6.679726 -2.181767 0.045122 0.000000 0.000000 0.000000 1.000000 0.000000 0.000000
21.000000 193.587720 6.482789 -2.437128 0.283178 0.000000 0.000000 0.000000 1.000000 0.000000 0.000000
21.000000 193.593085 6.641523 -2.181559 0.097851 0.000000 0.000000 0.000000 1.000000 0.000000 0.000000
21.000000 193.597584 6.373799 -2.425844 0.317907 0.000000 0.000000 0.000000 1.000000 0.000000 0.000000
21.000000 193.603075 6.590298 -2.188993 0.150422 0.000000 0.000000 0.000000 1.000000 0.000000 0.000000
21.000000 193.607755 6.375034 -2.445451 0.375990 0.000000 0.000000 0.000000 1.000000 0.000000 0.000000
21.000000 193.613127 6.536743 -2.192764 0.203466 0.000000 0.000000 0.000000 1.000000 0.000000 0.000000
21.000000 193.617718 6.322511 -2.450323 0.426609 0.000000 0.000000 0.000000 1.000000 0.000000 0.000000
21.000000 193.623006 6.488819 -2.199003 0.257946 0.000000 0.000000 0.000000 1.000000 0.000000 0.000000
21.000000 193.627626 6.310586 -2.462738 0.477687 0.000000 0.000000 0.000000 1.000000 0.000000 0.000000
21.000000 193.633100 6.446616 -2.199154 0.302540 0.000000 0.000000 0.000000 1.000000 0.000000 0.000000
21.000000 193.637793 6.287319 -2.475480 0.530773 0.000000 0.000000 0.000000 1.000000 0.000000 0.000000
21.000000 193.643114 6.407975 -2.201119 0.340315 0.000000 0.000000 0.000000 1.000000 0.000000 0.000000
21.000000 193.647745 6.209144 -2.467280 0.579075 0.000000 0.000000 0.000000 1.000000 0.000000 0.000000
21.000000 193.653171 6.353490 -2.208632 0.388455 0.000000 0.000000 0.000000 1.000000 0.000000 0.000000
21.000000 193.657688 6.159799 -2.472971 0.622953 0.000000 0.000000 0.000000 1.000000 0.000000 0.000000
21.000000 193.663022 6.301096 -2.215015 0.440897 0.000000 0.000000 0.000000 1.000000 0.000000 0.000000
21.000000 193.667691 6.130516 -2.480095 0.669461 0.000000 0.000000 0.000000 1.000000 0.000000 0.000000
21.000000 193.673186 6.256905 -2.218074 0.486086 0.000000 0.000000 0.000000 1.000000 0.000000 0.000000
21.000000 193.677681 6.098817 -2.489519 0.718877 0.000000 0.000000 0.000000 1.000000 0.000000 0.000000
21.000000 193.683257 6.208147 -2.220749 0.522972 0.000000 0.000000 0.000000 1.000000 0.000000 0.000000
21.000000 193.687742 6.083838 -2.495689 0.761376 0.000000 0.000000 0.000000 1.000000 0.000000 0.000000
21.000000 193.693205 6.159711 -2.225322 0.565174 0.000000 0.000000 0.000000 1.000000 0.000000 0.000000
21.000000 193.697732 5.993323 -2.491776 0.804074 0.000000 0.000000 0.000000 1.000000 0.000000 0.000000
21.000000 193.703102 6.107392 -2.230854 0.606969 0.000000 0.000000 0.000000 1.000000 0.000000 0.000000
21.000000 193.707745 5.944089 -2.499807 0.840563 0.000000 0.000000 0.000000 1.000000 0.000000 0.000000
21.000000 193.713154 6.061330 -2.231495 0.649339 0.000000 0.000000 0.000000 1.000000 0.000000 0.000000
21.000000 193.717762 5.921308 -2.505293 0.877187 0.000000 0.000000 0.000000 1.000000 0.000000 0.000000
21.000000 193.723058 6.023435 -2.237190 0.688943 0.000000 0.000000 0.000000 1.000000 0.000000 0.000000
21.000000 193.727690 5.898330 -2.514795 0.924354 0.000000 0.000000 0.000000 1.000000 0.000000 0.000000
21.000000 193.733149 5.966280 -2.240420 0.720969 0.000000 0.000000 0.000000 1.000000 0.000000 0.000000
21.000000 193.737675 5.866118 -2.519421 0.964794 0.000000 0.000000 0.000000 1.000000 0.000000 0.000000
21.000000 193.743268 5.922109 -2.244801 0.757543 0.000000 0.000000 0.000000 1.000000 0.000000 0.000000
21.000000 193.746494 5.346559 -2.525273 1.008841 0.000000 0.000000 0.000000 1.000000 0.000000 0.000000
21.000000 193.747798 5.844296 -2.517123 1.001182 0.000000 0.000000 0.000000 1.000000 0.000000 0.000000
21.000000 193.750505 5.515904 -2.315465 0.856926 0.000000 0.000000 0.000000 1.000000 0.000000 0.000000
21.000000 193.753211 5.879152 -2.248335 0.793914 0.000000 0.000000 0.000000 1.000000 0.000000 0.000000
21.000000 193.757696 5.829542 -2.527173 1.033103 0.000000 0.000000 0.000000 1.000000 0.000000 0.000000
21.000000 193.760478 5.485224 -2.321611 0.888488 0.000000 0.000000 0.000000 1.000000 0.000000 0.000000
21.000000 193.763172 5.836867 -2.253442 0.827327 0.000000 0.000000 0.000000 1.000000 0.000000 0.000000
21.000000 193.767821 5.780182 -2.528400 1.063497 0.000000 0.000000 0.000000 1.000000 0.000000 0.000000
21.000000 193.770539 5.447586 -2.327343 0.917160 0.000000 0.000000 0.000000 1.000000 0.000000 0.000000
21.000000 193.773371 5.787248 -2.257146 0.861470 0.000000 0.000000 0.000000 1.000000 0.000000 0.000000
21.000000 193.777772 5.746647 -2.535723 1.096935 0.000000 0.000000 0.000000 1.000000 0.000000 0.000000
21.000000 193.780473 5.386615 -2.327189 0.951770 0.000000 0.000000 0.000000 1.000000 0.000000 0.000000
21.000000 193.783244 5.736082 -2.260180 0.889212 0.000000 0.000000 0.000000 1.000000 0.000000 0.000000
21.000000 193.787837 5.718950 -2.545116 1.121830 0.000000 0.000000 0.000000 1.000000 0.000000 0.000000
21.000000 193.790534 5.375376 -2.340668 0.971941 0.000000 0.000000 0.000000 1.000000 0.000000 0.000000
21.000000 193.793372 5.691549 -2.264494 0.926604 0.000000 0.000000 0.000000 1.000000 0.000000 0.000000
21.000000 193.797754 5.644485 -2.542377 1.168237 0.000000 0.000000 0.000000 1.000000 0.000000 0.000000
21.000000 193.800468 5.282401 -2.334835 1.009991 0.000000 0.000000 0.000000 1.000000 0.000000 0.000000
21.000000 193.803164 5.649922 -2.267292 0.951114 0.000000 0.000000 0.000000 1.000000 0.000000 0.000000
21.000000 193.810567 5.220469 -2.367102 1.150576 0.000000 0.000000 0.000000 1.000000 0.000000 0.000000
21.000000 193.813201 5.594784 -2.269821 0.984110 0.000000 0.000000 0.000000 1.000000 0.000000 0.000000
21.000000 193.820528 5.201544 -2.380458 1.176174 0.000000 0.000000 0.000000 1.000000 0.000000 0.000000
21.000000 193.823202 5.550240 -2.274179 1.014265 0.000000 0.000000 0.000000 1.000000 0.000000 0.000000
21.000000 193.830546 5.085545 -2.366455 1.216779 0.000000 0.000000 0.000000 1.000000 0.000000 0.000000
21.000000 193.833230 5.506494 -2.279022 1.028575 0.000000 0.000000 0.000000 1.000000 0.000000 0.000000
21.000000 193.840643 5.095575 -2.388928 1.219196 0.000000 0.000000 0.000000 1.000000 0.000000 0.000000
21.000000 193.843265 5.451850 -2.286173 1.052738 0.000000 0.000000 0.000000 1.000000 0.000000 0.000000
21.000000 193.850696 5.042378 -2.389339 1.259424 0.000000 0.000000 0.000000 1.000000 0.000000 0.000000
21.000000 193.853375 5.415999 -2.289012 1.079200 0.000000 0.000000 0.000000 1.000000 0.000000 0.000000
21.000000 193.860519 5.002961 -2.395000 1.278633 0.000000 0.000000 0.000000 1.000000 0.000000 0.000000
21.000000 193.863179 5.366136 -2.290003 1.107544 0.000000 0.000000 0.000000 1.000000 0.000000 0.000000
21.000000 193.870624 4.968532 -2.401424 1.301324 0.000000 0.000000 0.000000 1.000000 0.000000 0.000000
21.000000 193.873258 5.313844 -2.293286 1.132352 0.000000 0.000000 0.000000 1.000000 0.000000 0.000000
21.000000 193.876519 4.740863 -2.590282 1.392563 0.000000 0.000000 0.000000 1.000000 0.000000 0.000000
21.000000 193.883174 5.272343 -2.297499 1.153025 0.000000 0.000000 0.000000 1.000000 0.000000 0.000000
21.000000 193.890642 4.819466 -2.399269 1.363147 0.000000 0.000000 0.000000 1.000000 0.000000 0.000000
21.000000 193.893279 5.228643 -2.303674 1.179833 0.000000 0.000000 0.000000 1.000000 0.000000 0.000000
21.000000 193.896557 4.664785 -2.603289 1.436424 0.000000 0.000000 0.000000 1.000000 0.000000 0.000000
21.000000 193.900550 4.808810 -2.410460 1.368690 0.000000 0.000000 0.000000 1.000000 0.000000 0.000000
21.000000 193.903211 5.188859 -2.308800 1.187070 0.000000 0.000000 0.000000 1.000000 0.000000 0.000000
21.000000 193.910660 4.771414 -2.413876 1.385826 0.000000 0.000000 0.000000 1.000000 0.000000 0.000000
21.000000 193.913282 5.145794 -2.308769 1.201456 0.000000 0.000000 0.000000 1.000000 0.000000 0.000000
21.000000 193.916683 4.565340 -2.614410 1.464531 0.000000 0.000000 0.000000 1.000000 0.000000 0.000000
21.000000 193.923247 5.084474 -2.312174 1.219665 0.000000 0.000000 0.000000 1.000000 0.000000 0.000000
21.000000 193.926562 4.505895 -2.619503 1.478978 0.000000 0.000000 0.000000 1.000000 0.000000 0.000000
21.000000 193.933257 5.052108 -2.317250 1.232406 0.000000 0.000000 0.000000 1.000000 0.000000 0.000000
21.000000 193.940557 4.639535 -2.428847 1.433104 0.000000 0.000000 0.000000 1.000000 0.000000 0.000000
21.000000 193.943248 5.002082 -2.321327 1.246370 0.000000 0.000000 0.000000 1.000000 0.000000 0.000000
21.000000 193.950737 4.617997 -2.437035 1.442254 0.000000 0.000000 0.000000 1.000000 0.000000 0.000000
21.000000 193.953249 4.949624 -2.322203 1.261479 0.000000 0.000000 0.000000 1.000000 0.000000 0.000000
21.000000 193.960609 4.578383 -2.444832 1.457087 0.000000 0.000000 0.000000 1.000000 0.000000 0.000000
21.000000 193.963192 4.911692 -2.330634 1.273550 0.000000 0.000000 0.000000 1.000000 0.000000 0.000000
21.000000 193.970695 4.537814 -2.451213 1.468861 0.000000 0.000000 0.000000 1.000000 0.000000 0.000000
21.000000 193.973205 4.854148 -2.332297 1.301236 0.000000 0.000000 0.000000 1.000000 0.000000 0.000000
21.000000 193.976644 4.292917 -2.641273 1.561329 0.000000 0.000000 0.000000 1.000000 0.000000 0.000000
21.000000 193.983255 4.813782 -2.334674 1.297325 0.000000 0.000000 0.000000 1.000000 0.000000 0.000000
21.000000 193.990553 4.441902 -2.455608 1.492040 0.000000 0.000000 0.000000 1.000000 0.000000 0.000000
21.000000 193.993273 4.760319 -2.338517 1.308829 0.000000 0.000000 0.000000 1.000000 0.000000 0.000000
21.000000 194.000511 4.404501 -2.460027 1.500457 0.000000 0.000000 0.000000 1.000000 0.000000 0.000000
21.000000 194.003202 4.728580 -2.339790 1.316201 0.000000 0.000000 0.000000 1.000000 0.000000 0.000000
21.000000 194.010599 4.320932 -2.458565 1.517251 0.000000 0.000000 0.000000 1.000000 0.000000 0.000000
21.000000 194.013363 4.673192 -2.348157 1.323575 0.000000 0.000000 0.000000 1.000000 0.000000 0.000000
21.000000 194.016761 4.082387 -2.675678 1.589705 0.000000 0.000000 0.000000 1.000000 0.000000 0.000000
21.000000 194.023187 4.630782 -2.347711 1.328062 0.000000 0.000000 0.000000 1.000000 0.000000 0.000000
21.000000 194.030595 4.239798 -2.467034 1.526434 0.000000 0.000000 0.000000 1.000000 0.000000 0.000000
21.000000 194.033255 4.585886 -2.353498 1.337761 0.000000 0.000000 0.000000 1.000000 0.000000 0.000000
21.000000 194.040514 4.184173 -2.465894 1.534262 0.000000 0.000000 0.000000 1.000000 0.000000 0.000000
21.000000 194.043287 4.545720 -2.360876 1.343872 0.000000 0.000000 0.000000 1.000000 0.000000 0.000000
21.000000 194.050557 4.126539 -2.470048 1.546725 0.000000 0.000000 0.000000 1.000000 0.000000 0.000000
21.000000 194.053419 4.500193 -2.360973 1.345305 0.000000 0.000000 0.000000 1.000000 0.000000 0.000000
21.000000 194.060614 4.104864 -2.472840 1.538224 0.000000 0.000000 0.000000 1.000000 0.000000 0.000000
21.000000 194.063264 4.452694 -2.364323 1.342232 0.000000 0.000000 0.000000 1.000000 0.000000 0.000000
21.000000 194.070529 4.087445 -2.487482 1.538256 0.000000 0.000000 0.000000 1.000000 0.000000 0.000000
21.000000 194.073378 4.402584 -2.366361 1.343723 0.000000 0.000000 0.000000 1.000000 0.000000 0.000000
21.000000 194.080574 4.016054 -2.480060 1.538974 0.000000 0.000000 0.000000 1.000000 0.000000 0.000000
21.000000 194.083281 4.365295 -2.369039 1.349490 0.000000 0.000000 0.000000 1.000000 0.000000 0.000000
21.000000 194.090632 3.997903 -2.491603 1.539368 0.000000 0.000000 0.000000 1.000000 0.000000 0.000000
21.000000 194.093366 4.317645 -2.372179 1.340884 0.000000 0.000000 0.000000 1.000000 0.000000 0.000000
21.000000 194.096582 3.711597 -2.715227 1.622470 0.000000 0.000000 0.000000 1.000000 0.000000 0.000000
21.000000 194.103318 4.270494 -2.375591 1.341365 0.000000 0.000000 0.000000 1.000000 0.000000 0.000000
21.000000 194.110611 3.941178 -2.508248 1.531408 0.000000 0.000000 0.000000 1.000000 0.000000 0.000000
21.000000 194.113305 4.235954 -2.379114 1.333137 0.000000 0.000000 0.000000 1.000000 0.000000 0.000000
21.000000 194.120527 3.887748 -2.508201 1.528758 0.000000 0.000000 0.000000 1.000000 0.000000 0.000000
21.000000 194.123247 4.185615 -2.381938 1.335160 0.000000 0.000000 0.000000 1.000000 0.000000 0.000000
21.000000 194.130566 3.860213 -2.523786 1.527743 0.000000 0.000000 0.000000 1.000000 0.000000 0.000000
21.000000 194.133316 4.148408 -2.388260 1.323376 0.000000 0.000000 0.000000 1.000000 0.000000 0.000000
21.000000 194.140580 3.739634 -2.505201 1.534312 0.000000 0.000000 0.000000 1.000000 0.000000 0.000000
21.000000 194.143249 4.098860 -2.393588 1.316829 0.000000 0.000000 0.000000 1.000000 0.000000 0.000000
21.000000 194.150627 3.762764 -2.514876 1.505668 0.000000 0.000000 0.000000 1.000000 0.000000 0.000000
21.000000 194.153360 4.051674 -2.391587 1.309228 0.000000 0.000000 0.000000 1.000000 0.000000 0.000000
21.000000 194.160734 3.699380 -2.521265 1.511235 0.000000 0.000000 0.000000 1.000000 0.000000 0.000000
21.000000 194.163293 3.996289 -2.393408 1.309387 0.000000 0.000000 0.000000 1.000000 0.000000 0.000000
21.000000 194.170747 3.662282 -2.522369 1.499630 0.000000 0.000000 0.000000 1.000000 0.000000 0.000000
21.000000 194.173411 3.975285 -2.400889 1.290465 0.000000 0.000000 0.000000 1.000000 0.000000 0.000000
21.000000 194.180750 3.633227 -2.531020 1.486976 0.000000 0.000000 0.000000 1.000000 0.000000 0.000000
21.000000 194.183204 3.918779 -2.403386 1.286257 0.000000 0.000000 0.000000 1.000000 0.000000 0.000000
21.000000 194.190683 3.574259 -2.532729 1.482085 0.000000 0.000000 0.000000 1.000000 0.000000 0.000000
21.000000 194.193424 3.878544 -2.406313 1.270356 0.000000 0.000000 0.000000 1.000000 0.000000 0.000000
21.000000 194.200680 3.559689 -2.540509 1.458742 0.000000 0.000000 0.000000 1.000000 0.000000 0.000000
21.000000 194.203471 3.840918 -2.412392 1.262301 0.000000 0.000000 0.000000 1.000000 0.000000 0.000000
21.000000 194.210698 3.537941 -2.557268 1.448881 0.000000 0.000000 0.000000 1.000000 0.000000 0.000000
21.000000 194.213421 3.792795 -2.415557 1.250647 0.000000 0.000000 0.000000 1.000000 0.000000 0.000000
21.000000 194.220661 3.483764 -2.556274 1.438359 0.000000 0.000000 0.000000 1.000000 0.000000 0.000000
21.000000 194.223324 3.752448 -2.417000 1.233672 0.000000 0.000000 0.000000 1.000000 0.000000 0.000000
21.000000 194.230719 3.459634 -2.569901 1.420984 0.000000 0.000000 0.000000 1.000000 0.000000 0.000000
21.000000 194.233567 3.707057 -2.420696 1.215780 0.000000 0.000000 0.000000 1.000000 0.000000 0.000000
21.000000 194.240652 3.417836 -2.569992 1.404188 0.000000 0.000000 0.000000 1.000000 0.000000 0.000000
21.000000 194.243410 3.661731 -2.423872 1.200446 0.000000 0.000000 0.000000 1.000000 0.000000 0.000000
21.000000 194.250844 3.358102 -2.565390 1.384198 0.000000 0.000000 0.000000 1.000000 0.000000 0.000000
21.000000 194.253396 3.616936 -2.428859 1.183258 0.000000 0.000000 0.000000 1.000000 0.000000 0.000000
21.000000 194.260797 3.326438 -2.574474 1.371034 0.000000 0.000000 0.000000 1.000000 0.000000 0.000000
21.000000 194.263369 3.587052 -2.431246 1.162735 0.000000 0.000000 0.000000 1.000000 0.000000 0.000000
21.000000 194.270776 3.287870 -2.579771 1.353625 0.000000 0.000000 0.000000 1.000000 0.000000 0.000000
21.000000 194.273449 3.535794 -2.432150 1.144181 0.000000 0.000000 0.000000 1.000000 0.000000 0.000000
21.000000 194.280617 3.255873 -2.584607 1.330051 0.000000 0.000000 0.000000 1.000000 0.000000 0.000000
21.000000 194.283345 3.468271 -2.427628 1.132239 0.000000 0.000000 0.000000 1.000000 0.000000 0.000000
21.000000 194.290662 3.218902 -2.594148 1.309276 0.000000 0.000000 0.000000 1.000000 0.000000 0.000000
21.000000 194.293360 3.448534 -2.439501 1.100513 0.000000 0.000000 0.000000 1.000000 0.000000 0.000000
21.000000 194.300627 3.178620 -2.597728 1.289365 0.000000 0.000000 0.000000 1.000000 0.000000 0.000000
21.000000 194.303342 3.405803 -2.442535 1.078198 0.000000 0.000000 0.000000 1.000000 0.000000 0.000000
21.000000 194.310682 3.133000 -2.601780 1.267108 0.000000 0.000000 0.000000 1.000000 0.000000 0.000000
21.000000 194.313444 3.372372 -2.448201 1.054988 0.000000 0.000000 0.000000 1.000000 0.000000 0.000000
21.000000 194.320644 3.101371 -2.602286 1.239015 0.000000 0.000000 0.000000 1.000000 0.000000 0.000000
21.000000 194.323319 3.324511 -2.444673 1.028695 0.000000 0.000000 0.000000 1.000000 0.000000 0.000000
21.000000 194.330753 3.075175 -2.612963 1.211775 0.000000 0.000000 0.000000 1.000000 0.000000 0.000000
21.000000 194.333454 3.284945 -2.449475 1.007682 0.000000 0.000000 0.000000 1.000000 0.000000 0.000000
21.000000 194.340734 3.021026 -2.617072 1.189117 0.000000 0.000000 0.000000 1.000000 0.000000 0.000000
21.000000 194.343375 3.238003 -2.459610 0.974777 0.000000 0.000000 0.000000 1.000000 0.000000 0.000000
21.000000 194.350682 2.986247 -2.619793 1.165991 0.000000 0.000000 0.000000 1.000000 0.000000 0.000000
21.000000 194.353520 3.197766 -2.456172 0.960668 0.000000 0.000000 0.000000 1.000000 0.000000 0.000000
21.000000 194.360687 2.936237 -2.617694 1.136999 0.000000 0.000000 0.000000 1.000000 0.000000 0.000000
21.000000 194.363348 3.163842 -2.460884 0.914399 0.000000 0.000000 0.000000 1.000000 0.000000 0.000000
21.000000 194.370690 2.898819 -2.626941 1.105123 0.000000 0.000000 0.000000 1.000000 0.000000 0.000000
21.000000 194.373471 3.109774 -2.460578 0.894054 0.000000 0.000000 0.000000 1.000000 0.000000 0.000000
21.000000 194.380657 2.868387 -2.632269 1.076356 0.000000 0.000000 0.000000 1.000000 0.000000 0.000000
21.000000 194.383363 3.066070 -2.463999 0.864832 0.000000 0.000000 0.000000 1.000000 0.000000 0.000000
21.000000 194.390782 2.834354 -2.639452 1.049359 0.000000 0.000000 0.000000 1.000000 0.000000 0.000000
21.000000 194.393440 3.022719 -2.468693 0.835676 0.000000 0.000000 0.000000 1.000000 0.000000 0.000000
21.000000 194.400662 2.783721 -2.638616 1.016320 0.000000 0.000000 0.000000 1.000000 0.000000 0.000000
21.000000 194.403406 2.980218 -2.469170 0.800254 0.000000 0.000000 0.000000 1.000000 0.000000 0.000000
21.000000 194.410777 2.757441 -2.650465 0.983127 0.000000 0.000000 0.000000 1.000000 0.000000 0.000000
21.000000 194.413692 2.945955 -2.473317 0.760198 0.000000 0.000000 0.000000 1.000000 0.000000 0.000000
21.000000 194.420726 2.708626 -2.648330 0.950047 0.000000 0.000000 0.000000 1.000000 0.000000 0.000000
21.000000 194.423459 2.902786 -2.475591 0.726516 0.000000 0.000000 0.000000 1.000000 0.000000 0.000000
21.000000 194.430672 2.691035 -2.662424 0.912841 0.000000 0.000000 0.000000 1.000000 0.000000 0.000000
21.000000 194.433484 2.863911 -2.478871 0.690989 0.000000 0.000000 0.000000 1.000000 0.000000 0.000000
21.000000 194.440692 2.647967 -2.664592 0.877482 0.000000 0.000000 0.000000 1.000000 0.000000 0.000000
21.000000 194.443492 2.815763 -2.481129 0.658137 0.000000 0.000000 0.000000 1.000000 0.000000 0.000000
21.000000 194.450731 2.598081 -2.666921 0.844929 0.000000 0.000000 0.000000 1.000000 0.000000 0.000000
21.000000 194.453486 2.776146 -2.484514 0.618400 0.000000 0.000000 0.000000 1.000000 0.000000 0.000000
21.000000 194.456876 2.201268 -2.892003 0.909893 0.000000 0.000000 0.000000 1.000000 0.000000 0.000000
21.000000 194.460742 2.599182 -2.680294 0.801723 0.000000 0.000000 0.000000 1.000000 0.000000 0.000000
21.000000 194.463477 2.735680 -2.488787 0.589243 0.000000 0.000000 0.000000 1.000000 0.000000 0.000000
21.000000 194.473617 2.097719 -2.906419 0.857511 0.000000 0.000000 0.000000 1.000000 0.000000 0.000000
21.000000 194.483568 2.063033 -2.905283 0.816646 0.000000 0.000000 0.000000 1.000000 0.000000 0.000000
