17.000000 148.809048 24.757346 -0.305794 0.547546 0.000000 0.000000 0.000000 1.000000 0.000000 0.000000
17.000000 148.819087 24.648951 -0.303406 0.638060 0.000000 0.000000 0.000000 1.000000 0.000000 0.000000
17.000000 148.829029 24.452506 -0.312899 0.759475 0.000000 0.000000 0.000000 1.000000 0.000000 0.000000
17.000000 148.839122 24.278704 -0.316070 0.860036 0.000000 0.000000 0.000000 1.000000 0.000000 0.000000
17.000000 148.849191 24.180932 -0.311570 0.932153 0.000000 0.000000 0.000000 1.000000 0.000000 0.000000
17.000000 148.859193 24.007329 -0.311924 1.022293 0.000000 0.000000 0.000000 1.000000 0.000000 0.000000
17.000000 148.866621 22.926717 -0.469655 1.160721 0.000000 0.000000 0.000000 1.000000 0.000000 0.000000
17.000000 148.869048 23.021835 -0.335453 1.367158 0.000000 0.000000 0.000000 1.000000 0.000000 0.000000
17.000000 148.876763 22.818835 -0.460677 1.243956 0.000000 0.000000 0.000000 1.000000 0.000000 0.000000
17.000000 148.879175 22.921136 -0.347861 1.438409 0.000000 0.000000 0.000000 1.000000 0.000000 0.000000
17.000000 148.886708 22.708476 -0.459367 1.318280 0.000000 0.000000 0.000000 1.000000 0.000000 0.000000
17.000000 148.889093 22.823040 -0.345023 1.519319 0.000000 0.000000 0.000000 1.000000 0.000000 0.000000
17.000000 148.896915 22.603940 -0.462044 1.391283 0.000000 0.000000 0.000000 1.000000 0.000000 0.000000
17.000000 148.899105 22.715127 -0.343772 1.592907 0.000000 0.000000 0.000000 1.000000 0.000000 0.000000
17.000000 148.906769 22.500475 -0.461789 1.466297 0.000000 0.000000 0.000000 1.000000 0.000000 0.000000
17.000000 148.909092 22.608671 -0.353815 1.657351 0.000000 0.000000 0.000000 1.000000 0.000000 0.000000
17.000000 148.916950 22.392018 -0.459246 1.537251 0.000000 0.000000 0.000000 1.000000 0.000000 0.000000
17.000000 148.919148 22.506456 -0.356665 1.727020 0.000000 0.000000 0.000000 1.000000 0.000000 0.000000
17.000000 148.926813 22.289080 -0.455562 1.604390 0.000000 0.000000 0.000000 1.000000 0.000000 0.000000
17.000000 148.929066 22.403919 -0.352898 1.794604 0.000000 0.000000 0.000000 1.000000 0.000000 0.000000
17.000000 148.936681 22.177261 -0.457193 1.673916 0.000000 0.000000 0.000000 1.000000 0.000000 0.000000
17.000000 148.939214 22.308708 -0.355582 1.869870 0.000000 0.000000 0.000000 1.000000 0.000000 0.000000
17.000000 148.946831 22.111391 -0.461953 1.746404 0.000000 0.000000 0.000000 1.000000 0.000000 0.000000
17.000000 148.949106 22.210388 -0.360354 1.926980 0.000000 0.000000 0.000000 1.000000 0.000000 0.000000
17.000000 148.956922 21.975354 -0.453868 1.815546 0.000000 0.000000 0.000000 1.000000 0.000000 0.000000
17.000000 148.959274 22.093544 -0.359260 1.996500 0.000000 0.000000 0.000000 1.000000 0.000000 0.000000
17.000000 148.966720 21.863670 -0.452946 1.878277 0.000000 0.000000 0.000000 1.000000 0.000000 0.000000
17.000000 148.969166 21.979053 -0.360294 2.053791 0.000000 0.000000 0.000000 1.000000 0.000000 0.000000
17.000000 148.976900 21.760264 -0.450610 1.943136 0.000000 0.000000 0.000000 1.000000 0.000000 0.000000
17.000000 148.979237 21.881058 -0.359909 2.121821 0.000000 0.000000 0.000000 1.000000 0.000000 0.000000
17.000000 148.986660 21.648588 -0.445174 2.005852 0.000000 0.000000 0.000000 1.000000 0.000000 0.000000
17.000000 148.989155 21.775029 -0.361934 2.179776 0.000000 0.000000 0.000000 1.000000 0.000000 0.000000
17.000000 148.996721 21.556624 -0.452486 2.067149 0.000000 0.000000 0.000000 1.000000 0.000000 0.000000
17.000000 148.999290 21.678051 -0.369618 2.240419 0.000000 0.000000 0.000000 1.000000 0.000000 0.000000
17.000000 149.006756 21.427902 -0.445465 2.128116 0.000000 0.000000 0.000000 1.000000 0.000000 0.000000
17.000000 149.009119 21.566062 -0.370794 2.298362 0.000000 0.000000 0.000000 1.000000 0.000000 0.000000
17.000000 149.016923 21.317278 -0.445241 2.188098 0.000000 0.000000 0.000000 1.000000 0.000000 0.000000
17.000000 149.019236 21.461655 -0.374932 2.357659 0.000000 0.000000 0.000000 1.000000 0.000000 0.000000
17.000000 149.026811 21.203335 -0.447673 2.250731 0.000000 0.000000 0.000000 1.000000 0.000000 0.000000
17.000000 149.029173 21.320768 -0.373619 2.409839 0.000000 0.000000 0.000000 1.000000 0.000000 0.000000
17.000000 149.036744 21.113621 -0.442266 2.307623 0.000000 0.000000 0.000000 1.000000 0.000000 0.000000
17.000000 149.036957 20.197573 -0.161264 2.196227 0.000000 0.000000 0.000000 1.000000 0.000000 0.000000
17.000000 149.039273 20.488283 -0.372338 2.419773 0.000000 0.000000 0.000000 1.000000 0.000000 0.000000
17.000000 149.046742 20.994375 -0.446297 2.348524 0.000000 0.000000 0.000000 1.000000 0.000000 0.000000
17.000000 149.047006 20.067462 -0.161902 2.251393 0.000000 0.000000 0.000000 1.000000 0.000000 0.000000
17.000000 149.049151 20.363495 -0.375769 2.472349 0.000000 0.000000 0.000000 1.000000 0.000000 0.000000
17.000000 149.056926 20.447791 -0.621206 2.407932 0.000000 0.000000 0.000000 1.000000 0.000000 0.000000
17.000000 149.057044 19.955931 -0.174753 2.316669 0.000000 0.000000 0.000000 1.000000 0.000000 0.000000
17.000000 149.059271 21.026010 -0.384130 2.571734 0.000000 0.000000 0.000000 1.000000 0.000000 0.000000
17.000000 149.066749 20.764903 -0.444831 2.463725 0.000000 0.000000 0.000000 1.000000 0.000000 0.000000
17.000000 149.066823 19.839343 -0.180392 2.370643 0.000000 0.000000 0.000000 1.000000 0.000000 0.000000
17.000000 149.069191 20.112524 -0.373110 2.586859 0.000000 0.000000 0.000000 1.000000 0.000000 0.000000
17.000000 149.076836 20.221293 -0.620791 2.518592 0.000000 0.000000 0.000000 1.000000 0.000000 0.000000
17.000000 149.077015 19.704122 -0.166339 2.427900 0.000000 0.000000 0.000000 1.000000 0.000000 0.000000
17.000000 149.079264 20.806498 -0.382061 2.675916 0.000000 0.000000 0.000000 1.000000 0.000000 0.000000
17.000000 149.086760 20.562015 -0.437266 2.577401 0.000000 0.000000 0.000000 1.000000 0.000000 0.000000
17.000000 149.086800 19.582747 -0.166236 2.485588 0.000000 0.000000 0.000000 1.000000 0.000000 0.000000
17.000000 149.089179 19.872984 -0.371841 2.690435 0.000000 0.000000 0.000000 1.000000 0.000000 0.000000
17.000000 149.096787 20.467120 -0.449215 2.618861 0.000000 0.000000 0.000000 1.000000 0.000000 0.000000
17.000000 149.096847 19.472792 -0.179983 2.533179 0.000000 0.000000 0.000000 1.000000 0.000000 0.000000
17.000000 149.099285 19.748276 -0.372150 2.737428 0.000000 0.000000 0.000000 1.000000 0.000000 0.000000
17.000000 149.106808 20.336499 -0.442210 2.675596 0.000000 0.000000 0.000000 1.000000 0.000000 0.000000
17.000000 149.106872 19.330268 -0.176426 2.587348 0.000000 0.000000 0.000000 1.000000 0.000000 0.000000
17.000000 149.109193 19.616724 -0.375289 2.787789 0.000000 0.000000 0.000000 1.000000 0.000000 0.000000
17.000000 149.116769 19.744644 -0.618409 2.724325 0.000000 0.000000 0.000000 1.000000 0.000000 0.000000
17.000000 149.116802 19.213638 -0.175906 2.636844 0.000000 0.000000 0.000000 1.000000 0.000000 0.000000
17.000000 149.119269 20.377571 -0.392658 2.866519 0.000000 0.000000 0.000000 1.000000 0.000000 0.000000
17.000000 149.126806 20.116482 -0.439848 2.775781 0.000000 0.000000 0.000000 1.000000 0.000000 0.000000
17.000000 149.126880 19.095717 -0.180656 2.689758 0.000000 0.000000 0.000000 1.000000 0.000000 0.000000
17.000000 149.129365 19.383067 -0.376940 2.882609 0.000000 0.000000 0.000000 1.000000 0.000000 0.000000
17.000000 149.136904 20.003263 -0.443412 2.818170 0.000000 0.000000 0.000000 1.000000 0.000000 0.000000
17.000000 149.136946 18.980560 -0.187365 2.740902 0.000000 0.000000 0.000000 1.000000 0.000000 0.000000
17.000000 149.146827 19.887159 -0.439548 2.870349 0.000000 0.000000 0.000000 1.000000 0.000000 0.000000
17.000000 149.146869 18.850874 -0.183917 2.791086 0.000000 0.000000 0.000000 1.000000 0.000000 0.000000
17.000000 149.149246 19.141484 -0.379637 2.974514 0.000000 0.000000 0.000000 1.000000 0.000000 0.000000
17.000000 149.156803 19.787693 -0.439150 2.907536 0.000000 0.000000 0.000000 1.000000 0.000000 0.000000
17.000000 149.156956 18.728779 -0.182215 2.834577 0.000000 0.000000 0.000000 1.000000 0.000000 0.000000
17.000000 149.159233 19.030586 -0.387899 3.016953 0.000000 0.000000 0.000000 1.000000 0.000000 0.000000
17.000000 149.166765 19.679428 -0.439734 2.957155 0.000000 0.000000 0.000000 1.000000 0.000000 0.000000
17.000000 149.166860 18.597484 -0.182726 2.878156 0.000000 0.000000 0.000000 1.000000 0.000000 0.000000
17.000000 149.169214 18.898162 -0.383521 3.058143 0.000000 0.000000 0.000000 1.000000 0.000000 0.000000
17.000000 149.176873 19.573149 -0.440519 2.995247 0.000000 0.000000 0.000000 1.000000 0.000000 0.000000
17.000000 149.176907 18.480042 -0.184462 2.921088 0.000000 0.000000 0.000000 1.000000 0.000000 0.000000
17.000000 149.179252 18.805191 -0.404138 3.098135 0.000000 0.000000 0.000000 1.000000 0.000000 0.000000
17.000000 149.186848 19.453746 -0.441063 3.034292 0.000000 0.000000 0.000000 1.000000 0.000000 0.000000
17.000000 149.187078 18.361544 -0.191726 2.959792 0.000000 0.000000 0.000000 1.000000 0.000000 0.000000
17.000000 149.189203 18.668810 -0.394985 3.138654 0.000000 0.000000 0.000000 1.000000 0.000000 0.000000
17.000000 149.196962 19.339803 -0.444644 3.077287 0.000000 0.000000 0.000000 1.000000 0.000000 0.000000
17.000000 149.197086 18.246969 -0.199005 3.006686 0.000000 0.000000 0.000000 1.000000 0.000000 0.000000
17.000000 149.199314 18.541556 -0.391475 3.180004 0.000000 0.000000 0.000000 1.000000 0.000000 0.000000
17.000000 149.206836 19.229874 -0.440329 3.117672 0.000000 0.000000 0.000000 1.000000 0.000000 0.000000
17.000000 149.206936 18.126617 -0.196254 3.051307 0.000000 0.000000 0.000000 1.000000 0.000000 0.000000
17.000000 149.209275 18.426247 -0.393533 3.219233 0.000000 0.000000 0.000000 1.000000 0.000000 0.000000
17.000000 149.216856 18.586959 -0.632271 3.163965 0.000000 0.000000 0.000000 1.000000 0.000000 0.000000
17.000000 149.216892 18.018010 -0.209196 3.096197 0.000000 0.000000 0.000000 1.000000 0.000000 0.000000
17.000000 149.219383 19.288429 -0.421939 3.277018 0.000000 0.000000 0.000000 1.000000 0.000000 0.000000
17.000000 149.226789 18.993789 -0.446093 3.196258 0.000000 0.000000 0.000000 1.000000 0.000000 0.000000
17.000000 149.227154 17.895360 -0.208981 3.137077 0.000000 0.000000 0.000000 1.000000 0.000000 0.000000
17.000000 149.229310 18.184863 -0.395676 3.293512 0.000000 0.000000 0.000000 1.000000 0.000000 0.000000
17.000000 149.236881 18.891725 -0.449302 3.228849 0.000000 0.000000 0.000000 1.000000 0.000000 0.000000
17.000000 149.237057 17.787380 -0.212732 3.177142 0.000000 0.000000 0.000000 1.000000 0.000000 0.000000
17.000000 149.239305 18.078427 -0.400845 3.326693 0.000000 0.000000 0.000000 1.000000 0.000000 0.000000
17.000000 149.246829 18.780316 -0.452622 3.259260 0.000000 0.000000 0.000000 1.000000 0.000000 0.000000
17.000000 149.247106 17.665777 -0.213346 3.213686 0.000000 0.000000 0.000000 1.000000 0.000000 0.000000
17.000000 149.249209 17.962920 -0.402485 3.358584 0.000000 0.000000 0.000000 1.000000 0.000000 0.000000
17.000000 149.256923 18.669412 -0.447962 3.304323 0.000000 0.000000 0.000000 1.000000 0.000000 0.000000
17.000000 149.257103 17.536091 -0.211224 3.252234 0.000000 0.000000 0.000000 1.000000 0.000000 0.000000
17.000000 149.259330 17.836204 -0.402544 3.392160 0.000000 0.000000 0.000000 1.000000 0.000000 0.000000
17.000000 149.266817 18.540226 -0.452209 3.336657 0.000000 0.000000 0.000000 1.000000 0.000000 0.000000
17.000000 149.266994 17.416830 -0.220279 3.282940 0.000000 0.000000 0.000000 1.000000 0.000000 0.000000
17.000000 149.269283 17.708118 -0.401440 3.418993 0.000000 0.000000 0.000000 1.000000 0.000000 0.000000
17.000000 149.276799 18.438786 -0.456049 3.367855 0.000000 0.000000 0.000000 1.000000 0.000000 0.000000
17.000000 149.276977 17.330557 -0.228722 3.315441 0.000000 0.000000 0.000000 1.000000 0.000000 0.000000
17.000000 149.279321 17.641196 -0.421618 3.444835 0.000000 0.000000 0.000000 1.000000 0.000000 0.000000
17.000000 149.286884 18.298223 -0.453208 3.397183 0.000000 0.000000 0.000000 1.000000 0.000000 0.000000
17.000000 149.286961 17.194681 -0.229251 3.345159 0.000000 0.000000 0.000000 1.000000 0.000000 0.000000
17.000000 149.289260 17.475653 -0.400763 3.461757 0.000000 0.000000 0.000000 1.000000 0.000000 0.000000
17.000000 149.296933 17.663942 -0.636221 3.412029 0.000000 0.000000 0.000000 1.000000 0.000000 0.000000
17.000000 149.296951 17.063824 -0.227614 3.374957 0.000000 0.000000 0.000000 1.000000 0.000000 0.000000
17.000000 149.299387 18.290891 -0.435993 3.511298 0.000000 0.000000 0.000000 1.000000 0.000000 0.000000
17.000000 149.306850 18.077695 -0.458047 3.443724 0.000000 0.000000 0.000000 1.000000 0.000000 0.000000
17.000000 149.306970 16.932689 -0.228571 3.404822 0.000000 0.000000 0.000000 1.000000 0.000000 0.000000
17.000000 149.309198 17.238532 -0.415148 3.515275 0.000000 0.000000 0.000000 1.000000 0.000000 0.000000
17.000000 149.316932 16.815956 -0.234527 3.427899 0.000000 0.000000 0.000000 1.000000 0.000000 0.000000
17.000000 149.319420 17.942930 -0.422440 3.558144 0.000000 0.000000 0.000000 1.000000 0.000000 0.000000
17.000000 149.326877 17.823533 -0.457077 3.497829 0.000000 0.000000 0.000000 1.000000 0.000000 0.000000
17.000000 149.329348 17.815383 -0.421063 3.580306 0.000000 0.000000 0.000000 1.000000 0.000000 0.000000
17.000000 149.336893 17.710567 -0.460407 3.511883 0.000000 0.000000 0.000000 1.000000 0.000000 0.000000
17.000000 149.339416 17.665282 -0.417119 3.601142 0.000000 0.000000 0.000000 1.000000 0.000000 0.000000
17.000000 149.346918 17.580256 -0.459548 3.546553 0.000000 0.000000 0.000000 1.000000 0.000000 0.000000
17.000000 149.349328 17.622133 -0.431433 3.639132 0.000000 0.000000 0.000000 1.000000 0.000000 0.000000
17.000000 149.357029 17.465632 -0.458906 3.561273 0.000000 0.000000 0.000000 1.000000 0.000000 0.000000
17.000000 149.359427 17.483789 -0.427569 3.655342 0.000000 0.000000 0.000000 1.000000 0.000000 0.000000
17.000000 149.366947 17.393377 -0.462746 3.601030 0.000000 0.000000 0.000000 1.000000 0.000000 0.000000
17.000000 149.369283 17.428151 -0.442591 3.677003 0.000000 0.000000 0.000000 1.000000 0.000000 0.000000
17.000000 149.376956 17.241875 -0.461508 3.614098 0.000000 0.000000 0.000000 1.000000 0.000000 0.000000
17.000000 149.379309 17.242509 -0.431513 3.696813 0.000000 0.000000 0.000000 1.000000 0.000000 0.000000
17.000000 149.386895 17.201674 -0.471369 3.648093 0.000000 0.000000 0.000000 1.000000 0.000000 0.000000
17.000000 149.389329 17.183071 -0.436091 3.729714 0.000000 0.000000 0.000000 1.000000 0.000000 0.000000
17.000000 149.396936 17.095167 -0.472734 3.676914 0.000000 0.000000 0.000000 1.000000 0.000000 0.000000
17.000000 149.399338 16.982095 -0.427219 3.735795 0.000000 0.000000 0.000000 1.000000 0.000000 0.000000
17.000000 149.406869 16.919837 -0.469195 3.689751 0.000000 0.000000 0.000000 1.000000 0.000000 0.000000
17.000000 149.409341 16.906947 -0.441131 3.759988 0.000000 0.000000 0.000000 1.000000 0.000000 0.000000
17.000000 149.417037 16.800544 -0.467295 3.703717 0.000000 0.000000 0.000000 1.000000 0.000000 0.000000
17.000000 149.426872 16.723754 -0.472613 3.723336 0.000000 0.000000 0.000000 1.000000 0.000000 0.000000
17.000000 149.429329 16.744978 -0.451259 3.795236 0.000000 0.000000 0.000000 1.000000 0.000000 0.000000
17.000000 149.437022 16.605347 -0.471614 3.740995 0.000000 0.000000 0.000000 1.000000 0.000000 0.000000
17.000000 149.439369 16.639514 -0.456867 3.804104 0.000000 0.000000 0.000000 1.000000 0.000000 0.000000
17.000000 149.446942 16.497400 -0.475951 3.756292 0.000000 0.000000 0.000000 1.000000 0.000000 0.000000
17.000000 149.449308 16.485540 -0.452726 3.818232 0.000000 0.000000 0.000000 1.000000 0.000000 0.000000
17.000000 149.456942 16.367665 -0.475967 3.775916 0.000000 0.000000 0.000000 1.000000 0.000000 0.000000
17.000000 149.459413 16.355365 -0.456789 3.830982 0.000000 0.000000 0.000000 1.000000 0.000000 0.000000
17.000000 149.466961 16.291337 -0.479504 3.785211 0.000000 0.000000 0.000000 1.000000 0.000000 0.000000
17.000000 149.469300 16.276824 -0.459894 3.839669 0.000000 0.000000 0.000000 1.000000 0.000000 0.000000
17.000000 149.477062 16.173126 -0.480166 3.795132 0.000000 0.000000 0.000000 1.000000 0.000000 0.000000
17.000000 149.479485 16.130694 -0.454777 3.852317 0.000000 0.000000 0.000000 1.000000 0.000000 0.000000
17.000000 149.486936 16.055347 -0.486926 3.809314 0.000000 0.000000 0.000000 1.000000 0.000000 0.000000
17.000000 149.489315 15.965696 -0.454216 3.863529 0.000000 0.000000 0.000000 1.000000 0.000000 0.000000
17.000000 149.497069 15.963963 -0.486405 3.818405 0.000000 0.000000 0.000000 1.000000 0.000000 0.000000
17.000000 149.499337 15.866717 -0.454848 3.867818 0.000000 0.000000 0.000000 1.000000 0.000000 0.000000
17.000000 149.506982 15.839748 -0.486293 3.827697 0.000000 0.000000 0.000000 1.000000 0.000000 0.000000
17.000000 149.509303 15.743533 -0.456982 3.878015 0.000000 0.000000 0.000000 1.000000 0.000000 0.000000
17.000000 149.517185 15.715399 -0.492525 3.832830 0.000000 0.000000 0.000000 1.000000 0.000000 0.000000
17.000000 149.519517 15.612511 -0.463021 3.881551 0.000000 0.000000 0.000000 1.000000 0.000000 0.000000
17.000000 149.526952 15.613713 -0.490518 3.837496 0.000000 0.000000 0.000000 1.000000 0.000000 0.000000
17.000000 149.529330 15.474246 -0.456155 3.881964 0.000000 0.000000 0.000000 1.000000 0.000000 0.000000
17.000000 149.537130 15.520891 -0.493149 3.842849 0.000000 0.000000 0.000000 1.000000 0.000000 0.000000
17.000000 149.539451 15.370364 -0.456038 3.888231 0.000000 0.000000 0.000000 1.000000 0.000000 0.000000
17.000000 149.547071 15.400679 -0.494661 3.842023 0.000000 0.000000 0.000000 1.000000 0.000000 0.000000
17.000000 149.549344 15.318177 -0.469156 3.888299 0.000000 0.000000 0.000000 1.000000 0.000000 0.000000
17.000000 149.557194 15.294696 -0.493906 3.842375 0.000000 0.000000 0.000000 1.000000 0.000000 0.000000
17.000000 149.559540 15.192189 -0.466238 3.881670 0.000000 0.000000 0.000000 1.000000 0.000000 0.000000
17.000000 149.567070 15.170681 -0.494280 3.843877 0.000000 0.000000 0.000000 1.000000 0.000000 0.000000
17.000000 149.569422 15.084968 -0.472947 3.878446 0.000000 0.000000 0.000000 1.000000 0.000000 0.000000
17.000000 149.577191 15.060530 -0.495435 3.846661 0.000000 0.000000 0.000000 1.000000 0.000000 0.000000
17.000000 149.579427 14.958414 -0.471127 3.882713 0.000000 0.000000 0.000000 1.000000 0.000000 0.000000
17.000000 149.587099 14.987206 -0.506693 3.831453 0.000000 0.000000 0.000000 1.000000 0.000000 0.000000
17.000000 149.589363 14.811544 -0.470193 3.883476 0.000000 0.000000 0.000000 1.000000 0.000000 0.000000
17.000000 149.597146 14.836376 -0.502564 3.843543 0.000000 0.000000 0.000000 1.000000 0.000000 0.000000
17.000000 149.599470 14.608523 -0.461571 3.877856 0.000000 0.000000 0.000000 1.000000 0.000000 0.000000
17.000000 149.607094 14.713332 -0.502023 3.846342 0.000000 0.000000 0.000000 1.000000 0.000000 0.000000
17.000000 149.609383 14.451826 -0.463093 3.868163 0.000000 0.000000 0.000000 1.000000 0.000000 0.000000
17.000000 149.617307 14.604387 -0.506405 3.844027 0.000000 0.000000 0.000000 1.000000 0.000000 0.000000
17.000000 149.619572 14.375606 -0.466900 3.874352 0.000000 0.000000 0.000000 1.000000 0.000000 0.000000
17.000000 149.627128 14.488773 -0.508539 3.839771 0.000000 0.000000 0.000000 1.000000 0.000000 0.000000
17.000000 149.629386 14.221707 -0.464495 3.868980 0.000000 0.000000 0.000000 1.000000 0.000000 0.000000
17.000000 149.637071 14.407026 -0.513496 3.832835 0.000000 0.000000 0.000000 1.000000 0.000000 0.000000
17.000000 149.639613 14.069908 -0.460756 3.860753 0.000000 0.000000 0.000000 1.000000 0.000000 0.000000
17.000000 149.646975 14.267226 -0.514019 3.826455 0.000000 0.000000 0.000000 1.000000 0.000000 0.000000
17.000000 149.649474 13.969811 -0.468805 3.855395 0.000000 0.000000 0.000000 1.000000 0.000000 0.000000
17.000000 149.657264 14.154444 -0.517610 3.817716 0.000000 0.000000 0.000000 1.000000 0.000000 0.000000
17.000000 149.659496 13.786809 -0.466306 3.839179 0.000000 0.000000 0.000000 1.000000 0.000000 0.000000
17.000000 149.669463 13.607760 -0.467318 3.827882 0.000000 0.000000 0.000000 1.000000 0.000000 0.000000
17.000000 149.679631 13.484800 -0.465741 3.817769 0.000000 0.000000 0.000000 1.000000 0.000000 0.000000
17.000000 149.687179 12.735999 -0.373087 3.754016 0.000000 0.000000 0.000000 1.000000 0.000000 0.000000
17.000000 149.689464 13.278920 -0.456684 3.804253 0.000000 0.000000 0.000000 1.000000 0.000000 0.000000
17.000000 149.697078 13.339564 -0.700172 3.748126 0.000000 0.000000 0.000000 1.000000 0.000000 0.000000
17.000000 149.697157 12.703054 -0.385777 3.751450 0.000000 0.000000 0.000000 1.000000 0.000000 0.000000
17.000000 149.699549 13.217843 -0.467602 3.792206 0.000000 0.000000 0.000000 1.000000 0.000000 0.000000
17.000000 149.707048 13.641821 -0.536716 3.763949 0.000000 0.000000 0.000000 1.000000 0.000000 0.000000
17.000000 149.709622 13.168472 -0.475752 3.786927 0.000000 0.000000 0.000000 1.000000 0.000000 0.000000
17.000000 149.717177 13.133262 -0.716297 3.728208 0.000000 0.000000 0.000000 1.000000 0.000000 0.000000
17.000000 149.717195 12.457804 -0.387408 3.726392 0.000000 0.000000 0.000000 1.000000 0.000000 0.000000
17.000000 149.719572 12.978141 -0.468940 3.766205 0.000000 0.000000 0.000000 1.000000 0.000000 0.000000
17.000000 149.727094 13.440722 -0.540311 3.746194 0.000000 0.000000 0.000000 1.000000 0.000000 0.000000
17.000000 149.727193 12.385218 -0.394018 3.703218 0.000000 0.000000 0.000000 1.000000 0.000000 0.000000
17.000000 149.729399 12.585335 -0.481717 3.712017 0.000000 0.000000 0.000000 1.000000 0.000000 0.000000
17.000000 149.737180 13.321551 -0.541881 3.722169 0.000000 0.000000 0.000000 1.000000 0.000000 0.000000
17.000000 149.737185 12.304878 -0.400106 3.689546 0.000000 0.000000 0.000000 1.000000 0.000000 0.000000
17.000000 149.739499 12.494268 -0.482222 3.699840 0.000000 0.000000 0.000000 1.000000 0.000000 0.000000
17.000000 149.747231 12.195615 -0.404687 3.674984 0.000000 0.000000 0.000000 1.000000 0.000000 0.000000
17.000000 149.749418 12.375650 -0.480889 3.686874 0.000000 0.000000 0.000000 1.000000 0.000000 0.000000
17.000000 149.757246 13.101853 -0.546967 3.715337 0.000000 0.000000 0.000000 1.000000 0.000000 0.000000
17.000000 149.757281 12.119910 -0.415097 3.663403 0.000000 0.000000 0.000000 1.000000 0.000000 0.000000
17.000000 149.759543 12.305329 -0.493502 3.671761 0.000000 0.000000 0.000000 1.000000 0.000000 0.000000
17.000000 149.767088 12.951310 -0.547518 3.691563 0.000000 0.000000 0.000000 1.000000 0.000000 0.000000
17.000000 149.767357 12.031879 -0.422240 3.652116 0.000000 0.000000 0.000000 1.000000 0.000000 0.000000
17.000000 149.769450 12.233388 -0.508671 3.657105 0.000000 0.000000 0.000000 1.000000 0.000000 0.000000
17.000000 149.777153 12.842905 -0.555143 3.677928 0.000000 0.000000 0.000000 1.000000 0.000000 0.000000
17.000000 149.777158 11.942291 -0.432590 3.639740 0.000000 0.000000 0.000000 1.000000 0.000000 0.000000
17.000000 149.779570 12.065867 -0.481996 3.637214 0.000000 0.000000 0.000000 1.000000 0.000000 0.000000
17.000000 149.787071 12.740703 -0.557699 3.657380 0.000000 0.000000 0.000000 1.000000 0.000000 0.000000
17.000000 149.787209 11.812210 -0.431218 3.619391 0.000000 0.000000 0.000000 1.000000 0.000000 0.000000
17.000000 149.789591 11.952987 -0.487240 3.617782 0.000000 0.000000 0.000000 1.000000 0.000000 0.000000
17.000000 149.797163 12.313658 -0.709404 3.599832 0.000000 0.000000 0.000000 1.000000 0.000000 0.000000
17.000000 149.797215 11.743457 -0.445463 3.606800 0.000000 0.000000 0.000000 1.000000 0.000000 0.000000
17.000000 149.799450 11.766182 -0.463686 3.638480 0.000000 0.000000 0.000000 1.000000 0.000000 0.000000
17.000000 149.807181 12.520238 -0.564860 3.624607 0.000000 0.000000 0.000000 1.000000 0.000000 0.000000
17.000000 149.807711 11.649865 -0.447241 3.588072 0.000000 0.000000 0.000000 1.000000 0.000000 0.000000
17.000000 149.809586 11.769112 -0.494693 3.578205 0.000000 0.000000 0.000000 1.000000 0.000000 0.000000
17.000000 149.817297 12.100715 -0.714481 3.564617 0.000000 0.000000 0.000000 1.000000 0.000000 0.000000
17.000000 149.817331 11.511729 -0.445467 3.565141 0.000000 0.000000 0.000000 1.000000 0.000000 0.000000
17.000000 149.819572 11.586839 -0.470345 3.596206 0.000000 0.000000 0.000000 1.000000 0.000000 0.000000
17.000000 149.827195 12.306260 -0.571628 3.581147 0.000000 0.000000 0.000000 1.000000 0.000000 0.000000
17.000000 149.827230 11.428409 -0.454766 3.543006 0.000000 0.000000 0.000000 1.000000 0.000000 0.000000
17.000000 149.829514 11.534010 -0.496438 3.530029 0.000000 0.000000 0.000000 1.000000 0.000000 0.000000
17.000000 149.837208 12.190675 -0.574875 3.556255 0.000000 0.000000 0.000000 1.000000 0.000000 0.000000
17.000000 149.837311 11.319696 -0.459073 3.518813 0.000000 0.000000 0.000000 1.000000 0.000000 0.000000
17.000000 149.839609 11.416387 -0.496034 3.505728 0.000000 0.000000 0.000000 1.000000 0.000000 0.000000
17.000000 149.847120 11.807218 -0.717727 3.491793 0.000000 0.000000 0.000000 1.000000 0.000000 0.000000
17.000000 149.847184 11.243586 -0.464082 3.495094 0.000000 0.000000 0.000000 1.000000 0.000000 0.000000
17.000000 149.849691 11.168118 -0.469301 3.520132 0.000000 0.000000 0.000000 1.000000 0.000000 0.000000
17.000000 149.857287 11.991018 -0.579125 3.501869 0.000000 0.000000 0.000000 1.000000 0.000000 0.000000
17.000000 149.857374 11.118298 -0.462845 3.465249 0.000000 0.000000 0.000000 1.000000 0.000000 0.000000
17.000000 149.859583 11.207049 -0.495162 3.450880 0.000000 0.000000 0.000000 1.000000 0.000000 0.000000
17.000000 149.867127 11.874745 -0.582867 3.476240 0.000000 0.000000 0.000000 1.000000 0.000000 0.000000
17.000000 149.867204 11.089678 -0.478126 3.433849 0.000000 0.000000 0.000000 1.000000 0.000000 0.000000
17.000000 149.869675 11.159916 -0.500820 3.414683 0.000000 0.000000 0.000000 1.000000 0.000000 0.000000
17.000000 149.877161 11.505182 -0.726710 3.396792 0.000000 0.000000 0.000000 1.000000 0.000000 0.000000
17.000000 149.877289 10.952565 -0.484616 3.397379 0.000000 0.000000 0.000000 1.000000 0.000000 0.000000
17.000000 149.879612 10.842245 -0.484935 3.434610 0.000000 0.000000 0.000000 1.000000 0.000000 0.000000
17.000000 149.887108 11.660398 -0.593224 3.420444 0.000000 0.000000 0.000000 1.000000 0.000000 0.000000
17.000000 149.887438 10.879561 -0.490123 3.370422 0.000000 0.000000 0.000000 1.000000 0.000000 0.000000
17.000000 149.889666 10.938320 -0.505382 3.348982 0.000000 0.000000 0.000000 1.000000 0.000000 0.000000
17.000000 149.897153 11.548283 -0.599766 3.387915 0.000000 0.000000 0.000000 1.000000 0.000000 0.000000
17.000000 149.897349 10.767050 -0.496937 3.340872 0.000000 0.000000 0.000000 1.000000 0.000000 0.000000
17.000000 149.899560 10.824114 -0.511097 3.322576 0.000000 0.000000 0.000000 1.000000 0.000000 0.000000
17.000000 149.907114 11.429456 -0.603253 3.358612 0.000000 0.000000 0.000000 1.000000 0.000000 0.000000
17.000000 149.907464 10.660867 -0.502399 3.310610 0.000000 0.000000 0.000000 1.000000 0.000000 0.000000
17.000000 149.909537 10.699488 -0.509235 3.287824 0.000000 0.000000 0.000000 1.000000 0.000000 0.000000
17.000000 149.917165 11.334804 -0.605129 3.324324 0.000000 0.000000 0.000000 1.000000 0.000000 0.000000
17.000000 149.917354 10.556406 -0.502680 3.282247 0.000000 0.000000 0.000000 1.000000 0.000000 0.000000
17.000000 149.927074 11.229887 -0.609329 3.291859 0.000000 0.000000 0.000000 1.000000 0.000000 0.000000
17.000000 149.927469 10.450897 -0.506796 3.252739 0.000000 0.000000 0.000000 1.000000 0.000000 0.000000
17.000000 149.929700 10.482867 -0.511841 3.233399 0.000000 0.000000 0.000000 1.000000 0.000000 0.000000
17.000000 149.937177 11.126080 -0.616143 3.258341 0.000000 0.000000 0.000000 1.000000 0.000000 0.000000
17.000000 149.937353 10.409430 -0.520535 3.219952 0.000000 0.000000 0.000000 1.000000 0.000000 0.000000
17.000000 149.947108 11.019227 -0.614570 3.225902 0.000000 0.000000 0.000000 1.000000 0.000000 0.000000
17.000000 149.947428 10.276209 -0.516901 3.179924 0.000000 0.000000 0.000000 1.000000 0.000000 0.000000
17.000000 149.949694 10.312219 -0.522420 3.156241 0.000000 0.000000 0.000000 1.000000 0.000000 0.000000
17.000000 149.957205 10.909861 -0.623893 3.187780 0.000000 0.000000 0.000000 1.000000 0.000000 0.000000
17.000000 149.957365 10.214594 -0.532533 3.140723 0.000000 0.000000 0.000000 1.000000 0.000000 0.000000
17.000000 149.959580 10.216746 -0.522025 3.116514 0.000000 0.000000 0.000000 1.000000 0.000000 0.000000
17.000000 149.967141 10.812465 -0.626022 3.153079 0.000000 0.000000 0.000000 1.000000 0.000000 0.000000
17.000000 149.967178 10.120728 -0.534450 3.106041 0.000000 0.000000 0.000000 1.000000 0.000000 0.000000
17.000000 149.969513 10.120374 -0.522071 3.080798 0.000000 0.000000 0.000000 1.000000 0.000000 0.000000
17.000000 149.977199 10.713623 -0.632742 3.111922 0.000000 0.000000 0.000000 1.000000 0.000000 0.000000
17.000000 149.977257 10.016272 -0.540776 3.065059 0.000000 0.000000 0.000000 1.000000 0.000000 0.000000
17.000000 149.979647 10.017840 -0.528963 3.041477 0.000000 0.000000 0.000000 1.000000 0.000000 0.000000
17.000000 149.987124 10.613308 -0.636024 3.073025 0.000000 0.000000 0.000000 1.000000 0.000000 0.000000
17.000000 149.987205 9.927068 -0.543782 3.028328 0.000000 0.000000 0.000000 1.000000 0.000000 0.000000
17.000000 149.989575 9.920533 -0.528479 3.000701 0.000000 0.000000 0.000000 1.000000 0.000000 0.000000
17.000000 149.997200 10.501874 -0.637849 3.036338 0.000000 0.000000 0.000000 1.000000 0.000000 0.000000
17.000000 149.997285 9.827026 -0.548499 2.986517 0.000000 0.000000 0.000000 1.000000 0.000000 0.000000
17.000000 150.004058 10.655945 -0.538366 2.906599 0.000000 0.000000 0.000000 1.000000 0.000000 0.000000
17.000000 150.007150 10.396838 -0.643689 2.995374 0.000000 0.000000 0.000000 1.000000 0.000000 0.000000
17.000000 150.007410 9.749715 -0.557674 2.946166 0.000000 0.000000 0.000000 1.000000 0.000000 0.000000
17.000000 150.009655 9.724818 -0.533734 2.917909 0.000000 0.000000 0.000000 1.000000 0.000000 0.000000
17.000000 150.017168 10.127916 -0.754039 2.905748 0.000000 0.000000 0.000000 1.000000 0.000000 0.000000
17.000000 150.017341 9.637317 -0.555552 2.905431 0.000000 0.000000 0.000000 1.000000 0.000000 0.000000
17.000000 150.027212 10.033464 -0.752419 2.859343 0.000000 0.000000 0.000000 1.000000 0.000000 0.000000
17.000000 150.027476 9.568444 -0.564374 2.863282 0.000000 0.000000 0.000000 1.000000 0.000000 0.000000
17.000000 150.029645 9.208817 -0.520730 2.890844 0.000000 0.000000 0.000000 1.000000 0.000000 0.000000
17.000000 150.037208 9.938759 -0.764199 2.809749 0.000000 0.000000 0.000000 1.000000 0.000000 0.000000
17.000000 150.037226 9.454377 -0.569044 2.815381 0.000000 0.000000 0.000000 1.000000 0.000000 0.000000
17.000000 150.039623 9.127402 -0.526195 2.849636 0.000000 0.000000 0.000000 1.000000 0.000000 0.000000
17.000000 150.047257 9.984750 -0.659739 2.822475 0.000000 0.000000 0.000000 1.000000 0.000000 0.000000
17.000000 150.047319 9.380247 -0.577149 2.771965 0.000000 0.000000 0.000000 1.000000 0.000000 0.000000
17.000000 150.049719 9.342023 -0.545525 2.739040 0.000000 0.000000 0.000000 1.000000 0.000000 0.000000
17.000000 150.057239 9.898575 -0.663302 2.776535 0.000000 0.000000 0.000000 1.000000 0.000000 0.000000
17.000000 150.057259 9.287687 -0.580015 2.726276 0.000000 0.000000 0.000000 1.000000 0.000000 0.000000
17.000000 150.063461 10.053841 -0.558426 2.625265 0.000000 0.000000 0.000000 1.000000 0.000000 0.000000
17.000000 150.067175 9.787478 -0.665770 2.729418 0.000000 0.000000 0.000000 1.000000 0.000000 0.000000
17.000000 150.067341 9.170027 -0.580176 2.677876 0.000000 0.000000 0.000000 1.000000 0.000000 0.000000
17.000000 150.069523 9.140127 -0.550600 2.643790 0.000000 0.000000 0.000000 1.000000 0.000000 0.000000
17.000000 150.077190 9.556327 -0.766699 2.626177 0.000000 0.000000 0.000000 1.000000 0.000000 0.000000
17.000000 150.077243 9.108077 -0.589619 2.633856 0.000000 0.000000 0.000000 1.000000 0.000000 0.000000
17.000000 150.083522 9.861625 -0.561848 2.521399 0.000000 0.000000 0.000000 1.000000 0.000000 0.000000
17.000000 150.087250 9.581947 -0.676193 2.632937 0.000000 0.000000 0.000000 1.000000 0.000000 0.000000
17.000000 150.087347 9.028925 -0.596548 2.586653 0.000000 0.000000 0.000000 1.000000 0.000000 0.000000
17.000000 150.089652 8.959387 -0.553626 2.544648 0.000000 0.000000 0.000000 1.000000 0.000000 0.000000
17.000000 150.097209 9.376929 -0.780961 2.531816 0.000000 0.000000 0.000000 1.000000 0.000000 0.000000
17.000000 150.097341 8.906226 -0.598644 2.531147 0.000000 0.000000 0.000000 1.000000 0.000000 0.000000
17.000000 150.103564 9.663426 -0.567253 2.422659 0.000000 0.000000 0.000000 1.000000 0.000000 0.000000
17.000000 150.107275 9.375772 -0.687231 2.535617 0.000000 0.000000 0.000000 1.000000 0.000000 0.000000
17.000000 150.107336 8.858794 -0.611914 2.487515 0.000000 0.000000 0.000000 1.000000 0.000000 0.000000
17.000000 150.109832 8.774343 -0.560941 2.444854 0.000000 0.000000 0.000000 1.000000 0.000000 0.000000
17.000000 150.117235 9.187175 -0.767190 2.416790 0.000000 0.000000 0.000000 1.000000 0.000000 0.000000
17.000000 150.117356 8.815141 -0.624264 2.433489 0.000000 0.000000 0.000000 1.000000 0.000000 0.000000
17.000000 150.123566 9.484493 -0.564673 2.318242 0.000000 0.000000 0.000000 1.000000 0.000000 0.000000
17.000000 150.127220 9.081529 -0.777427 2.374462 0.000000 0.000000 0.000000 1.000000 0.000000 0.000000
17.000000 150.127320 8.678191 -0.621992 2.385874 0.000000 0.000000 0.000000 1.000000 0.000000 0.000000
17.000000 150.129730 8.291324 -0.557272 2.416237 0.000000 0.000000 0.000000 1.000000 0.000000 0.000000
17.000000 150.137290 9.002256 -0.782003 2.314504 0.000000 0.000000 0.000000 1.000000 0.000000 0.000000
17.000000 150.137419 8.591219 -0.624224 2.328065 0.000000 0.000000 0.000000 1.000000 0.000000 0.000000
17.000000 150.147399 8.895338 -0.781946 2.268348 0.000000 0.000000 0.000000 1.000000 0.000000 0.000000
17.000000 150.147400 8.502349 -0.632182 2.280799 0.000000 0.000000 0.000000 1.000000 0.000000 0.000000
17.000000 150.149709 8.110227 -0.564224 2.311884 0.000000 0.000000 0.000000 1.000000 0.000000 0.000000
17.000000 150.157278 8.799222 -0.785744 2.213327 0.000000 0.000000 0.000000 1.000000 0.000000 0.000000
17.000000 150.157371 8.410978 -0.639535 2.219972 0.000000 0.000000 0.000000 1.000000 0.000000 0.000000
17.000000 150.163481 9.093022 -0.573460 2.099318 0.000000 0.000000 0.000000 1.000000 0.000000 0.000000
17.000000 150.167435 8.713666 -0.781284 2.152957 0.000000 0.000000 0.000000 1.000000 0.000000 0.000000
17.000000 150.167440 8.335452 -0.640437 2.161818 0.000000 0.000000 0.000000 1.000000 0.000000 0.000000
17.000000 150.169640 7.986536 -0.571624 2.198733 0.000000 0.000000 0.000000 1.000000 0.000000 0.000000
17.000000 150.177342 8.612274 -0.781229 2.103007 0.000000 0.000000 0.000000 1.000000 0.000000 0.000000
17.000000 150.177372 8.263375 -0.653584 2.109890 0.000000 0.000000 0.000000 1.000000 0.000000 0.000000
17.000000 150.179813 7.893330 -0.579591 2.142177 0.000000 0.000000 0.000000 1.000000 0.000000 0.000000
17.000000 150.187356 8.589480 -0.714782 2.106167 0.000000 0.000000 0.000000 1.000000 0.000000 0.000000
17.000000 150.187512 8.157295 -0.649118 2.052683 0.000000 0.000000 0.000000 1.000000 0.000000 0.000000
17.000000 150.189575 8.065869 -0.586162 2.014138 0.000000 0.000000 0.000000 1.000000 0.000000 0.000000
17.000000 150.197419 8.490798 -0.714878 2.043092 0.000000 0.000000 0.000000 1.000000 0.000000 0.000000
17.000000 150.197608 8.047482 -0.648791 1.986171 0.000000 0.000000 0.000000 1.000000 0.000000 0.000000
17.000000 150.199650 7.970343 -0.584629 1.955694 0.000000 0.000000 0.000000 1.000000 0.000000 0.000000
17.000000 150.207208 8.392461 -0.725787 1.986985 0.000000 0.000000 0.000000 1.000000 0.000000 0.000000
17.000000 150.207501 7.992263 -0.664315 1.928197 0.000000 0.000000 0.000000 1.000000 0.000000 0.000000
17.000000 150.209705 7.907402 -0.594724 1.892854 0.000000 0.000000 0.000000 1.000000 0.000000 0.000000
17.000000 150.217330 8.255623 -0.790486 1.849499 0.000000 0.000000 0.000000 1.000000 0.000000 0.000000
17.000000 150.217414 7.907133 -0.664115 1.861033 0.000000 0.000000 0.000000 1.000000 0.000000 0.000000
17.000000 150.223519 8.504599 -0.586849 1.737043 0.000000 0.000000 0.000000 1.000000 0.000000 0.000000
17.000000 150.227203 8.186121 -0.730953 1.861336 0.000000 0.000000 0.000000 1.000000 0.000000 0.000000
17.000000 150.227524 7.813787 -0.669559 1.807627 0.000000 0.000000 0.000000 1.000000 0.000000 0.000000
17.000000 150.229634 7.719818 -0.599215 1.765968 0.000000 0.000000 0.000000 1.000000 0.000000 0.000000
17.000000 150.237380 8.091056 -0.730879 1.800840 0.000000 0.000000 0.000000 1.000000 0.000000 0.000000
17.000000 150.237411 7.731252 -0.674548 1.738955 0.000000 0.000000 0.000000 1.000000 0.000000 0.000000
17.000000 150.239749 7.668274 -0.606108 1.707646 0.000000 0.000000 0.000000 1.000000 0.000000 0.000000
17.000000 150.247319 8.011762 -0.732095 1.739552 0.000000 0.000000 0.000000 1.000000 0.000000 0.000000
17.000000 150.247502 7.628146 -0.675008 1.671449 0.000000 0.000000 0.000000 1.000000 0.000000 0.000000
17.000000 150.249711 7.577436 -0.607509 1.644311 0.000000 0.000000 0.000000 1.000000 0.000000 0.000000
17.000000 150.257489 7.923706 -0.738813 1.675138 0.000000 0.000000 0.000000 1.000000 0.000000 0.000000
17.000000 150.257545 7.550824 -0.682077 1.606073 0.000000 0.000000 0.000000 1.000000 0.000000 0.000000
17.000000 150.267450 7.784144 -0.794124 1.548699 0.000000 0.000000 0.000000 1.000000 0.000000 0.000000
17.000000 150.267451 7.467806 -0.687222 1.547797 0.000000 0.000000 0.000000 1.000000 0.000000 0.000000
17.000000 150.269773 7.236512 -0.609912 1.591341 0.000000 0.000000 0.000000 1.000000 0.000000 0.000000
17.000000 150.277388 7.714401 -0.749037 1.549058 0.000000 0.000000 0.000000 1.000000 0.000000 0.000000
17.000000 150.277433 7.405008 -0.699908 1.480988 0.000000 0.000000 0.000000 1.000000 0.000000 0.000000
17.000000 150.287366 7.624575 -0.752138 1.472366 0.000000 0.000000 0.000000 1.000000 0.000000 0.000000
17.000000 150.287545 7.304645 -0.698591 1.408360 0.000000 0.000000 0.000000 1.000000 0.000000 0.000000
17.000000 150.289917 7.264618 -0.626906 1.379532 0.000000 0.000000 0.000000 1.000000 0.000000 0.000000
17.000000 150.297367 7.535884 -0.759432 1.415611 0.000000 0.000000 0.000000 1.000000 0.000000 0.000000
17.000000 150.297412 7.257377 -0.713697 1.349543 0.000000 0.000000 0.000000 1.000000 0.000000 0.000000
17.000000 150.299874 7.186110 -0.630944 1.315546 0.000000 0.000000 0.000000 1.000000 0.000000 0.000000
17.000000 150.307278 7.437092 -0.759338 1.351783 0.000000 0.000000 0.000000 1.000000 0.000000 0.000000
17.000000 150.307521 7.150538 -0.712221 1.282228 0.000000 0.000000 0.000000 1.000000 0.000000 0.000000
17.000000 150.309728 7.092693 -0.629788 1.248741 0.000000 0.000000 0.000000 1.000000 0.000000 0.000000
17.000000 150.317427 7.336127 -0.763481 1.286236 0.000000 0.000000 0.000000 1.000000 0.000000 0.000000
17.000000 150.317427 7.053327 -0.715978 1.214871 0.000000 0.000000 0.000000 1.000000 0.000000 0.000000
17.000000 150.323694 7.596246 -0.594116 1.078696 0.000000 0.000000 0.000000 1.000000 0.000000 0.000000
17.000000 150.327268 7.237773 -0.774169 1.220178 0.000000 0.000000 0.000000 1.000000 0.000000 0.000000
17.000000 150.327508 7.013218 -0.730542 1.160293 0.000000 0.000000 0.000000 1.000000 0.000000 0.000000
17.000000 150.329680 6.913155 -0.634670 1.116311 0.000000 0.000000 0.000000 1.000000 0.000000 0.000000
17.000000 150.337410 7.159597 -0.808865 1.073436 0.000000 0.000000 0.000000 1.000000 0.000000 0.000000
17.000000 150.337411 6.934875 -0.737871 1.084340 0.000000 0.000000 0.000000 1.000000 0.000000 0.000000
17.000000 150.339717 6.699985 -0.642550 1.122880 0.000000 0.000000 0.000000 1.000000 0.000000 0.000000
17.000000 150.347411 7.051355 -0.778720 1.074604 0.000000 0.000000 0.000000 1.000000 0.000000 0.000000
17.000000 150.347535 6.844953 -0.739095 1.013532 0.000000 0.000000 0.000000 1.000000 0.000000 0.000000
17.000000 150.349761 6.758895 -0.644152 0.973883 0.000000 0.000000 0.000000 1.000000 0.000000 0.000000
17.000000 150.357398 6.988915 -0.811242 0.927804 0.000000 0.000000 0.000000 1.000000 0.000000 0.000000
17.000000 150.357455 6.793780 -0.753322 0.942416 0.000000 0.000000 0.000000 1.000000 0.000000 0.000000
17.000000 150.359811 6.540073 -0.648958 0.981371 0.000000 0.000000 0.000000 1.000000 0.000000 0.000000
17.000000 150.367365 6.871882 -0.787549 0.926286 0.000000 0.000000 0.000000 1.000000 0.000000 0.000000
17.000000 150.367461 6.663338 -0.748549 0.864557 0.000000 0.000000 0.000000 1.000000 0.000000 0.000000
17.000000 150.369707 6.590405 -0.651877 0.830952 0.000000 0.000000 0.000000 1.000000 0.000000 0.000000
17.000000 150.377402 6.800854 -0.818911 0.787732 0.000000 0.000000 0.000000 1.000000 0.000000 0.000000
17.000000 150.377460 6.589603 -0.754818 0.796315 0.000000 0.000000 0.000000 1.000000 0.000000 0.000000
17.000000 150.379757 6.397304 -0.654627 0.835523 0.000000 0.000000 0.000000 1.000000 0.000000 0.000000
17.000000 150.387288 6.690534 -0.797856 0.778471 0.000000 0.000000 0.000000 1.000000 0.000000 0.000000
17.000000 150.387584 6.519327 -0.762454 0.718721 0.000000 0.000000 0.000000 1.000000 0.000000 0.000000
17.000000 150.389816 6.438783 -0.658684 0.681572 0.000000 0.000000 0.000000 1.000000 0.000000 0.000000
17.000000 150.397380 6.623996 -0.819510 0.635315 0.000000 0.000000 0.000000 1.000000 0.000000 0.000000
17.000000 150.397459 6.442863 -0.767967 0.649323 0.000000 0.000000 0.000000 1.000000 0.000000 0.000000
17.000000 150.399750 6.237100 -0.661707 0.689876 0.000000 0.000000 0.000000 1.000000 0.000000 0.000000
17.000000 150.407499 6.534814 -0.822405 0.560069 0.000000 0.000000 0.000000 1.000000 0.000000 0.000000
17.000000 150.407542 6.359112 -0.773440 0.570637 0.000000 0.000000 0.000000 1.000000 0.000000 0.000000
17.000000 150.409675 6.175929 -0.665256 0.609092 0.000000 0.000000 0.000000 1.000000 0.000000 0.000000
17.000000 150.417397 6.450584 -0.825392 0.482567 0.000000 0.000000 0.000000 1.000000 0.000000 0.000000
17.000000 150.417452 6.287072 -0.781686 0.495292 0.000000 0.000000 0.000000 1.000000 0.000000 0.000000
17.000000 150.419826 6.100466 -0.671244 0.534543 0.000000 0.000000 0.000000 1.000000 0.000000 0.000000
17.000000 150.427366 6.311981 -0.818899 0.476054 0.000000 0.000000 0.000000 1.000000 0.000000 0.000000
17.000000 150.427477 6.231709 -0.792552 0.423817 0.000000 0.000000 0.000000 1.000000 0.000000 0.000000
17.000000 150.429732 6.125474 -0.672636 0.376828 0.000000 0.000000 0.000000 1.000000 0.000000 0.000000
17.000000 150.437357 6.287461 -0.823521 0.319924 0.000000 0.000000 0.000000 1.000000 0.000000 0.000000
17.000000 150.437435 6.157890 -0.790304 0.341398 0.000000 0.000000 0.000000 1.000000 0.000000 0.000000
17.000000 150.439825 5.961636 -0.677246 0.377713 0.000000 0.000000 0.000000 1.000000 0.000000 0.000000
17.000000 150.447347 6.133280 -0.817193 0.321497 0.000000 0.000000 0.000000 1.000000 0.000000 0.000000
17.000000 150.447507 6.061883 -0.797288 0.260245 0.000000 0.000000 0.000000 1.000000 0.000000 0.000000
17.000000 150.449784 5.986484 -0.681205 0.216369 0.000000 0.000000 0.000000 1.000000 0.000000 0.000000
17.000000 150.457446 6.102369 -0.829709 0.164892 0.000000 0.000000 0.000000 1.000000 0.000000 0.000000
17.000000 150.457462 5.995977 -0.807293 0.188563 0.000000 0.000000 0.000000 1.000000 0.000000 0.000000
17.000000 150.459829 5.799660 -0.686408 0.226087 0.000000 0.000000 0.000000 1.000000 0.000000 0.000000
17.000000 150.467458 5.935767 -0.836090 0.200040 0.000000 0.000000 0.000000 1.000000 0.000000 0.000000
17.000000 150.467534 5.941610 -0.811895 0.164013 0.000000 0.000000 0.000000 1.000000 0.000000 0.000000
17.000000 150.469819 5.902777 -0.697620 0.126193 0.000000 0.000000 0.000000 1.000000 0.000000 0.000000
17.000000 150.477418 5.897978 -0.837180 0.255946 0.000000 0.000000 0.000000 1.000000 0.000000 0.000000
17.000000 150.477443 5.904127 -0.812829 0.220906 0.000000 0.000000 0.000000 1.000000 0.000000 0.000000
17.000000 150.479886 5.856814 -0.697467 0.181611 0.000000 0.000000 0.000000 1.000000 0.000000 0.000000
17.000000 150.487413 5.841990 -0.838838 0.305784 0.000000 0.000000 0.000000 1.000000 0.000000 0.000000
17.000000 150.487573 5.847933 -0.813589 0.277585 0.000000 0.000000 0.000000 1.000000 0.000000 0.000000
17.000000 150.489731 5.791625 -0.695384 0.243520 0.000000 0.000000 0.000000 1.000000 0.000000 0.000000
17.000000 150.497625 5.876560 -0.835788 0.290449 0.000000 0.000000 0.000000 1.000000 0.000000 0.000000
17.000000 150.497691 5.813926 -0.820647 0.337455 0.000000 0.000000 0.000000 1.000000 0.000000 0.000000
17.000000 150.499757 5.636337 -0.697849 0.384154 0.000000 0.000000 0.000000 1.000000 0.000000 0.000000
17.000000 150.507398 5.754749 -0.842165 0.424820 0.000000 0.000000 0.000000 1.000000 0.000000 0.000000
17.000000 150.507587 5.772946 -0.822003 0.389859 0.000000 0.000000 0.000000 1.000000 0.000000 0.000000
17.000000 150.509740 5.697136 -0.700098 0.347138 0.000000 0.000000 0.000000 1.000000 0.000000 0.000000
17.000000 150.517468 5.698622 -0.848121 0.478805 0.000000 0.000000 0.000000 1.000000 0.000000 0.000000
17.000000 150.517598 5.778045 -0.830403 0.453668 0.000000 0.000000 0.000000 1.000000 0.000000 0.000000
17.000000 150.519811 5.656097 -0.696676 0.397090 0.000000 0.000000 0.000000 1.000000 0.000000 0.000000
17.000000 150.527379 5.673254 -0.846431 0.529542 0.000000 0.000000 0.000000 1.000000 0.000000 0.000000
17.000000 150.527576 5.663033 -0.821588 0.496845 0.000000 0.000000 0.000000 1.000000 0.000000 0.000000
17.000000 150.529760 5.582722 -0.702202 0.455874 0.000000 0.000000 0.000000 1.000000 0.000000 0.000000
17.000000 150.537427 5.603075 -0.849575 0.582500 0.000000 0.000000 0.000000 1.000000 0.000000 0.000000
17.000000 150.537581 5.637295 -0.827340 0.553803 0.000000 0.000000 0.000000 1.000000 0.000000 0.000000
17.000000 150.539875 5.535244 -0.702015 0.502642 0.000000 0.000000 0.000000 1.000000 0.000000 0.000000
17.000000 150.547417 5.577190 -0.853287 0.635938 0.000000 0.000000 0.000000 1.000000 0.000000 0.000000
17.000000 150.547567 5.582679 -0.829018 0.605031 0.000000 0.000000 0.000000 1.000000 0.000000 0.000000
17.000000 150.549772 5.474055 -0.702924 0.555610 0.000000 0.000000 0.000000 1.000000 0.000000 0.000000
17.000000 150.557464 5.534054 -0.856551 0.687225 0.000000 0.000000 0.000000 1.000000 0.000000 0.000000
17.000000 150.557683 5.549280 -0.834129 0.655279 0.000000 0.000000 0.000000 1.000000 0.000000 0.000000
17.000000 150.559841 5.426057 -0.706093 0.600835 0.000000 0.000000 0.000000 1.000000 0.000000 0.000000
17.000000 150.567377 5.488631 -0.856249 0.734606 0.000000 0.000000 0.000000 1.000000 0.000000 0.000000
17.000000 150.567563 5.495648 -0.832684 0.707276 0.000000 0.000000 0.000000 1.000000 0.000000 0.000000
17.000000 150.569989 5.353375 -0.697676 0.657014 0.000000 0.000000 0.000000 1.000000 0.000000 0.000000
17.000000 150.577505 5.453454 -0.857208 0.781220 0.000000 0.000000 0.000000 1.000000 0.000000 0.000000
17.000000 150.577519 5.439648 -0.832767 0.745781 0.000000 0.000000 0.000000 1.000000 0.000000 0.000000
17.000000 150.579867 5.322585 -0.707382 0.693116 0.000000 0.000000 0.000000 1.000000 0.000000 0.000000
17.000000 150.587405 5.405556 -0.862252 0.824447 0.000000 0.000000 0.000000 1.000000 0.000000 0.000000
17.000000 150.587534 5.404080 -0.837461 0.794748 0.000000 0.000000 0.000000 1.000000 0.000000 0.000000
17.000000 150.589743 5.262515 -0.704377 0.740594 0.000000 0.000000 0.000000 1.000000 0.000000 0.000000
17.000000 150.597480 5.342643 -0.867270 0.882343 0.000000 0.000000 0.000000 1.000000 0.000000 0.000000
17.000000 150.597508 5.404820 -0.850140 0.853506 0.000000 0.000000 0.000000 1.000000 0.000000 0.000000
17.000000 150.599788 5.218360 -0.706206 0.784740 0.000000 0.000000 0.000000 1.000000 0.000000 0.000000
17.000000 150.607427 5.298928 -0.864803 0.928344 0.000000 0.000000 0.000000 1.000000 0.000000 0.000000
17.000000 150.607527 5.384786 -0.849834 0.900963 0.000000 0.000000 0.000000 1.000000 0.000000 0.000000
17.000000 150.609726 5.178820 -0.703047 0.825569 0.000000 0.000000 0.000000 1.000000 0.000000 0.000000
17.000000 150.617540 5.269819 -0.863804 0.966077 0.000000 0.000000 0.000000 1.000000 0.000000 0.000000
17.000000 150.617666 5.389890 -0.851509 0.943679 0.000000 0.000000 0.000000 1.000000 0.000000 0.000000
17.000000 150.619880 5.151570 -0.700333 0.861445 0.000000 0.000000 0.000000 1.000000 0.000000 0.000000
17.000000 150.627438 5.222434 -0.865887 1.007735 0.000000 0.000000 0.000000 1.000000 0.000000 0.000000
17.000000 150.627597 5.240611 -0.845991 0.970648 0.000000 0.000000 0.000000 1.000000 0.000000 0.000000
17.000000 150.629796 5.077505 -0.710234 0.901990 0.000000 0.000000 0.000000 1.000000 0.000000 0.000000
17.000000 150.637517 5.178875 -0.867195 1.039075 0.000000 0.000000 0.000000 1.000000 0.000000 0.000000
17.000000 150.637607 5.195594 -0.847333 1.003826 0.000000 0.000000 0.000000 1.000000 0.000000 0.000000
17.000000 150.639805 5.032848 -0.711214 0.938842 0.000000 0.000000 0.000000 1.000000 0.000000 0.000000
17.000000 150.647523 5.140425 -0.868298 1.079192 0.000000 0.000000 0.000000 1.000000 0.000000 0.000000
17.000000 150.647578 5.145744 -0.851057 1.038438 0.000000 0.000000 0.000000 1.000000 0.000000 0.000000
17.000000 150.649799 4.986463 -0.716457 0.976284 0.000000 0.000000 0.000000 1.000000 0.000000 0.000000
17.000000 150.657476 5.163607 -0.870898 1.025266 0.000000 0.000000 0.000000 1.000000 0.000000 0.000000
17.000000 150.657525 5.107355 -0.856473 1.075886 0.000000 0.000000 0.000000 1.000000 0.000000 0.000000
17.000000 150.659910 4.780478 -0.718105 1.114196 0.000000 0.000000 0.000000 1.000000 0.000000 0.000000
17.000000 150.667464 5.049719 -0.875663 1.159762 0.000000 0.000000 0.000000 1.000000 0.000000 0.000000
17.000000 150.667683 5.138056 -0.866243 1.122418 0.000000 0.000000 0.000000 1.000000 0.000000 0.000000
17.000000 150.669780 4.919471 -0.718719 1.039536 0.000000 0.000000 0.000000 1.000000 0.000000 0.000000
17.000000 150.677490 5.000679 -0.875266 1.197617 0.000000 0.000000 0.000000 1.000000 0.000000 0.000000
17.000000 150.677514 5.050507 -0.862434 1.159789 0.000000 0.000000 0.000000 1.000000 0.000000 0.000000
17.000000 150.679848 4.829923 -0.713612 1.083363 0.000000 0.000000 0.000000 1.000000 0.000000 0.000000
17.000000 150.687452 4.959641 -0.881754 1.225716 0.000000 0.000000 0.000000 1.000000 0.000000 0.000000
17.000000 150.687788 4.981127 -0.862774 1.194353 0.000000 0.000000 0.000000 1.000000 0.000000 0.000000
17.000000 150.689765 4.763922 -0.715193 1.123707 0.000000 0.000000 0.000000 1.000000 0.000000 0.000000
17.000000 150.697587 4.909949 -0.881199 1.263191 0.000000 0.000000 0.000000 1.000000 0.000000 0.000000
17.000000 150.697775 4.951811 -0.867484 1.227185 0.000000 0.000000 0.000000 1.000000 0.000000 0.000000
17.000000 150.699785 4.729539 -0.717800 1.154198 0.000000 0.000000 0.000000 1.000000 0.000000 0.000000
17.000000 150.707465 4.870495 -0.882195 1.299610 0.000000 0.000000 0.000000 1.000000 0.000000 0.000000
17.000000 150.707798 4.917013 -0.870298 1.259886 0.000000 0.000000 0.000000 1.000000 0.000000 0.000000
17.000000 150.709943 4.693503 -0.721590 1.182014 0.000000 0.000000 0.000000 1.000000 0.000000 0.000000
17.000000 150.717573 4.825436 -0.886152 1.331726 0.000000 0.000000 0.000000 1.000000 0.000000 0.000000
17.000000 150.717755 4.894545 -0.874597 1.299485 0.000000 0.000000 0.000000 1.000000 0.000000 0.000000
17.000000 150.720016 4.627681 -0.716854 1.218398 0.000000 0.000000 0.000000 1.000000 0.000000 0.000000
17.000000 150.727514 4.771395 -0.893336 1.365744 0.000000 0.000000 0.000000 1.000000 0.000000 0.000000
17.000000 150.727718 4.831250 -0.882037 1.331023 0.000000 0.000000 0.000000 1.000000 0.000000 0.000000
17.000000 150.729867 4.555550 -0.718520 1.250193 0.000000 0.000000 0.000000 1.000000 0.000000 0.000000
17.000000 150.737559 4.808787 -0.885497 1.290391 0.000000 0.000000 0.000000 1.000000 0.000000 0.000000
17.000000 150.737610 4.804728 -0.882388 1.359351 0.000000 0.000000 0.000000 1.000000 0.000000 0.000000
17.000000 150.739857 4.315053 -0.728000 1.388271 0.000000 0.000000 0.000000 1.000000 0.000000 0.000000
17.000000 150.747513 4.688492 -0.892130 1.423932 0.000000 0.000000 0.000000 1.000000 0.000000 0.000000
17.000000 150.747672 4.765801 -0.883422 1.388676 0.000000 0.000000 0.000000 1.000000 0.000000 0.000000
17.000000 150.749993 4.466335 -0.715535 1.301829 0.000000 0.000000 0.000000 1.000000 0.000000 0.000000
17.000000 150.757602 4.720635 -0.886958 1.347431 0.000000 0.000000 0.000000 1.000000 0.000000 0.000000
17.000000 150.757614 4.729810 -0.888632 1.416528 0.000000 0.000000 0.000000 1.000000 0.000000 0.000000
17.000000 150.759926 4.208872 -0.729678 1.444365 0.000000 0.000000 0.000000 1.000000 0.000000 0.000000
17.000000 150.767645 4.596027 -0.896794 1.477913 0.000000 0.000000 0.000000 1.000000 0.000000 0.000000
17.000000 150.767727 4.713930 -0.891870 1.445827 0.000000 0.000000 0.000000 1.000000 0.000000 0.000000
17.000000 150.770086 4.390866 -0.721067 1.352934 0.000000 0.000000 0.000000 1.000000 0.000000 0.000000
17.000000 150.777611 4.623680 -0.891480 1.402059 0.000000 0.000000 0.000000 1.000000 0.000000 0.000000
17.000000 150.777720 4.660120 -0.901341 1.475202 0.000000 0.000000 0.000000 1.000000 0.000000 0.000000
17.000000 150.780070 4.090066 -0.735440 1.500511 0.000000 0.000000 0.000000 1.000000 0.000000 0.000000
17.000000 150.787515 4.494815 -0.905512 1.523655 0.000000 0.000000 0.000000 1.000000 0.000000 0.000000
17.000000 150.787790 4.591955 -0.896772 1.494346 0.000000 0.000000 0.000000 1.000000 0.000000 0.000000
17.000000 150.790017 4.269421 -0.724990 1.402286 0.000000 0.000000 0.000000 1.000000 0.000000 0.000000
17.000000 150.797710 4.542952 -0.893956 1.445779 0.000000 0.000000 0.000000 1.000000 0.000000 0.000000
17.000000 150.797817 4.567298 -0.898711 1.519238 0.000000 0.000000 0.000000 1.000000 0.000000 0.000000
17.000000 150.800127 3.997971 -0.735407 1.546856 0.000000 0.000000 0.000000 1.000000 0.000000 0.000000
17.000000 150.807569 4.411415 -0.909518 1.576770 0.000000 0.000000 0.000000 1.000000 0.000000 0.000000
17.000000 150.807949 4.522998 -0.904517 1.545263 0.000000 0.000000 0.000000 1.000000 0.000000 0.000000
17.000000 150.809888 4.162472 -0.722325 1.450409 0.000000 0.000000 0.000000 1.000000 0.000000 0.000000
17.000000 150.817714 4.373708 -0.913692 1.603882 0.000000 0.000000 0.000000 1.000000 0.000000 0.000000
17.000000 150.817754 4.538248 -0.913325 1.574284 0.000000 0.000000 0.000000 1.000000 0.000000 0.000000
17.000000 150.819963 4.147716 -0.729636 1.463513 0.000000 0.000000 0.000000 1.000000 0.000000 0.000000
17.000000 150.827506 4.313426 -0.928026 1.626950 0.000000 0.000000 0.000000 1.000000 0.000000 0.000000
17.000000 150.827767 4.500587 -0.928651 1.602244 0.000000 0.000000 0.000000 1.000000 0.000000 0.000000
17.000000 150.829921 4.063375 -0.727071 1.492930 0.000000 0.000000 0.000000 1.000000 0.000000 0.000000
17.000000 150.837624 4.374560 -0.908334 1.531088 0.000000 0.000000 0.000000 1.000000 0.000000 0.000000
17.000000 150.837713 4.457068 -0.926391 1.621162 0.000000 0.000000 0.000000 1.000000 0.000000 0.000000
17.000000 150.839909 3.757722 -0.744547 1.638786 0.000000 0.000000 0.000000 1.000000 0.000000 0.000000
17.000000 150.847681 4.231619 -0.926442 1.665085 0.000000 0.000000 0.000000 1.000000 0.000000 0.000000
17.000000 150.847766 4.422952 -0.929030 1.637307 0.000000 0.000000 0.000000 1.000000 0.000000 0.000000
17.000000 150.849864 3.985585 -0.729906 1.522089 0.000000 0.000000 0.000000 1.000000 0.000000 0.000000
17.000000 150.857617 4.271798 -0.908134 1.565835 0.000000 0.000000 0.000000 1.000000 0.000000 0.000000
17.000000 150.857687 4.357660 -0.927745 1.653951 0.000000 0.000000 0.000000 1.000000 0.000000 0.000000
17.000000 150.859963 3.641869 -0.744957 1.673460 0.000000 0.000000 0.000000 1.000000 0.000000 0.000000
17.000000 150.867536 4.148678 -0.924553 1.692646 0.000000 0.000000 0.000000 1.000000 0.000000 0.000000
17.000000 150.867725 4.395513 -0.934430 1.664160 0.000000 0.000000 0.000000 1.000000 0.000000 0.000000
17.000000 150.869881 3.932413 -0.736046 1.539658 0.000000 0.000000 0.000000 1.000000 0.000000 0.000000
17.000000 150.877615 4.114358 -0.926122 1.708950 0.000000 0.000000 0.000000 1.000000 0.000000 0.000000
17.000000 150.877750 4.262817 -0.925158 1.679703 0.000000 0.000000 0.000000 1.000000 0.000000 0.000000
17.000000 150.879940 3.846107 -0.734651 1.569428 0.000000 0.000000 0.000000 1.000000 0.000000 0.000000
17.000000 150.887568 4.075642 -0.929593 1.721447 0.000000 0.000000 0.000000 1.000000 0.000000 0.000000
17.000000 150.887696 4.216662 -0.926568 1.695021 0.000000 0.000000 0.000000 1.000000 0.000000 0.000000
17.000000 150.889889 3.784871 -0.732215 1.583378 0.000000 0.000000 0.000000 1.000000 0.000000 0.000000
17.000000 150.897620 4.027895 -0.927036 1.734586 0.000000 0.000000 0.000000 1.000000 0.000000 0.000000
17.000000 150.897655 4.148801 -0.923521 1.705593 0.000000 0.000000 0.000000 1.000000 0.000000 0.000000
17.000000 150.899962 3.731641 -0.733027 1.600911 0.000000 0.000000 0.000000 1.000000 0.000000 0.000000
17.000000 150.907585 3.978115 -0.928855 1.748843 0.000000 0.000000 0.000000 1.000000 0.000000 0.000000
17.000000 150.907743 4.123375 -0.929338 1.717325 0.000000 0.000000 0.000000 1.000000 0.000000 0.000000
17.000000 150.909862 3.691033 -0.736030 1.604422 0.000000 0.000000 0.000000 1.000000 0.000000 0.000000
17.000000 150.917672 4.027922 -0.910934 1.632715 0.000000 0.000000 0.000000 1.000000 0.000000 0.000000
17.000000 150.917704 4.163177 -0.943578 1.727923 0.000000 0.000000 0.000000 1.000000 0.000000 0.000000
17.000000 150.919991 3.369569 -0.752453 1.751558 0.000000 0.000000 0.000000 1.000000 0.000000 0.000000
17.000000 150.927638 3.890285 -0.940902 1.766386 0.000000 0.000000 0.000000 1.000000 0.000000 0.000000
17.000000 150.927779 4.099412 -0.947771 1.737508 0.000000 0.000000 0.000000 1.000000 0.000000 0.000000
17.000000 150.930002 3.628146 -0.741067 1.621646 0.000000 0.000000 0.000000 1.000000 0.000000 0.000000
17.000000 150.937617 3.853885 -0.944924 1.772901 0.000000 0.000000 0.000000 1.000000 0.000000 0.000000
17.000000 150.937838 4.025206 -0.944745 1.749978 0.000000 0.000000 0.000000 1.000000 0.000000 0.000000
17.000000 150.939914 3.551859 -0.740072 1.634851 0.000000 0.000000 0.000000 1.000000 0.000000 0.000000
17.000000 150.947491 3.805424 -0.942395 1.782918 0.000000 0.000000 0.000000 1.000000 0.000000 0.000000
17.000000 150.947786 3.983087 -0.945171 1.755960 0.000000 0.000000 0.000000 1.000000 0.000000 0.000000
17.000000 150.949921 3.512303 -0.740336 1.641730 0.000000 0.000000 0.000000 1.000000 0.000000 0.000000
17.000000 150.957680 3.760200 -0.948811 1.788533 0.000000 0.000000 0.000000 1.000000 0.000000 0.000000
17.000000 150.957690 3.958984 -0.954024 1.761690 0.000000 0.000000 0.000000 1.000000 0.000000 0.000000
17.000000 150.960023 3.479967 -0.746722 1.645025 0.000000 0.000000 0.000000 1.000000 0.000000 0.000000
17.000000 150.967567 3.728196 -0.940716 1.791408 0.000000 0.000000 0.000000 1.000000 0.000000 0.000000
17.000000 150.967983 3.936658 -0.947981 1.763120 0.000000 0.000000 0.000000 1.000000 0.000000 0.000000
17.000000 150.969919 3.453143 -0.743487 1.641687 0.000000 0.000000 0.000000 1.000000 0.000000 0.000000
17.000000 150.977626 3.675076 -0.951381 1.798077 0.000000 0.000000 0.000000 1.000000 0.000000 0.000000
17.000000 150.977995 3.864427 -0.955907 1.771234 0.000000 0.000000 0.000000 1.000000 0.000000 0.000000
17.000000 150.979948 3.381228 -0.746615 1.655509 0.000000 0.000000 0.000000 1.000000 0.000000 0.000000
17.000000 150.987942 3.813589 -0.954722 1.774032 0.000000 0.000000 0.000000 1.000000 0.000000 0.000000
17.000000 150.989962 3.329069 -0.746681 1.657897 0.000000 0.000000 0.000000 1.000000 0.000000 0.000000
17.000000 150.997647 3.667832 -0.936138 1.688023 0.000000 0.000000 0.000000 1.000000 0.000000 0.000000
17.000000 150.997653 3.771363 -0.958189 1.776469 0.000000 0.000000 0.000000 1.000000 0.000000 0.000000
17.000000 150.999940 3.026103 -0.767974 1.794460 0.000000 0.000000 0.000000 1.000000 0.000000 0.000000
17.000000 151.007637 3.629518 -0.934888 1.687321 0.000000 0.000000 0.000000 1.000000 0.000000 0.000000
17.000000 151.007713 3.774831 -0.968993 1.781382 0.000000 0.000000 0.000000 1.000000 0.000000 0.000000
17.000000 151.010037 2.974138 -0.771673 1.796055 0.000000 0.000000 0.000000 1.000000 0.000000 0.000000
17.000000 151.017818 3.608882 -0.922349 1.681092 0.000000 0.000000 0.000000 1.000000 0.000000 0.000000
17.000000 151.017860 3.838254 -0.979447 1.790103 0.000000 0.000000 0.000000 1.000000 0.000000 0.000000
17.000000 151.019969 2.942149 -0.773036 1.800055 0.000000 0.000000 0.000000 1.000000 0.000000 0.000000
17.000000 151.027656 3.459560 -0.966060 1.804338 0.000000 0.000000 0.000000 1.000000 0.000000 0.000000
17.000000 151.027763 3.716116 -0.977356 1.780543 0.000000 0.000000 0.000000 1.000000 0.000000 0.000000
17.000000 151.029962 3.177797 -0.756220 1.655272 0.000000 0.000000 0.000000 1.000000 0.000000 0.000000
17.000000 151.037666 3.415526 -0.967124 1.800050 0.000000 0.000000 0.000000 1.000000 0.000000 0.000000
17.000000 151.037679 3.647438 -0.975804 1.776454 0.000000 0.000000 0.000000 1.000000 0.000000 0.000000
17.000000 151.039960 3.123899 -0.757045 1.653102 0.000000 0.000000 0.000000 1.000000 0.000000 0.000000
17.000000 151.047641 3.370632 -0.971194 1.802065 0.000000 0.000000 0.000000 1.000000 0.000000 0.000000
17.000000 151.047857 3.610623 -0.982696 1.774921 0.000000 0.000000 0.000000 1.000000 0.000000 0.000000
17.000000 151.049946 3.095398 -0.764644 1.651794 0.000000 0.000000 0.000000 1.000000 0.000000 0.000000
17.000000 151.057620 3.332658 -0.971853 1.796615 0.000000 0.000000 0.000000 1.000000 0.000000 0.000000
17.000000 151.057660 3.558188 -0.981273 1.770704 0.000000 0.000000 0.000000 1.000000 0.000000 0.000000
17.000000 151.059985 3.044827 -0.762162 1.649700 0.000000 0.000000 0.000000 1.000000 0.000000 0.000000
17.000000 151.067580 3.290662 -0.972376 1.792507 0.000000 0.000000 0.000000 1.000000 0.000000 0.000000
17.000000 151.067821 3.623723 -0.994171 1.767273 0.000000 0.000000 0.000000 1.000000 0.000000 0.000000
17.000000 151.069975 3.064327 -0.768720 1.628853 0.000000 0.000000 0.000000 1.000000 0.000000 0.000000
17.000000 151.077788 3.334799 -0.949020 1.663937 0.000000 0.000000 0.000000 1.000000 0.000000 0.000000
17.000000 151.077885 3.513437 -0.991746 1.760701 0.000000 0.000000 0.000000 1.000000 0.000000 0.000000
17.000000 151.079993 2.707085 -0.786380 1.772601 0.000000 0.000000 0.000000 1.000000 0.000000 0.000000
17.000000 151.087654 3.195983 -0.981407 1.777258 0.000000 0.000000 0.000000 1.000000 0.000000 0.000000
17.000000 151.087704 3.474271 -0.995602 1.754617 0.000000 0.000000 0.000000 1.000000 0.000000 0.000000
17.000000 151.089933 2.930045 -0.770149 1.626754 0.000000 0.000000 0.000000 1.000000 0.000000 0.000000
17.000000 151.097701 3.257123 -0.949514 1.645670 0.000000 0.000000 0.000000 1.000000 0.000000 0.000000
17.000000 151.097858 3.469668 -1.002041 1.745219 0.000000 0.000000 0.000000 1.000000 0.000000 0.000000
17.000000 151.099983 2.637036 -0.791309 1.758296 0.000000 0.000000 0.000000 1.000000 0.000000 0.000000
17.000000 151.107617 3.117682 -0.983954 1.764992 0.000000 0.000000 0.000000 1.000000 0.000000 0.000000
17.000000 151.107742 3.419227 -1.001735 1.741572 0.000000 0.000000 0.000000 1.000000 0.000000 0.000000
17.000000 151.109962 2.862512 -0.773550 1.608119 0.000000 0.000000 0.000000 1.000000 0.000000 0.000000
17.000000 151.117785 3.078936 -0.986008 1.755044 0.000000 0.000000 0.000000 1.000000 0.000000 0.000000
17.000000 151.117796 3.464791 -1.014832 1.730517 0.000000 0.000000 0.000000 1.000000 0.000000 0.000000
17.000000 151.120012 2.867484 -0.779390 1.582297 0.000000 0.000000 0.000000 1.000000 0.000000 0.000000
17.000000 151.127584 3.030766 -0.990863 1.740285 0.000000 0.000000 0.000000 1.000000 0.000000 0.000000
17.000000 151.127765 3.332084 -1.009251 1.715783 0.000000 0.000000 0.000000 1.000000 0.000000 0.000000
17.000000 151.130004 2.777270 -0.778701 1.585541 0.000000 0.000000 0.000000 1.000000 0.000000 0.000000
17.000000 151.137663 2.982742 -0.995477 1.728135 0.000000 0.000000 0.000000 1.000000 0.000000 0.000000
17.000000 151.137739 3.314188 -1.016692 1.705250 0.000000 0.000000 0.000000 1.000000 0.000000 0.000000
17.000000 151.140003 2.748663 -0.783731 1.571503 0.000000 0.000000 0.000000 1.000000 0.000000 0.000000
17.000000 151.147622 2.952131 -0.992411 1.714152 0.000000 0.000000 0.000000 1.000000 0.000000 0.000000
17.000000 151.147853 3.259302 -1.012936 1.688174 0.000000 0.000000 0.000000 1.000000 0.000000 0.000000
17.000000 151.150038 2.721307 -0.785765 1.556589 0.000000 0.000000 0.000000 1.000000 0.000000 0.000000
17.000000 151.157654 2.902246 -1.000778 1.701681 0.000000 0.000000 0.000000 1.000000 0.000000 0.000000
17.000000 151.157690 3.250034 -1.023998 1.679171 0.000000 0.000000 0.000000 1.000000 0.000000 0.000000
17.000000 151.160031 2.681442 -0.787787 1.544976 0.000000 0.000000 0.000000 1.000000 0.000000 0.000000
17.000000 151.167637 2.867874 -0.994810 1.688385 0.000000 0.000000 0.000000 1.000000 0.000000 0.000000
17.000000 151.167831 3.288322 -1.030076 1.663959 0.000000 0.000000 0.000000 1.000000 0.000000 0.000000
17.000000 151.170038 2.684205 -0.795224 1.506644 0.000000 0.000000 0.000000 1.000000 0.000000 0.000000
17.000000 151.177712 2.817494 -1.006062 1.672503 0.000000 0.000000 0.000000 1.000000 0.000000 0.000000
17.000000 151.177752 3.204644 -1.034898 1.649768 0.000000 0.000000 0.000000 1.000000 0.000000 0.000000
17.000000 151.180198 2.613607 -0.795560 1.505774 0.000000 0.000000 0.000000 1.000000 0.000000 0.000000
17.000000 151.187680 2.768702 -1.009804 1.656451 0.000000 0.000000 0.000000 1.000000 0.000000 0.000000
17.000000 151.187824 3.170412 -1.038402 1.638081 0.000000 0.000000 0.000000 1.000000 0.000000 0.000000
17.000000 151.190060 2.570438 -0.796439 1.491983 0.000000 0.000000 0.000000 1.000000 0.000000 0.000000
17.000000 151.197731 2.740383 -1.005476 1.637182 0.000000 0.000000 0.000000 1.000000 0.000000 0.000000
17.000000 151.197783 3.093363 -1.031125 1.614177 0.000000 0.000000 0.000000 1.000000 0.000000 0.000000
17.000000 151.200261 2.534326 -0.798205 1.475050 0.000000 0.000000 0.000000 1.000000 0.000000 0.000000
17.000000 151.207560 2.686080 -1.020462 1.622986 0.000000 0.000000 0.000000 1.000000 0.000000 0.000000
17.000000 151.207857 3.117504 -1.050561 1.608474 0.000000 0.000000 0.000000 1.000000 0.000000 0.000000
17.000000 151.210223 2.484910 -0.797805 1.459015 0.000000 0.000000 0.000000 1.000000 0.000000 0.000000
17.000000 151.217747 2.648843 -1.010349 1.610045 0.000000 0.000000 0.000000 1.000000 0.000000 0.000000
17.000000 151.217777 3.125281 -1.054544 1.588937 0.000000 0.000000 0.000000 1.000000 0.000000 0.000000
17.000000 151.220221 2.499894 -0.810784 1.419834 0.000000 0.000000 0.000000 1.000000 0.000000 0.000000
17.000000 151.227645 2.606960 -1.020136 1.579653 0.000000 0.000000 0.000000 1.000000 0.000000 0.000000
17.000000 151.227763 3.022008 -1.051374 1.560942 0.000000 0.000000 0.000000 1.000000 0.000000 0.000000
17.000000 151.230049 2.426003 -0.808529 1.414384 0.000000 0.000000 0.000000 1.000000 0.000000 0.000000
17.000000 151.237674 2.558318 -1.032292 1.561296 0.000000 0.000000 0.000000 1.000000 0.000000 0.000000
17.000000 151.237782 3.057792 -1.070945 1.548115 0.000000 0.000000 0.000000 1.000000 0.000000 0.000000
17.000000 151.240038 2.400024 -0.810126 1.389507 0.000000 0.000000 0.000000 1.000000 0.000000 0.000000
17.000000 151.247608 2.521860 -1.031232 1.536294 0.000000 0.000000 0.000000 1.000000 0.000000 0.000000
17.000000 151.247902 2.983109 -1.068877 1.517367 0.000000 0.000000 0.000000 1.000000 0.000000 0.000000
17.000000 151.250090 2.366599 -0.815324 1.365391 0.000000 0.000000 0.000000 1.000000 0.000000 0.000000
17.000000 151.257760 2.476118 -1.037971 1.508164 0.000000 0.000000 0.000000 1.000000 0.000000 0.000000
17.000000 151.257766 3.000735 -1.080860 1.493065 0.000000 0.000000 0.000000 1.000000 0.000000 0.000000
17.000000 151.260153 2.339724 -0.815265 1.335230 0.000000 0.000000 0.000000 1.000000 0.000000 0.000000
17.000000 151.267716 2.450497 -1.023895 1.480215 0.000000 0.000000 0.000000 1.000000 0.000000 0.000000
17.000000 151.267903 2.942818 -1.063506 1.465982 0.000000 0.000000 0.000000 1.000000 0.000000 0.000000
17.000000 151.270024 2.309788 -0.815076 1.308284 0.000000 0.000000 0.000000 1.000000 0.000000 0.000000
17.000000 151.277677 2.400953 -1.035267 1.459495 0.000000 0.000000 0.000000 1.000000 0.000000 0.000000
17.000000 151.277748 2.891167 -1.076615 1.443106 0.000000 0.000000 0.000000 1.000000 0.000000 0.000000
17.000000 151.280112 2.268239 -0.823496 1.285463 0.000000 0.000000 0.000000 1.000000 0.000000 0.000000
17.000000 151.287679 2.368163 -1.039139 1.426609 0.000000 0.000000 0.000000 1.000000 0.000000 0.000000
17.000000 151.287908 2.846730 -1.077240 1.412198 0.000000 0.000000 0.000000 1.000000 0.000000 0.000000
17.000000 151.290067 2.232339 -0.821536 1.261437 0.000000 0.000000 0.000000 1.000000 0.000000 0.000000
17.000000 151.297742 2.303568 -1.056841 1.404103 0.000000 0.000000 0.000000 1.000000 0.000000 0.000000
17.000000 151.297742 2.922968 -1.108934 1.396810 0.000000 0.000000 0.000000 1.000000 0.000000 0.000000
17.000000 151.300042 2.214437 -0.828247 1.225435 0.000000 0.000000 0.000000 1.000000 0.000000 0.000000
17.000000 151.307709 2.265936 -1.058354 1.371188 0.000000 0.000000 0.000000 1.000000 0.000000 0.000000
17.000000 151.307868 2.849551 -1.106633 1.362409 0.000000 0.000000 0.000000 1.000000 0.000000 0.000000
17.000000 151.310048 2.159138 -0.828190 1.197774 0.000000 0.000000 0.000000 1.000000 0.000000 0.000000
17.000000 151.317760 2.368467 -0.977470 1.196266 0.000000 0.000000 0.000000 1.000000 0.000000 0.000000
17.000000 151.317855 2.786407 -1.082967 1.320202 0.000000 0.000000 0.000000 1.000000 0.000000 0.000000
17.000000 151.320149 1.918093 -0.847458 1.317720 0.000000 0.000000 0.000000 1.000000 0.000000 0.000000
17.000000 151.327793 2.201868 -1.044516 1.306496 0.000000 0.000000 0.000000 1.000000 0.000000 0.000000
17.000000 151.327804 2.706210 -1.090032 1.289741 0.000000 0.000000 0.000000 1.000000 0.000000 0.000000
17.000000 151.330098 2.120504 -0.839202 1.135300 0.000000 0.000000 0.000000 1.000000 0.000000 0.000000
17.000000 151.337781 2.280722 -0.990598 1.135613 0.000000 0.000000 0.000000 1.000000 0.000000 0.000000
17.000000 151.337784 2.758244 -1.114777 1.264699 0.000000 0.000000 0.000000 1.000000 0.000000 0.000000
17.000000 151.340041 1.889772 -0.865523 1.251002 0.000000 0.000000 0.000000 1.000000 0.000000 0.000000
17.000000 151.347712 2.120968 -1.059700 1.247572 0.000000 0.000000 0.000000 1.000000 0.000000 0.000000
17.000000 151.347875 2.697985 -1.110630 1.237424 0.000000 0.000000 0.000000 1.000000 0.000000 0.000000
17.000000 151.350136 2.043805 -0.840361 1.073061 0.000000 0.000000 0.000000 1.000000 0.000000 0.000000
17.000000 151.357767 2.205414 -0.998610 1.067987 0.000000 0.000000 0.000000 1.000000 0.000000 0.000000
17.000000 151.357818 2.701298 -1.127886 1.199773 0.000000 0.000000 0.000000 1.000000 0.000000 0.000000
17.000000 151.360221 1.848602 -0.876439 1.181626 0.000000 0.000000 0.000000 1.000000 0.000000 0.000000
17.000000 151.367732 2.074040 -1.052178 1.163338 0.000000 0.000000 0.000000 1.000000 0.000000 0.000000
17.000000 151.367880 2.578107 -1.100939 1.145775 0.000000 0.000000 0.000000 1.000000 0.000000 0.000000
17.000000 151.370109 2.019332 -0.855963 0.989355 0.000000 0.000000 0.000000 1.000000 0.000000 0.000000
17.000000 151.377784 2.036711 -1.060128 1.128287 0.000000 0.000000 0.000000 1.000000 0.000000 0.000000
17.000000 151.377818 2.545096 -1.105144 1.119243 0.000000 0.000000 0.000000 1.000000 0.000000 0.000000
17.000000 151.380073 1.969287 -0.854002 0.958987 0.000000 0.000000 0.000000 1.000000 0.000000 0.000000
17.000000 151.387887 2.536085 -1.120361 1.076034 0.000000 0.000000 0.000000 1.000000 0.000000 0.000000
17.000000 151.390130 1.784766 -0.878181 1.063767 0.000000 0.000000 0.000000 1.000000 0.000000 0.000000
17.000000 151.397845 2.454998 -1.108979 1.036298 0.000000 0.000000 0.000000 1.000000 0.000000 0.000000
17.000000 151.407864 2.459669 -1.120546 1.007160 0.000000 0.000000 0.000000 1.000000 0.000000 0.000000
17.000000 151.417938 2.515061 -1.135051 0.976908 0.000000 0.000000 0.000000 1.000000 0.000000 0.000000
17.000000 151.427965 2.512714 -1.158718 0.937744 0.000000 0.000000 0.000000 1.000000 0.000000 0.000000
17.000000 151.437947 2.520362 -1.167766 0.905444 0.000000 0.000000 0.000000 1.000000 0.000000 0.000000
17.000000 151.447933 2.399420 -1.156446 0.845737 0.000000 0.000000 0.000000 1.000000 0.000000 0.000000
17.000000 151.458042 2.349280 -1.140899 0.807969 0.000000 0.000000 0.000000 1.000000 0.000000 0.000000
17.000000 151.468021 2.330211 -1.143867 0.764109 0.000000 0.000000 0.000000 1.000000 0.000000 0.000000
17.000000 151.478049 2.203947 -1.136884 0.699779 0.000000 0.000000 0.000000 1.000000 0.000000 0.000000
17.000000 151.488089 2.205701 -1.141969 0.661248 0.000000 0.000000 0.000000 1.000000 0.000000 0.000000
17.000000 151.498132 2.276509 -1.167511 0.637763 0.000000 0.000000 0.000000 1.000000 0.000000 0.000000
17.000000 151.508097 2.083877 -1.135156 0.549344 0.000000 0.000000 0.000000 1.000000 0.000000 0.000000
17.000000 151.517957 2.271737 -1.171506 0.540006 0.000000 0.000000 0.000000 1.000000 0.000000 0.000000
17.000000 151.527994 2.192031 -1.178884 0.490873 0.000000 0.000000 0.000000 1.000000 0.000000 0.000000
17.000000 151.537888 2.159677 -1.176804 0.441366 0.000000 0.000000 0.000000 1.000000 0.000000 0.000000
17.000000 151.548143 2.097738 -1.181691 0.387135 0.000000 0.000000 0.000000 1.000000 0.000000 0.000000
17.000000 151.558085 2.009751 -1.173641 0.327563 0.000000 0.000000 0.000000 1.000000 0.000000 0.000000
17.000000 151.567968 1.974059 -1.178326 0.306091 0.000000 0.000000 0.000000 1.000000 0.000000 0.000000
17.000000 151.577938 2.067840 -1.208719 0.379551 0.000000 0.000000 0.000000 1.000000 0.000000 0.000000
17.000000 151.587946 2.094571 -1.223303 0.428234 0.000000 0.000000 0.000000 1.000000 0.000000 0.000000
17.000000 151.597968 1.957539 -1.198994 0.450720 0.000000 0.000000 0.000000 1.000000 0.000000 0.000000
17.000000 151.607983 2.022815 -1.228908 0.501239 0.000000 0.000000 0.000000 1.000000 0.000000 0.000000
17.000000 151.617979 1.822110 -1.197115 0.497389 0.000000 0.000000 0.000000 1.000000 0.000000 0.000000
17.000000 151.627988 1.930463 -1.238984 0.561277 0.000000 0.000000 0.000000 1.000000 0.000000 0.000000
17.000000 151.637904 2.014350 -1.266768 0.607878 0.000000 0.000000 0.000000 1.000000 0.000000 0.000000
17.000000 151.647857 2.109637 -1.275694 0.636610 0.000000 0.000000 0.000000 1.000000 0.000000 0.000000
17.000000 151.648010 1.840770 -1.238564 0.619813 0.000000 0.000000 0.000000 1.000000 0.000000 0.000000
17.000000 151.657945 1.686527 -1.209044 0.629994 0.000000 0.000000 0.000000 1.000000 0.000000 0.000000
17.000000 151.668234 1.959376 -1.269473 0.690784 0.000000 0.000000 0.000000 1.000000 0.000000 0.000000
17.000000 151.677982 1.703588 -1.237333 0.702594 0.000000 0.000000 0.000000 1.000000 0.000000 0.000000
17.000000 151.688150 1.547542 -1.213831 0.714060 0.000000 0.000000 0.000000 1.000000 0.000000 0.000000
17.000000 151.697932 1.720750 -1.263765 0.769215 0.000000 0.000000 0.000000 1.000000 0.000000 0.000000
17.000000 151.707984 1.547676 -1.235178 0.773842 0.000000 0.000000 0.000000 1.000000 0.000000 0.000000
17.000000 151.717901 1.608248 -1.251373 0.825194 0.000000 0.000000 0.000000 1.000000 0.000000 0.000000
17.000000 151.728086 1.551629 -1.243889 0.836359 0.000000 0.000000 0.000000 1.000000 0.000000 0.000000
17.000000 151.737918 1.561947 -1.253958 0.862543 0.000000 0.000000 0.000000 1.000000 0.000000 0.000000
17.000000 151.748078 1.640381 -1.285593 0.900629 0.000000 0.000000 0.000000 1.000000 0.000000 0.000000
17.000000 151.758128 1.506147 -1.262141 0.915222 0.000000 0.000000 0.000000 1.000000 0.000000 0.000000
17.000000 151.767974 1.422408 -1.259636 0.928953 0.000000 0.000000 0.000000 1.000000 0.000000 0.000000
17.000000 151.778047 1.477825 -1.274393 0.948842 0.000000 0.000000 0.000000 1.000000 0.000000 0.000000
17.000000 151.788073 1.472900 -1.287843 0.984615 0.000000 0.000000 0.000000 1.000000 0.000000 0.000000
17.000000 151.798089 1.533637 -1.306553 1.007504 0.000000 0.000000 0.000000 1.000000 0.000000 0.000000
