15.000000 167.343184 25.118025 -0.253210 0.337930 0.000000 0.000000 0.000000 1.000000 0.000000 0.000000
15.000000 167.351253 24.966492 -0.250728 0.392649 0.000000 0.000000 0.000000 1.000000 0.000000 0.000000
15.000000 167.353141 24.995327 -0.241701 0.444231 0.000000 0.000000 0.000000 1.000000 0.000000 0.000000
15.000000 167.363246 24.838731 -0.247921 0.514476 0.000000 0.000000 0.000000 1.000000 0.000000 0.000000
15.000000 167.373041 24.777733 -0.216745 0.586423 0.000000 0.000000 0.000000 1.000000 0.000000 0.000000
15.000000 167.383161 24.574411 -0.218719 0.686379 0.000000 0.000000 0.000000 1.000000 0.000000 0.000000
15.000000 167.393057 24.424833 -0.197356 0.789923 0.000000 0.000000 0.000000 1.000000 0.000000 0.000000
15.000000 167.403214 24.219952 -0.191387 0.882938 0.000000 0.000000 0.000000 1.000000 0.000000 0.000000
15.000000 167.413118 24.209123 -0.169373 0.930195 0.000000 0.000000 0.000000 1.000000 0.000000 0.000000
15.000000 167.423149 24.020797 -0.142356 1.032056 0.000000 0.000000 0.000000 1.000000 0.000000 0.000000
15.000000 167.431292 22.923148 -0.305658 1.172720 0.000000 0.000000 0.000000 1.000000 0.000000 0.000000
15.000000 167.433209 23.835482 -0.138013 1.121002 0.000000 0.000000 0.000000 1.000000 0.000000 0.000000
15.000000 167.441329 22.822921 -0.292716 1.250143 0.000000 0.000000 0.000000 1.000000 0.000000 0.000000
15.000000 167.443231 23.708315 -0.128862 1.207325 0.000000 0.000000 0.000000 1.000000 0.000000 0.000000
15.000000 167.451456 22.710820 -0.275580 1.319684 0.000000 0.000000 0.000000 1.000000 0.000000 0.000000
15.000000 167.453103 23.573719 -0.112317 1.285150 0.000000 0.000000 0.000000 1.000000 0.000000 0.000000
15.000000 167.461501 22.606794 -0.268339 1.384535 0.000000 0.000000 0.000000 1.000000 0.000000 0.000000
15.000000 167.463269 23.473986 -0.104530 1.354219 0.000000 0.000000 0.000000 1.000000 0.000000 0.000000
15.000000 167.471504 22.501617 -0.244912 1.471132 0.000000 0.000000 0.000000 1.000000 0.000000 0.000000
15.000000 167.473103 23.304190 -0.085557 1.444745 0.000000 0.000000 0.000000 1.000000 0.000000 0.000000
15.000000 167.481383 22.393536 -0.228755 1.538081 0.000000 0.000000 0.000000 1.000000 0.000000 0.000000
15.000000 167.483197 23.145765 -0.078304 1.519016 0.000000 0.000000 0.000000 1.000000 0.000000 0.000000
15.000000 167.491421 22.279197 -0.213448 1.606790 0.000000 0.000000 0.000000 1.000000 0.000000 0.000000
15.000000 167.493132 23.038968 -0.055285 1.590720 0.000000 0.000000 0.000000 1.000000 0.000000 0.000000
15.000000 167.501487 22.176903 -0.194823 1.677100 0.000000 0.000000 0.000000 1.000000 0.000000 0.000000
15.000000 167.503235 22.866324 -0.050065 1.669231 0.000000 0.000000 0.000000 1.000000 0.000000 0.000000
15.000000 167.511440 22.084811 -0.193754 1.737113 0.000000 0.000000 0.000000 1.000000 0.000000 0.000000
15.000000 167.513040 22.839803 -0.032557 1.725739 0.000000 0.000000 0.000000 1.000000 0.000000 0.000000
15.000000 167.521547 21.953167 -0.163644 1.808337 0.000000 0.000000 0.000000 1.000000 0.000000 0.000000
15.000000 167.523145 22.627409 -0.016466 1.806858 0.000000 0.000000 0.000000 1.000000 0.000000 0.000000
15.000000 167.533061 22.519688 0.001815 1.871824 0.000000 0.000000 0.000000 1.000000 0.000000 0.000000
15.000000 167.543196 22.371955 0.011513 1.939203 0.000000 0.000000 0.000000 1.000000 0.000000 0.000000
15.000000 167.553075 22.201157 0.009829 2.006954 0.000000 0.000000 0.000000 1.000000 0.000000 0.000000
15.000000 167.563222 22.111479 0.011534 2.059893 0.000000 0.000000 0.000000 1.000000 0.000000 0.000000
15.000000 167.573110 21.995395 0.054936 2.131760 0.000000 0.000000 0.000000 1.000000 0.000000 0.000000
15.000000 167.583194 21.863133 0.067592 2.192804 0.000000 0.000000 0.000000 1.000000 0.000000 0.000000
15.000000 167.593059 21.729558 0.077566 2.256663 0.000000 0.000000 0.000000 1.000000 0.000000 0.000000
15.000000 167.603198 21.588650 0.089109 2.313474 0.000000 0.000000 0.000000 1.000000 0.000000 0.000000
15.000000 167.613104 21.468240 0.103331 2.372945 0.000000 0.000000 0.000000 1.000000 0.000000 0.000000
15.000000 167.623243 21.328153 0.112331 2.431357 0.000000 0.000000 0.000000 1.000000 0.000000 0.000000
15.000000 167.630611 19.877143 0.267261 2.357058 0.000000 0.000000 0.000000 1.000000 0.000000 0.000000
15.000000 167.633156 21.188509 0.120011 2.487431 0.000000 0.000000 0.000000 1.000000 0.000000 0.000000
15.000000 167.640613 19.737525 0.294724 2.408573 0.000000 0.000000 0.000000 1.000000 0.000000 0.000000
15.000000 167.643236 21.082976 0.139162 2.539356 0.000000 0.000000 0.000000 1.000000 0.000000 0.000000
15.000000 167.650514 19.596839 0.317941 2.457154 0.000000 0.000000 0.000000 1.000000 0.000000 0.000000
15.000000 167.653169 20.906450 0.135561 2.597560 0.000000 0.000000 0.000000 1.000000 0.000000 0.000000
15.000000 167.660627 19.503878 0.316470 2.510828 0.000000 0.000000 0.000000 1.000000 0.000000 0.000000
15.000000 167.663198 20.775619 0.138030 2.630536 0.000000 0.000000 0.000000 1.000000 0.000000 0.000000
15.000000 167.670568 19.391939 0.320528 2.563891 0.000000 0.000000 0.000000 1.000000 0.000000 0.000000
15.000000 167.673114 20.728232 0.179627 2.692486 0.000000 0.000000 0.000000 1.000000 0.000000 0.000000
15.000000 167.680695 19.252728 0.342610 2.612976 0.000000 0.000000 0.000000 1.000000 0.000000 0.000000
15.000000 167.683267 20.579500 0.191535 2.746869 0.000000 0.000000 0.000000 1.000000 0.000000 0.000000
15.000000 167.690526 19.151117 0.346551 2.659736 0.000000 0.000000 0.000000 1.000000 0.000000 0.000000
15.000000 167.693179 20.446244 0.202104 2.796856 0.000000 0.000000 0.000000 1.000000 0.000000 0.000000
15.000000 167.700657 19.016664 0.370305 2.709229 0.000000 0.000000 0.000000 1.000000 0.000000 0.000000
15.000000 167.703299 20.343022 0.213009 2.840492 0.000000 0.000000 0.000000 1.000000 0.000000 0.000000
15.000000 167.710562 18.910081 0.379373 2.762201 0.000000 0.000000 0.000000 1.000000 0.000000 0.000000
15.000000 167.713281 20.247264 0.235421 2.881372 0.000000 0.000000 0.000000 1.000000 0.000000 0.000000
15.000000 167.720770 18.766192 0.401413 2.806764 0.000000 0.000000 0.000000 1.000000 0.000000 0.000000
15.000000 167.723429 20.089078 0.244102 2.932286 0.000000 0.000000 0.000000 1.000000 0.000000 0.000000
15.000000 167.730630 18.625665 0.425403 2.849626 0.000000 0.000000 0.000000 1.000000 0.000000 0.000000
15.000000 167.733201 19.947451 0.248919 2.978216 0.000000 0.000000 0.000000 1.000000 0.000000 0.000000
15.000000 167.740824 18.545571 0.422217 2.894334 0.000000 0.000000 0.000000 1.000000 0.000000 0.000000
15.000000 167.743373 19.848609 0.265153 3.019039 0.000000 0.000000 0.000000 1.000000 0.000000 0.000000
15.000000 167.750716 18.409317 0.432822 2.935877 0.000000 0.000000 0.000000 1.000000 0.000000 0.000000
15.000000 167.753261 19.708801 0.275809 3.062460 0.000000 0.000000 0.000000 1.000000 0.000000 0.000000
15.000000 167.760677 18.301972 0.445656 2.974584 0.000000 0.000000 0.000000 1.000000 0.000000 0.000000
15.000000 167.763345 19.595763 0.284665 3.102481 0.000000 0.000000 0.000000 1.000000 0.000000 0.000000
15.000000 167.770582 18.177418 0.453422 3.019012 0.000000 0.000000 0.000000 1.000000 0.000000 0.000000
15.000000 167.773263 19.469734 0.298442 3.138128 0.000000 0.000000 0.000000 1.000000 0.000000 0.000000
15.000000 167.780743 18.069176 0.462728 3.058171 0.000000 0.000000 0.000000 1.000000 0.000000 0.000000
15.000000 167.783341 19.368738 0.316484 3.181256 0.000000 0.000000 0.000000 1.000000 0.000000 0.000000
15.000000 167.790536 17.944213 0.476847 3.096386 0.000000 0.000000 0.000000 1.000000 0.000000 0.000000
15.000000 167.793329 19.205816 0.319737 3.217946 0.000000 0.000000 0.000000 1.000000 0.000000 0.000000
15.000000 167.800611 17.795219 0.510706 3.118844 0.000000 0.000000 0.000000 1.000000 0.000000 0.000000
15.000000 167.803357 19.076085 0.326487 3.251018 0.000000 0.000000 0.000000 1.000000 0.000000 0.000000
15.000000 167.810562 17.723188 0.505073 3.167938 0.000000 0.000000 0.000000 1.000000 0.000000 0.000000
15.000000 167.813439 18.962157 0.338302 3.283981 0.000000 0.000000 0.000000 1.000000 0.000000 0.000000
15.000000 167.820534 17.547747 0.529926 3.185336 0.000000 0.000000 0.000000 1.000000 0.000000 0.000000
15.000000 167.823534 18.859023 0.351649 3.319560 0.000000 0.000000 0.000000 1.000000 0.000000 0.000000
15.000000 167.833411 18.739956 0.359893 3.346617 0.000000 0.000000 0.000000 1.000000 0.000000 0.000000
15.000000 167.843395 18.609920 0.373603 3.378274 0.000000 0.000000 0.000000 1.000000 0.000000 0.000000
15.000000 167.853270 18.484909 0.380348 3.397325 0.000000 0.000000 0.000000 1.000000 0.000000 0.000000
15.000000 167.863341 18.325707 0.391060 3.422309 0.000000 0.000000 0.000000 1.000000 0.000000 0.000000
15.000000 167.873328 18.235602 0.406851 3.439075 0.000000 0.000000 0.000000 1.000000 0.000000 0.000000
15.000000 167.883431 18.145801 0.425102 3.461793 0.000000 0.000000 0.000000 1.000000 0.000000 0.000000
15.000000 167.893337 18.026270 0.436455 3.487283 0.000000 0.000000 0.000000 1.000000 0.000000 0.000000
15.000000 167.899973 17.563686 0.412302 3.551234 0.000000 0.000000 0.000000 1.000000 0.000000 0.000000
15.000000 167.903691 17.901650 0.444220 3.515670 0.000000 0.000000 0.000000 1.000000 0.000000 0.000000
15.000000 167.913343 17.763327 0.445655 3.546152 0.000000 0.000000 0.000000 1.000000 0.000000 0.000000
15.000000 167.919977 17.384432 0.423012 3.604984 0.000000 0.000000 0.000000 1.000000 0.000000 0.000000
15.000000 167.923559 17.723373 0.479052 3.550390 0.000000 0.000000 0.000000 1.000000 0.000000 0.000000
15.000000 167.930022 17.179224 0.454150 3.611792 0.000000 0.000000 0.000000 1.000000 0.000000 0.000000
15.000000 167.933510 17.594997 0.480985 3.565327 0.000000 0.000000 0.000000 1.000000 0.000000 0.000000
15.000000 167.943504 17.434683 0.495139 3.588557 0.000000 0.000000 0.000000 1.000000 0.000000 0.000000
15.000000 167.993456 16.869618 0.554745 3.677283 0.000000 0.000000 0.000000 1.000000 0.000000 0.000000
15.000000 168.030063 16.307947 0.488717 3.702764 0.000000 0.000000 0.000000 1.000000 0.000000 0.000000
15.000000 168.163485 14.974113 0.747708 3.773711 0.000000 0.000000 0.000000 1.000000 0.000000 0.000000
15.000000 168.183585 14.814129 0.791011 3.739067 0.000000 0.000000 0.000000 1.000000 0.000000 0.000000
15.000000 168.193388 14.626764 0.786317 3.737328 0.000000 0.000000 0.000000 1.000000 0.000000 0.000000
15.000000 168.203458 14.558992 0.805514 3.736564 0.000000 0.000000 0.000000 1.000000 0.000000 0.000000
15.000000 168.213382 14.482717 0.823249 3.728975 0.000000 0.000000 0.000000 1.000000 0.000000 0.000000
15.000000 168.223560 14.356641 0.823246 3.724618 0.000000 0.000000 0.000000 1.000000 0.000000 0.000000
15.000000 168.233443 14.245591 0.822022 3.714091 0.000000 0.000000 0.000000 1.000000 0.000000 0.000000
15.000000 168.243565 14.105146 0.823867 3.715644 0.000000 0.000000 0.000000 1.000000 0.000000 0.000000
15.000000 168.253402 13.974320 0.840113 3.692040 0.000000 0.000000 0.000000 1.000000 0.000000 0.000000
15.000000 168.263653 13.878095 0.848344 3.689892 0.000000 0.000000 0.000000 1.000000 0.000000 0.000000
15.000000 168.273502 13.748096 0.853700 3.677542 0.000000 0.000000 0.000000 1.000000 0.000000 0.000000
15.000000 168.283496 13.685425 0.874919 3.668134 0.000000 0.000000 0.000000 1.000000 0.000000 0.000000
15.000000 168.293397 13.536648 0.871119 3.656529 0.000000 0.000000 0.000000 1.000000 0.000000 0.000000
15.000000 168.303481 13.435562 0.887754 3.636589 0.000000 0.000000 0.000000 1.000000 0.000000 0.000000
15.000000 168.313422 13.333220 0.899368 3.624177 0.000000 0.000000 0.000000 1.000000 0.000000 0.000000
15.000000 168.323602 13.240870 0.913862 3.609709 0.000000 0.000000 0.000000 1.000000 0.000000 0.000000
15.000000 168.333640 13.145176 0.927283 3.589661 0.000000 0.000000 0.000000 1.000000 0.000000 0.000000
15.000000 168.343527 13.028157 0.940363 3.565484 0.000000 0.000000 0.000000 1.000000 0.000000 0.000000
15.000000 168.353412 12.924806 0.941317 3.530792 0.000000 0.000000 0.000000 1.000000 0.000000 0.000000
15.000000 168.361006 11.689673 1.069280 3.504090 0.000000 0.000000 0.000000 1.000000 0.000000 0.000000
15.000000 168.363682 12.820701 0.959552 3.518215 0.000000 0.000000 0.000000 1.000000 0.000000 0.000000
15.000000 168.370863 11.616094 1.074024 3.497213 0.000000 0.000000 0.000000 1.000000 0.000000 0.000000
15.000000 168.373571 12.720305 0.970349 3.490720 0.000000 0.000000 0.000000 1.000000 0.000000 0.000000
15.000000 168.380867 11.521693 1.077699 3.475494 0.000000 0.000000 0.000000 1.000000 0.000000 0.000000
15.000000 168.383572 12.628990 0.986093 3.466482 0.000000 0.000000 0.000000 1.000000 0.000000 0.000000
15.000000 168.390853 11.433260 1.083119 3.452997 0.000000 0.000000 0.000000 1.000000 0.000000 0.000000
15.000000 168.393608 12.521307 0.996405 3.440321 0.000000 0.000000 0.000000 1.000000 0.000000 0.000000
15.000000 168.400868 11.340756 1.091635 3.424595 0.000000 0.000000 0.000000 1.000000 0.000000 0.000000
15.000000 168.403786 12.427268 1.008629 3.412665 0.000000 0.000000 0.000000 1.000000 0.000000 0.000000
15.000000 168.410849 11.213321 1.119725 3.398424 0.000000 0.000000 0.000000 1.000000 0.000000 0.000000
15.000000 168.413667 12.315008 1.018865 3.385176 0.000000 0.000000 0.000000 1.000000 0.000000 0.000000
15.000000 168.420951 11.135973 1.109881 3.384173 0.000000 0.000000 0.000000 1.000000 0.000000 0.000000
15.000000 168.423802 12.197614 1.026831 3.355179 0.000000 0.000000 0.000000 1.000000 0.000000 0.000000
15.000000 168.430907 11.046090 1.117611 3.353624 0.000000 0.000000 0.000000 1.000000 0.000000 0.000000
15.000000 168.433592 12.086259 1.030057 3.326588 0.000000 0.000000 0.000000 1.000000 0.000000 0.000000
15.000000 168.440967 10.938441 1.130884 3.327191 0.000000 0.000000 0.000000 1.000000 0.000000 0.000000
15.000000 168.443652 11.989103 1.035008 3.294842 0.000000 0.000000 0.000000 1.000000 0.000000 0.000000
15.000000 168.451046 10.857818 1.128850 3.296370 0.000000 0.000000 0.000000 1.000000 0.000000 0.000000
15.000000 168.453624 11.892586 1.047374 3.262138 0.000000 0.000000 0.000000 1.000000 0.000000 0.000000
15.000000 168.460931 10.755087 1.149568 3.257919 0.000000 0.000000 0.000000 1.000000 0.000000 0.000000
15.000000 168.463977 11.761200 1.049513 3.231680 0.000000 0.000000 0.000000 1.000000 0.000000 0.000000
15.000000 168.470903 10.645420 1.150486 3.230840 0.000000 0.000000 0.000000 1.000000 0.000000 0.000000
15.000000 168.473765 11.695578 1.077914 3.192728 0.000000 0.000000 0.000000 1.000000 0.000000 0.000000
15.000000 168.480912 10.585196 1.145267 3.199656 0.000000 0.000000 0.000000 1.000000 0.000000 0.000000
15.000000 168.483686 11.586383 1.083107 3.160402 0.000000 0.000000 0.000000 1.000000 0.000000 0.000000
15.000000 168.490923 10.485410 1.155629 3.166564 0.000000 0.000000 0.000000 1.000000 0.000000 0.000000
15.000000 168.493759 11.500445 1.097785 3.124011 0.000000 0.000000 0.000000 1.000000 0.000000 0.000000
15.000000 168.501067 10.367420 1.174042 3.130628 0.000000 0.000000 0.000000 1.000000 0.000000 0.000000
15.000000 168.503625 11.387146 1.106033 3.086986 0.000000 0.000000 0.000000 1.000000 0.000000 0.000000
15.000000 168.510953 10.286549 1.184118 3.082486 0.000000 0.000000 0.000000 1.000000 0.000000 0.000000
15.000000 168.513517 11.285671 1.111064 3.051705 0.000000 0.000000 0.000000 1.000000 0.000000 0.000000
15.000000 168.520980 10.169898 1.189749 3.053220 0.000000 0.000000 0.000000 1.000000 0.000000 0.000000
15.000000 168.523612 11.176277 1.121267 3.011166 0.000000 0.000000 0.000000 1.000000 0.000000 0.000000
15.000000 168.531036 10.092497 1.192027 3.016942 0.000000 0.000000 0.000000 1.000000 0.000000 0.000000
15.000000 168.533557 11.066415 1.125761 2.970039 0.000000 0.000000 0.000000 1.000000 0.000000 0.000000
15.000000 168.540874 10.010892 1.192916 2.976481 0.000000 0.000000 0.000000 1.000000 0.000000 0.000000
15.000000 168.543794 10.982780 1.137550 2.928556 0.000000 0.000000 0.000000 1.000000 0.000000 0.000000
15.000000 168.551001 9.890511 1.210419 2.937097 0.000000 0.000000 0.000000 1.000000 0.000000 0.000000
15.000000 168.553865 10.933181 1.158326 2.874624 0.000000 0.000000 0.000000 1.000000 0.000000 0.000000
15.000000 168.560962 9.815579 1.221635 2.894815 0.000000 0.000000 0.000000 1.000000 0.000000 0.000000
15.000000 168.563725 10.769779 1.162010 2.843620 0.000000 0.000000 0.000000 1.000000 0.000000 0.000000
15.000000 168.570884 9.717031 1.221562 2.853883 0.000000 0.000000 0.000000 1.000000 0.000000 0.000000
15.000000 168.573545 10.681694 1.171094 2.801179 0.000000 0.000000 0.000000 1.000000 0.000000 0.000000
15.000000 168.580946 9.625838 1.230817 2.812975 0.000000 0.000000 0.000000 1.000000 0.000000 0.000000
15.000000 168.583790 10.587457 1.180844 2.751363 0.000000 0.000000 0.000000 1.000000 0.000000 0.000000
15.000000 168.590903 9.539490 1.232316 2.768480 0.000000 0.000000 0.000000 1.000000 0.000000 0.000000
15.000000 168.593730 10.480380 1.184425 2.706102 0.000000 0.000000 0.000000 1.000000 0.000000 0.000000
15.000000 168.600941 9.453010 1.237689 2.720254 0.000000 0.000000 0.000000 1.000000 0.000000 0.000000
15.000000 168.603897 10.390271 1.192045 2.650917 0.000000 0.000000 0.000000 1.000000 0.000000 0.000000
15.000000 168.610928 9.344561 1.262335 2.670112 0.000000 0.000000 0.000000 1.000000 0.000000 0.000000
15.000000 168.613635 10.261414 1.197259 2.609517 0.000000 0.000000 0.000000 1.000000 0.000000 0.000000
15.000000 168.621016 9.254120 1.255480 2.630722 0.000000 0.000000 0.000000 1.000000 0.000000 0.000000
15.000000 168.623669 10.194139 1.215472 2.556043 0.000000 0.000000 0.000000 1.000000 0.000000 0.000000
15.000000 168.630939 9.187202 1.257686 2.584364 0.000000 0.000000 0.000000 1.000000 0.000000 0.000000
15.000000 168.633624 10.084110 1.219049 2.507522 0.000000 0.000000 0.000000 1.000000 0.000000 0.000000
15.000000 168.640991 9.071281 1.269877 2.530619 0.000000 0.000000 0.000000 1.000000 0.000000 0.000000
15.000000 168.643685 9.983808 1.226524 2.454983 0.000000 0.000000 0.000000 1.000000 0.000000 0.000000
15.000000 168.651046 8.970385 1.279991 2.479247 0.000000 0.000000 0.000000 1.000000 0.000000 0.000000
15.000000 168.653700 9.886126 1.234127 2.399553 0.000000 0.000000 0.000000 1.000000 0.000000 0.000000
15.000000 168.660916 8.926418 1.275206 2.433850 0.000000 0.000000 0.000000 1.000000 0.000000 0.000000
15.000000 168.663721 9.790350 1.244180 2.357430 0.000000 0.000000 0.000000 1.000000 0.000000 0.000000
15.000000 168.670908 8.806832 1.290092 2.381039 0.000000 0.000000 0.000000 1.000000 0.000000 0.000000
15.000000 168.673634 9.680037 1.252390 2.311865 0.000000 0.000000 0.000000 1.000000 0.000000 0.000000
15.000000 168.680990 8.708497 1.297177 2.328145 0.000000 0.000000 0.000000 1.000000 0.000000 0.000000
15.000000 168.683653 9.603197 1.269670 2.256022 0.000000 0.000000 0.000000 1.000000 0.000000 0.000000
15.000000 168.690888 8.638892 1.298250 2.276677 0.000000 0.000000 0.000000 1.000000 0.000000 0.000000
15.000000 168.693656 9.497084 1.275801 2.197823 0.000000 0.000000 0.000000 1.000000 0.000000 0.000000
15.000000 168.700974 8.550529 1.308313 2.222327 0.000000 0.000000 0.000000 1.000000 0.000000 0.000000
15.000000 168.703695 9.429402 1.289464 2.137917 0.000000 0.000000 0.000000 1.000000 0.000000 0.000000
15.000000 168.710912 8.427322 1.325017 2.161729 0.000000 0.000000 0.000000 1.000000 0.000000 0.000000
15.000000 168.713668 9.304430 1.292380 2.088548 0.000000 0.000000 0.000000 1.000000 0.000000 0.000000
15.000000 168.720922 8.350817 1.327849 2.106705 0.000000 0.000000 0.000000 1.000000 0.000000 0.000000
15.000000 168.723734 9.215766 1.305980 2.027878 0.000000 0.000000 0.000000 1.000000 0.000000 0.000000
15.000000 168.730923 8.252338 1.339901 2.042404 0.000000 0.000000 0.000000 1.000000 0.000000 0.000000
15.000000 168.733669 9.127986 1.316324 1.968387 0.000000 0.000000 0.000000 1.000000 0.000000 0.000000
15.000000 168.740917 8.176540 1.342168 1.986997 0.000000 0.000000 0.000000 1.000000 0.000000 0.000000
15.000000 168.743787 9.024337 1.322025 1.912341 0.000000 0.000000 0.000000 1.000000 0.000000 0.000000
15.000000 168.750918 8.068856 1.353050 1.928719 0.000000 0.000000 0.000000 1.000000 0.000000 0.000000
15.000000 168.753848 8.919051 1.330356 1.845091 0.000000 0.000000 0.000000 1.000000 0.000000 0.000000
15.000000 168.760922 8.069687 1.344398 1.874846 0.000000 0.000000 0.000000 1.000000 0.000000 0.000000
15.000000 168.763915 8.821258 1.335552 1.790912 0.000000 0.000000 0.000000 1.000000 0.000000 0.000000
15.000000 168.770971 7.900070 1.367664 1.799652 0.000000 0.000000 0.000000 1.000000 0.000000 0.000000
15.000000 168.773961 8.735825 1.348846 1.721250 0.000000 0.000000 0.000000 1.000000 0.000000 0.000000
15.000000 168.781037 7.809345 1.374474 1.732534 0.000000 0.000000 0.000000 1.000000 0.000000 0.000000
15.000000 168.783941 8.645117 1.363284 1.662333 0.000000 0.000000 0.000000 1.000000 0.000000 0.000000
15.000000 168.790992 7.752935 1.366854 1.681084 0.000000 0.000000 0.000000 1.000000 0.000000 0.000000
15.000000 168.793862 8.550493 1.372301 1.605066 0.000000 0.000000 0.000000 1.000000 0.000000 0.000000
15.000000 168.800946 7.626446 1.386700 1.604911 0.000000 0.000000 0.000000 1.000000 0.000000 0.000000
15.000000 168.803799 8.458767 1.378648 1.533235 0.000000 0.000000 0.000000 1.000000 0.000000 0.000000
15.000000 168.811053 7.578110 1.388921 1.542377 0.000000 0.000000 0.000000 1.000000 0.000000 0.000000
15.000000 168.813881 8.358742 1.385489 1.474214 0.000000 0.000000 0.000000 1.000000 0.000000 0.000000
15.000000 168.820979 7.475636 1.396201 1.480153 0.000000 0.000000 0.000000 1.000000 0.000000 0.000000
15.000000 168.823790 8.263754 1.396118 1.410863 0.000000 0.000000 0.000000 1.000000 0.000000 0.000000
15.000000 168.831018 7.378171 1.401740 1.407262 0.000000 0.000000 0.000000 1.000000 0.000000 0.000000
15.000000 168.833881 8.161062 1.411858 1.354083 0.000000 0.000000 0.000000 1.000000 0.000000 0.000000
15.000000 168.841039 7.322045 1.403876 1.344375 0.000000 0.000000 0.000000 1.000000 0.000000 0.000000
15.000000 168.843827 8.058792 1.414121 1.286573 0.000000 0.000000 0.000000 1.000000 0.000000 0.000000
15.000000 168.851041 7.214316 1.418361 1.282934 0.000000 0.000000 0.000000 1.000000 0.000000 0.000000
15.000000 168.853754 7.983951 1.420472 1.204417 0.000000 0.000000 0.000000 1.000000 0.000000 0.000000
15.000000 168.861044 7.201399 1.404786 1.224516 0.000000 0.000000 0.000000 1.000000 0.000000 0.000000
15.000000 168.864016 7.902168 1.435270 1.138116 0.000000 0.000000 0.000000 1.000000 0.000000 0.000000
15.000000 168.870968 7.072686 1.421410 1.152447 0.000000 0.000000 0.000000 1.000000 0.000000 0.000000
15.000000 168.873746 7.799019 1.439956 1.073877 0.000000 0.000000 0.000000 1.000000 0.000000 0.000000
15.000000 168.881010 6.990987 1.419353 1.084105 0.000000 0.000000 0.000000 1.000000 0.000000 0.000000
15.000000 168.883820 7.691631 1.444647 1.003876 0.000000 0.000000 0.000000 1.000000 0.000000 0.000000
15.000000 168.891051 6.871396 1.434816 1.001210 0.000000 0.000000 0.000000 1.000000 0.000000 0.000000
15.000000 168.893673 7.606938 1.454527 0.938345 0.000000 0.000000 0.000000 1.000000 0.000000 0.000000
15.000000 168.901016 6.804048 1.435047 0.939559 0.000000 0.000000 0.000000 1.000000 0.000000 0.000000
15.000000 168.903934 7.510100 1.460634 0.860331 0.000000 0.000000 0.000000 1.000000 0.000000 0.000000
15.000000 168.911044 6.726588 1.444843 0.863587 0.000000 0.000000 0.000000 1.000000 0.000000 0.000000
15.000000 168.913947 7.415571 1.464980 0.792559 0.000000 0.000000 0.000000 1.000000 0.000000 0.000000
15.000000 168.921053 6.656179 1.445878 0.793999 0.000000 0.000000 0.000000 1.000000 0.000000 0.000000
15.000000 168.923892 7.334095 1.480381 0.715969 0.000000 0.000000 0.000000 1.000000 0.000000 0.000000
15.000000 168.931033 6.559175 1.456907 0.715601 0.000000 0.000000 0.000000 1.000000 0.000000 0.000000
15.000000 168.933934 7.231881 1.488316 0.642062 0.000000 0.000000 0.000000 1.000000 0.000000 0.000000
15.000000 168.940994 6.507257 1.450690 0.647969 0.000000 0.000000 0.000000 1.000000 0.000000 0.000000
15.000000 168.943944 7.147597 1.495276 0.567874 0.000000 0.000000 0.000000 1.000000 0.000000 0.000000
15.000000 168.951058 6.396166 1.466711 0.567377 0.000000 0.000000 0.000000 1.000000 0.000000 0.000000
15.000000 168.953968 7.086070 1.507829 0.480334 0.000000 0.000000 0.000000 1.000000 0.000000 0.000000
15.000000 168.960999 6.396632 1.449795 0.505984 0.000000 0.000000 0.000000 1.000000 0.000000 0.000000
15.000000 168.964078 6.972296 1.514700 0.415190 0.000000 0.000000 0.000000 1.000000 0.000000 0.000000
15.000000 168.971064 6.236626 1.480225 0.407461 0.000000 0.000000 0.000000 1.000000 0.000000 0.000000
15.000000 168.973948 6.872534 1.519129 0.339905 0.000000 0.000000 0.000000 1.000000 0.000000 0.000000
15.000000 168.981078 6.196987 1.466756 0.337888 0.000000 0.000000 0.000000 1.000000 0.000000 0.000000
15.000000 168.984049 6.791935 1.528336 0.259386 0.000000 0.000000 0.000000 1.000000 0.000000 0.000000
15.000000 168.991079 6.111245 1.478647 0.262703 0.000000 0.000000 0.000000 1.000000 0.000000 0.000000
15.000000 168.993831 6.698623 1.536482 0.181449 0.000000 0.000000 0.000000 1.000000 0.000000 0.000000
15.000000 169.001127 6.016758 1.487582 0.179969 0.000000 0.000000 0.000000 1.000000 0.000000 0.000000
15.000000 169.003849 6.602095 1.542671 0.104993 0.000000 0.000000 0.000000 1.000000 0.000000 0.000000
15.000000 169.011094 5.948009 1.488002 0.103409 0.000000 0.000000 0.000000 1.000000 0.000000 0.000000
15.000000 169.013879 6.517212 1.547659 0.037522 0.000000 0.000000 0.000000 1.000000 0.000000 0.000000
15.000000 169.021135 5.898950 1.497536 0.143440 0.000000 0.000000 0.000000 1.000000 0.000000 0.000000
15.000000 169.023820 6.471067 1.554748 0.094925 0.000000 0.000000 0.000000 1.000000 0.000000 0.000000
15.000000 169.031196 5.840850 1.507544 0.202085 0.000000 0.000000 0.000000 1.000000 0.000000 0.000000
15.000000 169.033684 6.417511 1.557492 0.153517 0.000000 0.000000 0.000000 1.000000 0.000000 0.000000
15.000000 169.041110 5.788335 1.514408 0.247598 0.000000 0.000000 0.000000 1.000000 0.000000 0.000000
15.000000 169.043799 6.375436 1.562720 0.208263 0.000000 0.000000 0.000000 1.000000 0.000000 0.000000
15.000000 169.051076 5.721129 1.523023 0.301889 0.000000 0.000000 0.000000 1.000000 0.000000 0.000000
15.000000 169.053733 6.328741 1.572069 0.255163 0.000000 0.000000 0.000000 1.000000 0.000000 0.000000
15.000000 169.061189 5.698795 1.517417 0.361246 0.000000 0.000000 0.000000 1.000000 0.000000 0.000000
15.000000 169.063765 6.271716 1.576989 0.317218 0.000000 0.000000 0.000000 1.000000 0.000000 0.000000
15.000000 169.071140 5.639672 1.530601 0.420384 0.000000 0.000000 0.000000 1.000000 0.000000 0.000000
15.000000 169.073751 6.231542 1.583361 0.368684 0.000000 0.000000 0.000000 1.000000 0.000000 0.000000
15.000000 169.081113 5.591458 1.537962 0.472436 0.000000 0.000000 0.000000 1.000000 0.000000 0.000000
15.000000 169.083807 6.188642 1.594721 0.416657 0.000000 0.000000 0.000000 1.000000 0.000000 0.000000
15.000000 169.091180 5.543371 1.543191 0.527506 0.000000 0.000000 0.000000 1.000000 0.000000 0.000000
15.000000 169.093747 6.127609 1.592714 0.471932 0.000000 0.000000 0.000000 1.000000 0.000000 0.000000
15.000000 169.101131 5.488266 1.550768 0.575350 0.000000 0.000000 0.000000 1.000000 0.000000 0.000000
15.000000 169.103863 6.080372 1.599692 0.515847 0.000000 0.000000 0.000000 1.000000 0.000000 0.000000
15.000000 169.111175 5.438044 1.556439 0.623088 0.000000 0.000000 0.000000 1.000000 0.000000 0.000000
15.000000 169.113704 6.042364 1.607928 0.565422 0.000000 0.000000 0.000000 1.000000 0.000000 0.000000
15.000000 169.121386 5.407293 1.562183 0.676625 0.000000 0.000000 0.000000 1.000000 0.000000 0.000000
15.000000 169.123805 5.989430 1.613868 0.612055 0.000000 0.000000 0.000000 1.000000 0.000000 0.000000
15.000000 169.131168 5.359471 1.570133 0.719798 0.000000 0.000000 0.000000 1.000000 0.000000 0.000000
15.000000 169.133753 5.934010 1.616864 0.659771 0.000000 0.000000 0.000000 1.000000 0.000000 0.000000
15.000000 169.141176 5.310170 1.577693 0.769813 0.000000 0.000000 0.000000 1.000000 0.000000 0.000000
15.000000 169.143848 5.877706 1.618190 0.707669 0.000000 0.000000 0.000000 1.000000 0.000000 0.000000
15.000000 169.151146 5.237431 1.589047 0.809983 0.000000 0.000000 0.000000 1.000000 0.000000 0.000000
15.000000 169.153733 5.841696 1.628739 0.741661 0.000000 0.000000 0.000000 1.000000 0.000000 0.000000
15.000000 169.161081 5.194723 1.596155 0.857591 0.000000 0.000000 0.000000 1.000000 0.000000 0.000000
15.000000 169.163864 5.783889 1.632484 0.791294 0.000000 0.000000 0.000000 1.000000 0.000000 0.000000
15.000000 169.171184 5.161591 1.602053 0.895974 0.000000 0.000000 0.000000 1.000000 0.000000 0.000000
15.000000 169.173775 5.733155 1.634972 0.832927 0.000000 0.000000 0.000000 1.000000 0.000000 0.000000
15.000000 169.181205 5.076216 1.615177 0.928707 0.000000 0.000000 0.000000 1.000000 0.000000 0.000000
15.000000 169.184012 5.695075 1.642213 0.871950 0.000000 0.000000 0.000000 1.000000 0.000000 0.000000
15.000000 169.191219 5.031906 1.624265 0.967558 0.000000 0.000000 0.000000 1.000000 0.000000 0.000000
15.000000 169.193854 5.640533 1.650172 0.911935 0.000000 0.000000 0.000000 1.000000 0.000000 0.000000
15.000000 169.201193 4.920507 1.652128 0.992964 0.000000 0.000000 0.000000 1.000000 0.000000 0.000000
15.000000 169.202186 5.391789 1.454856 1.021330 0.000000 0.000000 0.000000 1.000000 0.000000 0.000000
15.000000 169.211165 4.938369 1.631256 1.036457 0.000000 0.000000 0.000000 1.000000 0.000000 0.000000
15.000000 169.213834 5.551096 1.660578 0.982189 0.000000 0.000000 0.000000 1.000000 0.000000 0.000000
15.000000 169.221109 4.875295 1.643114 1.073751 0.000000 0.000000 0.000000 1.000000 0.000000 0.000000
15.000000 169.223919 5.505629 1.667963 1.013967 0.000000 0.000000 0.000000 1.000000 0.000000 0.000000
15.000000 169.231246 4.833347 1.645301 1.111486 0.000000 0.000000 0.000000 1.000000 0.000000 0.000000
15.000000 169.233845 5.471290 1.676528 1.047938 0.000000 0.000000 0.000000 1.000000 0.000000 0.000000
15.000000 169.241202 4.821082 1.642693 1.147383 0.000000 0.000000 0.000000 1.000000 0.000000 0.000000
15.000000 169.243999 5.404686 1.677615 1.087928 0.000000 0.000000 0.000000 1.000000 0.000000 0.000000
15.000000 169.251249 4.755698 1.654529 1.186371 0.000000 0.000000 0.000000 1.000000 0.000000 0.000000
15.000000 169.253970 5.361418 1.683678 1.114619 0.000000 0.000000 0.000000 1.000000 0.000000 0.000000
15.000000 169.261119 4.714817 1.659521 1.209568 0.000000 0.000000 0.000000 1.000000 0.000000 0.000000
15.000000 169.264100 5.307690 1.687930 1.151240 0.000000 0.000000 0.000000 1.000000 0.000000 0.000000
15.000000 169.271134 4.629532 1.672399 1.240618 0.000000 0.000000 0.000000 1.000000 0.000000 0.000000
15.000000 169.273893 5.272204 1.695269 1.180779 0.000000 0.000000 0.000000 1.000000 0.000000 0.000000
15.000000 169.281192 4.626829 1.665706 1.275170 0.000000 0.000000 0.000000 1.000000 0.000000 0.000000
15.000000 169.284096 5.243236 1.706069 1.203651 0.000000 0.000000 0.000000 1.000000 0.000000 0.000000
15.000000 169.291153 4.556494 1.681128 1.306509 0.000000 0.000000 0.000000 1.000000 0.000000 0.000000
15.000000 169.293882 5.198284 1.711193 1.228069 0.000000 0.000000 0.000000 1.000000 0.000000 0.000000
15.000000 169.301213 4.540269 1.677901 1.338334 0.000000 0.000000 0.000000 1.000000 0.000000 0.000000
15.000000 169.303835 5.165359 1.717418 1.241168 0.000000 0.000000 0.000000 1.000000 0.000000 0.000000
15.000000 169.311229 4.435550 1.701288 1.364732 0.000000 0.000000 0.000000 1.000000 0.000000 0.000000
15.000000 169.321198 4.432741 1.691609 1.392550 0.000000 0.000000 0.000000 1.000000 0.000000 0.000000
15.000000 169.331423 4.376566 1.701605 1.414300 0.000000 0.000000 0.000000 1.000000 0.000000 0.000000
15.000000 169.341232 4.352022 1.699896 1.444204 0.000000 0.000000 0.000000 1.000000 0.000000 0.000000
15.000000 169.351152 4.310744 1.705919 1.465328 0.000000 0.000000 0.000000 1.000000 0.000000 0.000000
15.000000 169.361167 4.283690 1.702820 1.494406 0.000000 0.000000 0.000000 1.000000 0.000000 0.000000
15.000000 169.371193 4.239894 1.714333 1.508956 0.000000 0.000000 0.000000 1.000000 0.000000 0.000000
15.000000 169.381180 4.204594 1.717773 1.532746 0.000000 0.000000 0.000000 1.000000 0.000000 0.000000
15.000000 169.391205 4.113682 1.732298 1.544707 0.000000 0.000000 0.000000 1.000000 0.000000 0.000000
15.000000 169.401167 4.081214 1.735805 1.569132 0.000000 0.000000 0.000000 1.000000 0.000000 0.000000
15.000000 169.411210 4.026629 1.741770 1.586596 0.000000 0.000000 0.000000 1.000000 0.000000 0.000000
15.000000 169.421222 4.018857 1.737850 1.605523 0.000000 0.000000 0.000000 1.000000 0.000000 0.000000
15.000000 169.431133 3.942216 1.754579 1.613246 0.000000 0.000000 0.000000 1.000000 0.000000 0.000000
15.000000 169.441225 3.901204 1.758479 1.624632 0.000000 0.000000 0.000000 1.000000 0.000000 0.000000
15.000000 169.451388 3.883576 1.753863 1.646722 0.000000 0.000000 0.000000 1.000000 0.000000 0.000000
15.000000 169.453902 3.987872 1.712993 1.605948 0.000000 0.000000 0.000000 1.000000 0.000000 0.000000
15.000000 169.461434 3.808048 1.774859 1.652645 0.000000 0.000000 0.000000 1.000000 0.000000 0.000000
15.000000 169.464074 3.951151 1.718885 1.612654 0.000000 0.000000 0.000000 1.000000 0.000000 0.000000
15.000000 169.471484 3.762589 1.776759 1.664770 0.000000 0.000000 0.000000 1.000000 0.000000 0.000000
15.000000 169.474039 3.896708 1.722106 1.627266 0.000000 0.000000 0.000000 1.000000 0.000000 0.000000
15.000000 169.481411 3.763389 1.765813 1.680344 0.000000 0.000000 0.000000 1.000000 0.000000 0.000000
15.000000 169.483972 3.853233 1.729009 1.631178 0.000000 0.000000 0.000000 1.000000 0.000000 0.000000
15.000000 169.491504 3.720692 1.770640 1.685804 0.000000 0.000000 0.000000 1.000000 0.000000 0.000000
15.000000 169.493917 3.808076 1.735182 1.638219 0.000000 0.000000 0.000000 1.000000 0.000000 0.000000
15.000000 169.501483 3.672459 1.776498 1.693974 0.000000 0.000000 0.000000 1.000000 0.000000 0.000000
15.000000 169.504010 3.763050 1.739266 1.645557 0.000000 0.000000 0.000000 1.000000 0.000000 0.000000
15.000000 169.511477 3.596985 1.808098 1.687798 0.000000 0.000000 0.000000 1.000000 0.000000 0.000000
15.000000 169.514120 3.738474 1.749295 1.642865 0.000000 0.000000 0.000000 1.000000 0.000000 0.000000
15.000000 169.521443 3.567854 1.793046 1.695354 0.000000 0.000000 0.000000 1.000000 0.000000 0.000000
15.000000 169.523990 3.677151 1.748528 1.650324 0.000000 0.000000 0.000000 1.000000 0.000000 0.000000
15.000000 169.531590 3.559040 1.793445 1.708248 0.000000 0.000000 0.000000 1.000000 0.000000 0.000000
15.000000 169.533948 3.638644 1.758796 1.652126 0.000000 0.000000 0.000000 1.000000 0.000000 0.000000
15.000000 169.541386 3.513288 1.793631 1.708394 0.000000 0.000000 0.000000 1.000000 0.000000 0.000000
15.000000 169.543980 3.590354 1.760770 1.654043 0.000000 0.000000 0.000000 1.000000 0.000000 0.000000
15.000000 169.551502 3.502341 1.794915 1.709868 0.000000 0.000000 0.000000 1.000000 0.000000 0.000000
15.000000 169.554072 3.557043 1.770986 1.653249 0.000000 0.000000 0.000000 1.000000 0.000000 0.000000
15.000000 169.561229 3.377695 1.827131 1.702107 0.000000 0.000000 0.000000 1.000000 0.000000 0.000000
15.000000 169.564001 3.513325 1.770305 1.652428 0.000000 0.000000 0.000000 1.000000 0.000000 0.000000
15.000000 169.571457 3.406354 1.805780 1.711847 0.000000 0.000000 0.000000 1.000000 0.000000 0.000000
15.000000 169.574189 3.467173 1.777824 1.652159 0.000000 0.000000 0.000000 1.000000 0.000000 0.000000
15.000000 169.581227 3.338744 1.817520 1.705860 0.000000 0.000000 0.000000 1.000000 0.000000 0.000000
15.000000 169.584063 3.418998 1.781574 1.647642 0.000000 0.000000 0.000000 1.000000 0.000000 0.000000
15.000000 169.591436 3.306347 1.820469 1.706680 0.000000 0.000000 0.000000 1.000000 0.000000 0.000000
15.000000 169.594064 3.378913 1.786533 1.646954 0.000000 0.000000 0.000000 1.000000 0.000000 0.000000
15.000000 169.601278 3.246626 1.829399 1.698853 0.000000 0.000000 0.000000 1.000000 0.000000 0.000000
15.000000 169.604075 3.335991 1.790414 1.642705 0.000000 0.000000 0.000000 1.000000 0.000000 0.000000
15.000000 169.611420 3.184213 1.841108 1.688184 0.000000 0.000000 0.000000 1.000000 0.000000 0.000000
15.000000 169.614191 3.292765 1.794473 1.634979 0.000000 0.000000 0.000000 1.000000 0.000000 0.000000
15.000000 169.621262 3.162516 1.841983 1.687159 0.000000 0.000000 0.000000 1.000000 0.000000 0.000000
15.000000 169.624262 3.249436 1.803371 1.629912 0.000000 0.000000 0.000000 1.000000 0.000000 0.000000
15.000000 169.631389 3.118695 1.844383 1.682224 0.000000 0.000000 0.000000 1.000000 0.000000 0.000000
15.000000 169.633995 3.203250 1.806925 1.625227 0.000000 0.000000 0.000000 1.000000 0.000000 0.000000
15.000000 169.641315 3.063534 1.852755 1.672648 0.000000 0.000000 0.000000 1.000000 0.000000 0.000000
15.000000 169.644372 3.159238 1.810871 1.618237 0.000000 0.000000 0.000000 1.000000 0.000000 0.000000
15.000000 169.651349 3.058697 1.850209 1.661194 0.000000 0.000000 0.000000 1.000000 0.000000 0.000000
15.000000 169.654106 3.130970 1.817511 1.602510 0.000000 0.000000 0.000000 1.000000 0.000000 0.000000
15.000000 169.661379 3.002707 1.856140 1.653243 0.000000 0.000000 0.000000 1.000000 0.000000 0.000000
15.000000 169.664021 3.078034 1.821228 1.595915 0.000000 0.000000 0.000000 1.000000 0.000000 0.000000
15.000000 169.671583 2.957402 1.862733 1.638780 0.000000 0.000000 0.000000 1.000000 0.000000 0.000000
15.000000 169.674029 3.042236 1.826129 1.579109 0.000000 0.000000 0.000000 1.000000 0.000000 0.000000
15.000000 169.681303 2.922439 1.865931 1.631222 0.000000 0.000000 0.000000 1.000000 0.000000 0.000000
15.000000 169.684104 2.996876 1.832325 1.570510 0.000000 0.000000 0.000000 1.000000 0.000000 0.000000
15.000000 169.691493 2.863376 1.872439 1.614066 0.000000 0.000000 0.000000 1.000000 0.000000 0.000000
15.000000 169.694011 2.946483 1.836624 1.559506 0.000000 0.000000 0.000000 1.000000 0.000000 0.000000
15.000000 169.701356 2.831563 1.877536 1.602521 0.000000 0.000000 0.000000 1.000000 0.000000 0.000000
15.000000 169.704063 2.911094 1.842383 1.544702 0.000000 0.000000 0.000000 1.000000 0.000000 0.000000
15.000000 169.711548 2.819589 1.875539 1.583458 0.000000 0.000000 0.000000 1.000000 0.000000 0.000000
15.000000 169.714014 2.878167 1.848736 1.521388 0.000000 0.000000 0.000000 1.000000 0.000000 0.000000
15.000000 169.721523 2.747530 1.888279 1.566822 0.000000 0.000000 0.000000 1.000000 0.000000 0.000000
15.000000 169.724294 2.834788 1.849708 1.508008 0.000000 0.000000 0.000000 1.000000 0.000000 0.000000
15.000000 169.731415 2.694054 1.897511 1.547791 0.000000 0.000000 0.000000 1.000000 0.000000 0.000000
15.000000 169.734281 2.800085 1.851478 1.496631 0.000000 0.000000 0.000000 1.000000 0.000000 0.000000
15.000000 169.741484 2.669012 1.893287 1.531481 0.000000 0.000000 0.000000 1.000000 0.000000 0.000000
15.000000 169.744334 2.753426 1.857137 1.476637 0.000000 0.000000 0.000000 1.000000 0.000000 0.000000
15.000000 169.751685 2.638507 1.897776 1.510029 0.000000 0.000000 0.000000 1.000000 0.000000 0.000000
15.000000 169.754159 2.724580 1.860851 1.453655 0.000000 0.000000 0.000000 1.000000 0.000000 0.000000
15.000000 169.761390 2.621580 1.894115 1.494375 0.000000 0.000000 0.000000 1.000000 0.000000 0.000000
15.000000 169.764059 2.678980 1.865992 1.430682 0.000000 0.000000 0.000000 1.000000 0.000000 0.000000
15.000000 169.771673 2.511303 1.915755 1.464912 0.000000 0.000000 0.000000 1.000000 0.000000 0.000000
15.000000 169.774200 2.622301 1.867770 1.413360 0.000000 0.000000 0.000000 1.000000 0.000000 0.000000
15.000000 169.781589 2.486592 1.917955 1.440882 0.000000 0.000000 0.000000 1.000000 0.000000 0.000000
15.000000 169.784335 2.607201 1.864930 1.386296 0.000000 0.000000 0.000000 1.000000 0.000000 0.000000
15.000000 169.791469 2.490317 1.910799 1.421737 0.000000 0.000000 0.000000 1.000000 0.000000 0.000000
15.000000 169.794071 2.577856 1.870546 1.361119 0.000000 0.000000 0.000000 1.000000 0.000000 0.000000
15.000000 169.801317 2.367852 1.939116 1.386435 0.000000 0.000000 0.000000 1.000000 0.000000 0.000000
15.000000 169.804029 2.529387 1.870055 1.337532 0.000000 0.000000 0.000000 1.000000 0.000000 0.000000
15.000000 169.811554 2.283765 1.960834 1.352153 0.000000 0.000000 0.000000 1.000000 0.000000 0.000000
15.000000 169.821548 2.330020 1.935570 1.333012 0.000000 0.000000 0.000000 1.000000 0.000000 0.000000
15.000000 169.831666 2.290516 1.941851 1.307053 0.000000 0.000000 0.000000 1.000000 0.000000 0.000000
15.000000 169.841421 2.216358 1.960225 1.272644 0.000000 0.000000 0.000000 1.000000 0.000000 0.000000
15.000000 169.851576 2.215025 1.952451 1.243151 0.000000 0.000000 0.000000 1.000000 0.000000 0.000000
15.000000 169.861418 2.142587 1.965354 1.205656 0.000000 0.000000 0.000000 1.000000 0.000000 0.000000
15.000000 169.871430 2.125398 1.965705 1.181142 0.000000 0.000000 0.000000 1.000000 0.000000 0.000000
15.000000 169.881449 2.070839 1.970182 1.146748 0.000000 0.000000 0.000000 1.000000 0.000000 0.000000
15.000000 169.891509 2.004717 1.982631 1.104930 0.000000 0.000000 0.000000 1.000000 0.000000 0.000000
15.000000 169.901375 1.971714 1.984324 1.070075 0.000000 0.000000 0.000000 1.000000 0.000000 0.000000
15.000000 169.911509 1.998399 1.964470 1.048119 0.000000 0.000000 0.000000 1.000000 0.000000 0.000000
15.000000 169.921378 1.920663 1.984862 0.996004 0.000000 0.000000 0.000000 1.000000 0.000000 0.000000
15.000000 169.931723 1.862808 1.992446 0.959524 0.000000 0.000000 0.000000 1.000000 0.000000 0.000000
15.000000 169.941482 1.755659 2.009773 0.912856 0.000000 0.000000 0.000000 1.000000 0.000000 0.000000
15.000000 169.951574 1.779622 2.002916 0.881125 0.000000 0.000000 0.000000 1.000000 0.000000 0.000000
15.000000 169.961679 1.623684 2.046873 0.824524 0.000000 0.000000 0.000000 1.000000 0.000000 0.000000
15.000000 169.971734 1.687649 2.018303 0.792122 0.000000 0.000000 0.000000 1.000000 0.000000 0.000000
15.000000 169.981117 1.635610 2.034970 0.765801 0.000000 0.000000 0.000000 1.000000 0.000000 0.000000
15.000000 169.981670 1.629625 2.033644 0.742970 0.000000 0.000000 0.000000 1.000000 0.000000 0.000000
15.000000 169.990871 1.641722 2.025232 0.722793 0.000000 0.000000 0.000000 1.000000 0.000000 0.000000
15.000000 169.991623 1.598791 2.030151 0.695184 0.000000 0.000000 0.000000 1.000000 0.000000 0.000000
15.000000 170.000990 1.568562 2.038297 0.671018 0.000000 0.000000 0.000000 1.000000 0.000000 0.000000
15.000000 170.001493 1.526931 2.043895 0.650129 0.000000 0.000000 0.000000 1.000000 0.000000 0.000000
15.000000 170.010815 1.555209 2.030151 0.634040 0.000000 0.000000 0.000000 1.000000 0.000000 0.000000
15.000000 170.011786 1.529680 2.032410 0.607625 0.000000 0.000000 0.000000 1.000000 0.000000 0.000000
15.000000 170.020921 1.486926 2.046174 0.585843 0.000000 0.000000 0.000000 1.000000 0.000000 0.000000
15.000000 170.021660 1.515623 2.039068 0.567060 0.000000 0.000000 0.000000 1.000000 0.000000 0.000000
15.000000 170.030853 1.555553 2.019475 0.547093 0.000000 0.000000 0.000000 1.000000 0.000000 0.000000
15.000000 170.031744 1.543554 2.019499 0.524579 0.000000 0.000000 0.000000 1.000000 0.000000 0.000000
15.000000 170.050924 1.379005 2.066369 0.446710 0.000000 0.000000 0.000000 1.000000 0.000000 0.000000
15.000000 170.051796 1.391911 2.062252 0.425438 0.000000 0.000000 0.000000 1.000000 0.000000 0.000000
15.000000 170.060960 1.430338 2.045000 0.415972 0.000000 0.000000 0.000000 1.000000 0.000000 0.000000
15.000000 170.061520 1.417498 2.045121 0.394546 0.000000 0.000000 0.000000 1.000000 0.000000 0.000000
15.000000 170.071102 1.406443 2.044633 0.365379 0.000000 0.000000 0.000000 1.000000 0.000000 0.000000
15.000000 170.071608 1.413443 2.041593 0.344234 0.000000 0.000000 0.000000 1.000000 0.000000 0.000000
15.000000 170.081103 1.410707 2.039186 0.321820 0.000000 0.000000 0.000000 1.000000 0.000000 0.000000
15.000000 170.081714 1.318120 2.052855 0.283800 0.000000 0.000000 0.000000 1.000000 0.000000 0.000000
15.000000 170.090851 1.273283 2.066425 0.253465 0.000000 0.000000 0.000000 1.000000 0.000000 0.000000
15.000000 170.091784 1.252608 2.068670 0.229159 0.000000 0.000000 0.000000 1.000000 0.000000 0.000000
15.000000 170.100963 1.269784 2.058913 0.204558 0.000000 0.000000 0.000000 1.000000 0.000000 0.000000
15.000000 170.101664 1.221835 2.065674 0.170304 0.000000 0.000000 0.000000 1.000000 0.000000 0.000000
15.000000 170.110885 1.252945 2.057347 0.192326 0.000000 0.000000 0.000000 1.000000 0.000000 0.000000
15.000000 170.111741 1.183780 2.070712 0.198897 0.000000 0.000000 0.000000 1.000000 0.000000 0.000000
15.000000 170.121086 1.210846 2.066156 0.229830 0.000000 0.000000 0.000000 1.000000 0.000000 0.000000
15.000000 170.121630 1.190519 2.072155 0.251879 0.000000 0.000000 0.000000 1.000000 0.000000 0.000000
15.000000 170.130862 1.218227 2.066196 0.277088 0.000000 0.000000 0.000000 1.000000 0.000000 0.000000
15.000000 170.131718 1.134366 2.082892 0.289773 0.000000 0.000000 0.000000 1.000000 0.000000 0.000000
15.000000 170.140968 1.160516 2.077130 0.315014 0.000000 0.000000 0.000000 1.000000 0.000000 0.000000
15.000000 170.141528 1.057787 2.096306 0.318827 0.000000 0.000000 0.000000 1.000000 0.000000 0.000000
15.000000 170.150930 1.095825 2.086865 0.349108 0.000000 0.000000 0.000000 1.000000 0.000000 0.000000
15.000000 170.151666 1.010712 2.103258 0.358318 0.000000 0.000000 0.000000 1.000000 0.000000 0.000000
15.000000 170.160967 1.078620 2.080046 0.379474 0.000000 0.000000 0.000000 1.000000 0.000000 0.000000
15.000000 170.161497 1.010011 2.093105 0.392448 0.000000 0.000000 0.000000 1.000000 0.000000 0.000000
15.000000 170.170924 1.010453 2.096189 0.414069 0.000000 0.000000 0.000000 1.000000 0.000000 0.000000
15.000000 170.171815 0.920340 2.112442 0.417834 0.000000 0.000000 0.000000 1.000000 0.000000 0.000000
15.000000 170.180992 0.987172 2.089660 0.441118 0.000000 0.000000 0.000000 1.000000 0.000000 0.000000
15.000000 170.181513 0.873569 2.109746 0.442744 0.000000 0.000000 0.000000 1.000000 0.000000 0.000000
15.000000 170.190906 0.839829 2.124789 0.458772 0.000000 0.000000 0.000000 1.000000 0.000000 0.000000
15.000000 170.191671 0.771979 2.136664 0.465772 0.000000 0.000000 0.000000 1.000000 0.000000 0.000000
15.000000 170.201045 0.845923 2.112423 0.499055 0.000000 0.000000 0.000000 1.000000 0.000000 0.000000
15.000000 170.211783 0.711576 2.137686 0.543603 0.000000 0.000000 0.000000 1.000000 0.000000 0.000000
15.000000 170.221043 0.724604 2.134594 0.562433 0.000000 0.000000 0.000000 1.000000 0.000000 0.000000
15.000000 170.221621 0.659741 2.145590 0.568754 0.000000 0.000000 0.000000 1.000000 0.000000 0.000000
15.000000 170.231028 0.689272 2.136266 0.588886 0.000000 0.000000 0.000000 1.000000 0.000000 0.000000
15.000000 170.231614 0.595737 2.152011 0.593461 0.000000 0.000000 0.000000 1.000000 0.000000 0.000000
15.000000 170.241135 0.614827 2.146505 0.614945 0.000000 0.000000 0.000000 1.000000 0.000000 0.000000
15.000000 170.241760 0.591030 2.149932 0.630721 0.000000 0.000000 0.000000 1.000000 0.000000 0.000000
15.000000 170.250917 0.607927 2.144697 0.646084 0.000000 0.000000 0.000000 1.000000 0.000000 0.000000
15.000000 170.251822 0.551562 2.153511 0.659107 0.000000 0.000000 0.000000 1.000000 0.000000 0.000000
15.000000 170.261124 0.579111 2.144830 0.685549 0.000000 0.000000 0.000000 1.000000 0.000000 0.000000
15.000000 170.261640 0.466469 2.164006 0.678827 0.000000 0.000000 0.000000 1.000000 0.000000 0.000000
15.000000 170.270882 0.447636 2.171542 0.690384 0.000000 0.000000 0.000000 1.000000 0.000000 0.000000
15.000000 170.271852 0.431520 2.173340 0.701242 0.000000 0.000000 0.000000 1.000000 0.000000 0.000000
15.000000 170.281068 0.467601 2.160709 0.715888 0.000000 0.000000 0.000000 1.000000 0.000000 0.000000
15.000000 170.281605 0.402310 2.171081 0.720332 0.000000 0.000000 0.000000 1.000000 0.000000 0.000000
15.000000 170.290931 0.388463 2.176556 0.732299 0.000000 0.000000 0.000000 1.000000 0.000000 0.000000
15.000000 170.291720 0.371081 2.178045 0.746708 0.000000 0.000000 0.000000 1.000000 0.000000 0.000000
15.000000 170.300999 0.380404 2.175146 0.765632 0.000000 0.000000 0.000000 1.000000 0.000000 0.000000
15.000000 170.301545 0.319801 2.184026 0.774829 0.000000 0.000000 0.000000 1.000000 0.000000 0.000000
15.000000 170.311039 0.318795 2.184568 0.788817 0.000000 0.000000 0.000000 1.000000 0.000000 0.000000
15.000000 170.311743 0.275378 2.190845 0.794697 0.000000 0.000000 0.000000 1.000000 0.000000 0.000000
15.000000 170.321224 0.253183 2.198888 0.803614 0.000000 0.000000 0.000000 1.000000 0.000000 0.000000
15.000000 170.321835 0.178456 2.210492 0.804724 0.000000 0.000000 0.000000 1.000000 0.000000 0.000000
15.000000 170.330981 0.216361 2.196604 0.818580 0.000000 0.000000 0.000000 1.000000 0.000000 0.000000
15.000000 170.331811 0.184203 2.199989 0.830848 0.000000 0.000000 0.000000 1.000000 0.000000 0.000000
15.000000 170.341102 0.197436 2.194925 0.844956 0.000000 0.000000 0.000000 1.000000 0.000000 0.000000
15.000000 170.341674 0.135574 2.204946 0.842056 0.000000 0.000000 0.000000 1.000000 0.000000 0.000000
15.000000 170.350930 0.118919 2.210534 0.852665 0.000000 0.000000 0.000000 1.000000 0.000000 0.000000
15.000000 170.351798 0.164341 2.202179 0.860669 0.000000 0.000000 0.000000 1.000000 0.000000 0.000000
15.000000 170.361181 0.134996 2.212467 0.867093 0.000000 0.000000 0.000000 1.000000 0.000000 0.000000
15.000000 170.361682 0.061186 2.221276 0.882609 0.000000 0.000000 0.000000 1.000000 0.000000 0.000000
15.000000 170.371077 0.086939 2.211468 0.895928 0.000000 0.000000 0.000000 1.000000 0.000000 0.000000
15.000000 170.371737 0.057072 2.215600 0.898525 0.000000 0.000000 0.000000 1.000000 0.000000 0.000000
15.000000 170.381220 0.031279 2.224489 0.903575 0.000000 0.000000 0.000000 1.000000 0.000000 0.000000
15.000000 170.381675 -0.046537 2.236291 0.902970 0.000000 0.000000 0.000000 1.000000 0.000000 0.000000
15.000000 170.391222 -0.013035 2.223582 0.915458 0.000000 0.000000 0.000000 1.000000 0.000000 0.000000
15.000000 170.391838 -0.063570 2.230653 0.917894 0.000000 0.000000 0.000000 1.000000 0.000000 0.000000
15.000000 170.401169 -0.085074 2.237484 0.926561 0.000000 0.000000 0.000000 1.000000 0.000000 0.000000
15.000000 170.401603 -0.105749 2.239587 0.931062 0.000000 0.000000 0.000000 1.000000 0.000000 0.000000
15.000000 170.410994 -0.078575 2.229212 0.941120 0.000000 0.000000 0.000000 1.000000 0.000000 0.000000
15.000000 170.411765 -0.105308 2.231790 0.947771 0.000000 0.000000 0.000000 1.000000 0.000000 0.000000
15.000000 170.421120 -0.131697 2.240403 0.954421 0.000000 0.000000 0.000000 1.000000 0.000000 0.000000
15.000000 170.421712 -0.179014 2.247450 0.953764 0.000000 0.000000 0.000000 1.000000 0.000000 0.000000
15.000000 170.431159 -0.162796 2.241380 0.957885 0.000000 0.000000 0.000000 1.000000 0.000000 0.000000
15.000000 170.431783 -0.223039 2.250407 0.956475 0.000000 0.000000 0.000000 1.000000 0.000000 0.000000
15.000000 170.441140 -0.238619 2.254932 0.963684 0.000000 0.000000 0.000000 1.000000 0.000000 0.000000
15.000000 170.441640 -0.274233 2.258910 0.968169 0.000000 0.000000 0.000000 1.000000 0.000000 0.000000
15.000000 170.450958 -0.273321 2.258108 0.971996 0.000000 0.000000 0.000000 1.000000 0.000000 0.000000
15.000000 170.451806 -0.226031 2.250985 0.973485 0.000000 0.000000 0.000000 1.000000 0.000000 0.000000
15.000000 170.461141 -0.220648 2.248394 0.979605 0.000000 0.000000 0.000000 1.000000 0.000000 0.000000
15.000000 170.461692 -0.338030 2.266329 0.974662 0.000000 0.000000 0.000000 1.000000 0.000000 0.000000
15.000000 170.471071 -0.355824 2.271991 0.977460 0.000000 0.000000 0.000000 1.000000 0.000000 0.000000
15.000000 170.471831 -0.422064 2.282127 0.974015 0.000000 0.000000 0.000000 1.000000 0.000000 0.000000
15.000000 170.481149 -0.381604 2.266741 0.984090 0.000000 0.000000 0.000000 1.000000 0.000000 0.000000
15.000000 170.481694 -0.422730 2.270450 0.991229 0.000000 0.000000 0.000000 1.000000 0.000000 0.000000
15.000000 170.491004 -0.416792 2.268166 0.992841 0.000000 0.000000 0.000000 1.000000 0.000000 0.000000
15.000000 170.491795 -0.442418 2.272564 0.989606 0.000000 0.000000 0.000000 1.000000 0.000000 0.000000
15.000000 170.501156 -0.456468 2.277063 0.991360 0.000000 0.000000 0.000000 1.000000 0.000000 0.000000
15.000000 170.501653 -0.484548 2.286234 0.973893 0.000000 0.000000 0.000000 1.000000 0.000000 0.000000
15.000000 170.510989 -0.465336 2.278834 0.979012 0.000000 0.000000 0.000000 1.000000 0.000000 0.000000
15.000000 170.511813 -0.598489 2.296968 0.977687 0.000000 0.000000 0.000000 1.000000 0.000000 0.000000
15.000000 170.521157 -0.580978 2.290138 0.982408 0.000000 0.000000 0.000000 1.000000 0.000000 0.000000
15.000000 170.521823 -0.634891 2.300093 0.973760 0.000000 0.000000 0.000000 1.000000 0.000000 0.000000
15.000000 170.531057 -0.682235 2.318490 0.961861 0.000000 0.000000 0.000000 1.000000 0.000000 0.000000
15.000000 170.531747 -0.771135 2.332156 0.955312 0.000000 0.000000 0.000000 1.000000 0.000000 0.000000
15.000000 170.541102 -0.776365 2.334404 0.953116 0.000000 0.000000 0.000000 1.000000 0.000000 0.000000
15.000000 170.541727 -0.812879 2.339991 0.950405 0.000000 0.000000 0.000000 1.000000 0.000000 0.000000
15.000000 170.551092 -0.887674 2.364183 0.952692 0.000000 0.000000 0.000000 1.000000 0.000000 0.000000
15.000000 170.551770 -0.955727 2.376819 0.941754 0.000000 0.000000 0.000000 1.000000 0.000000 0.000000
15.000000 170.561172 -0.866528 2.346992 0.943929 0.000000 0.000000 0.000000 1.000000 0.000000 0.000000
15.000000 170.561831 -0.959535 2.362600 0.932855 0.000000 0.000000 0.000000 1.000000 0.000000 0.000000
15.000000 170.571066 -0.921936 2.349347 0.936213 0.000000 0.000000 0.000000 1.000000 0.000000 0.000000
15.000000 170.571844 -0.932159 2.351464 0.933894 0.000000 0.000000 0.000000 1.000000 0.000000 0.000000
15.000000 170.581228 -0.904653 2.342518 0.933462 0.000000 0.000000 0.000000 1.000000 0.000000 0.000000
15.000000 170.581741 -0.966360 2.351986 0.928420 0.000000 0.000000 0.000000 1.000000 0.000000 0.000000
15.000000 170.591048 -0.936079 2.341146 0.931697 0.000000 0.000000 0.000000 1.000000 0.000000 0.000000
15.000000 170.591950 -0.966192 2.349099 0.920111 0.000000 0.000000 0.000000 1.000000 0.000000 0.000000
15.000000 170.601161 -0.927344 2.335464 0.923534 0.000000 0.000000 0.000000 1.000000 0.000000 0.000000
15.000000 170.601793 -0.961627 2.341254 0.919281 0.000000 0.000000 0.000000 1.000000 0.000000 0.000000
15.000000 170.611031 -0.901577 2.321273 0.920334 0.000000 0.000000 0.000000 1.000000 0.000000 0.000000
15.000000 170.611888 -1.087423 2.351364 0.899993 0.000000 0.000000 0.000000 1.000000 0.000000 0.000000
15.000000 170.621170 -1.227349 2.401976 0.882783 0.000000 0.000000 0.000000 1.000000 0.000000 0.000000
15.000000 170.621908 -1.358546 2.424150 0.865635 0.000000 0.000000 0.000000 1.000000 0.000000 0.000000
15.000000 170.631083 -1.217322 2.375634 0.874099 0.000000 0.000000 0.000000 1.000000 0.000000 0.000000
15.000000 170.632041 -1.099476 2.361193 0.874909 0.000000 0.000000 0.000000 1.000000 0.000000 0.000000
15.000000 170.641239 -1.070765 2.351564 0.875961 0.000000 0.000000 0.000000 1.000000 0.000000 0.000000
15.000000 170.641953 -1.126026 2.363273 0.862943 0.000000 0.000000 0.000000 1.000000 0.000000 0.000000
15.000000 170.651130 -1.046078 2.334829 0.871748 0.000000 0.000000 0.000000 1.000000 0.000000 0.000000
15.000000 170.651953 -1.233866 2.366186 0.848448 0.000000 0.000000 0.000000 1.000000 0.000000 0.000000
15.000000 170.661252 -1.200425 2.356043 0.846734 0.000000 0.000000 0.000000 1.000000 0.000000 0.000000
15.000000 170.662453 -1.160057 2.355108 0.838404 0.000000 0.000000 0.000000 1.000000 0.000000 0.000000
15.000000 170.671119 -1.106152 2.339024 0.835225 0.000000 0.000000 0.000000 1.000000 0.000000 0.000000
15.000000 170.671911 -1.366328 2.379066 0.810090 0.000000 0.000000 0.000000 1.000000 0.000000 0.000000
15.000000 170.681510 -1.352854 2.376839 0.803299 0.000000 0.000000 0.000000 1.000000 0.000000 0.000000
15.000000 170.681793 -1.300842 2.378043 0.786632 0.000000 0.000000 0.000000 1.000000 0.000000 0.000000
15.000000 170.691220 -1.311510 2.385352 0.775579 0.000000 0.000000 0.000000 1.000000 0.000000 0.000000
15.000000 170.691861 -1.323480 2.389347 0.769514 0.000000 0.000000 0.000000 1.000000 0.000000 0.000000
15.000000 170.701155 -1.286034 2.378667 0.765962 0.000000 0.000000 0.000000 1.000000 0.000000 0.000000
15.000000 170.701926 -1.292770 2.382571 0.758589 0.000000 0.000000 0.000000 1.000000 0.000000 0.000000
15.000000 170.711390 -1.172843 2.341528 0.767235 0.000000 0.000000 0.000000 1.000000 0.000000 0.000000
15.000000 170.711901 -1.467551 2.388722 0.733003 0.000000 0.000000 0.000000 1.000000 0.000000 0.000000
15.000000 170.722136 -1.427107 2.396832 0.707425 0.000000 0.000000 0.000000 1.000000 0.000000 0.000000
15.000000 170.731887 -1.418836 2.385394 0.678068 0.000000 0.000000 0.000000 1.000000 0.000000 0.000000
15.000000 170.741314 -1.407899 2.383197 0.674343 0.000000 0.000000 0.000000 1.000000 0.000000 0.000000
15.000000 170.741709 -1.557797 2.410855 0.647803 0.000000 0.000000 0.000000 1.000000 0.000000 0.000000
15.000000 170.751252 -1.408829 2.361573 0.654331 0.000000 0.000000 0.000000 1.000000 0.000000 0.000000
15.000000 170.751960 -1.486829 2.382065 0.626549 0.000000 0.000000 0.000000 1.000000 0.000000 0.000000
15.000000 170.761386 -1.537878 2.403217 0.612770 0.000000 0.000000 0.000000 1.000000 0.000000 0.000000
15.000000 170.761772 -1.569052 2.410925 0.603120 0.000000 0.000000 0.000000 1.000000 0.000000 0.000000
15.000000 170.771136 -1.595960 2.427220 0.581374 0.000000 0.000000 0.000000 1.000000 0.000000 0.000000
15.000000 170.771878 -1.728060 2.454821 0.549800 0.000000 0.000000 0.000000 1.000000 0.000000 0.000000
15.000000 170.781243 -1.620015 2.420766 0.550425 0.000000 0.000000 0.000000 1.000000 0.000000 0.000000
15.000000 170.781724 -1.666262 2.431733 0.536101 0.000000 0.000000 0.000000 1.000000 0.000000 0.000000
15.000000 170.791071 -1.569060 2.400281 0.538619 0.000000 0.000000 0.000000 1.000000 0.000000 0.000000
15.000000 170.791927 -1.836478 2.449482 0.489692 0.000000 0.000000 0.000000 1.000000 0.000000 0.000000
15.000000 170.801333 -1.786981 2.435038 0.487522 0.000000 0.000000 0.000000 1.000000 0.000000 0.000000
15.000000 170.801847 -1.692604 2.429304 0.480094 0.000000 0.000000 0.000000 1.000000 0.000000 0.000000
15.000000 170.811144 -1.638851 2.416127 0.472413 0.000000 0.000000 0.000000 1.000000 0.000000 0.000000
15.000000 170.812081 -1.785737 2.443132 0.446098 0.000000 0.000000 0.000000 1.000000 0.000000 0.000000
15.000000 170.821266 -1.646036 2.397655 0.452581 0.000000 0.000000 0.000000 1.000000 0.000000 0.000000
15.000000 170.821911 -1.789119 2.427758 0.418664 0.000000 0.000000 0.000000 1.000000 0.000000 0.000000
15.000000 170.831207 -1.692631 2.403405 0.404519 0.000000 0.000000 0.000000 1.000000 0.000000 0.000000
15.000000 170.831972 -1.906984 2.441211 0.366947 0.000000 0.000000 0.000000 1.000000 0.000000 0.000000
15.000000 170.841398 -1.855821 2.424645 0.368804 0.000000 0.000000 0.000000 1.000000 0.000000 0.000000
15.000000 170.841870 -1.847040 2.432685 0.349092 0.000000 0.000000 0.000000 1.000000 0.000000 0.000000
15.000000 170.851185 -1.746836 2.404170 0.343923 0.000000 0.000000 0.000000 1.000000 0.000000 0.000000
15.000000 170.851950 -1.870851 2.430095 0.313428 0.000000 0.000000 0.000000 1.000000 0.000000 0.000000
15.000000 170.861240 -1.777711 2.401547 0.313758 0.000000 0.000000 0.000000 1.000000 0.000000 0.000000
15.000000 170.861868 -1.866528 2.422023 0.287860 0.000000 0.000000 0.000000 1.000000 0.000000 0.000000
15.000000 170.871250 -1.891253 2.439722 0.261121 0.000000 0.000000 0.000000 1.000000 0.000000 0.000000
15.000000 170.871980 -2.201564 2.495850 0.202112 0.000000 0.000000 0.000000 1.000000 0.000000 0.000000
15.000000 170.881266 -2.143212 2.480298 0.195771 0.000000 0.000000 0.000000 1.000000 0.000000 0.000000
15.000000 170.881894 -2.212670 2.498418 0.169241 0.000000 0.000000 0.000000 1.000000 0.000000 0.000000
15.000000 170.891103 -2.132025 2.475008 0.166225 0.000000 0.000000 0.000000 1.000000 0.000000 0.000000
15.000000 170.891966 -2.072354 2.474086 0.155075 0.000000 0.000000 0.000000 1.000000 0.000000 0.000000
15.000000 170.901206 -2.049961 2.457870 0.174794 0.000000 0.000000 0.000000 1.000000 0.000000 0.000000
15.000000 170.902020 -1.837881 2.415314 0.220052 0.000000 0.000000 0.000000 1.000000 0.000000 0.000000
15.000000 170.921300 -2.175331 2.485227 0.224132 0.000000 0.000000 0.000000 1.000000 0.000000 0.000000
15.000000 170.922011 -2.171653 2.477241 0.238352 0.000000 0.000000 0.000000 1.000000 0.000000 0.000000
15.000000 170.931110 -2.144340 2.462781 0.251917 0.000000 0.000000 0.000000 1.000000 0.000000 0.000000
15.000000 170.931955 -2.103098 2.448115 0.273305 0.000000 0.000000 0.000000 1.000000 0.000000 0.000000
15.000000 170.941203 -2.204855 2.474551 0.280590 0.000000 0.000000 0.000000 1.000000 0.000000 0.000000
15.000000 170.941890 -2.259675 2.475458 0.287295 0.000000 0.000000 0.000000 1.000000 0.000000 0.000000
15.000000 170.951208 -2.323994 2.490390 0.294827 0.000000 0.000000 0.000000 1.000000 0.000000 0.000000
15.000000 170.971241 -2.367611 2.500286 0.348376 0.000000 0.000000 0.000000 1.000000 0.000000 0.000000
15.000000 170.972091 -2.299803 2.481122 0.372763 0.000000 0.000000 0.000000 1.000000 0.000000 0.000000
15.000000 170.981381 -2.308052 2.479373 0.381542 0.000000 0.000000 0.000000 1.000000 0.000000 0.000000
15.000000 170.981943 -2.296324 2.471664 0.394132 0.000000 0.000000 0.000000 1.000000 0.000000 0.000000
15.000000 170.991219 -2.411848 2.505171 0.394983 0.000000 0.000000 0.000000 1.000000 0.000000 0.000000
15.000000 170.992093 -2.397313 2.494949 0.411464 0.000000 0.000000 0.000000 1.000000 0.000000 0.000000
15.000000 171.001316 -2.618770 2.560173 0.409646 0.000000 0.000000 0.000000 1.000000 0.000000 0.000000
15.000000 171.001918 -2.552264 2.544984 0.425741 0.000000 0.000000 0.000000 1.000000 0.000000 0.000000
15.000000 171.011226 -2.445150 2.507928 0.437280 0.000000 0.000000 0.000000 1.000000 0.000000 0.000000
15.000000 171.012047 -2.527729 2.514155 0.438641 0.000000 0.000000 0.000000 1.000000 0.000000 0.000000
15.000000 171.021327 -2.572055 2.525068 0.442751 0.000000 0.000000 0.000000 1.000000 0.000000 0.000000
15.000000 171.021950 -2.480059 2.503061 0.468454 0.000000 0.000000 0.000000 1.000000 0.000000 0.000000
15.000000 171.031286 -2.565051 2.526947 0.470825 0.000000 0.000000 0.000000 1.000000 0.000000 0.000000
15.000000 171.031955 -2.560724 2.520327 0.482292 0.000000 0.000000 0.000000 1.000000 0.000000 0.000000
15.000000 171.041333 -2.576933 2.521559 0.489614 0.000000 0.000000 0.000000 1.000000 0.000000 0.000000
15.000000 171.041873 -2.545624 2.512530 0.501114 0.000000 0.000000 0.000000 1.000000 0.000000 0.000000
15.000000 171.051285 -2.598279 2.524909 0.507144 0.000000 0.000000 0.000000 1.000000 0.000000 0.000000
15.000000 171.051960 -2.633239 2.532700 0.498932 0.000000 0.000000 0.000000 1.000000 0.000000 0.000000
15.000000 171.061583 -2.670150 2.542798 0.499645 0.000000 0.000000 0.000000 1.000000 0.000000 0.000000
15.000000 171.061898 -2.656866 2.527430 0.524141 0.000000 0.000000 0.000000 1.000000 0.000000 0.000000
15.000000 171.071450 -2.706352 2.540623 0.527014 0.000000 0.000000 0.000000 1.000000 0.000000 0.000000
15.000000 171.072026 -2.732076 2.541087 0.530343 0.000000 0.000000 0.000000 1.000000 0.000000 0.000000
15.000000 171.081410 -2.761043 2.545735 0.537978 0.000000 0.000000 0.000000 1.000000 0.000000 0.000000
15.000000 171.081896 -2.741415 2.537055 0.550411 0.000000 0.000000 0.000000 1.000000 0.000000 0.000000
15.000000 171.091297 -2.772024 2.545034 0.552460 0.000000 0.000000 0.000000 1.000000 0.000000 0.000000
15.000000 171.092069 -2.753952 2.537799 0.562838 0.000000 0.000000 0.000000 1.000000 0.000000 0.000000
15.000000 171.101408 -2.764193 2.538373 0.567915 0.000000 0.000000 0.000000 1.000000 0.000000 0.000000
15.000000 171.101877 -2.684945 2.523754 0.581800 0.000000 0.000000 0.000000 1.000000 0.000000 0.000000
15.000000 171.111405 -2.674456 2.518913 0.585402 0.000000 0.000000 0.000000 1.000000 0.000000 0.000000
15.000000 171.111997 -2.778287 2.531796 0.578903 0.000000 0.000000 0.000000 1.000000 0.000000 0.000000
15.000000 171.121419 -2.873493 2.559713 0.579163 0.000000 0.000000 0.000000 1.000000 0.000000 0.000000
15.000000 171.121907 -2.850844 2.552823 0.587994 0.000000 0.000000 0.000000 1.000000 0.000000 0.000000
15.000000 171.131490 -2.862689 2.555145 0.590344 0.000000 0.000000 0.000000 1.000000 0.000000 0.000000
15.000000 171.132006 -2.938220 2.564666 0.585244 0.000000 0.000000 0.000000 1.000000 0.000000 0.000000
15.000000 171.141557 -2.923166 2.558753 0.588300 0.000000 0.000000 0.000000 1.000000 0.000000 0.000000
15.000000 171.141933 -2.928766 2.558406 0.589901 0.000000 0.000000 0.000000 1.000000 0.000000 0.000000
15.000000 171.151362 -2.955497 2.563476 0.595455 0.000000 0.000000 0.000000 1.000000 0.000000 0.000000
15.000000 171.152008 -2.978489 2.565826 0.594802 0.000000 0.000000 0.000000 1.000000 0.000000 0.000000
15.000000 171.161504 -2.993865 2.570061 0.595273 0.000000 0.000000 0.000000 1.000000 0.000000 0.000000
15.000000 171.172050 -3.000105 2.564839 0.602894 0.000000 0.000000 0.000000 1.000000 0.000000 0.000000
15.000000 171.181403 -2.995533 2.562255 0.605507 0.000000 0.000000 0.000000 1.000000 0.000000 0.000000
15.000000 171.182004 -3.064575 2.572119 0.598798 0.000000 0.000000 0.000000 1.000000 0.000000 0.000000
15.000000 171.191364 -3.065947 2.573106 0.597547 0.000000 0.000000 0.000000 1.000000 0.000000 0.000000
15.000000 171.192102 -3.101697 2.578756 0.593033 0.000000 0.000000 0.000000 1.000000 0.000000 0.000000
15.000000 171.201419 -3.085109 2.571167 0.598741 0.000000 0.000000 0.000000 1.000000 0.000000 0.000000
15.000000 171.202000 -3.050821 2.562434 0.609523 0.000000 0.000000 0.000000 1.000000 0.000000 0.000000
15.000000 171.211300 -3.035393 2.556267 0.613005 0.000000 0.000000 0.000000 1.000000 0.000000 0.000000
15.000000 171.212156 -3.125850 2.571613 0.599499 0.000000 0.000000 0.000000 1.000000 0.000000 0.000000
15.000000 171.221500 -3.100239 2.564388 0.598715 0.000000 0.000000 0.000000 1.000000 0.000000 0.000000
15.000000 171.221948 -3.153295 2.573099 0.591323 0.000000 0.000000 0.000000 1.000000 0.000000 0.000000
15.000000 171.231548 -3.220633 2.593568 0.590031 0.000000 0.000000 0.000000 1.000000 0.000000 0.000000
15.000000 171.232054 -3.302485 2.604973 0.582586 0.000000 0.000000 0.000000 1.000000 0.000000 0.000000
15.000000 171.241494 -3.238768 2.585498 0.583934 0.000000 0.000000 0.000000 1.000000 0.000000 0.000000
15.000000 171.241984 -3.258500 2.591638 0.575398 0.000000 0.000000 0.000000 1.000000 0.000000 0.000000
15.000000 171.251303 -3.243027 2.586514 0.576609 0.000000 0.000000 0.000000 1.000000 0.000000 0.000000
15.000000 171.252112 -3.355459 2.608734 0.553943 0.000000 0.000000 0.000000 1.000000 0.000000 0.000000
15.000000 171.261477 -3.352966 2.608118 0.553736 0.000000 0.000000 0.000000 1.000000 0.000000 0.000000
15.000000 171.262007 -3.329963 2.601520 0.562157 0.000000 0.000000 0.000000 1.000000 0.000000 0.000000
15.000000 171.271371 -3.302431 2.593423 0.562186 0.000000 0.000000 0.000000 1.000000 0.000000 0.000000
15.000000 171.272098 -3.346739 2.601640 0.554158 0.000000 0.000000 0.000000 1.000000 0.000000 0.000000
15.000000 171.281571 -3.347341 2.602933 0.551791 0.000000 0.000000 0.000000 1.000000 0.000000 0.000000
15.000000 171.281927 -3.429953 2.618783 0.535847 0.000000 0.000000 0.000000 1.000000 0.000000 0.000000
15.000000 171.291406 -3.432686 2.621094 0.532723 0.000000 0.000000 0.000000 1.000000 0.000000 0.000000
15.000000 171.292084 -3.481803 2.629280 0.525604 0.000000 0.000000 0.000000 1.000000 0.000000 0.000000
15.000000 171.301467 -3.427983 2.613161 0.526325 0.000000 0.000000 0.000000 1.000000 0.000000 0.000000
15.000000 171.302051 -3.499680 2.624442 0.517184 0.000000 0.000000 0.000000 1.000000 0.000000 0.000000
15.000000 171.311358 -3.484823 2.618676 0.520237 0.000000 0.000000 0.000000 1.000000 0.000000 0.000000
15.000000 171.312081 -3.577013 2.638597 0.498186 0.000000 0.000000 0.000000 1.000000 0.000000 0.000000
15.000000 171.321451 -3.542101 2.628855 0.497489 0.000000 0.000000 0.000000 1.000000 0.000000 0.000000
15.000000 171.322155 -3.579516 2.637095 0.488332 0.000000 0.000000 0.000000 1.000000 0.000000 0.000000
15.000000 171.331409 -3.497631 2.615004 0.484683 0.000000 0.000000 0.000000 1.000000 0.000000 0.000000
15.000000 171.332101 -3.552821 2.625088 0.474715 0.000000 0.000000 0.000000 1.000000 0.000000 0.000000
15.000000 171.341540 -3.539700 2.622872 0.471051 0.000000 0.000000 0.000000 1.000000 0.000000 0.000000
15.000000 171.342013 -3.648140 2.643375 0.449988 0.000000 0.000000 0.000000 1.000000 0.000000 0.000000
15.000000 171.351428 -3.605058 2.630587 0.450394 0.000000 0.000000 0.000000 1.000000 0.000000 0.000000
15.000000 171.352270 -3.631140 2.638993 0.438487 0.000000 0.000000 0.000000 1.000000 0.000000 0.000000
15.000000 171.361462 -3.556745 2.616710 0.439850 0.000000 0.000000 0.000000 1.000000 0.000000 0.000000
15.000000 171.362070 -3.713865 2.644037 0.414081 0.000000 0.000000 0.000000 1.000000 0.000000 0.000000
15.000000 171.371403 -3.719405 2.649564 0.405543 0.000000 0.000000 0.000000 1.000000 0.000000 0.000000
15.000000 171.372250 -3.762469 2.658809 0.394814 0.000000 0.000000 0.000000 1.000000 0.000000 0.000000
15.000000 171.381606 -3.665704 2.631041 0.393257 0.000000 0.000000 0.000000 1.000000 0.000000 0.000000
15.000000 171.422079 -3.827135 2.656353 0.287083 0.000000 0.000000 0.000000 1.000000 0.000000 0.000000
15.000000 171.431501 -3.754416 2.637872 0.280372 0.000000 0.000000 0.000000 1.000000 0.000000 0.000000
15.000000 171.432281 -3.876830 2.662252 0.252205 0.000000 0.000000 0.000000 1.000000 0.000000 0.000000
15.000000 171.441517 -3.819904 2.643703 0.256742 0.000000 0.000000 0.000000 1.000000 0.000000 0.000000
15.000000 171.462155 -4.030838 2.676400 0.222860 0.000000 0.000000 0.000000 1.000000 0.000000 0.000000
15.000000 171.471514 -4.123489 2.702288 0.223785 0.000000 0.000000 0.000000 1.000000 0.000000 0.000000
15.000000 171.472219 -4.010971 2.680335 0.247197 0.000000 0.000000 0.000000 1.000000 0.000000 0.000000
15.000000 171.481541 -4.075221 2.695742 0.252593 0.000000 0.000000 0.000000 1.000000 0.000000 0.000000
15.000000 171.482105 -4.101114 2.690343 0.267022 0.000000 0.000000 0.000000 1.000000 0.000000 0.000000
15.000000 171.491473 -4.122147 2.692913 0.274237 0.000000 0.000000 0.000000 1.000000 0.000000 0.000000
15.000000 171.492235 -4.082801 2.683910 0.284980 0.000000 0.000000 0.000000 1.000000 0.000000 0.000000
15.000000 171.511439 -4.199679 2.712833 0.297638 0.000000 0.000000 0.000000 1.000000 0.000000 0.000000
15.000000 171.512342 -4.194658 2.706049 0.309923 0.000000 0.000000 0.000000 1.000000 0.000000 0.000000
15.000000 171.521623 -4.210790 2.705152 0.321159 0.000000 0.000000 0.000000 1.000000 0.000000 0.000000
15.000000 171.522228 -4.204894 2.696505 0.336859 0.000000 0.000000 0.000000 1.000000 0.000000 0.000000
15.000000 171.531585 -4.270169 2.713671 0.340056 0.000000 0.000000 0.000000 1.000000 0.000000 0.000000
15.000000 171.532402 -4.241406 2.706359 0.349248 0.000000 0.000000 0.000000 1.000000 0.000000 0.000000
15.000000 171.541594 -4.267853 2.713109 0.350886 0.000000 0.000000 0.000000 1.000000 0.000000 0.000000
15.000000 171.542229 -4.276113 2.710310 0.357828 0.000000 0.000000 0.000000 1.000000 0.000000 0.000000
15.000000 171.551462 -4.362285 2.730791 0.365787 0.000000 0.000000 0.000000 1.000000 0.000000 0.000000
15.000000 171.552382 -4.283105 2.714094 0.383852 0.000000 0.000000 0.000000 1.000000 0.000000 0.000000
15.000000 171.561616 -4.214043 2.692705 0.387361 0.000000 0.000000 0.000000 1.000000 0.000000 0.000000
15.000000 171.572251 -4.389938 2.726789 0.398947 0.000000 0.000000 0.000000 1.000000 0.000000 0.000000
15.000000 171.581587 -4.383226 2.723379 0.402102 0.000000 0.000000 0.000000 1.000000 0.000000 0.000000
15.000000 171.582236 -4.392762 2.721293 0.408143 0.000000 0.000000 0.000000 1.000000 0.000000 0.000000
15.000000 171.591542 -4.430777 2.730212 0.412510 0.000000 0.000000 0.000000 1.000000 0.000000 0.000000
15.000000 171.602264 -4.454073 2.726960 0.417724 0.000000 0.000000 0.000000 1.000000 0.000000 0.000000
15.000000 171.611508 -4.468663 2.729968 0.420232 0.000000 0.000000 0.000000 1.000000 0.000000 0.000000
15.000000 171.612352 -4.456466 2.724557 0.428875 0.000000 0.000000 0.000000 1.000000 0.000000 0.000000
15.000000 171.621603 -4.476352 2.730231 0.429020 0.000000 0.000000 0.000000 1.000000 0.000000 0.000000
15.000000 171.622191 -4.501566 2.733380 0.427413 0.000000 0.000000 0.000000 1.000000 0.000000 0.000000
15.000000 171.631526 -4.515967 2.736164 0.430367 0.000000 0.000000 0.000000 1.000000 0.000000 0.000000
15.000000 171.632259 -4.600532 2.744489 0.429745 0.000000 0.000000 0.000000 1.000000 0.000000 0.000000
15.000000 171.641623 -4.704694 2.775609 0.427459 0.000000 0.000000 0.000000 1.000000 0.000000 0.000000
15.000000 171.642205 -4.686097 2.773770 0.427684 0.000000 0.000000 0.000000 1.000000 0.000000 0.000000
15.000000 171.651665 -4.597807 2.744387 0.436395 0.000000 0.000000 0.000000 1.000000 0.000000 0.000000
15.000000 171.652257 -4.775845 2.772791 0.412391 0.000000 0.000000 0.000000 1.000000 0.000000 0.000000
15.000000 171.661556 -4.792294 2.778094 0.411100 0.000000 0.000000 0.000000 1.000000 0.000000 0.000000
15.000000 171.662198 -4.652396 2.751491 0.438782 0.000000 0.000000 0.000000 1.000000 0.000000 0.000000
15.000000 171.671721 -4.618661 2.739053 0.444865 0.000000 0.000000 0.000000 1.000000 0.000000 0.000000
15.000000 171.672362 -4.688693 2.748162 0.439817 0.000000 0.000000 0.000000 1.000000 0.000000 0.000000
15.000000 171.681620 -4.769878 2.773531 0.435497 0.000000 0.000000 0.000000 1.000000 0.000000 0.000000
15.000000 171.682227 -4.831194 2.782407 0.429184 0.000000 0.000000 0.000000 1.000000 0.000000 0.000000
15.000000 171.691569 -4.810961 2.775217 0.432251 0.000000 0.000000 0.000000 1.000000 0.000000 0.000000
15.000000 171.692342 -4.757080 2.767255 0.438161 0.000000 0.000000 0.000000 1.000000 0.000000 0.000000
15.000000 171.701662 -4.759814 2.766099 0.442407 0.000000 0.000000 0.000000 1.000000 0.000000 0.000000
15.000000 171.702322 -4.775984 2.769798 0.438013 0.000000 0.000000 0.000000 1.000000 0.000000 0.000000
15.000000 171.711568 -4.674381 2.738844 0.442001 0.000000 0.000000 0.000000 1.000000 0.000000 0.000000
15.000000 171.712272 -4.790023 2.756343 0.428323 0.000000 0.000000 0.000000 1.000000 0.000000 0.000000
15.000000 171.721679 -4.847143 2.776488 0.419939 0.000000 0.000000 0.000000 1.000000 0.000000 0.000000
15.000000 171.722185 -4.938631 2.791377 0.406950 0.000000 0.000000 0.000000 1.000000 0.000000 0.000000
15.000000 171.731628 -4.930073 2.789334 0.405962 0.000000 0.000000 0.000000 1.000000 0.000000 0.000000
15.000000 171.732252 -4.846520 2.775613 0.418120 0.000000 0.000000 0.000000 1.000000 0.000000 0.000000
15.000000 171.801721 -5.114265 2.789565 0.339571 0.000000 0.000000 0.000000 1.000000 0.000000 0.000000
15.000000 171.802252 -4.867681 2.752213 0.369354 0.000000 0.000000 0.000000 1.000000 0.000000 0.000000
15.000000 171.822357 -5.192976 2.795855 0.302570 0.000000 0.000000 0.000000 1.000000 0.000000 0.000000
15.000000 171.831569 -5.343884 2.848188 0.280637 0.000000 0.000000 0.000000 1.000000 0.000000 0.000000
15.000000 171.832337 -5.436840 2.865921 0.260909 0.000000 0.000000 0.000000 1.000000 0.000000 0.000000
15.000000 171.841628 -5.365446 2.845229 0.261127 0.000000 0.000000 0.000000 1.000000 0.000000 0.000000
15.000000 171.842432 -5.370184 2.852104 0.246345 0.000000 0.000000 0.000000 1.000000 0.000000 0.000000
15.000000 171.851755 -5.136827 2.777334 0.265423 0.000000 0.000000 0.000000 1.000000 0.000000 0.000000
15.000000 171.852455 -5.094981 2.773503 0.265021 0.000000 0.000000 0.000000 1.000000 0.000000 0.000000
15.000000 171.861719 -5.263192 2.831654 0.241345 0.000000 0.000000 0.000000 1.000000 0.000000 0.000000
15.000000 171.862273 -5.429392 2.855327 0.224777 0.000000 0.000000 0.000000 1.000000 0.000000 0.000000
15.000000 171.871628 -5.260860 2.792475 0.259650 0.000000 0.000000 0.000000 1.000000 0.000000 0.000000
15.000000 171.872388 -5.016443 2.755807 0.289404 0.000000 0.000000 0.000000 1.000000 0.000000 0.000000
15.000000 171.881823 -5.274089 2.843744 0.256523 0.000000 0.000000 0.000000 1.000000 0.000000 0.000000
15.000000 171.882241 -5.523359 2.875545 0.240074 0.000000 0.000000 0.000000 1.000000 0.000000 0.000000
15.000000 171.891847 -5.612000 2.898650 0.245601 0.000000 0.000000 0.000000 1.000000 0.000000 0.000000
15.000000 171.892454 -5.515107 2.880026 0.265933 0.000000 0.000000 0.000000 1.000000 0.000000 0.000000
15.000000 171.901835 -5.518773 2.876853 0.275673 0.000000 0.000000 0.000000 1.000000 0.000000 0.000000
15.000000 171.912354 -5.443152 2.856471 0.305782 0.000000 0.000000 0.000000 1.000000 0.000000 0.000000
15.000000 171.921756 -5.343650 2.817453 0.329660 0.000000 0.000000 0.000000 1.000000 0.000000 0.000000
15.000000 171.922282 -5.492646 2.833092 0.326035 0.000000 0.000000 0.000000 1.000000 0.000000 0.000000
15.000000 171.931716 -5.524805 2.842817 0.324728 0.000000 0.000000 0.000000 1.000000 0.000000 0.000000
15.000000 171.932369 -5.366716 2.818084 0.345493 0.000000 0.000000 0.000000 1.000000 0.000000 0.000000
15.000000 171.941859 -5.508981 2.864891 0.331070 0.000000 0.000000 0.000000 1.000000 0.000000 0.000000
15.000000 171.942337 -5.478761 2.856909 0.342334 0.000000 0.000000 0.000000 1.000000 0.000000 0.000000
15.000000 171.961751 -5.736423 2.908802 0.338994 0.000000 0.000000 0.000000 1.000000 0.000000 0.000000
15.000000 171.962282 -5.752562 2.911688 0.336123 0.000000 0.000000 0.000000 1.000000 0.000000 0.000000
15.000000 171.971856 -5.669485 2.880847 0.352606 0.000000 0.000000 0.000000 1.000000 0.000000 0.000000
15.000000 171.972391 -5.764733 2.891307 0.349850 0.000000 0.000000 0.000000 1.000000 0.000000 0.000000
15.000000 171.981731 -5.886851 2.931377 0.337430 0.000000 0.000000 0.000000 1.000000 0.000000 0.000000
15.000000 171.982360 -5.800575 2.918526 0.347017 0.000000 0.000000 0.000000 1.000000 0.000000 0.000000
15.000000 172.141715 -6.127542 2.919034 0.315692 0.000000 0.000000 0.000000 1.000000 0.000000 0.000000
15.000000 172.142317 -6.182804 2.927590 0.308693 0.000000 0.000000 0.000000 1.000000 0.000000 0.000000
15.000000 172.161779 -6.065832 2.877717 0.318938 0.000000 0.000000 0.000000 1.000000 0.000000 0.000000
15.000000 172.162402 -6.047739 2.880321 0.308049 0.000000 0.000000 0.000000 1.000000 0.000000 0.000000
15.000000 172.171697 -6.137201 2.908798 0.300444 0.000000 0.000000 0.000000 1.000000 0.000000 0.000000
15.000000 172.172445 -6.234618 2.923591 0.288625 0.000000 0.000000 0.000000 1.000000 0.000000 0.000000
15.000000 172.181831 -6.118372 2.888981 0.292526 0.000000 0.000000 0.000000 1.000000 0.000000 0.000000
15.000000 172.182527 -6.249162 2.928427 0.263475 0.000000 0.000000 0.000000 1.000000 0.000000 0.000000
15.000000 172.191746 -6.176636 2.901644 0.279197 0.000000 0.000000 0.000000 1.000000 0.000000 0.000000
15.000000 172.192669 -6.157315 2.896559 0.286690 0.000000 0.000000 0.000000 1.000000 0.000000 0.000000
15.000000 172.201790 -6.062541 2.859589 0.311370 0.000000 0.000000 0.000000 1.000000 0.000000 0.000000
15.000000 172.202547 -6.118176 2.864300 0.312781 0.000000 0.000000 0.000000 1.000000 0.000000 0.000000
