2.000000 26.148237 25.025310 -0.224008 0.459056 0.000000 0.000000 0.000000 1.000000 0.000000 0.000000
2.000000 26.158398 24.990157 -0.209028 0.493091 0.000000 0.000000 0.000000 1.000000 0.000000 0.000000
2.000000 26.168299 24.824519 -0.198066 0.616085 0.000000 0.000000 0.000000 1.000000 0.000000 0.000000
2.000000 26.178334 24.572029 -0.188335 0.734546 0.000000 0.000000 0.000000 1.000000 0.000000 0.000000
2.000000 26.188510 24.378120 -0.172556 0.817456 0.000000 0.000000 0.000000 1.000000 0.000000 0.000000
2.000000 26.198435 24.231093 -0.161150 0.897776 0.000000 0.000000 0.000000 1.000000 0.000000 0.000000
2.000000 26.208352 24.115362 -0.142006 0.979284 0.000000 0.000000 0.000000 1.000000 0.000000 0.000000
2.000000 26.218400 24.013280 -0.119826 1.046791 0.000000 0.000000 0.000000 1.000000 0.000000 0.000000
2.000000 26.222461 22.897301 -0.282827 1.191553 0.000000 0.000000 0.000000 1.000000 0.000000 0.000000
2.000000 26.228364 22.989217 -0.146490 1.401548 0.000000 0.000000 0.000000 1.000000 0.000000 0.000000
2.000000 26.232543 22.794990 -0.267104 1.264407 0.000000 0.000000 0.000000 1.000000 0.000000 0.000000
2.000000 26.238444 22.900685 -0.154786 1.466387 0.000000 0.000000 0.000000 1.000000 0.000000 0.000000
2.000000 26.242468 22.690322 -0.250092 1.341001 0.000000 0.000000 0.000000 1.000000 0.000000 0.000000
2.000000 26.248507 22.794680 -0.133171 1.542134 0.000000 0.000000 0.000000 1.000000 0.000000 0.000000
2.000000 26.252550 22.578748 -0.231717 1.411392 0.000000 0.000000 0.000000 1.000000 0.000000 0.000000
2.000000 26.258499 22.674968 -0.110359 1.609318 0.000000 0.000000 0.000000 1.000000 0.000000 0.000000
2.000000 26.262408 22.468225 -0.225660 1.472703 0.000000 0.000000 0.000000 1.000000 0.000000 0.000000
2.000000 26.268277 22.557345 -0.099684 1.671527 0.000000 0.000000 0.000000 1.000000 0.000000 0.000000
2.000000 26.272597 22.364380 -0.199981 1.547635 0.000000 0.000000 0.000000 1.000000 0.000000 0.000000
2.000000 26.278445 22.460964 -0.087534 1.739925 0.000000 0.000000 0.000000 1.000000 0.000000 0.000000
2.000000 26.282525 22.249647 -0.183272 1.610044 0.000000 0.000000 0.000000 1.000000 0.000000 0.000000
2.000000 26.288466 22.354079 -0.078987 1.799902 0.000000 0.000000 0.000000 1.000000 0.000000 0.000000
2.000000 26.292566 22.146003 -0.170698 1.674243 0.000000 0.000000 0.000000 1.000000 0.000000 0.000000
2.000000 26.298595 22.247134 -0.066323 1.862133 0.000000 0.000000 0.000000 1.000000 0.000000 0.000000
2.000000 26.302493 22.038000 -0.157298 1.738381 0.000000 0.000000 0.000000 1.000000 0.000000 0.000000
2.000000 26.308466 22.140236 -0.051125 1.928241 0.000000 0.000000 0.000000 1.000000 0.000000 0.000000
2.000000 26.312564 21.932190 -0.146240 1.796754 0.000000 0.000000 0.000000 1.000000 0.000000 0.000000
2.000000 26.322547 21.827172 -0.124015 1.865656 0.000000 0.000000 0.000000 1.000000 0.000000 0.000000
2.000000 26.328389 21.921192 -0.024821 2.046501 0.000000 0.000000 0.000000 1.000000 0.000000 0.000000
2.000000 26.332594 21.702550 -0.108833 1.923936 0.000000 0.000000 0.000000 1.000000 0.000000 0.000000
2.000000 26.342528 21.597992 -0.096024 1.985069 0.000000 0.000000 0.000000 1.000000 0.000000 0.000000
2.000000 26.352583 21.483749 -0.081220 2.042943 0.000000 0.000000 0.000000 1.000000 0.000000 0.000000
2.000000 26.362492 21.396768 -0.071219 2.102657 0.000000 0.000000 0.000000 1.000000 0.000000 0.000000
2.000000 26.368337 21.468778 0.027230 2.272864 0.000000 0.000000 0.000000 1.000000 0.000000 0.000000
2.000000 26.372632 21.262691 -0.047407 2.161927 0.000000 0.000000 0.000000 1.000000 0.000000 0.000000
2.000000 26.382579 21.158217 -0.030846 2.217080 0.000000 0.000000 0.000000 1.000000 0.000000 0.000000
2.000000 26.392774 21.045403 -0.019048 2.273359 0.000000 0.000000 0.000000 1.000000 0.000000 0.000000
2.000000 26.402557 20.933346 -0.006929 2.325590 0.000000 0.000000 0.000000 1.000000 0.000000 0.000000
2.000000 26.412800 20.824250 0.000414 2.356527 0.000000 0.000000 0.000000 1.000000 0.000000 0.000000
2.000000 26.422563 20.698565 0.021500 2.425001 0.000000 0.000000 0.000000 1.000000 0.000000 0.000000
2.000000 26.425559 19.814807 0.305851 2.337226 0.000000 0.000000 0.000000 1.000000 0.000000 0.000000
2.000000 26.432757 20.594529 0.034783 2.477597 0.000000 0.000000 0.000000 1.000000 0.000000 0.000000
2.000000 26.435385 19.680533 0.323488 2.388323 0.000000 0.000000 0.000000 1.000000 0.000000 0.000000
2.000000 26.442631 20.481489 0.052761 2.524975 0.000000 0.000000 0.000000 1.000000 0.000000 0.000000
2.000000 26.445343 19.546295 0.345767 2.435942 0.000000 0.000000 0.000000 1.000000 0.000000 0.000000
2.000000 26.452606 20.364412 0.062961 2.573884 0.000000 0.000000 0.000000 1.000000 0.000000 0.000000
2.000000 26.455431 19.445667 0.346210 2.492036 0.000000 0.000000 0.000000 1.000000 0.000000 0.000000
2.000000 26.462629 20.284236 0.068664 2.603996 0.000000 0.000000 0.000000 1.000000 0.000000 0.000000
2.000000 26.465417 19.313077 0.367763 2.536103 0.000000 0.000000 0.000000 1.000000 0.000000 0.000000
2.000000 26.472647 20.156690 0.097215 2.662601 0.000000 0.000000 0.000000 1.000000 0.000000 0.000000
2.000000 26.475474 19.156592 0.397550 2.577285 0.000000 0.000000 0.000000 1.000000 0.000000 0.000000
2.000000 26.482621 20.046753 0.111864 2.709720 0.000000 0.000000 0.000000 1.000000 0.000000 0.000000
2.000000 26.485424 19.042476 0.408655 2.622810 0.000000 0.000000 0.000000 1.000000 0.000000 0.000000
2.000000 26.488392 19.317058 0.201857 2.829272 0.000000 0.000000 0.000000 1.000000 0.000000 0.000000
2.000000 26.492631 19.916356 0.121478 2.750531 0.000000 0.000000 0.000000 1.000000 0.000000 0.000000
2.000000 26.495544 18.952281 0.402438 2.672306 0.000000 0.000000 0.000000 1.000000 0.000000 0.000000
2.000000 26.502687 19.805914 0.133001 2.797560 0.000000 0.000000 0.000000 1.000000 0.000000 0.000000
2.000000 26.505403 18.830002 0.413892 2.719634 0.000000 0.000000 0.000000 1.000000 0.000000 0.000000
2.000000 26.512667 19.707240 0.142089 2.824463 0.000000 0.000000 0.000000 1.000000 0.000000 0.000000
2.000000 26.515479 18.696981 0.435737 2.765112 0.000000 0.000000 0.000000 1.000000 0.000000 0.000000
2.000000 26.522573 19.571355 0.160050 2.874101 0.000000 0.000000 0.000000 1.000000 0.000000 0.000000
2.000000 26.525448 18.594078 0.437184 2.807710 0.000000 0.000000 0.000000 1.000000 0.000000 0.000000
2.000000 26.532727 19.475576 0.177849 2.919284 0.000000 0.000000 0.000000 1.000000 0.000000 0.000000
2.000000 26.535470 18.442708 0.466849 2.844029 0.000000 0.000000 0.000000 1.000000 0.000000 0.000000
2.000000 26.542702 19.362808 0.191656 2.950424 0.000000 0.000000 0.000000 1.000000 0.000000 0.000000
2.000000 26.545493 18.331334 0.477750 2.882421 0.000000 0.000000 0.000000 1.000000 0.000000 0.000000
2.000000 26.548441 18.615800 0.268447 3.070850 0.000000 0.000000 0.000000 1.000000 0.000000 0.000000
2.000000 26.552742 19.238203 0.199599 2.987117 0.000000 0.000000 0.000000 1.000000 0.000000 0.000000
2.000000 26.555669 18.225681 0.476695 2.918699 0.000000 0.000000 0.000000 1.000000 0.000000 0.000000
2.000000 26.562697 19.156756 0.208431 3.010962 0.000000 0.000000 0.000000 1.000000 0.000000 0.000000
2.000000 26.565544 18.093325 0.501283 2.955919 0.000000 0.000000 0.000000 1.000000 0.000000 0.000000
2.000000 26.572733 19.010554 0.225929 3.058561 0.000000 0.000000 0.000000 1.000000 0.000000 0.000000
2.000000 26.575531 17.993828 0.498693 2.997293 0.000000 0.000000 0.000000 1.000000 0.000000 0.000000
2.000000 26.582713 18.896622 0.238278 3.092604 0.000000 0.000000 0.000000 1.000000 0.000000 0.000000
2.000000 26.585477 17.890184 0.506089 3.035633 0.000000 0.000000 0.000000 1.000000 0.000000 0.000000
2.000000 26.592759 18.780632 0.252117 3.124396 0.000000 0.000000 0.000000 1.000000 0.000000 0.000000
2.000000 26.595612 17.751802 0.523363 3.067762 0.000000 0.000000 0.000000 1.000000 0.000000 0.000000
2.000000 26.602707 18.676335 0.268830 3.156851 0.000000 0.000000 0.000000 1.000000 0.000000 0.000000
2.000000 26.605441 17.623147 0.545447 3.097940 0.000000 0.000000 0.000000 1.000000 0.000000 0.000000
2.000000 26.608443 17.916618 0.337415 3.270770 0.000000 0.000000 0.000000 1.000000 0.000000 0.000000
2.000000 26.612727 18.569259 0.273460 3.175395 0.000000 0.000000 0.000000 1.000000 0.000000 0.000000
2.000000 26.615584 17.511705 0.552466 3.123264 0.000000 0.000000 0.000000 1.000000 0.000000 0.000000
2.000000 26.622672 18.450431 0.298545 3.219130 0.000000 0.000000 0.000000 1.000000 0.000000 0.000000
2.000000 26.625536 17.379526 0.576010 3.154195 0.000000 0.000000 0.000000 1.000000 0.000000 0.000000
2.000000 26.635586 17.866242 0.124780 3.259687 0.000000 0.000000 0.000000 1.000000 0.000000 0.000000
2.000000 26.642661 18.237156 0.319942 3.270897 0.000000 0.000000 0.000000 1.000000 0.000000 0.000000
2.000000 26.645569 17.115002 0.609394 3.202650 0.000000 0.000000 0.000000 1.000000 0.000000 0.000000
2.000000 26.648497 17.443011 0.385205 3.358930 0.000000 0.000000 0.000000 1.000000 0.000000 0.000000
2.000000 26.652773 18.127773 0.335748 3.297415 0.000000 0.000000 0.000000 1.000000 0.000000 0.000000
2.000000 26.658560 18.102342 0.389427 3.390925 0.000000 0.000000 0.000000 1.000000 0.000000 0.000000
2.000000 26.662705 18.030547 0.337793 3.324755 0.000000 0.000000 0.000000 1.000000 0.000000 0.000000
2.000000 26.672800 17.896211 0.359061 3.352645 0.000000 0.000000 0.000000 1.000000 0.000000 0.000000
2.000000 26.678635 17.833435 0.415357 3.434534 0.000000 0.000000 0.000000 1.000000 0.000000 0.000000
2.000000 26.682761 17.772412 0.368936 3.368885 0.000000 0.000000 0.000000 1.000000 0.000000 0.000000
2.000000 26.688634 17.680216 0.431271 3.447208 0.000000 0.000000 0.000000 1.000000 0.000000 0.000000
2.000000 26.693018 17.676427 0.382236 3.400126 0.000000 0.000000 0.000000 1.000000 0.000000 0.000000
2.000000 26.702742 17.563872 0.396533 3.418889 0.000000 0.000000 0.000000 1.000000 0.000000 0.000000
2.000000 26.708498 17.463278 0.454331 3.489457 0.000000 0.000000 0.000000 1.000000 0.000000 0.000000
2.000000 26.712814 17.481045 0.403392 3.444226 0.000000 0.000000 0.000000 1.000000 0.000000 0.000000
2.000000 26.718667 17.323766 0.472042 3.506174 0.000000 0.000000 0.000000 1.000000 0.000000 0.000000
2.000000 26.722629 17.307169 0.421393 3.448823 0.000000 0.000000 0.000000 1.000000 0.000000 0.000000
2.000000 26.732763 17.213746 0.437695 3.475544 0.000000 0.000000 0.000000 1.000000 0.000000 0.000000
2.000000 26.742623 17.097400 0.439770 3.486024 0.000000 0.000000 0.000000 1.000000 0.000000 0.000000
2.000000 26.752780 16.981408 0.451266 3.499327 0.000000 0.000000 0.000000 1.000000 0.000000 0.000000
2.000000 26.762627 16.863382 0.473689 3.517723 0.000000 0.000000 0.000000 1.000000 0.000000 0.000000
2.000000 26.778628 16.511165 0.550293 3.589496 0.000000 0.000000 0.000000 1.000000 0.000000 0.000000
2.000000 26.808518 16.160117 0.583594 3.618923 0.000000 0.000000 0.000000 1.000000 0.000000 0.000000
2.000000 26.828502 15.983596 0.598563 3.638433 0.000000 0.000000 0.000000 1.000000 0.000000 0.000000
2.000000 26.832831 16.144398 0.547266 3.590322 0.000000 0.000000 0.000000 1.000000 0.000000 0.000000
2.000000 26.838607 15.883931 0.625067 3.645146 0.000000 0.000000 0.000000 1.000000 0.000000 0.000000
2.000000 26.842702 15.979431 0.551734 3.598640 0.000000 0.000000 0.000000 1.000000 0.000000 0.000000
2.000000 26.852785 15.861112 0.572672 3.604479 0.000000 0.000000 0.000000 1.000000 0.000000 0.000000
2.000000 26.862733 15.749877 0.590259 3.612507 0.000000 0.000000 0.000000 1.000000 0.000000 0.000000
2.000000 26.868577 15.520342 0.656839 3.658591 0.000000 0.000000 0.000000 1.000000 0.000000 0.000000
2.000000 26.872856 15.665081 0.594841 3.618162 0.000000 0.000000 0.000000 1.000000 0.000000 0.000000
2.000000 26.888549 15.299087 0.677551 3.663828 0.000000 0.000000 0.000000 1.000000 0.000000 0.000000
2.000000 26.892847 15.412820 0.602687 3.619659 0.000000 0.000000 0.000000 1.000000 0.000000 0.000000
2.000000 26.902721 15.297723 0.620556 3.621624 0.000000 0.000000 0.000000 1.000000 0.000000 0.000000
2.000000 26.913071 15.257722 0.639535 3.632465 0.000000 0.000000 0.000000 1.000000 0.000000 0.000000
2.000000 26.922933 15.101418 0.656741 3.628232 0.000000 0.000000 0.000000 1.000000 0.000000 0.000000
2.000000 26.932991 14.990098 0.669852 3.624087 0.000000 0.000000 0.000000 1.000000 0.000000 0.000000
2.000000 26.942964 14.854514 0.665146 3.632705 0.000000 0.000000 0.000000 1.000000 0.000000 0.000000
2.000000 26.953028 14.758480 0.675452 3.628156 0.000000 0.000000 0.000000 1.000000 0.000000 0.000000
2.000000 26.962793 14.714105 0.690880 3.621670 0.000000 0.000000 0.000000 1.000000 0.000000 0.000000
2.000000 26.973047 14.568296 0.708230 3.616932 0.000000 0.000000 0.000000 1.000000 0.000000 0.000000
2.000000 26.982844 14.418679 0.706556 3.612458 0.000000 0.000000 0.000000 1.000000 0.000000 0.000000
2.000000 26.988584 14.140470 0.775977 3.635897 0.000000 0.000000 0.000000 1.000000 0.000000 0.000000
2.000000 26.992872 14.345237 0.728676 3.603503 0.000000 0.000000 0.000000 1.000000 0.000000 0.000000
2.000000 27.002800 14.238650 0.738466 3.599539 0.000000 0.000000 0.000000 1.000000 0.000000 0.000000
2.000000 27.012878 14.152339 0.731454 3.580824 0.000000 0.000000 0.000000 1.000000 0.000000 0.000000
2.000000 27.022822 13.991232 0.749446 3.578065 0.000000 0.000000 0.000000 1.000000 0.000000 0.000000
2.000000 27.032886 13.872693 0.761051 3.565125 0.000000 0.000000 0.000000 1.000000 0.000000 0.000000
2.000000 27.042776 13.770512 0.766270 3.550014 0.000000 0.000000 0.000000 1.000000 0.000000 0.000000
2.000000 27.052857 13.680905 0.790212 3.529832 0.000000 0.000000 0.000000 1.000000 0.000000 0.000000
2.000000 27.062878 13.604493 0.783376 3.526937 0.000000 0.000000 0.000000 1.000000 0.000000 0.000000
2.000000 27.065684 12.518991 1.017601 3.457518 0.000000 0.000000 0.000000 1.000000 0.000000 0.000000
2.000000 27.072947 13.453874 0.806020 3.508996 0.000000 0.000000 0.000000 1.000000 0.000000 0.000000
2.000000 27.075963 12.437576 1.024448 3.452407 0.000000 0.000000 0.000000 1.000000 0.000000 0.000000
2.000000 27.082850 13.349152 0.814652 3.490459 0.000000 0.000000 0.000000 1.000000 0.000000 0.000000
2.000000 27.085686 12.391853 1.021217 3.445970 0.000000 0.000000 0.000000 1.000000 0.000000 0.000000
2.000000 27.092898 13.275520 0.840361 3.474123 0.000000 0.000000 0.000000 1.000000 0.000000 0.000000
2.000000 27.095937 12.197721 1.072883 3.421959 0.000000 0.000000 0.000000 1.000000 0.000000 0.000000
2.000000 27.103069 13.161831 0.848615 3.449726 0.000000 0.000000 0.000000 1.000000 0.000000 0.000000
2.000000 27.105652 12.112449 1.073066 3.394310 0.000000 0.000000 0.000000 1.000000 0.000000 0.000000
2.000000 27.108602 12.472833 0.879774 3.434712 0.000000 0.000000 0.000000 1.000000 0.000000 0.000000
2.000000 27.113047 13.051720 0.860062 3.430799 0.000000 0.000000 0.000000 1.000000 0.000000 0.000000
2.000000 27.115768 11.990284 1.089787 3.382924 0.000000 0.000000 0.000000 1.000000 0.000000 0.000000
2.000000 27.118701 12.357535 0.893607 3.414245 0.000000 0.000000 0.000000 1.000000 0.000000 0.000000
2.000000 27.122969 12.956324 0.870586 3.414447 0.000000 0.000000 0.000000 1.000000 0.000000 0.000000
2.000000 27.125759 11.879091 1.101951 3.366414 0.000000 0.000000 0.000000 1.000000 0.000000 0.000000
2.000000 27.128586 12.235415 0.911401 3.398110 0.000000 0.000000 0.000000 1.000000 0.000000 0.000000
2.000000 27.133070 12.823141 0.867043 3.393985 0.000000 0.000000 0.000000 1.000000 0.000000 0.000000
2.000000 27.135775 11.848697 1.075033 3.345785 0.000000 0.000000 0.000000 1.000000 0.000000 0.000000
2.000000 27.143003 12.698268 0.868683 3.370030 0.000000 0.000000 0.000000 1.000000 0.000000 0.000000
2.000000 27.145717 11.786935 1.062061 3.333513 0.000000 0.000000 0.000000 1.000000 0.000000 0.000000
2.000000 27.148577 12.040054 0.928099 3.357785 0.000000 0.000000 0.000000 1.000000 0.000000 0.000000
2.000000 27.153066 12.622416 0.892348 3.340818 0.000000 0.000000 0.000000 1.000000 0.000000 0.000000
2.000000 27.155799 11.612813 1.105240 3.295193 0.000000 0.000000 0.000000 1.000000 0.000000 0.000000
2.000000 27.162867 12.506539 0.880083 3.307222 0.000000 0.000000 0.000000 1.000000 0.000000 0.000000
2.000000 27.165683 11.593359 1.075349 3.280356 0.000000 0.000000 0.000000 1.000000 0.000000 0.000000
2.000000 27.168605 11.845242 0.943410 3.303896 0.000000 0.000000 0.000000 1.000000 0.000000 0.000000
2.000000 27.173133 12.383705 0.900353 3.298238 0.000000 0.000000 0.000000 1.000000 0.000000 0.000000
2.000000 27.175717 11.450011 1.097515 3.253236 0.000000 0.000000 0.000000 1.000000 0.000000 0.000000
2.000000 27.182999 12.312520 0.923842 3.270602 0.000000 0.000000 0.000000 1.000000 0.000000 0.000000
2.000000 27.185775 11.324663 1.132962 3.224751 0.000000 0.000000 0.000000 1.000000 0.000000 0.000000
2.000000 27.193022 12.203865 0.935161 3.245439 0.000000 0.000000 0.000000 1.000000 0.000000 0.000000
2.000000 27.195724 11.219600 1.144665 3.198615 0.000000 0.000000 0.000000 1.000000 0.000000 0.000000
2.000000 27.203069 12.126577 0.944356 3.207019 0.000000 0.000000 0.000000 1.000000 0.000000 0.000000
2.000000 27.205721 11.109067 1.157134 3.156092 0.000000 0.000000 0.000000 1.000000 0.000000 0.000000
2.000000 27.208632 11.434923 0.987974 3.187584 0.000000 0.000000 0.000000 1.000000 0.000000 0.000000
2.000000 27.212883 11.996554 0.934219 3.174672 0.000000 0.000000 0.000000 1.000000 0.000000 0.000000
2.000000 27.215750 11.080796 1.128909 3.140008 0.000000 0.000000 0.000000 1.000000 0.000000 0.000000
2.000000 27.223070 11.874941 0.946945 3.154150 0.000000 0.000000 0.000000 1.000000 0.000000 0.000000
2.000000 27.225713 10.982980 1.134371 3.106395 0.000000 0.000000 0.000000 1.000000 0.000000 0.000000
2.000000 27.228664 11.237451 1.004805 3.120676 0.000000 0.000000 0.000000 1.000000 0.000000 0.000000
2.000000 27.233081 11.775306 0.958901 3.120508 0.000000 0.000000 0.000000 1.000000 0.000000 0.000000
2.000000 27.235678 10.903619 1.142453 3.071565 0.000000 0.000000 0.000000 1.000000 0.000000 0.000000
2.000000 27.243060 11.671297 0.961901 3.090459 0.000000 0.000000 0.000000 1.000000 0.000000 0.000000
2.000000 27.245666 10.846181 1.134698 3.045167 0.000000 0.000000 0.000000 1.000000 0.000000 0.000000
2.000000 27.248619 11.056883 1.029046 3.057664 0.000000 0.000000 0.000000 1.000000 0.000000 0.000000
2.000000 27.252903 11.554656 0.972702 3.055036 0.000000 0.000000 0.000000 1.000000 0.000000 0.000000
2.000000 27.255737 10.714190 1.149191 3.010359 0.000000 0.000000 0.000000 1.000000 0.000000 0.000000
2.000000 27.262839 11.463992 0.984204 3.013501 0.000000 0.000000 0.000000 1.000000 0.000000 0.000000
2.000000 27.265794 10.601470 1.167445 2.973744 0.000000 0.000000 0.000000 1.000000 0.000000 0.000000
2.000000 27.268632 10.859300 1.038999 2.988466 0.000000 0.000000 0.000000 1.000000 0.000000 0.000000
2.000000 27.272890 11.360557 0.993234 2.984892 0.000000 0.000000 0.000000 1.000000 0.000000 0.000000
2.000000 27.275847 10.502225 1.173146 2.936031 0.000000 0.000000 0.000000 1.000000 0.000000 0.000000
2.000000 27.278673 10.756914 1.046547 2.950018 0.000000 0.000000 0.000000 1.000000 0.000000 0.000000
2.000000 27.282936 11.264447 1.003742 2.952960 0.000000 0.000000 0.000000 1.000000 0.000000 0.000000
2.000000 27.285832 10.406900 1.183416 2.900913 0.000000 0.000000 0.000000 1.000000 0.000000 0.000000
2.000000 27.288628 10.653964 1.061685 2.913006 0.000000 0.000000 0.000000 1.000000 0.000000 0.000000
2.000000 27.293005 11.161271 1.009271 2.913573 0.000000 0.000000 0.000000 1.000000 0.000000 0.000000
2.000000 27.295803 10.318632 1.185618 2.861971 0.000000 0.000000 0.000000 1.000000 0.000000 0.000000
2.000000 27.302943 11.064117 1.021512 2.871751 0.000000 0.000000 0.000000 1.000000 0.000000 0.000000
2.000000 27.305870 10.209352 1.199885 2.819566 0.000000 0.000000 0.000000 1.000000 0.000000 0.000000
2.000000 27.308600 10.453204 1.080704 2.834357 0.000000 0.000000 0.000000 1.000000 0.000000 0.000000
2.000000 27.313018 10.982912 1.030517 2.829143 0.000000 0.000000 0.000000 1.000000 0.000000 0.000000
2.000000 27.315954 10.101839 1.215411 2.777383 0.000000 0.000000 0.000000 1.000000 0.000000 0.000000
2.000000 27.322963 10.853558 1.041065 2.790524 0.000000 0.000000 0.000000 1.000000 0.000000 0.000000
2.000000 27.325903 10.029596 1.213318 2.738745 0.000000 0.000000 0.000000 1.000000 0.000000 0.000000
2.000000 27.333014 10.765541 1.048118 2.751152 0.000000 0.000000 0.000000 1.000000 0.000000 0.000000
2.000000 27.336007 9.919386 1.225690 2.687091 0.000000 0.000000 0.000000 1.000000 0.000000 0.000000
2.000000 27.342936 10.648829 1.055550 2.708861 0.000000 0.000000 0.000000 1.000000 0.000000 0.000000
2.000000 27.345788 9.854056 1.222440 2.657856 0.000000 0.000000 0.000000 1.000000 0.000000 0.000000
2.000000 27.348620 10.077074 1.113627 2.662934 0.000000 0.000000 0.000000 1.000000 0.000000 0.000000
2.000000 27.353019 10.556281 1.066672 2.663579 0.000000 0.000000 0.000000 1.000000 0.000000 0.000000
2.000000 27.355841 9.741071 1.238201 2.610873 0.000000 0.000000 0.000000 1.000000 0.000000 0.000000
2.000000 27.362938 10.457914 1.067285 2.613038 0.000000 0.000000 0.000000 1.000000 0.000000 0.000000
2.000000 27.365807 9.669117 1.238650 2.573875 0.000000 0.000000 0.000000 1.000000 0.000000 0.000000
2.000000 27.368692 9.896027 1.129526 2.574508 0.000000 0.000000 0.000000 1.000000 0.000000 0.000000
2.000000 27.373021 10.342915 1.078068 2.576007 0.000000 0.000000 0.000000 1.000000 0.000000 0.000000
2.000000 27.375833 9.578294 1.239957 2.519390 0.000000 0.000000 0.000000 1.000000 0.000000 0.000000
2.000000 27.382956 10.251016 1.086454 2.526116 0.000000 0.000000 0.000000 1.000000 0.000000 0.000000
2.000000 27.385871 9.458783 1.254717 2.472425 0.000000 0.000000 0.000000 1.000000 0.000000 0.000000
2.000000 27.392940 10.157449 1.095398 2.479833 0.000000 0.000000 0.000000 1.000000 0.000000 0.000000
2.000000 27.395848 9.356276 1.265707 2.425781 0.000000 0.000000 0.000000 1.000000 0.000000 0.000000
2.000000 27.402886 10.064718 1.109731 2.427240 0.000000 0.000000 0.000000 1.000000 0.000000 0.000000
2.000000 27.405888 9.270822 1.276818 2.370033 0.000000 0.000000 0.000000 1.000000 0.000000 0.000000
2.000000 27.408743 9.519973 1.158378 2.380010 0.000000 0.000000 0.000000 1.000000 0.000000 0.000000
2.000000 27.413067 9.965597 1.112866 2.389630 0.000000 0.000000 0.000000 1.000000 0.000000 0.000000
2.000000 27.415846 9.219885 1.270581 2.330885 0.000000 0.000000 0.000000 1.000000 0.000000 0.000000
2.000000 27.418745 9.436978 1.170209 2.335961 0.000000 0.000000 0.000000 1.000000 0.000000 0.000000
2.000000 27.422959 9.869612 1.139795 2.337410 0.000000 0.000000 0.000000 1.000000 0.000000 0.000000
2.000000 27.425851 9.039907 1.314511 2.266428 0.000000 0.000000 0.000000 1.000000 0.000000 0.000000
2.000000 27.433011 9.784946 1.148402 2.277133 0.000000 0.000000 0.000000 1.000000 0.000000 0.000000
2.000000 27.435925 9.003484 1.318170 2.217947 0.000000 0.000000 0.000000 1.000000 0.000000 0.000000
2.000000 27.442943 9.671598 1.146851 2.234133 0.000000 0.000000 0.000000 1.000000 0.000000 0.000000
2.000000 27.445854 8.892118 1.313545 2.172631 0.000000 0.000000 0.000000 1.000000 0.000000 0.000000
2.000000 27.453091 9.581060 1.157454 2.179694 0.000000 0.000000 0.000000 1.000000 0.000000 0.000000
2.000000 27.455766 8.778514 1.328435 2.111462 0.000000 0.000000 0.000000 1.000000 0.000000 0.000000
2.000000 27.463006 9.498114 1.175701 2.118225 0.000000 0.000000 0.000000 1.000000 0.000000 0.000000
2.000000 27.465970 8.645604 1.356541 2.046252 0.000000 0.000000 0.000000 1.000000 0.000000 0.000000
2.000000 27.468814 8.957689 1.217069 2.071471 0.000000 0.000000 0.000000 1.000000 0.000000 0.000000
2.000000 27.473052 9.399821 1.183388 2.063106 0.000000 0.000000 0.000000 1.000000 0.000000 0.000000
2.000000 27.475822 8.568422 1.358745 1.989878 0.000000 0.000000 0.000000 1.000000 0.000000 0.000000
2.000000 27.483030 9.289361 1.182695 2.012051 0.000000 0.000000 0.000000 1.000000 0.000000 0.000000
2.000000 27.485853 8.558819 1.341180 1.944658 0.000000 0.000000 0.000000 1.000000 0.000000 0.000000
2.000000 27.488840 8.804611 1.233038 1.950916 0.000000 0.000000 0.000000 1.000000 0.000000 0.000000
2.000000 27.493057 9.190026 1.191180 1.954535 0.000000 0.000000 0.000000 1.000000 0.000000 0.000000
2.000000 27.495898 8.427558 1.353579 1.880681 0.000000 0.000000 0.000000 1.000000 0.000000 0.000000
2.000000 27.502990 9.089111 1.198127 1.896988 0.000000 0.000000 0.000000 1.000000 0.000000 0.000000
2.000000 27.505887 8.365013 1.351983 1.822199 0.000000 0.000000 0.000000 1.000000 0.000000 0.000000
2.000000 27.508961 8.614564 1.248630 1.842767 0.000000 0.000000 0.000000 1.000000 0.000000 0.000000
2.000000 27.513072 9.015518 1.212299 1.840890 0.000000 0.000000 0.000000 1.000000 0.000000 0.000000
2.000000 27.515942 8.223536 1.379306 1.757194 0.000000 0.000000 0.000000 1.000000 0.000000 0.000000
2.000000 27.522971 8.904564 1.214035 1.775975 0.000000 0.000000 0.000000 1.000000 0.000000 0.000000
2.000000 27.525898 8.150785 1.378429 1.704683 0.000000 0.000000 0.000000 1.000000 0.000000 0.000000
2.000000 27.533049 8.817353 1.225509 1.713528 0.000000 0.000000 0.000000 1.000000 0.000000 0.000000
2.000000 27.535832 8.047270 1.387814 1.630604 0.000000 0.000000 0.000000 1.000000 0.000000 0.000000
2.000000 27.543055 8.715912 1.234863 1.655885 0.000000 0.000000 0.000000 1.000000 0.000000 0.000000
2.000000 27.545914 7.987396 1.388990 1.575445 0.000000 0.000000 0.000000 1.000000 0.000000 0.000000
2.000000 27.553059 8.610181 1.232842 1.595461 0.000000 0.000000 0.000000 1.000000 0.000000 0.000000
2.000000 27.555923 7.950719 1.372823 1.516192 0.000000 0.000000 0.000000 1.000000 0.000000 0.000000
2.000000 27.563025 8.522199 1.246803 1.531284 0.000000 0.000000 0.000000 1.000000 0.000000 0.000000
2.000000 27.565839 7.820094 1.398568 1.449235 0.000000 0.000000 0.000000 1.000000 0.000000 0.000000
2.000000 27.573110 8.426386 1.258566 1.476031 0.000000 0.000000 0.000000 1.000000 0.000000 0.000000
2.000000 27.576037 7.725683 1.406579 1.388726 0.000000 0.000000 0.000000 1.000000 0.000000 0.000000
2.000000 27.583018 8.320848 1.264310 1.419455 0.000000 0.000000 0.000000 1.000000 0.000000 0.000000
2.000000 27.585930 7.659170 1.405527 1.328567 0.000000 0.000000 0.000000 1.000000 0.000000 0.000000
2.000000 27.593093 8.233070 1.271669 1.349162 0.000000 0.000000 0.000000 1.000000 0.000000 0.000000
2.000000 27.596002 7.596215 1.408009 1.268112 0.000000 0.000000 0.000000 1.000000 0.000000 0.000000
2.000000 27.603052 8.113844 1.271751 1.287790 0.000000 0.000000 0.000000 1.000000 0.000000 0.000000
2.000000 27.606084 7.560212 1.393597 1.211668 0.000000 0.000000 0.000000 1.000000 0.000000 0.000000
2.000000 27.613099 8.036260 1.285095 1.216940 0.000000 0.000000 0.000000 1.000000 0.000000 0.000000
2.000000 27.615915 7.399062 1.426394 1.135551 0.000000 0.000000 0.000000 1.000000 0.000000 0.000000
2.000000 27.623173 7.948673 1.288562 1.152590 0.000000 0.000000 0.000000 1.000000 0.000000 0.000000
2.000000 27.626057 7.352079 1.418063 1.069683 0.000000 0.000000 0.000000 1.000000 0.000000 0.000000
2.000000 27.633021 7.862626 1.306107 1.085080 0.000000 0.000000 0.000000 1.000000 0.000000 0.000000
2.000000 27.636069 7.193682 1.449606 0.984231 0.000000 0.000000 0.000000 1.000000 0.000000 0.000000
2.000000 27.643002 7.761607 1.313758 1.018494 0.000000 0.000000 0.000000 1.000000 0.000000 0.000000
2.000000 27.646111 7.142955 1.447248 0.927393 0.000000 0.000000 0.000000 1.000000 0.000000 0.000000
2.000000 27.648858 7.381415 1.364166 0.953685 0.000000 0.000000 0.000000 1.000000 0.000000 0.000000
2.000000 27.653060 7.669457 1.319250 0.944512 0.000000 0.000000 0.000000 1.000000 0.000000 0.000000
2.000000 27.656278 7.072675 1.449962 0.856341 0.000000 0.000000 0.000000 1.000000 0.000000 0.000000
2.000000 27.663092 7.565698 1.317860 0.873449 0.000000 0.000000 0.000000 1.000000 0.000000 0.000000
2.000000 27.665894 7.012442 1.440530 0.787933 0.000000 0.000000 0.000000 1.000000 0.000000 0.000000
2.000000 27.673117 7.492124 1.335349 0.803745 0.000000 0.000000 0.000000 1.000000 0.000000 0.000000
2.000000 27.676021 6.879989 1.469153 0.706874 0.000000 0.000000 0.000000 1.000000 0.000000 0.000000
2.000000 27.683120 7.391698 1.338105 0.734798 0.000000 0.000000 0.000000 1.000000 0.000000 0.000000
2.000000 27.686120 6.867762 1.456820 0.643590 0.000000 0.000000 0.000000 1.000000 0.000000 0.000000
2.000000 27.693176 7.303111 1.346311 0.656522 0.000000 0.000000 0.000000 1.000000 0.000000 0.000000
2.000000 27.696046 6.736339 1.471171 0.560629 0.000000 0.000000 0.000000 1.000000 0.000000 0.000000
2.000000 27.703103 7.206803 1.345353 0.579102 0.000000 0.000000 0.000000 1.000000 0.000000 0.000000
2.000000 27.706671 6.680427 1.459845 0.487899 0.000000 0.000000 0.000000 1.000000 0.000000 0.000000
2.000000 27.713169 7.128335 1.362151 0.504201 0.000000 0.000000 0.000000 1.000000 0.000000 0.000000
2.000000 27.716511 6.541189 1.490623 0.404711 0.000000 0.000000 0.000000 1.000000 0.000000 0.000000
2.000000 27.723105 7.028788 1.361698 0.431426 0.000000 0.000000 0.000000 1.000000 0.000000 0.000000
2.000000 27.726741 6.525769 1.473010 0.341634 0.000000 0.000000 0.000000 1.000000 0.000000 0.000000
2.000000 27.733123 6.931161 1.367582 0.354875 0.000000 0.000000 0.000000 1.000000 0.000000 0.000000
2.000000 27.736079 6.440499 1.476907 0.267141 0.000000 0.000000 0.000000 1.000000 0.000000 0.000000
2.000000 27.743111 6.836023 1.379544 0.279884 0.000000 0.000000 0.000000 1.000000 0.000000 0.000000
2.000000 27.746108 6.329596 1.493259 0.184845 0.000000 0.000000 0.000000 1.000000 0.000000 0.000000
2.000000 27.753112 6.759329 1.385966 0.201923 0.000000 0.000000 0.000000 1.000000 0.000000 0.000000
2.000000 27.755995 6.254438 1.500002 0.101960 0.000000 0.000000 0.000000 1.000000 0.000000 0.000000
2.000000 27.763063 6.683087 1.391180 0.169493 0.000000 0.000000 0.000000 1.000000 0.000000 0.000000
2.000000 27.765982 6.204181 1.505388 0.103983 0.000000 0.000000 0.000000 1.000000 0.000000 0.000000
2.000000 27.773175 6.627252 1.392351 0.229207 0.000000 0.000000 0.000000 1.000000 0.000000 0.000000
2.000000 27.776005 6.168602 1.500211 0.168970 0.000000 0.000000 0.000000 1.000000 0.000000 0.000000
2.000000 27.783124 6.569384 1.398195 0.287700 0.000000 0.000000 0.000000 1.000000 0.000000 0.000000
2.000000 27.786032 6.165092 1.496477 0.242179 0.000000 0.000000 0.000000 1.000000 0.000000 0.000000
2.000000 27.793254 6.506385 1.385459 0.345757 0.000000 0.000000 0.000000 1.000000 0.000000 0.000000
2.000000 27.795954 6.146754 1.471229 0.297689 0.000000 0.000000 0.000000 1.000000 0.000000 0.000000
2.000000 27.803123 6.464260 1.399460 0.403067 0.000000 0.000000 0.000000 1.000000 0.000000 0.000000
2.000000 27.806018 6.025510 1.501303 0.347492 0.000000 0.000000 0.000000 1.000000 0.000000 0.000000
2.000000 27.808953 6.235236 1.457184 0.400868 0.000000 0.000000 0.000000 1.000000 0.000000 0.000000
2.000000 27.813152 6.433855 1.406644 0.456136 0.000000 0.000000 0.000000 1.000000 0.000000 0.000000
2.000000 27.816013 5.945306 1.520261 0.395282 0.000000 0.000000 0.000000 1.000000 0.000000 0.000000
2.000000 27.823134 6.373200 1.413716 0.519815 0.000000 0.000000 0.000000 1.000000 0.000000 0.000000
2.000000 27.825976 5.897122 1.524865 0.458622 0.000000 0.000000 0.000000 1.000000 0.000000 0.000000
2.000000 27.828940 6.140740 1.463434 0.505771 0.000000 0.000000 0.000000 1.000000 0.000000 0.000000
2.000000 27.833146 6.316696 1.420893 0.572871 0.000000 0.000000 0.000000 1.000000 0.000000 0.000000
2.000000 27.836020 5.869003 1.525501 0.508525 0.000000 0.000000 0.000000 1.000000 0.000000 0.000000
2.000000 27.843148 6.274961 1.423916 0.624190 0.000000 0.000000 0.000000 1.000000 0.000000 0.000000
2.000000 27.846039 5.769243 1.538274 0.558290 0.000000 0.000000 0.000000 1.000000 0.000000 0.000000
2.000000 27.848965 6.027604 1.470419 0.607042 0.000000 0.000000 0.000000 1.000000 0.000000 0.000000
2.000000 27.853217 6.221028 1.427565 0.677876 0.000000 0.000000 0.000000 1.000000 0.000000 0.000000
2.000000 27.855988 5.728862 1.541117 0.618759 0.000000 0.000000 0.000000 1.000000 0.000000 0.000000
2.000000 27.863127 6.175634 1.431236 0.727681 0.000000 0.000000 0.000000 1.000000 0.000000 0.000000
2.000000 27.866033 5.674686 1.546841 0.666311 0.000000 0.000000 0.000000 1.000000 0.000000 0.000000
2.000000 27.873226 6.121580 1.435179 0.777459 0.000000 0.000000 0.000000 1.000000 0.000000 0.000000
2.000000 27.876014 5.622615 1.547671 0.714102 0.000000 0.000000 0.000000 1.000000 0.000000 0.000000
2.000000 27.883147 6.066069 1.437981 0.823763 0.000000 0.000000 0.000000 1.000000 0.000000 0.000000
2.000000 27.885991 5.583872 1.545964 0.761295 0.000000 0.000000 0.000000 1.000000 0.000000 0.000000
2.000000 27.893169 6.035964 1.452211 0.867129 0.000000 0.000000 0.000000 1.000000 0.000000 0.000000
2.000000 27.896051 5.497386 1.571265 0.803926 0.000000 0.000000 0.000000 1.000000 0.000000 0.000000
2.000000 27.903167 5.978968 1.455266 0.918176 0.000000 0.000000 0.000000 1.000000 0.000000 0.000000
2.000000 27.905989 5.446904 1.572941 0.854908 0.000000 0.000000 0.000000 1.000000 0.000000 0.000000
2.000000 27.913202 5.925319 1.454193 0.963684 0.000000 0.000000 0.000000 1.000000 0.000000 0.000000
2.000000 27.916004 5.454578 1.560429 0.911394 0.000000 0.000000 0.000000 1.000000 0.000000 0.000000
2.000000 27.923191 5.874504 1.462486 1.009295 0.000000 0.000000 0.000000 1.000000 0.000000 0.000000
2.000000 27.925982 5.355356 1.577303 0.947142 0.000000 0.000000 0.000000 1.000000 0.000000 0.000000
2.000000 27.933177 5.818519 1.459747 1.049684 0.000000 0.000000 0.000000 1.000000 0.000000 0.000000
2.000000 27.943286 5.781425 1.471094 1.075801 0.000000 0.000000 0.000000 1.000000 0.000000 0.000000
2.000000 27.946048 5.228616 1.590226 1.017063 0.000000 0.000000 0.000000 1.000000 0.000000 0.000000
2.000000 27.948992 5.487292 1.508989 1.049918 0.000000 0.000000 0.000000 1.000000 0.000000 0.000000
2.000000 27.953199 5.718587 1.465210 1.121320 0.000000 0.000000 0.000000 1.000000 0.000000 0.000000
2.000000 27.956029 5.243548 1.565777 1.058789 0.000000 0.000000 0.000000 1.000000 0.000000 0.000000
2.000000 27.963162 5.683043 1.472812 1.150456 0.000000 0.000000 0.000000 1.000000 0.000000 0.000000
2.000000 27.966123 5.152137 1.589059 1.093830 0.000000 0.000000 0.000000 1.000000 0.000000 0.000000
2.000000 27.973231 5.640875 1.484109 1.199754 0.000000 0.000000 0.000000 1.000000 0.000000 0.000000
2.000000 27.975972 5.091578 1.601329 1.136569 0.000000 0.000000 0.000000 1.000000 0.000000 0.000000
2.000000 27.979012 5.338812 1.523203 1.156726 0.000000 0.000000 0.000000 1.000000 0.000000 0.000000
2.000000 27.983191 5.584179 1.487942 1.233907 0.000000 0.000000 0.000000 1.000000 0.000000 0.000000
2.000000 27.986064 5.062002 1.598526 1.169187 0.000000 0.000000 0.000000 1.000000 0.000000 0.000000
2.000000 27.993412 5.531224 1.484016 1.273522 0.000000 0.000000 0.000000 1.000000 0.000000 0.000000
2.000000 27.996163 5.013361 1.593426 1.212921 0.000000 0.000000 0.000000 1.000000 0.000000 0.000000
2.000000 28.003326 5.473222 1.487906 1.306425 0.000000 0.000000 0.000000 1.000000 0.000000 0.000000
2.000000 28.006365 4.972129 1.593377 1.247073 0.000000 0.000000 0.000000 1.000000 0.000000 0.000000
2.000000 28.013380 5.432643 1.479634 1.339084 0.000000 0.000000 0.000000 1.000000 0.000000 0.000000
2.000000 28.015984 4.970830 1.580665 1.289673 0.000000 0.000000 0.000000 1.000000 0.000000 0.000000
2.000000 28.019027 5.124334 1.539199 1.290250 0.000000 0.000000 0.000000 1.000000 0.000000 0.000000
2.000000 28.023373 5.388671 1.500275 1.375368 0.000000 0.000000 0.000000 1.000000 0.000000 0.000000
2.000000 28.026327 4.836193 1.613969 1.311569 0.000000 0.000000 0.000000 1.000000 0.000000 0.000000
2.000000 28.029067 5.065583 1.537851 1.322244 0.000000 0.000000 0.000000 1.000000 0.000000 0.000000
2.000000 28.033278 5.319181 1.487099 1.410847 0.000000 0.000000 0.000000 1.000000 0.000000 0.000000
2.000000 28.036133 4.970746 1.566574 1.375367 0.000000 0.000000 0.000000 1.000000 0.000000 0.000000
2.000000 28.043275 5.289562 1.513807 1.436847 0.000000 0.000000 0.000000 1.000000 0.000000 0.000000
2.000000 28.046029 4.704518 1.634135 1.374649 0.000000 0.000000 0.000000 1.000000 0.000000 0.000000
2.000000 28.053217 5.230414 1.510773 1.461107 0.000000 0.000000 0.000000 1.000000 0.000000 0.000000
2.000000 28.056507 4.712462 1.617896 1.403913 0.000000 0.000000 0.000000 1.000000 0.000000 0.000000
2.000000 28.063204 5.185519 1.520354 1.489395 0.000000 0.000000 0.000000 1.000000 0.000000 0.000000
2.000000 28.066126 4.611273 1.641032 1.434908 0.000000 0.000000 0.000000 1.000000 0.000000 0.000000
2.000000 28.073326 5.134007 1.512107 1.514908 0.000000 0.000000 0.000000 1.000000 0.000000 0.000000
2.000000 28.076079 4.632239 1.616434 1.463398 0.000000 0.000000 0.000000 1.000000 0.000000 0.000000
2.000000 28.083202 5.094470 1.522193 1.546467 0.000000 0.000000 0.000000 1.000000 0.000000 0.000000
2.000000 28.086085 4.600603 1.628018 1.498166 0.000000 0.000000 0.000000 1.000000 0.000000 0.000000
2.000000 28.093288 5.050958 1.525546 1.571353 0.000000 0.000000 0.000000 1.000000 0.000000 0.000000
2.000000 28.095980 4.481659 1.643595 1.515036 0.000000 0.000000 0.000000 1.000000 0.000000 0.000000
2.000000 28.103155 5.019342 1.529849 1.600048 0.000000 0.000000 0.000000 1.000000 0.000000 0.000000
2.000000 28.106038 4.434219 1.649954 1.539995 0.000000 0.000000 0.000000 1.000000 0.000000 0.000000
2.000000 28.113247 4.941507 1.521159 1.624306 0.000000 0.000000 0.000000 1.000000 0.000000 0.000000
2.000000 28.116071 4.453086 1.623930 1.574321 0.000000 0.000000 0.000000 1.000000 0.000000 0.000000
2.000000 28.119117 4.604001 1.571853 1.552814 0.000000 0.000000 0.000000 1.000000 0.000000 0.000000
2.000000 28.123357 4.924463 1.533052 1.627033 0.000000 0.000000 0.000000 1.000000 0.000000 0.000000
2.000000 28.126412 4.336169 1.658113 1.585059 0.000000 0.000000 0.000000 1.000000 0.000000 0.000000
2.000000 28.136258 4.405185 1.616130 1.617383 0.000000 0.000000 0.000000 1.000000 0.000000 0.000000
2.000000 28.146107 4.336323 1.624976 1.634292 0.000000 0.000000 0.000000 1.000000 0.000000 0.000000
2.000000 28.156200 4.247080 1.645098 1.651870 0.000000 0.000000 0.000000 1.000000 0.000000 0.000000
2.000000 28.166139 4.134057 1.679989 1.667553 0.000000 0.000000 0.000000 1.000000 0.000000 0.000000
2.000000 28.176056 4.051497 1.692233 1.680695 0.000000 0.000000 0.000000 1.000000 0.000000 0.000000
2.000000 28.186295 4.260127 1.615684 1.711285 0.000000 0.000000 0.000000 1.000000 0.000000 0.000000
2.000000 28.189220 4.296943 1.604401 1.659741 0.000000 0.000000 0.000000 1.000000 0.000000 0.000000
2.000000 28.196136 4.103615 1.640647 1.724895 0.000000 0.000000 0.000000 1.000000 0.000000 0.000000
2.000000 28.206187 4.061293 1.643325 1.737665 0.000000 0.000000 0.000000 1.000000 0.000000 0.000000
2.000000 28.216153 3.992057 1.654821 1.743302 0.000000 0.000000 0.000000 1.000000 0.000000 0.000000
2.000000 28.226307 3.883078 1.677350 1.747149 0.000000 0.000000 0.000000 1.000000 0.000000 0.000000
2.000000 28.236219 3.928012 1.656132 1.764048 0.000000 0.000000 0.000000 1.000000 0.000000 0.000000
2.000000 28.246124 3.835768 1.666739 1.775553 0.000000 0.000000 0.000000 1.000000 0.000000 0.000000
2.000000 28.256243 3.725265 1.696062 1.777452 0.000000 0.000000 0.000000 1.000000 0.000000 0.000000
2.000000 28.259187 3.909555 1.621209 1.740112 0.000000 0.000000 0.000000 1.000000 0.000000 0.000000
2.000000 28.266389 3.753484 1.668759 1.787026 0.000000 0.000000 0.000000 1.000000 0.000000 0.000000
2.000000 28.276257 3.719482 1.667195 1.791626 0.000000 0.000000 0.000000 1.000000 0.000000 0.000000
2.000000 28.279086 3.820489 1.626720 1.744696 0.000000 0.000000 0.000000 1.000000 0.000000 0.000000
2.000000 28.286305 3.682187 1.686354 1.796837 0.000000 0.000000 0.000000 1.000000 0.000000 0.000000
2.000000 28.296235 3.601508 1.678174 1.804553 0.000000 0.000000 0.000000 1.000000 0.000000 0.000000
2.000000 28.299095 3.708150 1.633137 1.758808 0.000000 0.000000 0.000000 1.000000 0.000000 0.000000
2.000000 28.306317 3.581901 1.670524 1.808269 0.000000 0.000000 0.000000 1.000000 0.000000 0.000000
2.000000 28.309133 3.659902 1.636440 1.757314 0.000000 0.000000 0.000000 1.000000 0.000000 0.000000
2.000000 28.316240 3.536851 1.675943 1.811226 0.000000 0.000000 0.000000 1.000000 0.000000 0.000000
2.000000 28.319143 3.613306 1.642643 1.759319 0.000000 0.000000 0.000000 1.000000 0.000000 0.000000
2.000000 28.326432 3.487138 1.682862 1.810367 0.000000 0.000000 0.000000 1.000000 0.000000 0.000000
2.000000 28.329198 3.578646 1.642270 1.757583 0.000000 0.000000 0.000000 1.000000 0.000000 0.000000
2.000000 28.336180 3.521650 1.669437 1.810491 0.000000 0.000000 0.000000 1.000000 0.000000 0.000000
2.000000 28.339094 3.562560 1.648363 1.743960 0.000000 0.000000 0.000000 1.000000 0.000000 0.000000
2.000000 28.346368 3.387126 1.689759 1.807746 0.000000 0.000000 0.000000 1.000000 0.000000 0.000000
2.000000 28.349197 3.476205 1.649176 1.752834 0.000000 0.000000 0.000000 1.000000 0.000000 0.000000
2.000000 28.356280 3.375536 1.680560 1.809374 0.000000 0.000000 0.000000 1.000000 0.000000 0.000000
2.000000 28.359118 3.430416 1.653256 1.750161 0.000000 0.000000 0.000000 1.000000 0.000000 0.000000
2.000000 28.366312 3.217747 1.730244 1.790236 0.000000 0.000000 0.000000 1.000000 0.000000 0.000000
2.000000 28.369142 3.383794 1.659943 1.745550 0.000000 0.000000 0.000000 1.000000 0.000000 0.000000
2.000000 28.376349 3.281612 1.689885 1.790827 0.000000 0.000000 0.000000 1.000000 0.000000 0.000000
2.000000 28.379151 3.352941 1.658496 1.731800 0.000000 0.000000 0.000000 1.000000 0.000000 0.000000
2.000000 28.386348 3.301403 1.682524 1.784238 0.000000 0.000000 0.000000 1.000000 0.000000 0.000000
2.000000 28.389130 3.336525 1.664300 1.714233 0.000000 0.000000 0.000000 1.000000 0.000000 0.000000
2.000000 28.396396 3.093288 1.733857 1.772720 0.000000 0.000000 0.000000 1.000000 0.000000 0.000000
2.000000 28.399140 3.251415 1.666046 1.721988 0.000000 0.000000 0.000000 1.000000 0.000000 0.000000
2.000000 28.406343 3.121467 1.705794 1.772753 0.000000 0.000000 0.000000 1.000000 0.000000 0.000000
2.000000 28.409189 3.199431 1.671125 1.714604 0.000000 0.000000 0.000000 1.000000 0.000000 0.000000
2.000000 28.416410 3.096753 1.701647 1.762801 0.000000 0.000000 0.000000 1.000000 0.000000 0.000000
2.000000 28.419184 3.165264 1.671095 1.703443 0.000000 0.000000 0.000000 1.000000 0.000000 0.000000
2.000000 28.426308 3.013406 1.718939 1.753355 0.000000 0.000000 0.000000 1.000000 0.000000 0.000000
2.000000 28.429162 3.115397 1.672877 1.692462 0.000000 0.000000 0.000000 1.000000 0.000000 0.000000
2.000000 28.436224 3.025587 1.706211 1.739962 0.000000 0.000000 0.000000 1.000000 0.000000 0.000000
2.000000 28.439211 3.086905 1.676760 1.674666 0.000000 0.000000 0.000000 1.000000 0.000000 0.000000
2.000000 28.446367 2.948665 1.714038 1.725547 0.000000 0.000000 0.000000 1.000000 0.000000 0.000000
2.000000 28.449158 3.025412 1.681114 1.666993 0.000000 0.000000 0.000000 1.000000 0.000000 0.000000
2.000000 28.456271 2.900049 1.723750 1.713180 0.000000 0.000000 0.000000 1.000000 0.000000 0.000000
2.000000 28.459180 2.990417 1.683034 1.654216 0.000000 0.000000 0.000000 1.000000 0.000000 0.000000
2.000000 28.466394 2.816697 1.741701 1.688820 0.000000 0.000000 0.000000 1.000000 0.000000 0.000000
2.000000 28.469234 2.944675 1.688398 1.637810 0.000000 0.000000 0.000000 1.000000 0.000000 0.000000
2.000000 28.476289 2.760416 1.749191 1.670496 0.000000 0.000000 0.000000 1.000000 0.000000 0.000000
2.000000 28.479231 2.907909 1.688923 1.618048 0.000000 0.000000 0.000000 1.000000 0.000000 0.000000
2.000000 28.486306 2.882331 1.702330 1.674537 0.000000 0.000000 0.000000 1.000000 0.000000 0.000000
2.000000 28.489416 2.881465 1.696083 1.598618 0.000000 0.000000 0.000000 1.000000 0.000000 0.000000
2.000000 28.496243 2.746742 1.727942 1.644412 0.000000 0.000000 0.000000 1.000000 0.000000 0.000000
2.000000 28.499400 2.818217 1.696134 1.583783 0.000000 0.000000 0.000000 1.000000 0.000000 0.000000
2.000000 28.506271 2.717592 1.725646 1.629009 0.000000 0.000000 0.000000 1.000000 0.000000 0.000000
2.000000 28.509557 2.780554 1.697147 1.561926 0.000000 0.000000 0.000000 1.000000 0.000000 0.000000
2.000000 28.516201 2.657478 1.733224 1.610942 0.000000 0.000000 0.000000 1.000000 0.000000 0.000000
2.000000 28.519395 2.730765 1.700726 1.547791 0.000000 0.000000 0.000000 1.000000 0.000000 0.000000
2.000000 28.526330 2.658393 1.724572 1.595205 0.000000 0.000000 0.000000 1.000000 0.000000 0.000000
2.000000 28.529575 2.694023 1.705635 1.523904 0.000000 0.000000 0.000000 1.000000 0.000000 0.000000
2.000000 28.536272 2.665642 1.727331 1.566116 0.000000 0.000000 0.000000 1.000000 0.000000 0.000000
2.000000 28.539278 2.677899 1.717057 1.491711 0.000000 0.000000 0.000000 1.000000 0.000000 0.000000
2.000000 28.546362 2.523051 1.738006 1.541858 0.000000 0.000000 0.000000 1.000000 0.000000 0.000000
2.000000 28.549366 2.595492 1.707830 1.484083 0.000000 0.000000 0.000000 1.000000 0.000000 0.000000
2.000000 28.556226 2.541151 1.722001 1.527482 0.000000 0.000000 0.000000 1.000000 0.000000 0.000000
2.000000 28.559348 2.557292 1.713165 1.457498 0.000000 0.000000 0.000000 1.000000 0.000000 0.000000
2.000000 28.566319 2.417954 1.754645 1.491195 0.000000 0.000000 0.000000 1.000000 0.000000 0.000000
2.000000 28.569520 2.511973 1.717010 1.434320 0.000000 0.000000 0.000000 1.000000 0.000000 0.000000
2.000000 28.576388 2.440613 1.731437 1.472781 0.000000 0.000000 0.000000 1.000000 0.000000 0.000000
2.000000 28.579275 2.473471 1.718248 1.408418 0.000000 0.000000 0.000000 1.000000 0.000000 0.000000
2.000000 28.586406 2.488588 1.714644 1.453134 0.000000 0.000000 0.000000 1.000000 0.000000 0.000000
2.000000 28.589349 2.454768 1.725187 1.375177 0.000000 0.000000 0.000000 1.000000 0.000000 0.000000
2.000000 28.596329 2.272389 1.771351 1.411924 0.000000 0.000000 0.000000 1.000000 0.000000 0.000000
2.000000 28.599344 2.386853 1.725590 1.355191 0.000000 0.000000 0.000000 1.000000 0.000000 0.000000
2.000000 28.606402 2.174474 1.803024 1.370306 0.000000 0.000000 0.000000 1.000000 0.000000 0.000000
2.000000 28.609346 2.360635 1.730911 1.324297 0.000000 0.000000 0.000000 1.000000 0.000000 0.000000
2.000000 28.616239 2.172930 1.781710 1.341876 0.000000 0.000000 0.000000 1.000000 0.000000 0.000000
2.000000 28.619345 2.311268 1.731961 1.292597 0.000000 0.000000 0.000000 1.000000 0.000000 0.000000
2.000000 28.626482 2.083880 1.800070 1.299069 0.000000 0.000000 0.000000 1.000000 0.000000 0.000000
2.000000 28.629344 2.277595 1.730748 1.255804 0.000000 0.000000 0.000000 1.000000 0.000000 0.000000
2.000000 28.636264 2.079060 1.795298 1.276824 0.000000 0.000000 0.000000 1.000000 0.000000 0.000000
2.000000 28.639301 2.235470 1.734373 1.227310 0.000000 0.000000 0.000000 1.000000 0.000000 0.000000
2.000000 28.646381 2.057605 1.784752 1.238628 0.000000 0.000000 0.000000 1.000000 0.000000 0.000000
2.000000 28.649392 2.199291 1.735865 1.190072 0.000000 0.000000 0.000000 1.000000 0.000000 0.000000
2.000000 28.656230 1.952431 1.804908 1.195290 0.000000 0.000000 0.000000 1.000000 0.000000 0.000000
2.000000 28.659367 2.162784 1.732699 1.162379 0.000000 0.000000 0.000000 1.000000 0.000000 0.000000
2.000000 28.666337 2.079476 1.751074 1.177478 0.000000 0.000000 0.000000 1.000000 0.000000 0.000000
2.000000 28.669611 2.132730 1.739935 1.127662 0.000000 0.000000 0.000000 1.000000 0.000000 0.000000
2.000000 28.676289 1.948646 1.788681 1.136156 0.000000 0.000000 0.000000 1.000000 0.000000 0.000000
2.000000 28.679451 2.089375 1.743490 1.093696 0.000000 0.000000 0.000000 1.000000 0.000000 0.000000
2.000000 28.686378 2.085124 1.741580 1.109298 0.000000 0.000000 0.000000 1.000000 0.000000 0.000000
2.000000 28.689553 2.078226 1.749422 1.044313 0.000000 0.000000 0.000000 1.000000 0.000000 0.000000
2.000000 28.696344 1.937288 1.763723 1.062466 0.000000 0.000000 0.000000 1.000000 0.000000 0.000000
2.000000 28.699482 2.010636 1.744163 1.013099 0.000000 0.000000 0.000000 1.000000 0.000000 0.000000
2.000000 28.706403 1.872134 1.772935 1.016952 0.000000 0.000000 0.000000 1.000000 0.000000 0.000000
2.000000 28.709573 1.964402 1.749570 0.973031 0.000000 0.000000 0.000000 1.000000 0.000000 0.000000
2.000000 28.716344 1.789499 1.785750 0.968671 0.000000 0.000000 0.000000 1.000000 0.000000 0.000000
2.000000 28.719482 1.952972 1.745231 0.945320 0.000000 0.000000 0.000000 1.000000 0.000000 0.000000
2.000000 28.726444 1.763815 1.789098 0.933006 0.000000 0.000000 0.000000 1.000000 0.000000 0.000000
2.000000 28.736346 1.734313 1.788782 0.891992 0.000000 0.000000 0.000000 1.000000 0.000000 0.000000
2.000000 28.746442 1.661952 1.795251 0.847262 0.000000 0.000000 0.000000 1.000000 0.000000 0.000000
2.000000 28.756315 1.678560 1.775075 0.809102 0.000000 0.000000 0.000000 1.000000 0.000000 0.000000
2.000000 28.763522 1.571870 1.807935 0.766657 0.000000 0.000000 0.000000 1.000000 0.000000 0.000000
2.000000 28.766428 1.571841 1.805409 0.749206 0.000000 0.000000 0.000000 1.000000 0.000000 0.000000
2.000000 28.773515 1.620633 1.783081 0.736907 0.000000 0.000000 0.000000 1.000000 0.000000 0.000000
2.000000 28.776350 1.579851 1.786050 0.708567 0.000000 0.000000 0.000000 1.000000 0.000000 0.000000
2.000000 28.783660 1.514340 1.806300 0.681679 0.000000 0.000000 0.000000 1.000000 0.000000 0.000000
2.000000 28.786492 1.474436 1.810401 0.660329 0.000000 0.000000 0.000000 1.000000 0.000000 0.000000
2.000000 28.793525 1.436276 1.820844 0.637326 0.000000 0.000000 0.000000 1.000000 0.000000 0.000000
2.000000 28.796322 1.426574 1.818280 0.608072 0.000000 0.000000 0.000000 1.000000 0.000000 0.000000
2.000000 28.803616 1.462775 1.800096 0.594219 0.000000 0.000000 0.000000 1.000000 0.000000 0.000000
2.000000 28.806491 1.494940 1.790288 0.573529 0.000000 0.000000 0.000000 1.000000 0.000000 0.000000
2.000000 28.813460 1.507049 1.777601 0.544033 0.000000 0.000000 0.000000 1.000000 0.000000 0.000000
2.000000 28.816351 1.523781 1.771970 0.527522 0.000000 0.000000 0.000000 1.000000 0.000000 0.000000
2.000000 28.823467 1.364376 1.826521 0.483810 0.000000 0.000000 0.000000 1.000000 0.000000 0.000000
2.000000 28.836329 1.410828 1.798186 0.426680 0.000000 0.000000 0.000000 1.000000 0.000000 0.000000
2.000000 28.843605 1.395576 1.799172 0.407956 0.000000 0.000000 0.000000 1.000000 0.000000 0.000000
2.000000 28.846468 1.332878 1.807293 0.386376 0.000000 0.000000 0.000000 1.000000 0.000000 0.000000
2.000000 28.853521 1.296674 1.814839 0.355507 0.000000 0.000000 0.000000 1.000000 0.000000 0.000000
2.000000 28.856375 1.179617 1.830070 0.307942 0.000000 0.000000 0.000000 1.000000 0.000000 0.000000
2.000000 28.863553 1.136586 1.839780 0.272686 0.000000 0.000000 0.000000 1.000000 0.000000 0.000000
2.000000 28.866467 1.199956 1.827325 0.260468 0.000000 0.000000 0.000000 1.000000 0.000000 0.000000
2.000000 28.873609 1.237645 1.809205 0.244778 0.000000 0.000000 0.000000 1.000000 0.000000 0.000000
2.000000 28.876379 1.094568 1.829919 0.199238 0.000000 0.000000 0.000000 1.000000 0.000000 0.000000
2.000000 28.883556 0.996110 1.862450 0.166281 0.000000 0.000000 0.000000 1.000000 0.000000 0.000000
2.000000 28.886551 1.100551 1.844827 0.172817 0.000000 0.000000 0.000000 1.000000 0.000000 0.000000
2.000000 28.893630 1.202286 1.815914 0.217943 0.000000 0.000000 0.000000 1.000000 0.000000 0.000000
2.000000 28.896386 1.040524 1.847156 0.225770 0.000000 0.000000 0.000000 1.000000 0.000000 0.000000
2.000000 28.903608 1.178338 1.802015 0.266544 0.000000 0.000000 0.000000 1.000000 0.000000 0.000000
2.000000 28.906543 1.113146 1.815161 0.274592 0.000000 0.000000 0.000000 1.000000 0.000000 0.000000
2.000000 28.913534 1.082233 1.832008 0.292906 0.000000 0.000000 0.000000 1.000000 0.000000 0.000000
2.000000 28.916411 1.003987 1.847944 0.307712 0.000000 0.000000 0.000000 1.000000 0.000000 0.000000
2.000000 28.923606 1.108586 1.815274 0.345073 0.000000 0.000000 0.000000 1.000000 0.000000 0.000000
2.000000 28.926511 1.026517 1.831404 0.354532 0.000000 0.000000 0.000000 1.000000 0.000000 0.000000
2.000000 28.933621 1.146776 1.791513 0.387243 0.000000 0.000000 0.000000 1.000000 0.000000 0.000000
2.000000 28.946554 1.009863 1.811448 0.432912 0.000000 0.000000 0.000000 1.000000 0.000000 0.000000
2.000000 28.953621 1.060016 1.799196 0.462975 0.000000 0.000000 0.000000 1.000000 0.000000 0.000000
2.000000 28.956447 0.951298 1.819603 0.465805 0.000000 0.000000 0.000000 1.000000 0.000000 0.000000
2.000000 28.963597 0.960773 1.820710 0.485958 0.000000 0.000000 0.000000 1.000000 0.000000 0.000000
2.000000 28.966438 0.713939 1.863719 0.473498 0.000000 0.000000 0.000000 1.000000 0.000000 0.000000
2.000000 28.973619 0.667989 1.882567 0.484662 0.000000 0.000000 0.000000 1.000000 0.000000 0.000000
2.000000 28.976510 0.596910 1.894502 0.494290 0.000000 0.000000 0.000000 1.000000 0.000000 0.000000
2.000000 28.983598 0.651797 1.877626 0.521991 0.000000 0.000000 0.000000 1.000000 0.000000 0.000000
2.000000 28.986559 0.746449 1.862324 0.560909 0.000000 0.000000 0.000000 1.000000 0.000000 0.000000
2.000000 28.993671 0.810629 1.843509 0.594110 0.000000 0.000000 0.000000 1.000000 0.000000 0.000000
2.000000 28.996475 0.604153 1.878564 0.589611 0.000000 0.000000 0.000000 1.000000 0.000000 0.000000
2.000000 29.003615 0.576025 1.890462 0.603749 0.000000 0.000000 0.000000 1.000000 0.000000 0.000000
2.000000 29.006595 0.518069 1.899968 0.605231 0.000000 0.000000 0.000000 1.000000 0.000000 0.000000
2.000000 29.013621 0.557937 1.888209 0.630848 0.000000 0.000000 0.000000 1.000000 0.000000 0.000000
2.000000 29.016538 0.475718 1.901580 0.639449 0.000000 0.000000 0.000000 1.000000 0.000000 0.000000
2.000000 29.023614 0.514752 1.889421 0.660812 0.000000 0.000000 0.000000 1.000000 0.000000 0.000000
2.000000 29.026645 0.407851 1.906352 0.668571 0.000000 0.000000 0.000000 1.000000 0.000000 0.000000
2.000000 29.033651 0.443443 1.895547 0.696897 0.000000 0.000000 0.000000 1.000000 0.000000 0.000000
2.000000 29.046695 0.280213 1.926723 0.724460 0.000000 0.000000 0.000000 1.000000 0.000000 0.000000
2.000000 29.053660 0.295605 1.921863 0.742630 0.000000 0.000000 0.000000 1.000000 0.000000 0.000000
2.000000 29.056537 0.257056 1.926501 0.754979 0.000000 0.000000 0.000000 1.000000 0.000000 0.000000
2.000000 29.063642 0.293195 1.914437 0.778135 0.000000 0.000000 0.000000 1.000000 0.000000 0.000000
2.000000 29.066724 0.415924 1.892483 0.806861 0.000000 0.000000 0.000000 1.000000 0.000000 0.000000
2.000000 29.073688 0.489252 1.868463 0.831782 0.000000 0.000000 0.000000 1.000000 0.000000 0.000000
2.000000 29.076510 0.217567 1.913052 0.817034 0.000000 0.000000 0.000000 1.000000 0.000000 0.000000
2.000000 29.083692 0.203492 1.918158 0.833537 0.000000 0.000000 0.000000 1.000000 0.000000 0.000000
2.000000 29.086584 0.194149 1.917923 0.846054 0.000000 0.000000 0.000000 1.000000 0.000000 0.000000
2.000000 29.093642 0.205875 1.914043 0.863145 0.000000 0.000000 0.000000 1.000000 0.000000 0.000000
2.000000 29.096500 0.295239 1.897350 0.886977 0.000000 0.000000 0.000000 1.000000 0.000000 0.000000
2.000000 29.103726 0.262868 1.909097 0.895474 0.000000 0.000000 0.000000 1.000000 0.000000 0.000000
2.000000 29.106651 0.118377 1.931893 0.891204 0.000000 0.000000 0.000000 1.000000 0.000000 0.000000
2.000000 29.113670 0.171134 1.913533 0.908765 0.000000 0.000000 0.000000 1.000000 0.000000 0.000000
2.000000 29.116538 0.141667 1.916175 0.921792 0.000000 0.000000 0.000000 1.000000 0.000000 0.000000
2.000000 29.123622 0.013359 1.960390 0.921944 0.000000 0.000000 0.000000 1.000000 0.000000 0.000000
2.000000 29.126648 -0.020824 1.962800 0.935285 0.000000 0.000000 0.000000 1.000000 0.000000 0.000000
2.000000 29.133685 0.048822 1.937855 0.956309 0.000000 0.000000 0.000000 1.000000 0.000000 0.000000
2.000000 29.136696 0.097902 1.928593 0.968587 0.000000 0.000000 0.000000 1.000000 0.000000 0.000000
2.000000 29.143691 0.175721 1.901501 0.988855 0.000000 0.000000 0.000000 1.000000 0.000000 0.000000
2.000000 29.146651 0.020130 1.925646 0.982886 0.000000 0.000000 0.000000 1.000000 0.000000 0.000000
2.000000 29.153661 -0.080614 1.960103 0.980829 0.000000 0.000000 0.000000 1.000000 0.000000 0.000000
2.000000 29.156538 -0.062709 1.955365 0.991335 0.000000 0.000000 0.000000 1.000000 0.000000 0.000000
2.000000 29.163675 0.150950 1.880884 1.028754 0.000000 0.000000 0.000000 1.000000 0.000000 0.000000
2.000000 29.166643 -0.051925 1.913613 1.012499 0.000000 0.000000 0.000000 1.000000 0.000000 0.000000
2.000000 29.173708 -0.216611 1.969985 0.999473 0.000000 0.000000 0.000000 1.000000 0.000000 0.000000
2.000000 29.176587 -0.240363 1.972197 1.003344 0.000000 0.000000 0.000000 1.000000 0.000000 0.000000
2.000000 29.183696 -0.270696 1.980668 1.014860 0.000000 0.000000 0.000000 1.000000 0.000000 0.000000
2.000000 29.186661 -0.285542 1.981286 1.019491 0.000000 0.000000 0.000000 1.000000 0.000000 0.000000
2.000000 29.193905 -0.274872 1.976438 1.028982 0.000000 0.000000 0.000000 1.000000 0.000000 0.000000
2.000000 29.196565 -0.218004 1.963048 1.049251 0.000000 0.000000 0.000000 1.000000 0.000000 0.000000
2.000000 29.203984 -0.239513 1.969518 1.054776 0.000000 0.000000 0.000000 1.000000 0.000000 0.000000
2.000000 29.206803 -0.405635 1.993954 1.046599 0.000000 0.000000 0.000000 1.000000 0.000000 0.000000
2.000000 29.213905 -0.499815 2.022311 1.057165 0.000000 0.000000 0.000000 1.000000 0.000000 0.000000
2.000000 29.216640 -0.622846 2.046433 1.035575 0.000000 0.000000 0.000000 1.000000 0.000000 0.000000
2.000000 29.224010 -0.523860 2.014204 1.041181 0.000000 0.000000 0.000000 1.000000 0.000000 0.000000
2.000000 29.226676 -0.488280 2.002268 1.061300 0.000000 0.000000 0.000000 1.000000 0.000000 0.000000
2.000000 29.233893 -0.456284 1.989411 1.074226 0.000000 0.000000 0.000000 1.000000 0.000000 0.000000
2.000000 29.236583 -0.686396 2.025392 1.053587 0.000000 0.000000 0.000000 1.000000 0.000000 0.000000
2.000000 29.243833 -0.736731 2.041946 1.050889 0.000000 0.000000 0.000000 1.000000 0.000000 0.000000
2.000000 29.246661 -0.474637 1.994888 1.091687 0.000000 0.000000 0.000000 1.000000 0.000000 0.000000
2.000000 29.253903 -0.504801 2.003536 1.097467 0.000000 0.000000 0.000000 1.000000 0.000000 0.000000
2.000000 29.256630 -0.616040 2.019238 1.092123 0.000000 0.000000 0.000000 1.000000 0.000000 0.000000
2.000000 29.264234 -0.635544 2.025188 1.093454 0.000000 0.000000 0.000000 1.000000 0.000000 0.000000
2.000000 29.266649 -0.736672 2.041135 1.083418 0.000000 0.000000 0.000000 1.000000 0.000000 0.000000
2.000000 29.274113 -0.667113 2.016785 1.092249 0.000000 0.000000 0.000000 1.000000 0.000000 0.000000
2.000000 29.276598 -0.715014 2.024206 1.087783 0.000000 0.000000 0.000000 1.000000 0.000000 0.000000
2.000000 29.283897 -0.741764 2.031916 1.090597 0.000000 0.000000 0.000000 1.000000 0.000000 0.000000
2.000000 29.286725 -0.715238 2.026687 1.095770 0.000000 0.000000 0.000000 1.000000 0.000000 0.000000
2.000000 29.293841 -0.677158 2.011948 1.106223 0.000000 0.000000 0.000000 1.000000 0.000000 0.000000
2.000000 29.296649 -0.333915 1.955087 1.143705 0.000000 0.000000 0.000000 1.000000 0.000000 0.000000
2.000000 29.303877 -0.314828 1.947865 1.150626 0.000000 0.000000 0.000000 1.000000 0.000000 0.000000
2.000000 29.306734 -0.892955 2.042089 1.090762 0.000000 0.000000 0.000000 1.000000 0.000000 0.000000
2.000000 29.313762 -0.898923 2.044357 1.089440 0.000000 0.000000 0.000000 1.000000 0.000000 0.000000
2.000000 29.316596 -0.931639 2.047154 1.091115 0.000000 0.000000 0.000000 1.000000 0.000000 0.000000
2.000000 29.324034 -0.965974 2.057978 1.090482 0.000000 0.000000 0.000000 1.000000 0.000000 0.000000
2.000000 29.326700 -1.004568 2.065346 1.083796 0.000000 0.000000 0.000000 1.000000 0.000000 0.000000
2.000000 29.333756 -0.968279 2.052717 1.088162 0.000000 0.000000 0.000000 1.000000 0.000000 0.000000
2.000000 29.336846 -1.076892 2.081475 1.056160 0.000000 0.000000 0.000000 1.000000 0.000000 0.000000
2.000000 29.343707 -1.182505 2.117235 1.045028 0.000000 0.000000 0.000000 1.000000 0.000000 0.000000
2.000000 29.346755 -1.132226 2.091968 1.081547 0.000000 0.000000 0.000000 1.000000 0.000000 0.000000
2.000000 29.353824 -1.078745 2.072011 1.091479 0.000000 0.000000 0.000000 1.000000 0.000000 0.000000
2.000000 29.356726 -1.059535 2.071816 1.087788 0.000000 0.000000 0.000000 1.000000 0.000000 0.000000
2.000000 29.363887 -1.075768 2.078587 1.082771 0.000000 0.000000 0.000000 1.000000 0.000000 0.000000
2.000000 29.366730 -1.242553 2.101840 1.070582 0.000000 0.000000 0.000000 1.000000 0.000000 0.000000
2.000000 29.373931 -1.158977 2.072841 1.079707 0.000000 0.000000 0.000000 1.000000 0.000000 0.000000
2.000000 29.376671 -1.198939 2.084218 1.065192 0.000000 0.000000 0.000000 1.000000 0.000000 0.000000
2.000000 29.383989 -1.222734 2.094056 1.058477 0.000000 0.000000 0.000000 1.000000 0.000000 0.000000
2.000000 29.386783 -1.017519 2.063792 1.076707 0.000000 0.000000 0.000000 1.000000 0.000000 0.000000
2.000000 29.393918 -0.887461 2.019884 1.088645 0.000000 0.000000 0.000000 1.000000 0.000000 0.000000
2.000000 29.396683 -1.244725 2.075831 1.050368 0.000000 0.000000 0.000000 1.000000 0.000000 0.000000
2.000000 29.403865 -1.326998 2.104176 1.041612 0.000000 0.000000 0.000000 1.000000 0.000000 0.000000
2.000000 29.406803 -0.835194 2.029086 1.089745 0.000000 0.000000 0.000000 1.000000 0.000000 0.000000
2.000000 29.413955 -0.710859 1.988564 1.096546 0.000000 0.000000 0.000000 1.000000 0.000000 0.000000
2.000000 29.416569 -1.313403 2.080086 1.037699 0.000000 0.000000 0.000000 1.000000 0.000000 0.000000
2.000000 29.423967 -1.449864 2.126418 1.025381 0.000000 0.000000 0.000000 1.000000 0.000000 0.000000
2.000000 29.426775 -1.531536 2.145212 1.005121 0.000000 0.000000 0.000000 1.000000 0.000000 0.000000
2.000000 29.433803 -1.329000 2.079743 1.016483 0.000000 0.000000 0.000000 1.000000 0.000000 0.000000
2.000000 29.436661 -1.177308 2.061565 1.023118 0.000000 0.000000 0.000000 1.000000 0.000000 0.000000
2.000000 29.443941 -1.192282 2.066682 1.021549 0.000000 0.000000 0.000000 1.000000 0.000000 0.000000
2.000000 29.446908 -1.499394 2.112205 0.991137 0.000000 0.000000 0.000000 1.000000 0.000000 0.000000
2.000000 29.453785 -1.489714 2.113598 0.980915 0.000000 0.000000 0.000000 1.000000 0.000000 0.000000
2.000000 29.456877 -1.587794 2.134021 0.959670 0.000000 0.000000 0.000000 1.000000 0.000000 0.000000
2.000000 29.463930 -1.545063 2.120094 0.962419 0.000000 0.000000 0.000000 1.000000 0.000000 0.000000
2.000000 29.466941 -1.576985 2.124598 0.959500 0.000000 0.000000 0.000000 1.000000 0.000000 0.000000
2.000000 29.473795 -1.525761 2.112126 0.952195 0.000000 0.000000 0.000000 1.000000 0.000000 0.000000
2.000000 29.476746 -1.610775 2.130786 0.931234 0.000000 0.000000 0.000000 1.000000 0.000000 0.000000
2.000000 29.483894 -1.560766 2.113382 0.936940 0.000000 0.000000 0.000000 1.000000 0.000000 0.000000
2.000000 29.486706 -1.482573 2.107753 0.934758 0.000000 0.000000 0.000000 1.000000 0.000000 0.000000
2.000000 29.493841 -1.326602 2.058465 0.941935 0.000000 0.000000 0.000000 1.000000 0.000000 0.000000
2.000000 29.496639 -1.628977 2.109439 0.898953 0.000000 0.000000 0.000000 1.000000 0.000000 0.000000
2.000000 29.503888 -1.586820 2.097456 0.898259 0.000000 0.000000 0.000000 1.000000 0.000000 0.000000
2.000000 29.506689 -1.366960 2.073344 0.907846 0.000000 0.000000 0.000000 1.000000 0.000000 0.000000
2.000000 29.513797 -1.243609 2.036466 0.910186 0.000000 0.000000 0.000000 1.000000 0.000000 0.000000
2.000000 29.516675 -1.696544 2.106359 0.856609 0.000000 0.000000 0.000000 1.000000 0.000000 0.000000
2.000000 29.523915 -1.600545 2.081764 0.848416 0.000000 0.000000 0.000000 1.000000 0.000000 0.000000
2.000000 29.526928 -1.682013 2.099725 0.827979 0.000000 0.000000 0.000000 1.000000 0.000000 0.000000
2.000000 29.533872 -1.679198 2.100317 0.824849 0.000000 0.000000 0.000000 1.000000 0.000000 0.000000
2.000000 29.536828 -1.895032 2.144963 0.779317 0.000000 0.000000 0.000000 1.000000 0.000000 0.000000
2.000000 29.543987 -1.811050 2.120462 0.780681 0.000000 0.000000 0.000000 1.000000 0.000000 0.000000
2.000000 29.546945 -1.791628 2.118005 0.782256 0.000000 0.000000 0.000000 1.000000 0.000000 0.000000
2.000000 29.553830 -1.750238 2.106357 0.781779 0.000000 0.000000 0.000000 1.000000 0.000000 0.000000
2.000000 29.556847 -1.883187 2.129721 0.760306 0.000000 0.000000 0.000000 1.000000 0.000000 0.000000
2.000000 29.564080 -1.760816 2.095017 0.758809 0.000000 0.000000 0.000000 1.000000 0.000000 0.000000
2.000000 29.566965 -1.865677 2.120178 0.729879 0.000000 0.000000 0.000000 1.000000 0.000000 0.000000
2.000000 29.573870 -1.773250 2.093963 0.729307 0.000000 0.000000 0.000000 1.000000 0.000000 0.000000
2.000000 29.576680 -1.888348 2.118147 0.703708 0.000000 0.000000 0.000000 1.000000 0.000000 0.000000
2.000000 29.583976 -1.827178 2.105366 0.694012 0.000000 0.000000 0.000000 1.000000 0.000000 0.000000
2.000000 29.586728 -1.973776 2.135400 0.661812 0.000000 0.000000 0.000000 1.000000 0.000000 0.000000
2.000000 29.593901 -1.904566 2.113642 0.665823 0.000000 0.000000 0.000000 1.000000 0.000000 0.000000
2.000000 29.596713 -1.965030 2.129662 0.647336 0.000000 0.000000 0.000000 1.000000 0.000000 0.000000
2.000000 29.603972 -1.745748 2.063681 0.654593 0.000000 0.000000 0.000000 1.000000 0.000000 0.000000
2.000000 29.606713 -1.904928 2.093821 0.623670 0.000000 0.000000 0.000000 1.000000 0.000000 0.000000
2.000000 29.613887 -1.960312 2.116758 0.609659 0.000000 0.000000 0.000000 1.000000 0.000000 0.000000
2.000000 29.616723 -2.401235 2.180662 0.556760 0.000000 0.000000 0.000000 1.000000 0.000000 0.000000
2.000000 29.623993 -2.159329 2.106827 0.563486 0.000000 0.000000 0.000000 1.000000 0.000000 0.000000
2.000000 29.626818 -1.945353 2.090710 0.560249 0.000000 0.000000 0.000000 1.000000 0.000000 0.000000
2.000000 29.633829 -1.882168 2.073432 0.558940 0.000000 0.000000 0.000000 1.000000 0.000000 0.000000
2.000000 29.636724 -2.039407 2.108482 0.519765 0.000000 0.000000 0.000000 1.000000 0.000000 0.000000
2.000000 29.644054 -1.968226 2.093353 0.511196 0.000000 0.000000 0.000000 1.000000 0.000000 0.000000
2.000000 29.646838 -2.041252 2.110979 0.490422 0.000000 0.000000 0.000000 1.000000 0.000000 0.000000
2.000000 29.653914 -1.979875 2.095760 0.486671 0.000000 0.000000 0.000000 1.000000 0.000000 0.000000
2.000000 29.656908 -2.111543 2.120007 0.461427 0.000000 0.000000 0.000000 1.000000 0.000000 0.000000
2.000000 29.664100 -2.011609 2.096004 0.451904 0.000000 0.000000 0.000000 1.000000 0.000000 0.000000
2.000000 29.666982 -2.244627 2.146682 0.392343 0.000000 0.000000 0.000000 1.000000 0.000000 0.000000
2.000000 29.674131 -2.149508 2.122165 0.388983 0.000000 0.000000 0.000000 1.000000 0.000000 0.000000
2.000000 29.676752 -2.242023 2.144370 0.362500 0.000000 0.000000 0.000000 1.000000 0.000000 0.000000
2.000000 29.684247 -2.119330 2.109167 0.364880 0.000000 0.000000 0.000000 1.000000 0.000000 0.000000
2.000000 29.706899 -2.385772 2.162956 0.242478 0.000000 0.000000 0.000000 1.000000 0.000000 0.000000
2.000000 29.714015 -2.149396 2.092615 0.253494 0.000000 0.000000 0.000000 1.000000 0.000000 0.000000
2.000000 29.716793 -2.255782 2.114923 0.227685 0.000000 0.000000 0.000000 1.000000 0.000000 0.000000
2.000000 29.724238 -2.202911 2.108767 0.210703 0.000000 0.000000 0.000000 1.000000 0.000000 0.000000
