28.000000 263.449771 24.962504 -0.324317 0.446118 0.000000 0.000000 0.000000 1.000000 0.000000 0.000000
28.000000 263.459767 24.819186 -0.343259 0.492745 0.000000 0.000000 0.000000 1.000000 0.000000 0.000000
28.000000 263.469904 24.624320 -0.364953 0.621497 0.000000 0.000000 0.000000 1.000000 0.000000 0.000000
28.000000 263.479980 24.503828 -0.383320 0.739615 0.000000 0.000000 0.000000 1.000000 0.000000 0.000000
28.000000 263.489796 24.285993 -0.399719 0.844183 0.000000 0.000000 0.000000 1.000000 0.000000 0.000000
28.000000 263.499776 24.133299 -0.403040 0.919044 0.000000 0.000000 0.000000 1.000000 0.000000 0.000000
28.000000 263.509873 23.968517 -0.414155 0.989342 0.000000 0.000000 0.000000 1.000000 0.000000 0.000000
28.000000 263.515795 22.944933 -0.558674 1.135487 0.000000 0.000000 0.000000 1.000000 0.000000 0.000000
28.000000 263.519802 23.052332 -0.438089 1.338981 0.000000 0.000000 0.000000 1.000000 0.000000 0.000000
28.000000 263.525744 22.815789 -0.560751 1.193931 0.000000 0.000000 0.000000 1.000000 0.000000 0.000000
28.000000 263.529852 22.956954 -0.438874 1.419950 0.000000 0.000000 0.000000 1.000000 0.000000 0.000000
28.000000 263.535762 22.726963 -0.563376 1.286176 0.000000 0.000000 0.000000 1.000000 0.000000 0.000000
28.000000 263.539811 22.856997 -0.448156 1.493806 0.000000 0.000000 0.000000 1.000000 0.000000 0.000000
28.000000 263.545706 22.614192 -0.567956 1.358392 0.000000 0.000000 0.000000 1.000000 0.000000 0.000000
28.000000 263.549888 22.757092 -0.470476 1.562634 0.000000 0.000000 0.000000 1.000000 0.000000 0.000000
28.000000 263.555916 22.548276 -0.568088 1.457308 0.000000 0.000000 0.000000 1.000000 0.000000 0.000000
28.000000 263.559762 22.655240 -0.466883 1.635722 0.000000 0.000000 0.000000 1.000000 0.000000 0.000000
28.000000 263.565766 22.395405 -0.575410 1.498847 0.000000 0.000000 0.000000 1.000000 0.000000 0.000000
28.000000 263.569918 22.542496 -0.476753 1.700398 0.000000 0.000000 0.000000 1.000000 0.000000 0.000000
28.000000 263.575860 22.269325 -0.589871 1.544159 0.000000 0.000000 0.000000 1.000000 0.000000 0.000000
28.000000 263.579802 22.433168 -0.489365 1.761895 0.000000 0.000000 0.000000 1.000000 0.000000 0.000000
28.000000 263.585829 22.138453 -0.582147 1.615000 0.000000 0.000000 0.000000 1.000000 0.000000 0.000000
28.000000 263.589880 22.325614 -0.495543 1.828579 0.000000 0.000000 0.000000 1.000000 0.000000 0.000000
28.000000 263.595832 22.007836 -0.569869 1.690645 0.000000 0.000000 0.000000 1.000000 0.000000 0.000000
28.000000 263.603118 22.572247 -0.502205 1.741401 0.000000 0.000000 0.000000 1.000000 0.000000 0.000000
28.000000 263.605736 21.965864 -0.598700 1.771718 0.000000 0.000000 0.000000 1.000000 0.000000 0.000000
28.000000 263.613213 22.350649 -0.483490 1.811252 0.000000 0.000000 0.000000 1.000000 0.000000 0.000000
28.000000 263.615843 21.783553 -0.580688 1.818866 0.000000 0.000000 0.000000 1.000000 0.000000 0.000000
28.000000 263.619804 22.007245 -0.521440 2.016354 0.000000 0.000000 0.000000 1.000000 0.000000 0.000000
28.000000 263.625763 21.752875 -0.622374 1.883482 0.000000 0.000000 0.000000 1.000000 0.000000 0.000000
28.000000 263.630010 21.911467 -0.536790 2.077006 0.000000 0.000000 0.000000 1.000000 0.000000 0.000000
28.000000 263.635863 21.625035 -0.613973 1.951482 0.000000 0.000000 0.000000 1.000000 0.000000 0.000000
28.000000 263.639884 21.809467 -0.543541 2.139709 0.000000 0.000000 0.000000 1.000000 0.000000 0.000000
28.000000 263.645766 21.523382 -0.619952 2.021137 0.000000 0.000000 0.000000 1.000000 0.000000 0.000000
28.000000 263.649915 21.673047 -0.543755 2.193090 0.000000 0.000000 0.000000 1.000000 0.000000 0.000000
28.000000 263.655828 21.460577 -0.621898 2.100196 0.000000 0.000000 0.000000 1.000000 0.000000 0.000000
28.000000 263.659866 21.607772 -0.558128 2.255918 0.000000 0.000000 0.000000 1.000000 0.000000 0.000000
28.000000 263.667185 20.413219 -0.359638 2.022396 0.000000 0.000000 0.000000 1.000000 0.000000 0.000000
28.000000 263.670027 20.706420 -0.567689 2.256016 0.000000 0.000000 0.000000 1.000000 0.000000 0.000000
28.000000 263.677111 20.288023 -0.367915 2.080448 0.000000 0.000000 0.000000 1.000000 0.000000 0.000000
28.000000 263.679917 20.587424 -0.577127 2.312389 0.000000 0.000000 0.000000 1.000000 0.000000 0.000000
28.000000 263.687244 20.161811 -0.376008 2.139320 0.000000 0.000000 0.000000 1.000000 0.000000 0.000000
28.000000 263.689931 20.461556 -0.585606 2.366097 0.000000 0.000000 0.000000 1.000000 0.000000 0.000000
28.000000 263.697211 20.044659 -0.381402 2.199531 0.000000 0.000000 0.000000 1.000000 0.000000 0.000000
28.000000 263.699962 20.344273 -0.588645 2.419316 0.000000 0.000000 0.000000 1.000000 0.000000 0.000000
28.000000 263.707243 19.902808 -0.385285 2.255572 0.000000 0.000000 0.000000 1.000000 0.000000 0.000000
28.000000 263.710080 20.210691 -0.598744 2.474976 0.000000 0.000000 0.000000 1.000000 0.000000 0.000000
28.000000 263.717108 19.771750 -0.390605 2.308717 0.000000 0.000000 0.000000 1.000000 0.000000 0.000000
28.000000 263.719907 20.078263 -0.601030 2.524120 0.000000 0.000000 0.000000 1.000000 0.000000 0.000000
28.000000 263.727200 19.652865 -0.405236 2.366096 0.000000 0.000000 0.000000 1.000000 0.000000 0.000000
28.000000 263.730044 19.953613 -0.608920 2.578608 0.000000 0.000000 0.000000 1.000000 0.000000 0.000000
28.000000 263.737140 19.527533 -0.412220 2.416775 0.000000 0.000000 0.000000 1.000000 0.000000 0.000000
28.000000 263.739953 19.831348 -0.615678 2.627068 0.000000 0.000000 0.000000 1.000000 0.000000 0.000000
28.000000 263.747338 19.421795 -0.422370 2.472476 0.000000 0.000000 0.000000 1.000000 0.000000 0.000000
28.000000 263.750122 19.715109 -0.618034 2.676226 0.000000 0.000000 0.000000 1.000000 0.000000 0.000000
28.000000 263.757110 19.272278 -0.427925 2.509391 0.000000 0.000000 0.000000 1.000000 0.000000 0.000000
28.000000 263.759995 19.577375 -0.629115 2.720091 0.000000 0.000000 0.000000 1.000000 0.000000 0.000000
28.000000 263.767239 19.146173 -0.430285 2.565812 0.000000 0.000000 0.000000 1.000000 0.000000 0.000000
28.000000 263.770118 19.460715 -0.635636 2.764224 0.000000 0.000000 0.000000 1.000000 0.000000 0.000000
28.000000 263.777186 19.026586 -0.438239 2.613683 0.000000 0.000000 0.000000 1.000000 0.000000 0.000000
28.000000 263.779991 19.344148 -0.644134 2.810007 0.000000 0.000000 0.000000 1.000000 0.000000 0.000000
28.000000 263.787290 18.892562 -0.440390 2.657602 0.000000 0.000000 0.000000 1.000000 0.000000 0.000000
28.000000 263.793333 20.136780 -0.639086 2.810925 0.000000 0.000000 0.000000 1.000000 0.000000 0.000000
28.000000 263.797147 18.786712 -0.456836 2.710077 0.000000 0.000000 0.000000 1.000000 0.000000 0.000000
28.000000 263.800010 19.086329 -0.646796 2.897311 0.000000 0.000000 0.000000 1.000000 0.000000 0.000000
28.000000 263.807278 18.637938 -0.451684 2.752670 0.000000 0.000000 0.000000 1.000000 0.000000 0.000000
28.000000 263.810043 18.973124 -0.668345 2.941876 0.000000 0.000000 0.000000 1.000000 0.000000 0.000000
28.000000 263.817153 18.546914 -0.473665 2.801789 0.000000 0.000000 0.000000 1.000000 0.000000 0.000000
28.000000 263.819955 18.857069 -0.669288 2.977549 0.000000 0.000000 0.000000 1.000000 0.000000 0.000000
28.000000 263.827246 18.408045 -0.478116 2.841995 0.000000 0.000000 0.000000 1.000000 0.000000 0.000000
28.000000 263.830079 18.729751 -0.678492 3.019871 0.000000 0.000000 0.000000 1.000000 0.000000 0.000000
28.000000 263.837105 18.280182 -0.485843 2.884329 0.000000 0.000000 0.000000 1.000000 0.000000 0.000000
28.000000 263.840042 18.593368 -0.678521 3.057517 0.000000 0.000000 0.000000 1.000000 0.000000 0.000000
28.000000 263.845882 19.289198 -0.724645 2.999481 0.000000 0.000000 0.000000 1.000000 0.000000 0.000000
28.000000 263.850075 18.493011 -0.702842 3.096150 0.000000 0.000000 0.000000 1.000000 0.000000 0.000000
28.000000 263.857221 18.039458 -0.500639 2.964392 0.000000 0.000000 0.000000 1.000000 0.000000 0.000000
28.000000 263.860001 18.346473 -0.688043 3.135535 0.000000 0.000000 0.000000 1.000000 0.000000 0.000000
28.000000 263.867218 17.910289 -0.506001 3.001566 0.000000 0.000000 0.000000 1.000000 0.000000 0.000000
28.000000 263.870140 18.232033 -0.700702 3.167661 0.000000 0.000000 0.000000 1.000000 0.000000 0.000000
28.000000 263.877155 17.797445 -0.518750 3.043092 0.000000 0.000000 0.000000 1.000000 0.000000 0.000000
28.000000 263.879973 18.111060 -0.706880 3.204101 0.000000 0.000000 0.000000 1.000000 0.000000 0.000000
28.000000 263.887244 17.687847 -0.532241 3.084908 0.000000 0.000000 0.000000 1.000000 0.000000 0.000000
28.000000 263.890088 18.020090 -0.733383 3.238307 0.000000 0.000000 0.000000 1.000000 0.000000 0.000000
28.000000 263.897175 17.556000 -0.536045 3.118827 0.000000 0.000000 0.000000 1.000000 0.000000 0.000000
28.000000 263.899987 17.880285 -0.728911 3.273031 0.000000 0.000000 0.000000 1.000000 0.000000 0.000000
28.000000 263.907352 17.454295 -0.552898 3.155586 0.000000 0.000000 0.000000 1.000000 0.000000 0.000000
28.000000 263.910100 17.765958 -0.735736 3.296524 0.000000 0.000000 0.000000 1.000000 0.000000 0.000000
28.000000 263.917263 17.336459 -0.560330 3.188917 0.000000 0.000000 0.000000 1.000000 0.000000 0.000000
28.000000 263.920102 17.644604 -0.739850 3.326888 0.000000 0.000000 0.000000 1.000000 0.000000 0.000000
28.000000 263.927246 17.226100 -0.572889 3.224057 0.000000 0.000000 0.000000 1.000000 0.000000 0.000000
28.000000 263.933257 18.397473 -0.759340 3.319022 0.000000 0.000000 0.000000 1.000000 0.000000 0.000000
28.000000 263.937251 17.084515 -0.575269 3.253858 0.000000 0.000000 0.000000 1.000000 0.000000 0.000000
28.000000 263.940042 17.402849 -0.757254 3.387310 0.000000 0.000000 0.000000 1.000000 0.000000 0.000000
28.000000 263.947338 16.976028 -0.585935 3.283650 0.000000 0.000000 0.000000 1.000000 0.000000 0.000000
28.000000 263.953243 18.147726 -0.773720 3.380166 0.000000 0.000000 0.000000 1.000000 0.000000 0.000000
28.000000 263.957215 16.846609 -0.582853 3.310120 0.000000 0.000000 0.000000 1.000000 0.000000 0.000000
28.000000 263.960147 17.169225 -0.766721 3.435203 0.000000 0.000000 0.000000 1.000000 0.000000 0.000000
28.000000 263.967281 16.747921 -0.607275 3.342754 0.000000 0.000000 0.000000 1.000000 0.000000 0.000000
28.000000 263.970146 17.052493 -0.779110 3.457266 0.000000 0.000000 0.000000 1.000000 0.000000 0.000000
28.000000 263.977216 16.639016 -0.617729 3.371480 0.000000 0.000000 0.000000 1.000000 0.000000 0.000000
28.000000 263.980020 16.938478 -0.786297 3.476495 0.000000 0.000000 0.000000 1.000000 0.000000 0.000000
28.000000 263.987236 16.536535 -0.631915 3.398579 0.000000 0.000000 0.000000 1.000000 0.000000 0.000000
28.000000 263.990091 16.815910 -0.786465 3.498024 0.000000 0.000000 0.000000 1.000000 0.000000 0.000000
28.000000 263.997171 16.402133 -0.632057 3.418560 0.000000 0.000000 0.000000 1.000000 0.000000 0.000000
28.000000 264.000009 16.731173 -0.816390 3.519408 0.000000 0.000000 0.000000 1.000000 0.000000 0.000000
28.000000 264.007346 16.260150 -0.631925 3.439948 0.000000 0.000000 0.000000 1.000000 0.000000 0.000000
28.000000 264.010130 16.576432 -0.807917 3.537243 0.000000 0.000000 0.000000 1.000000 0.000000 0.000000
28.000000 264.017233 16.152389 -0.649285 3.464660 0.000000 0.000000 0.000000 1.000000 0.000000 0.000000
28.000000 264.020035 16.439116 -0.806388 3.550755 0.000000 0.000000 0.000000 1.000000 0.000000 0.000000
28.000000 264.023241 17.306508 -0.824614 3.513715 0.000000 0.000000 0.000000 1.000000 0.000000 0.000000
28.000000 264.027352 16.041160 -0.661486 3.486654 0.000000 0.000000 0.000000 1.000000 0.000000 0.000000
28.000000 264.030249 16.326901 -0.814831 3.567823 0.000000 0.000000 0.000000 1.000000 0.000000 0.000000
28.000000 264.037240 15.934187 -0.671117 3.503805 0.000000 0.000000 0.000000 1.000000 0.000000 0.000000
28.000000 264.040026 16.248595 -0.839606 3.587130 0.000000 0.000000 0.000000 1.000000 0.000000 0.000000
28.000000 264.047337 15.842669 -0.683462 3.522823 0.000000 0.000000 0.000000 1.000000 0.000000 0.000000
28.000000 264.050188 16.148725 -0.846375 3.595630 0.000000 0.000000 0.000000 1.000000 0.000000 0.000000
28.000000 264.053384 16.913610 -0.862939 3.567552 0.000000 0.000000 0.000000 1.000000 0.000000 0.000000
28.000000 264.057213 15.690184 -0.684768 3.531195 0.000000 0.000000 0.000000 1.000000 0.000000 0.000000
28.000000 264.060036 15.965456 -0.828189 3.608144 0.000000 0.000000 0.000000 1.000000 0.000000 0.000000
28.000000 264.067347 15.578557 -0.690662 3.553651 0.000000 0.000000 0.000000 1.000000 0.000000 0.000000
28.000000 264.073410 16.774150 -0.861065 3.580648 0.000000 0.000000 0.000000 1.000000 0.000000 0.000000
28.000000 264.077224 15.475661 -0.705728 3.567810 0.000000 0.000000 0.000000 1.000000 0.000000 0.000000
28.000000 264.080086 15.737974 -0.838309 3.634157 0.000000 0.000000 0.000000 1.000000 0.000000 0.000000
28.000000 264.087426 15.371667 -0.720296 3.586495 0.000000 0.000000 0.000000 1.000000 0.000000 0.000000
28.000000 264.093459 16.502670 -0.875096 3.617493 0.000000 0.000000 0.000000 1.000000 0.000000 0.000000
28.000000 264.097297 15.245536 -0.726244 3.599254 0.000000 0.000000 0.000000 1.000000 0.000000 0.000000
28.000000 264.100113 15.497053 -0.851470 3.657081 0.000000 0.000000 0.000000 1.000000 0.000000 0.000000
28.000000 264.107568 15.139576 -0.737022 3.614018 0.000000 0.000000 0.000000 1.000000 0.000000 0.000000
28.000000 264.110160 15.392896 -0.863603 3.666025 0.000000 0.000000 0.000000 1.000000 0.000000 0.000000
28.000000 264.117261 15.017081 -0.738200 3.625532 0.000000 0.000000 0.000000 1.000000 0.000000 0.000000
28.000000 264.120162 15.271254 -0.864084 3.674995 0.000000 0.000000 0.000000 1.000000 0.000000 0.000000
28.000000 264.123502 16.135796 -0.887946 3.646148 0.000000 0.000000 0.000000 1.000000 0.000000 0.000000
28.000000 264.127351 14.922278 -0.755985 3.638810 0.000000 0.000000 0.000000 1.000000 0.000000 0.000000
28.000000 264.130071 15.157936 -0.870855 3.685674 0.000000 0.000000 0.000000 1.000000 0.000000 0.000000
28.000000 264.133599 16.051100 -0.896606 3.652655 0.000000 0.000000 0.000000 1.000000 0.000000 0.000000
28.000000 264.137233 14.801220 -0.761355 3.648251 0.000000 0.000000 0.000000 1.000000 0.000000 0.000000
28.000000 264.140026 15.049941 -0.881205 3.696820 0.000000 0.000000 0.000000 1.000000 0.000000 0.000000
28.000000 264.147359 14.728572 -0.779443 3.656866 0.000000 0.000000 0.000000 1.000000 0.000000 0.000000
28.000000 264.150025 14.985955 -0.902602 3.701270 0.000000 0.000000 0.000000 1.000000 0.000000 0.000000
28.000000 264.157290 14.555998 -0.765061 3.659864 0.000000 0.000000 0.000000 1.000000 0.000000 0.000000
28.000000 264.160021 14.796669 -0.880621 3.698187 0.000000 0.000000 0.000000 1.000000 0.000000 0.000000
28.000000 264.167351 14.458677 -0.783059 3.668411 0.000000 0.000000 0.000000 1.000000 0.000000 0.000000
28.000000 264.170121 14.683445 -0.888464 3.704123 0.000000 0.000000 0.000000 1.000000 0.000000 0.000000
28.000000 264.177295 14.366601 -0.799079 3.674752 0.000000 0.000000 0.000000 1.000000 0.000000 0.000000
28.000000 264.180112 14.592181 -0.904241 3.705210 0.000000 0.000000 0.000000 1.000000 0.000000 0.000000
28.000000 264.187409 14.253933 -0.805419 3.679284 0.000000 0.000000 0.000000 1.000000 0.000000 0.000000
28.000000 264.190211 14.468269 -0.903277 3.707678 0.000000 0.000000 0.000000 1.000000 0.000000 0.000000
28.000000 264.193469 15.353838 -0.930537 3.688449 0.000000 0.000000 0.000000 1.000000 0.000000 0.000000
28.000000 264.196170 15.229759 -0.961694 3.718347 0.000000 0.000000 0.000000 1.000000 0.000000 0.000000
28.000000 264.200144 14.405224 -0.917782 3.708778 0.000000 0.000000 0.000000 1.000000 0.000000 0.000000
28.000000 264.207541 14.035576 -0.821760 3.685532 0.000000 0.000000 0.000000 1.000000 0.000000 0.000000
28.000000 264.210102 14.236342 -0.912196 3.713615 0.000000 0.000000 0.000000 1.000000 0.000000 0.000000
28.000000 264.213484 15.188101 -0.944281 3.682243 0.000000 0.000000 0.000000 1.000000 0.000000 0.000000
28.000000 264.216150 15.055460 -0.976859 3.717157 0.000000 0.000000 0.000000 1.000000 0.000000 0.000000
28.000000 264.217330 13.921877 -0.830812 3.688277 0.000000 0.000000 0.000000 1.000000 0.000000 0.000000
28.000000 264.223521 15.101082 -0.956565 3.685931 0.000000 0.000000 0.000000 1.000000 0.000000 0.000000
28.000000 264.227393 13.824980 -0.850324 3.690484 0.000000 0.000000 0.000000 1.000000 0.000000 0.000000
28.000000 264.230256 13.988640 -0.920053 3.714996 0.000000 0.000000 0.000000 1.000000 0.000000 0.000000
28.000000 264.237481 13.714128 -0.853589 3.691794 0.000000 0.000000 0.000000 1.000000 0.000000 0.000000
28.000000 264.240152 13.922392 -0.946792 3.708205 0.000000 0.000000 0.000000 1.000000 0.000000 0.000000
28.000000 264.247673 13.611604 -0.865820 3.690205 0.000000 0.000000 0.000000 1.000000 0.000000 0.000000
28.000000 264.250144 13.808107 -0.952720 3.706263 0.000000 0.000000 0.000000 1.000000 0.000000 0.000000
28.000000 264.253493 14.688259 -0.985306 3.677955 0.000000 0.000000 0.000000 1.000000 0.000000 0.000000
28.000000 264.257365 13.500163 -0.873099 3.687197 0.000000 0.000000 0.000000 1.000000 0.000000 0.000000
28.000000 264.260191 13.688110 -0.955311 3.699762 0.000000 0.000000 0.000000 1.000000 0.000000 0.000000
28.000000 264.267464 13.404434 -0.882430 3.681262 0.000000 0.000000 0.000000 1.000000 0.000000 0.000000
28.000000 264.270175 13.604814 -0.970464 3.690295 0.000000 0.000000 0.000000 1.000000 0.000000 0.000000
28.000000 264.277455 13.298872 -0.893985 3.677313 0.000000 0.000000 0.000000 1.000000 0.000000 0.000000
28.000000 264.280130 13.483034 -0.972597 3.685481 0.000000 0.000000 0.000000 1.000000 0.000000 0.000000
28.000000 264.287499 13.208327 -0.910661 3.676135 0.000000 0.000000 0.000000 1.000000 0.000000 0.000000
28.000000 264.290181 13.362138 -0.973960 3.683379 0.000000 0.000000 0.000000 1.000000 0.000000 0.000000
28.000000 264.297593 13.107090 -0.922486 3.669078 0.000000 0.000000 0.000000 1.000000 0.000000 0.000000
28.000000 264.300083 13.262816 -0.986147 3.675769 0.000000 0.000000 0.000000 1.000000 0.000000 0.000000
28.000000 264.307669 12.969904 -0.915351 3.659101 0.000000 0.000000 0.000000 1.000000 0.000000 0.000000
28.000000 264.310202 13.140124 -0.985329 3.665545 0.000000 0.000000 0.000000 1.000000 0.000000 0.000000
28.000000 264.317619 12.879276 -0.934969 3.652024 0.000000 0.000000 0.000000 1.000000 0.000000 0.000000
28.000000 264.320088 13.017646 -0.988277 3.659149 0.000000 0.000000 0.000000 1.000000 0.000000 0.000000
28.000000 264.327665 12.787860 -0.946006 3.643705 0.000000 0.000000 0.000000 1.000000 0.000000 0.000000
28.000000 264.330185 12.936938 -1.003602 3.652508 0.000000 0.000000 0.000000 1.000000 0.000000 0.000000
28.000000 264.337882 12.676595 -0.954662 3.636093 0.000000 0.000000 0.000000 1.000000 0.000000 0.000000
28.000000 264.340338 12.832535 -1.015927 3.643365 0.000000 0.000000 0.000000 1.000000 0.000000 0.000000
28.000000 264.347458 12.600934 -0.967055 3.622445 0.000000 0.000000 0.000000 1.000000 0.000000 0.000000
28.000000 264.350142 12.763132 -1.029786 3.627304 0.000000 0.000000 0.000000 1.000000 0.000000 0.000000
28.000000 264.357372 12.481880 -0.976833 3.608734 0.000000 0.000000 0.000000 1.000000 0.000000 0.000000
28.000000 264.360263 12.610351 -1.023381 3.612349 0.000000 0.000000 0.000000 1.000000 0.000000 0.000000
28.000000 264.367491 12.384028 -0.983741 3.597422 0.000000 0.000000 0.000000 1.000000 0.000000 0.000000
28.000000 264.370254 12.512927 -1.031065 3.596646 0.000000 0.000000 0.000000 1.000000 0.000000 0.000000
28.000000 264.377573 12.315015 -1.004945 3.583143 0.000000 0.000000 0.000000 1.000000 0.000000 0.000000
28.000000 264.380264 12.401471 -1.032070 3.584067 0.000000 0.000000 0.000000 1.000000 0.000000 0.000000
28.000000 264.387689 12.205075 -1.010833 3.567156 0.000000 0.000000 0.000000 1.000000 0.000000 0.000000
28.000000 264.390376 12.276735 -1.031632 3.561747 0.000000 0.000000 0.000000 1.000000 0.000000 0.000000
28.000000 264.397581 12.106195 -1.024191 3.541574 0.000000 0.000000 0.000000 1.000000 0.000000 0.000000
28.000000 264.400319 12.195363 -1.050272 3.533956 0.000000 0.000000 0.000000 1.000000 0.000000 0.000000
28.000000 264.407480 11.963141 -1.021148 3.515014 0.000000 0.000000 0.000000 1.000000 0.000000 0.000000
28.000000 264.413540 12.933445 -1.080619 3.498450 0.000000 0.000000 0.000000 1.000000 0.000000 0.000000
28.000000 264.417513 11.869139 -1.041746 3.492187 0.000000 0.000000 0.000000 1.000000 0.000000 0.000000
28.000000 264.420464 11.958743 -1.062879 3.486135 0.000000 0.000000 0.000000 1.000000 0.000000 0.000000
28.000000 264.427533 11.798474 -1.057043 3.484155 0.000000 0.000000 0.000000 1.000000 0.000000 0.000000
28.000000 264.430265 11.844788 -1.062940 3.471427 0.000000 0.000000 0.000000 1.000000 0.000000 0.000000
28.000000 264.437422 11.701539 -1.060695 3.470103 0.000000 0.000000 0.000000 1.000000 0.000000 0.000000
28.000000 264.440263 11.732051 -1.060859 3.454345 0.000000 0.000000 0.000000 1.000000 0.000000 0.000000
28.000000 264.447480 11.657825 -1.078236 3.459418 0.000000 0.000000 0.000000 1.000000 0.000000 0.000000
28.000000 264.453689 12.512013 -1.112107 3.409587 0.000000 0.000000 0.000000 1.000000 0.000000 0.000000
28.000000 264.457435 11.529985 -1.089450 3.429474 0.000000 0.000000 0.000000 1.000000 0.000000 0.000000
28.000000 264.460250 11.543326 -1.083430 3.408031 0.000000 0.000000 0.000000 1.000000 0.000000 0.000000
28.000000 264.467543 11.430489 -1.101524 3.405807 0.000000 0.000000 0.000000 1.000000 0.000000 0.000000
28.000000 264.473517 12.345013 -1.126975 3.342281 0.000000 0.000000 0.000000 1.000000 0.000000 0.000000
28.000000 264.477531 11.336096 -1.109508 3.380720 0.000000 0.000000 0.000000 1.000000 0.000000 0.000000
28.000000 264.480258 11.322681 -1.090921 3.359500 0.000000 0.000000 0.000000 1.000000 0.000000 0.000000
28.000000 264.487707 11.231822 -1.121460 3.355850 0.000000 0.000000 0.000000 1.000000 0.000000 0.000000
28.000000 264.490328 11.216332 -1.102179 3.332644 0.000000 0.000000 0.000000 1.000000 0.000000 0.000000
28.000000 264.497416 11.103346 -1.124753 3.326785 0.000000 0.000000 0.000000 1.000000 0.000000 0.000000
28.000000 264.500314 11.126639 -1.121876 3.300472 0.000000 0.000000 0.000000 1.000000 0.000000 0.000000
28.000000 264.507601 11.009098 -1.132326 3.297271 0.000000 0.000000 0.000000 1.000000 0.000000 0.000000
28.000000 264.510378 10.999173 -1.112155 3.277947 0.000000 0.000000 0.000000 1.000000 0.000000 0.000000
28.000000 264.517511 10.917779 -1.143106 3.272020 0.000000 0.000000 0.000000 1.000000 0.000000 0.000000
28.000000 264.520391 10.890293 -1.117255 3.245196 0.000000 0.000000 0.000000 1.000000 0.000000 0.000000
28.000000 264.527631 10.832017 -1.154810 3.241402 0.000000 0.000000 0.000000 1.000000 0.000000 0.000000
28.000000 264.530334 10.810109 -1.130935 3.213806 0.000000 0.000000 0.000000 1.000000 0.000000 0.000000
28.000000 264.537532 10.737863 -1.168262 3.209470 0.000000 0.000000 0.000000 1.000000 0.000000 0.000000
28.000000 264.540186 10.682310 -1.130280 3.179465 0.000000 0.000000 0.000000 1.000000 0.000000 0.000000
28.000000 264.547630 10.642188 -1.181301 3.177832 0.000000 0.000000 0.000000 1.000000 0.000000 0.000000
28.000000 264.550423 10.579771 -1.139693 3.147722 0.000000 0.000000 0.000000 1.000000 0.000000 0.000000
28.000000 264.557478 10.494894 -1.175059 3.138112 0.000000 0.000000 0.000000 1.000000 0.000000 0.000000
28.000000 264.560426 10.459498 -1.143388 3.113518 0.000000 0.000000 0.000000 1.000000 0.000000 0.000000
28.000000 264.567597 10.439453 -1.199278 3.112708 0.000000 0.000000 0.000000 1.000000 0.000000 0.000000
28.000000 264.573591 11.307406 -1.190532 3.034500 0.000000 0.000000 0.000000 1.000000 0.000000 0.000000
28.000000 264.577468 10.351858 -1.213104 3.079919 0.000000 0.000000 0.000000 1.000000 0.000000 0.000000
28.000000 264.580461 10.271240 -1.163093 3.044064 0.000000 0.000000 0.000000 1.000000 0.000000 0.000000
28.000000 264.587501 10.253902 -1.221579 3.044262 0.000000 0.000000 0.000000 1.000000 0.000000 0.000000
28.000000 264.590421 10.171137 -1.169871 3.008077 0.000000 0.000000 0.000000 1.000000 0.000000 0.000000
28.000000 264.597493 10.188396 -1.237624 3.008201 0.000000 0.000000 0.000000 1.000000 0.000000 0.000000
28.000000 264.600196 10.076004 -1.176602 2.965492 0.000000 0.000000 0.000000 1.000000 0.000000 0.000000
28.000000 264.607482 10.060706 -1.232905 2.968439 0.000000 0.000000 0.000000 1.000000 0.000000 0.000000
28.000000 264.610319 9.978243 -1.178890 2.934066 0.000000 0.000000 0.000000 1.000000 0.000000 0.000000
28.000000 264.617461 10.004494 -1.258688 2.933533 0.000000 0.000000 0.000000 1.000000 0.000000 0.000000
28.000000 264.620309 9.894891 -1.194696 2.895057 0.000000 0.000000 0.000000 1.000000 0.000000 0.000000
28.000000 264.627531 9.898137 -1.264753 2.896524 0.000000 0.000000 0.000000 1.000000 0.000000 0.000000
28.000000 264.630283 9.790432 -1.201446 2.857425 0.000000 0.000000 0.000000 1.000000 0.000000 0.000000
28.000000 264.637579 9.804022 -1.274404 2.851592 0.000000 0.000000 0.000000 1.000000 0.000000 0.000000
28.000000 264.640281 9.677789 -1.202104 2.808578 0.000000 0.000000 0.000000 1.000000 0.000000 0.000000
28.000000 264.647771 9.685849 -1.281809 2.811562 0.000000 0.000000 0.000000 1.000000 0.000000 0.000000
28.000000 264.650411 9.562990 -1.210407 2.770868 0.000000 0.000000 0.000000 1.000000 0.000000 0.000000
28.000000 264.657456 9.633176 -1.296300 2.773626 0.000000 0.000000 0.000000 1.000000 0.000000 0.000000
28.000000 264.660224 9.471536 -1.211188 2.725604 0.000000 0.000000 0.000000 1.000000 0.000000 0.000000
28.000000 264.667469 9.542381 -1.307456 2.730977 0.000000 0.000000 0.000000 1.000000 0.000000 0.000000
28.000000 264.670303 9.381048 -1.221755 2.683862 0.000000 0.000000 0.000000 1.000000 0.000000 0.000000
28.000000 264.677604 9.437710 -1.311942 2.684023 0.000000 0.000000 0.000000 1.000000 0.000000 0.000000
28.000000 264.680266 9.299551 -1.233961 2.633057 0.000000 0.000000 0.000000 1.000000 0.000000 0.000000
28.000000 264.687548 9.353258 -1.329853 2.641297 0.000000 0.000000 0.000000 1.000000 0.000000 0.000000
28.000000 264.690330 9.182720 -1.237607 2.591638 0.000000 0.000000 0.000000 1.000000 0.000000 0.000000
28.000000 264.697505 9.280427 -1.343516 2.598046 0.000000 0.000000 0.000000 1.000000 0.000000 0.000000
28.000000 264.700252 9.086032 -1.242181 2.545838 0.000000 0.000000 0.000000 1.000000 0.000000 0.000000
28.000000 264.707522 9.142453 -1.335230 2.550333 0.000000 0.000000 0.000000 1.000000 0.000000 0.000000
28.000000 264.710364 9.003004 -1.256834 2.499297 0.000000 0.000000 0.000000 1.000000 0.000000 0.000000
28.000000 264.717516 9.089208 -1.358832 2.505188 0.000000 0.000000 0.000000 1.000000 0.000000 0.000000
28.000000 264.720260 8.910027 -1.263963 2.447576 0.000000 0.000000 0.000000 1.000000 0.000000 0.000000
28.000000 264.727555 9.010056 -1.371630 2.457716 0.000000 0.000000 0.000000 1.000000 0.000000 0.000000
28.000000 264.730335 8.785797 -1.257535 2.400921 0.000000 0.000000 0.000000 1.000000 0.000000 0.000000
28.000000 264.737550 8.927001 -1.382616 2.407268 0.000000 0.000000 0.000000 1.000000 0.000000 0.000000
28.000000 264.740249 8.740190 -1.278018 2.351877 0.000000 0.000000 0.000000 1.000000 0.000000 0.000000
28.000000 264.747586 8.815173 -1.384328 2.356206 0.000000 0.000000 0.000000 1.000000 0.000000 0.000000
28.000000 264.750325 8.642680 -1.284018 2.301500 0.000000 0.000000 0.000000 1.000000 0.000000 0.000000
28.000000 264.757529 8.739562 -1.399346 2.307175 0.000000 0.000000 0.000000 1.000000 0.000000 0.000000
28.000000 264.760241 8.555395 -1.294835 2.248995 0.000000 0.000000 0.000000 1.000000 0.000000 0.000000
28.000000 264.767657 8.645597 -1.403716 2.255791 0.000000 0.000000 0.000000 1.000000 0.000000 0.000000
28.000000 264.770373 8.462428 -1.297244 2.197179 0.000000 0.000000 0.000000 1.000000 0.000000 0.000000
28.000000 264.777599 8.572039 -1.423506 2.201528 0.000000 0.000000 0.000000 1.000000 0.000000 0.000000
28.000000 264.780354 8.375218 -1.307926 2.143466 0.000000 0.000000 0.000000 1.000000 0.000000 0.000000
28.000000 264.787594 8.482203 -1.428252 2.150640 0.000000 0.000000 0.000000 1.000000 0.000000 0.000000
28.000000 264.790395 8.296355 -1.318202 2.090898 0.000000 0.000000 0.000000 1.000000 0.000000 0.000000
28.000000 264.797563 8.384268 -1.436421 2.087856 0.000000 0.000000 0.000000 1.000000 0.000000 0.000000
28.000000 264.800270 8.210837 -1.329017 2.032369 0.000000 0.000000 0.000000 1.000000 0.000000 0.000000
28.000000 264.807564 8.310063 -1.446590 2.036434 0.000000 0.000000 0.000000 1.000000 0.000000 0.000000
28.000000 264.810428 8.119820 -1.334396 1.978584 0.000000 0.000000 0.000000 1.000000 0.000000 0.000000
28.000000 264.817602 8.215967 -1.458875 1.977864 0.000000 0.000000 0.000000 1.000000 0.000000 0.000000
28.000000 264.820296 8.039002 -1.344084 1.922881 0.000000 0.000000 0.000000 1.000000 0.000000 0.000000
28.000000 264.827564 8.135020 -1.468137 1.919458 0.000000 0.000000 0.000000 1.000000 0.000000 0.000000
28.000000 264.833858 8.697926 -1.364113 1.780112 0.000000 0.000000 0.000000 1.000000 0.000000 0.000000
28.000000 264.837515 8.040200 -1.474192 1.862178 0.000000 0.000000 0.000000 1.000000 0.000000 0.000000
28.000000 264.840344 7.869819 -1.361123 1.805700 0.000000 0.000000 0.000000 1.000000 0.000000 0.000000
28.000000 264.847615 7.966486 -1.486330 1.801094 0.000000 0.000000 0.000000 1.000000 0.000000 0.000000
28.000000 264.850384 7.777921 -1.363667 1.742376 0.000000 0.000000 0.000000 1.000000 0.000000 0.000000
28.000000 264.857626 7.892981 -1.499061 1.743814 0.000000 0.000000 0.000000 1.000000 0.000000 0.000000
28.000000 264.860332 7.720306 -1.377502 1.684807 0.000000 0.000000 0.000000 1.000000 0.000000 0.000000
28.000000 264.867599 7.790971 -1.504077 1.681634 0.000000 0.000000 0.000000 1.000000 0.000000 0.000000
28.000000 264.870507 7.614363 -1.380598 1.624437 0.000000 0.000000 0.000000 1.000000 0.000000 0.000000
28.000000 264.877582 7.712801 -1.515724 1.615749 0.000000 0.000000 0.000000 1.000000 0.000000 0.000000
28.000000 264.880443 7.563901 -1.396537 1.561332 0.000000 0.000000 0.000000 1.000000 0.000000 0.000000
28.000000 264.887758 7.618717 -1.523455 1.553997 0.000000 0.000000 0.000000 1.000000 0.000000 0.000000
28.000000 264.890442 7.466980 -1.402533 1.497974 0.000000 0.000000 0.000000 1.000000 0.000000 0.000000
28.000000 264.897627 7.568241 -1.541561 1.492043 0.000000 0.000000 0.000000 1.000000 0.000000 0.000000
28.000000 264.900351 7.412982 -1.414559 1.429884 0.000000 0.000000 0.000000 1.000000 0.000000 0.000000
28.000000 264.907782 7.456236 -1.543621 1.424936 0.000000 0.000000 0.000000 1.000000 0.000000 0.000000
28.000000 264.910414 7.311651 -1.420388 1.367450 0.000000 0.000000 0.000000 1.000000 0.000000 0.000000
28.000000 264.917615 7.385879 -1.554386 1.363376 0.000000 0.000000 0.000000 1.000000 0.000000 0.000000
28.000000 264.920362 7.238844 -1.429934 1.301361 0.000000 0.000000 0.000000 1.000000 0.000000 0.000000
28.000000 264.927606 7.312132 -1.567138 1.302935 0.000000 0.000000 0.000000 1.000000 0.000000 0.000000
28.000000 264.930489 7.163316 -1.439650 1.235153 0.000000 0.000000 0.000000 1.000000 0.000000 0.000000
28.000000 264.937598 7.233588 -1.577787 1.244274 0.000000 0.000000 0.000000 1.000000 0.000000 0.000000
28.000000 264.940372 7.068570 -1.444149 1.171617 0.000000 0.000000 0.000000 1.000000 0.000000 0.000000
28.000000 264.947689 7.139176 -1.582310 1.174795 0.000000 0.000000 0.000000 1.000000 0.000000 0.000000
28.000000 264.950478 6.976249 -1.448933 1.108545 0.000000 0.000000 0.000000 1.000000 0.000000 0.000000
28.000000 264.957666 7.084070 -1.601808 1.114740 0.000000 0.000000 0.000000 1.000000 0.000000 0.000000
28.000000 264.960409 6.882241 -1.453738 1.040363 0.000000 0.000000 0.000000 1.000000 0.000000 0.000000
28.000000 264.967674 6.997637 -1.611558 1.043105 0.000000 0.000000 0.000000 1.000000 0.000000 0.000000
28.000000 264.970438 6.800778 -1.462091 0.971112 0.000000 0.000000 0.000000 1.000000 0.000000 0.000000
28.000000 264.977640 6.907894 -1.617540 0.970501 0.000000 0.000000 0.000000 1.000000 0.000000 0.000000
28.000000 264.980370 6.742929 -1.476106 0.898328 0.000000 0.000000 0.000000 1.000000 0.000000 0.000000
28.000000 264.987709 6.826830 -1.627684 0.898437 0.000000 0.000000 0.000000 1.000000 0.000000 0.000000
28.000000 264.990453 6.661897 -1.484447 0.827755 0.000000 0.000000 0.000000 1.000000 0.000000 0.000000
28.000000 264.997690 6.772437 -1.645439 0.836380 0.000000 0.000000 0.000000 1.000000 0.000000 0.000000
28.000000 265.000359 6.573683 -1.490478 0.757810 0.000000 0.000000 0.000000 1.000000 0.000000 0.000000
28.000000 265.007658 6.681555 -1.652661 0.759353 0.000000 0.000000 0.000000 1.000000 0.000000 0.000000
28.000000 265.010471 6.498510 -1.500026 0.683076 0.000000 0.000000 0.000000 1.000000 0.000000 0.000000
28.000000 265.017671 6.615626 -1.664425 0.691457 0.000000 0.000000 0.000000 1.000000 0.000000 0.000000
28.000000 265.020368 6.428400 -1.508398 0.608380 0.000000 0.000000 0.000000 1.000000 0.000000 0.000000
28.000000 265.027605 6.516291 -1.668202 0.612230 0.000000 0.000000 0.000000 1.000000 0.000000 0.000000
28.000000 265.030459 6.351395 -1.517546 0.534881 0.000000 0.000000 0.000000 1.000000 0.000000 0.000000
28.000000 265.037708 6.428546 -1.678275 0.542599 0.000000 0.000000 0.000000 1.000000 0.000000 0.000000
28.000000 265.040350 6.256191 -1.522212 0.464479 0.000000 0.000000 0.000000 1.000000 0.000000 0.000000
28.000000 265.047739 6.366228 -1.687664 0.465442 0.000000 0.000000 0.000000 1.000000 0.000000 0.000000
28.000000 265.050485 6.186573 -1.530703 0.385508 0.000000 0.000000 0.000000 1.000000 0.000000 0.000000
28.000000 265.057754 6.314137 -1.707772 0.401089 0.000000 0.000000 0.000000 1.000000 0.000000 0.000000
28.000000 265.060399 6.105681 -1.536218 0.310400 0.000000 0.000000 0.000000 1.000000 0.000000 0.000000
28.000000 265.067774 6.181455 -1.699043 0.311009 0.000000 0.000000 0.000000 1.000000 0.000000 0.000000
28.000000 265.070491 6.030462 -1.544097 0.232325 0.000000 0.000000 0.000000 1.000000 0.000000 0.000000
28.000000 265.077722 6.144825 -1.720360 0.246606 0.000000 0.000000 0.000000 1.000000 0.000000 0.000000
28.000000 265.080424 5.945970 -1.550852 0.158470 0.000000 0.000000 0.000000 1.000000 0.000000 0.000000
28.000000 265.087695 6.085327 -1.730529 0.173095 0.000000 0.000000 0.000000 1.000000 0.000000 0.000000
28.000000 265.090484 5.945489 -1.569037 0.092573 0.000000 0.000000 0.000000 1.000000 0.000000 0.000000
28.000000 265.097691 6.044592 -1.735022 0.218616 0.000000 0.000000 0.000000 1.000000 0.000000 0.000000
28.000000 265.100435 5.895561 -1.576241 0.143030 0.000000 0.000000 0.000000 1.000000 0.000000 0.000000
28.000000 265.107701 5.946768 -1.732732 0.268801 0.000000 0.000000 0.000000 1.000000 0.000000 0.000000
28.000000 265.110468 5.848744 -1.583131 0.204818 0.000000 0.000000 0.000000 1.000000 0.000000 0.000000
28.000000 265.117607 5.907624 -1.740962 0.324584 0.000000 0.000000 0.000000 1.000000 0.000000 0.000000
28.000000 265.120462 5.792930 -1.586713 0.260357 0.000000 0.000000 0.000000 1.000000 0.000000 0.000000
28.000000 265.127888 5.896189 -1.753448 0.386232 0.000000 0.000000 0.000000 1.000000 0.000000 0.000000
28.000000 265.130573 5.750184 -1.591556 0.311601 0.000000 0.000000 0.000000 1.000000 0.000000 0.000000
28.000000 265.137776 5.826006 -1.755385 0.442648 0.000000 0.000000 0.000000 1.000000 0.000000 0.000000
28.000000 265.140473 5.688704 -1.596868 0.371250 0.000000 0.000000 0.000000 1.000000 0.000000 0.000000
28.000000 265.147751 5.806789 -1.764859 0.506761 0.000000 0.000000 0.000000 1.000000 0.000000 0.000000
28.000000 265.150566 5.636550 -1.598059 0.422446 0.000000 0.000000 0.000000 1.000000 0.000000 0.000000
28.000000 265.157773 5.750002 -1.771069 0.553792 0.000000 0.000000 0.000000 1.000000 0.000000 0.000000
28.000000 265.160496 5.580967 -1.603829 0.472274 0.000000 0.000000 0.000000 1.000000 0.000000 0.000000
28.000000 265.167996 5.731049 -1.778917 0.612860 0.000000 0.000000 0.000000 1.000000 0.000000 0.000000
28.000000 265.173871 5.935680 -1.533889 0.439253 0.000000 0.000000 0.000000 1.000000 0.000000 0.000000
28.000000 265.177732 5.680046 -1.781640 0.657397 0.000000 0.000000 0.000000 1.000000 0.000000 0.000000
28.000000 265.180416 5.492460 -1.611860 0.570146 0.000000 0.000000 0.000000 1.000000 0.000000 0.000000
28.000000 265.187833 5.652368 -1.789747 0.714041 0.000000 0.000000 0.000000 1.000000 0.000000 0.000000
28.000000 265.190513 5.426628 -1.613255 0.616210 0.000000 0.000000 0.000000 1.000000 0.000000 0.000000
28.000000 265.197836 5.581629 -1.794872 0.760279 0.000000 0.000000 0.000000 1.000000 0.000000 0.000000
28.000000 265.200535 5.378886 -1.621129 0.669284 0.000000 0.000000 0.000000 1.000000 0.000000 0.000000
28.000000 265.207741 5.547809 -1.801186 0.809290 0.000000 0.000000 0.000000 1.000000 0.000000 0.000000
28.000000 265.210573 5.318068 -1.621574 0.713992 0.000000 0.000000 0.000000 1.000000 0.000000 0.000000
28.000000 265.217801 5.513111 -1.807179 0.857396 0.000000 0.000000 0.000000 1.000000 0.000000 0.000000
28.000000 265.220460 5.273293 -1.627603 0.760436 0.000000 0.000000 0.000000 1.000000 0.000000 0.000000
28.000000 265.227924 5.483309 -1.808707 0.910569 0.000000 0.000000 0.000000 1.000000 0.000000 0.000000
28.000000 265.230478 5.210419 -1.621717 0.807296 0.000000 0.000000 0.000000 1.000000 0.000000 0.000000
28.000000 265.237993 5.438394 -1.816735 0.952136 0.000000 0.000000 0.000000 1.000000 0.000000 0.000000
28.000000 265.240546 5.155813 -1.628270 0.848175 0.000000 0.000000 0.000000 1.000000 0.000000 0.000000
28.000000 265.247770 5.368949 -1.819375 0.988854 0.000000 0.000000 0.000000 1.000000 0.000000 0.000000
28.000000 265.250642 5.119271 -1.640917 0.884552 0.000000 0.000000 0.000000 1.000000 0.000000 0.000000
28.000000 265.257730 5.324822 -1.826654 1.024461 0.000000 0.000000 0.000000 1.000000 0.000000 0.000000
28.000000 265.260480 5.075699 -1.645479 0.924804 0.000000 0.000000 0.000000 1.000000 0.000000 0.000000
28.000000 265.267701 5.275601 -1.830341 1.063078 0.000000 0.000000 0.000000 1.000000 0.000000 0.000000
28.000000 265.270631 5.032195 -1.649959 0.961614 0.000000 0.000000 0.000000 1.000000 0.000000 0.000000
28.000000 265.277975 5.252904 -1.842369 1.103877 0.000000 0.000000 0.000000 1.000000 0.000000 0.000000
28.000000 265.280549 4.992303 -1.656332 0.997949 0.000000 0.000000 0.000000 1.000000 0.000000 0.000000
28.000000 265.287871 5.189630 -1.844067 1.148592 0.000000 0.000000 0.000000 1.000000 0.000000 0.000000
28.000000 265.290588 4.912415 -1.655085 1.042407 0.000000 0.000000 0.000000 1.000000 0.000000 0.000000
28.000000 265.298023 5.172302 -1.850407 1.187657 0.000000 0.000000 0.000000 1.000000 0.000000 0.000000
28.000000 265.300546 4.877844 -1.659485 1.076973 0.000000 0.000000 0.000000 1.000000 0.000000 0.000000
28.000000 265.307806 5.146613 -1.865076 1.230679 0.000000 0.000000 0.000000 1.000000 0.000000 0.000000
28.000000 265.310632 4.805231 -1.659911 1.114389 0.000000 0.000000 0.000000 1.000000 0.000000 0.000000
28.000000 265.317951 5.086097 -1.869031 1.261250 0.000000 0.000000 0.000000 1.000000 0.000000 0.000000
28.000000 265.320536 4.766400 -1.669753 1.145853 0.000000 0.000000 0.000000 1.000000 0.000000 0.000000
28.000000 265.327823 5.063567 -1.877846 1.299759 0.000000 0.000000 0.000000 1.000000 0.000000 0.000000
28.000000 265.330634 4.714800 -1.671611 1.178842 0.000000 0.000000 0.000000 1.000000 0.000000 0.000000
28.000000 265.337905 5.014573 -1.881159 1.333615 0.000000 0.000000 0.000000 1.000000 0.000000 0.000000
28.000000 265.340527 4.653235 -1.673378 1.210132 0.000000 0.000000 0.000000 1.000000 0.000000 0.000000
28.000000 265.347969 4.935977 -1.881158 1.360138 0.000000 0.000000 0.000000 1.000000 0.000000 0.000000
28.000000 265.350588 4.615970 -1.681380 1.245660 0.000000 0.000000 0.000000 1.000000 0.000000 0.000000
28.000000 265.353834 5.072174 -1.614812 1.184033 0.000000 0.000000 0.000000 1.000000 0.000000 0.000000
28.000000 265.357880 4.906742 -1.881709 1.408054 0.000000 0.000000 0.000000 1.000000 0.000000 0.000000
28.000000 265.360575 4.549340 -1.679861 1.278128 0.000000 0.000000 0.000000 1.000000 0.000000 0.000000
28.000000 265.363814 5.024527 -1.620629 1.212818 0.000000 0.000000 0.000000 1.000000 0.000000 0.000000
28.000000 265.367857 4.894383 -1.898238 1.431966 0.000000 0.000000 0.000000 1.000000 0.000000 0.000000
28.000000 265.370676 4.498110 -1.682528 1.306469 0.000000 0.000000 0.000000 1.000000 0.000000 0.000000
28.000000 265.373996 4.984501 -1.625453 1.234225 0.000000 0.000000 0.000000 1.000000 0.000000 0.000000
28.000000 265.377868 4.852792 -1.904061 1.460333 0.000000 0.000000 0.000000 1.000000 0.000000 0.000000
28.000000 265.380587 4.453968 -1.687932 1.331656 0.000000 0.000000 0.000000 1.000000 0.000000 0.000000
28.000000 265.383868 4.936884 -1.628924 1.266322 0.000000 0.000000 0.000000 1.000000 0.000000 0.000000
28.000000 265.387866 4.801636 -1.911604 1.490574 0.000000 0.000000 0.000000 1.000000 0.000000 0.000000
28.000000 265.390714 4.393531 -1.691622 1.363375 0.000000 0.000000 0.000000 1.000000 0.000000 0.000000
28.000000 265.393882 4.889731 -1.633783 1.294589 0.000000 0.000000 0.000000 1.000000 0.000000 0.000000
28.000000 265.397914 4.801537 -1.924551 1.523708 0.000000 0.000000 0.000000 1.000000 0.000000 0.000000
28.000000 265.400772 4.348292 -1.698846 1.385926 0.000000 0.000000 0.000000 1.000000 0.000000 0.000000
28.000000 265.403945 4.827175 -1.644122 1.324446 0.000000 0.000000 0.000000 1.000000 0.000000 0.000000
28.000000 265.407868 4.752736 -1.928563 1.549968 0.000000 0.000000 0.000000 1.000000 0.000000 0.000000
28.000000 265.410671 4.293968 -1.697733 1.412179 0.000000 0.000000 0.000000 1.000000 0.000000 0.000000
28.000000 265.413874 4.795737 -1.641856 1.345930 0.000000 0.000000 0.000000 1.000000 0.000000 0.000000
28.000000 265.416566 4.305066 -1.931168 1.599191 0.000000 0.000000 0.000000 1.000000 0.000000 0.000000
28.000000 265.417921 4.713355 -1.935668 1.576242 0.000000 0.000000 0.000000 1.000000 0.000000 0.000000
28.000000 265.420698 4.249025 -1.704036 1.434903 0.000000 0.000000 0.000000 1.000000 0.000000 0.000000
28.000000 265.423881 4.764187 -1.649583 1.364724 0.000000 0.000000 0.000000 1.000000 0.000000 0.000000
28.000000 265.427864 4.642664 -1.936818 1.599142 0.000000 0.000000 0.000000 1.000000 0.000000 0.000000
28.000000 265.430616 4.193414 -1.708782 1.461318 0.000000 0.000000 0.000000 1.000000 0.000000 0.000000
28.000000 265.433890 4.699157 -1.652844 1.393391 0.000000 0.000000 0.000000 1.000000 0.000000 0.000000
28.000000 265.437972 4.654651 -1.952489 1.630722 0.000000 0.000000 0.000000 1.000000 0.000000 0.000000
28.000000 265.440536 4.144393 -1.714124 1.482191 0.000000 0.000000 0.000000 1.000000 0.000000 0.000000
28.000000 265.443880 4.646847 -1.663545 1.415785 0.000000 0.000000 0.000000 1.000000 0.000000 0.000000
28.000000 265.447976 4.656758 -1.958353 1.658053 0.000000 0.000000 0.000000 1.000000 0.000000 0.000000
28.000000 265.450612 4.084987 -1.705197 1.504603 0.000000 0.000000 0.000000 1.000000 0.000000 0.000000
28.000000 265.453922 4.610771 -1.660770 1.432831 0.000000 0.000000 0.000000 1.000000 0.000000 0.000000
28.000000 265.458018 4.631419 -1.965232 1.678008 0.000000 0.000000 0.000000 1.000000 0.000000 0.000000
28.000000 265.460608 4.067662 -1.718034 1.519064 0.000000 0.000000 0.000000 1.000000 0.000000 0.000000
28.000000 265.463920 4.557805 -1.670096 1.456202 0.000000 0.000000 0.000000 1.000000 0.000000 0.000000
28.000000 265.466690 4.064360 -1.967247 1.711422 0.000000 0.000000 0.000000 1.000000 0.000000 0.000000
28.000000 265.467836 4.631030 -1.977143 1.701883 0.000000 0.000000 0.000000 1.000000 0.000000 0.000000
28.000000 265.470637 4.010061 -1.714649 1.539630 0.000000 0.000000 0.000000 1.000000 0.000000 0.000000
28.000000 265.474005 4.519925 -1.671147 1.471367 0.000000 0.000000 0.000000 1.000000 0.000000 0.000000
28.000000 265.478024 4.596751 -1.985854 1.720366 0.000000 0.000000 0.000000 1.000000 0.000000 0.000000
28.000000 265.480604 3.986634 -1.727058 1.552213 0.000000 0.000000 0.000000 1.000000 0.000000 0.000000
28.000000 265.483964 4.468674 -1.676994 1.491812 0.000000 0.000000 0.000000 1.000000 0.000000 0.000000
28.000000 265.487968 4.584872 -1.990813 1.740930 0.000000 0.000000 0.000000 1.000000 0.000000 0.000000
28.000000 265.490657 3.940950 -1.726854 1.565797 0.000000 0.000000 0.000000 1.000000 0.000000 0.000000
28.000000 265.493917 4.423830 -1.679771 1.504792 0.000000 0.000000 0.000000 1.000000 0.000000 0.000000
28.000000 265.497953 4.566407 -2.006325 1.745075 0.000000 0.000000 0.000000 1.000000 0.000000 0.000000
28.000000 265.500649 3.966084 -1.753284 1.562429 0.000000 0.000000 0.000000 1.000000 0.000000 0.000000
28.000000 265.503911 4.374307 -1.687997 1.522483 0.000000 0.000000 0.000000 1.000000 0.000000 0.000000
28.000000 265.507964 4.580334 -2.006455 1.780835 0.000000 0.000000 0.000000 1.000000 0.000000 0.000000
28.000000 265.510703 3.862707 -1.731113 1.592127 0.000000 0.000000 0.000000 1.000000 0.000000 0.000000
28.000000 265.513909 4.335670 -1.689407 1.534116 0.000000 0.000000 0.000000 1.000000 0.000000 0.000000
28.000000 265.518041 4.587877 -2.016468 1.798477 0.000000 0.000000 0.000000 1.000000 0.000000 0.000000
28.000000 265.520578 3.824093 -1.731844 1.607211 0.000000 0.000000 0.000000 1.000000 0.000000 0.000000
28.000000 265.523918 4.292470 -1.694784 1.545566 0.000000 0.000000 0.000000 1.000000 0.000000 0.000000
28.000000 265.527932 4.597549 -2.018263 1.813597 0.000000 0.000000 0.000000 1.000000 0.000000 0.000000
28.000000 265.530677 3.797419 -1.732585 1.611679 0.000000 0.000000 0.000000 1.000000 0.000000 0.000000
28.000000 265.533918 4.239146 -1.697763 1.560726 0.000000 0.000000 0.000000 1.000000 0.000000 0.000000
28.000000 265.540600 3.647418 -1.799413 1.774574 0.000000 0.000000 0.000000 1.000000 0.000000 0.000000
28.000000 265.543957 4.194278 -1.703571 1.571940 0.000000 0.000000 0.000000 1.000000 0.000000 0.000000
28.000000 265.550732 3.594390 -1.806274 1.785795 0.000000 0.000000 0.000000 1.000000 0.000000 0.000000
28.000000 265.553973 4.144328 -1.710630 1.581218 0.000000 0.000000 0.000000 1.000000 0.000000 0.000000
28.000000 265.560638 3.568887 -1.802623 1.788479 0.000000 0.000000 0.000000 1.000000 0.000000 0.000000
28.000000 265.563930 4.108359 -1.710723 1.588732 0.000000 0.000000 0.000000 1.000000 0.000000 0.000000
28.000000 265.570713 3.528542 -1.819175 1.802236 0.000000 0.000000 0.000000 1.000000 0.000000 0.000000
28.000000 265.573938 4.073401 -1.719078 1.595450 0.000000 0.000000 0.000000 1.000000 0.000000 0.000000
28.000000 265.580631 3.482369 -1.817964 1.807270 0.000000 0.000000 0.000000 1.000000 0.000000 0.000000
28.000000 265.583915 4.016869 -1.718532 1.603225 0.000000 0.000000 0.000000 1.000000 0.000000 0.000000
28.000000 265.590721 3.448006 -1.828907 1.815877 0.000000 0.000000 0.000000 1.000000 0.000000 0.000000
28.000000 265.593960 3.970377 -1.724658 1.609978 0.000000 0.000000 0.000000 1.000000 0.000000 0.000000
28.000000 265.600646 3.377663 -1.830933 1.820412 0.000000 0.000000 0.000000 1.000000 0.000000 0.000000
28.000000 265.604004 3.915434 -1.734237 1.614310 0.000000 0.000000 0.000000 1.000000 0.000000 0.000000
28.000000 265.610704 3.343928 -1.828073 1.822450 0.000000 0.000000 0.000000 1.000000 0.000000 0.000000
28.000000 265.613976 3.874966 -1.733838 1.618513 0.000000 0.000000 0.000000 1.000000 0.000000 0.000000
28.000000 265.620599 3.317539 -1.842283 1.827312 0.000000 0.000000 0.000000 1.000000 0.000000 0.000000
28.000000 265.623984 3.825780 -1.737376 1.622679 0.000000 0.000000 0.000000 1.000000 0.000000 0.000000
28.000000 265.630903 3.281329 -1.848746 1.832662 0.000000 0.000000 0.000000 1.000000 0.000000 0.000000
28.000000 265.633961 3.789715 -1.738737 1.621729 0.000000 0.000000 0.000000 1.000000 0.000000 0.000000
28.000000 265.640701 3.243800 -1.856178 1.834312 0.000000 0.000000 0.000000 1.000000 0.000000 0.000000
28.000000 265.643991 3.751913 -1.745157 1.620328 0.000000 0.000000 0.000000 1.000000 0.000000 0.000000
28.000000 265.650728 3.198142 -1.861188 1.833643 0.000000 0.000000 0.000000 1.000000 0.000000 0.000000
28.000000 265.653956 3.699664 -1.749238 1.622044 0.000000 0.000000 0.000000 1.000000 0.000000 0.000000
28.000000 265.660817 3.155442 -1.864565 1.831806 0.000000 0.000000 0.000000 1.000000 0.000000 0.000000
28.000000 265.663955 3.656482 -1.753283 1.617311 0.000000 0.000000 0.000000 1.000000 0.000000 0.000000
28.000000 265.670749 3.094276 -1.865364 1.830260 0.000000 0.000000 0.000000 1.000000 0.000000 0.000000
28.000000 265.673979 3.617056 -1.759007 1.609975 0.000000 0.000000 0.000000 1.000000 0.000000 0.000000
28.000000 265.680876 3.062067 -1.871737 1.829307 0.000000 0.000000 0.000000 1.000000 0.000000 0.000000
28.000000 265.683967 3.566294 -1.762521 1.611608 0.000000 0.000000 0.000000 1.000000 0.000000 0.000000
28.000000 265.690940 3.033478 -1.881810 1.825458 0.000000 0.000000 0.000000 1.000000 0.000000 0.000000
28.000000 265.693999 3.518961 -1.769894 1.610784 0.000000 0.000000 0.000000 1.000000 0.000000 0.000000
28.000000 265.700848 3.004139 -1.888816 1.819179 0.000000 0.000000 0.000000 1.000000 0.000000 0.000000
28.000000 265.703928 3.478182 -1.770716 1.604228 0.000000 0.000000 0.000000 1.000000 0.000000 0.000000
28.000000 265.710793 2.951805 -1.893854 1.813131 0.000000 0.000000 0.000000 1.000000 0.000000 0.000000
28.000000 265.714039 3.431863 -1.776157 1.595695 0.000000 0.000000 0.000000 1.000000 0.000000 0.000000
28.000000 265.720817 2.914384 -1.897984 1.805621 0.000000 0.000000 0.000000 1.000000 0.000000 0.000000
28.000000 265.723985 3.399781 -1.782136 1.577868 0.000000 0.000000 0.000000 1.000000 0.000000 0.000000
28.000000 265.730978 2.882054 -1.900303 1.797974 0.000000 0.000000 0.000000 1.000000 0.000000 0.000000
28.000000 265.734037 3.349598 -1.779884 1.578041 0.000000 0.000000 0.000000 1.000000 0.000000 0.000000
28.000000 265.740873 2.830013 -1.909104 1.790403 0.000000 0.000000 0.000000 1.000000 0.000000 0.000000
28.000000 265.743969 3.299849 -1.787553 1.568466 0.000000 0.000000 0.000000 1.000000 0.000000 0.000000
28.000000 265.750758 2.790639 -1.911947 1.783428 0.000000 0.000000 0.000000 1.000000 0.000000 0.000000
28.000000 265.754073 3.258981 -1.791667 1.557770 0.000000 0.000000 0.000000 1.000000 0.000000 0.000000
28.000000 265.760943 2.753730 -1.919986 1.772324 0.000000 0.000000 0.000000 1.000000 0.000000 0.000000
28.000000 265.764051 3.209209 -1.795871 1.547753 0.000000 0.000000 0.000000 1.000000 0.000000 0.000000
28.000000 265.770792 2.730462 -1.922471 1.754217 0.000000 0.000000 0.000000 1.000000 0.000000 0.000000
28.000000 265.774012 3.175241 -1.799238 1.531786 0.000000 0.000000 0.000000 1.000000 0.000000 0.000000
28.000000 265.780690 2.677929 -1.926752 1.744698 0.000000 0.000000 0.000000 1.000000 0.000000 0.000000
28.000000 265.784119 3.121791 -1.802137 1.520750 0.000000 0.000000 0.000000 1.000000 0.000000 0.000000
28.000000 265.790700 2.637471 -1.934168 1.731287 0.000000 0.000000 0.000000 1.000000 0.000000 0.000000
28.000000 265.794110 3.082805 -1.805693 1.501352 0.000000 0.000000 0.000000 1.000000 0.000000 0.000000
28.000000 265.800715 2.615173 -1.940413 1.714369 0.000000 0.000000 0.000000 1.000000 0.000000 0.000000
28.000000 265.804041 3.038678 -1.810533 1.488185 0.000000 0.000000 0.000000 1.000000 0.000000 0.000000
28.000000 265.810756 2.566508 -1.945565 1.702221 0.000000 0.000000 0.000000 1.000000 0.000000 0.000000
28.000000 265.814122 2.998948 -1.815333 1.471208 0.000000 0.000000 0.000000 1.000000 0.000000 0.000000
28.000000 265.820767 2.520665 -1.945798 1.682218 0.000000 0.000000 0.000000 1.000000 0.000000 0.000000
28.000000 265.824124 2.953482 -1.819370 1.451845 0.000000 0.000000 0.000000 1.000000 0.000000 0.000000
28.000000 265.830755 2.493685 -1.957286 1.665631 0.000000 0.000000 0.000000 1.000000 0.000000 0.000000
28.000000 265.834115 2.908651 -1.821743 1.434337 0.000000 0.000000 0.000000 1.000000 0.000000 0.000000
28.000000 265.840755 2.452345 -1.960584 1.644150 0.000000 0.000000 0.000000 1.000000 0.000000 0.000000
28.000000 265.844096 2.866057 -1.825614 1.412960 0.000000 0.000000 0.000000 1.000000 0.000000 0.000000
28.000000 265.850725 2.412151 -1.964824 1.628176 0.000000 0.000000 0.000000 1.000000 0.000000 0.000000
28.000000 265.854267 2.820160 -1.827936 1.396193 0.000000 0.000000 0.000000 1.000000 0.000000 0.000000
28.000000 265.860743 2.363437 -1.960846 1.601069 0.000000 0.000000 0.000000 1.000000 0.000000 0.000000
28.000000 265.864046 2.776268 -1.831148 1.374119 0.000000 0.000000 0.000000 1.000000 0.000000 0.000000
28.000000 265.870838 2.339981 -1.979531 1.582957 0.000000 0.000000 0.000000 1.000000 0.000000 0.000000
28.000000 265.874187 2.741846 -1.838853 1.343548 0.000000 0.000000 0.000000 1.000000 0.000000 0.000000
28.000000 265.880736 2.302704 -1.983209 1.558989 0.000000 0.000000 0.000000 1.000000 0.000000 0.000000
28.000000 265.884111 2.692204 -1.840267 1.323943 0.000000 0.000000 0.000000 1.000000 0.000000 0.000000
28.000000 265.890767 2.256665 -1.984613 1.538745 0.000000 0.000000 0.000000 1.000000 0.000000 0.000000
28.000000 265.894034 2.654358 -1.843674 1.297853 0.000000 0.000000 0.000000 1.000000 0.000000 0.000000
28.000000 265.900760 2.223080 -1.992951 1.514232 0.000000 0.000000 0.000000 1.000000 0.000000 0.000000
28.000000 265.904075 2.606936 -1.848983 1.275933 0.000000 0.000000 0.000000 1.000000 0.000000 0.000000
28.000000 265.910783 2.188587 -1.999034 1.488883 0.000000 0.000000 0.000000 1.000000 0.000000 0.000000
28.000000 265.914076 2.568440 -1.848358 1.245299 0.000000 0.000000 0.000000 1.000000 0.000000 0.000000
28.000000 265.920801 2.161472 -2.004925 1.458859 0.000000 0.000000 0.000000 1.000000 0.000000 0.000000
28.000000 265.924067 2.532274 -1.853114 1.214013 0.000000 0.000000 0.000000 1.000000 0.000000 0.000000
28.000000 265.930820 2.120817 -2.009671 1.428443 0.000000 0.000000 0.000000 1.000000 0.000000 0.000000
28.000000 265.934130 2.483436 -1.857382 1.189814 0.000000 0.000000 0.000000 1.000000 0.000000 0.000000
28.000000 265.940828 2.077682 -2.007351 1.399683 0.000000 0.000000 0.000000 1.000000 0.000000 0.000000
28.000000 265.944117 2.446217 -1.857780 1.156350 0.000000 0.000000 0.000000 1.000000 0.000000 0.000000
28.000000 265.950809 2.043477 -2.016560 1.371249 0.000000 0.000000 0.000000 1.000000 0.000000 0.000000
28.000000 265.954097 2.395825 -1.865266 1.134219 0.000000 0.000000 0.000000 1.000000 0.000000 0.000000
28.000000 265.960809 2.007173 -2.018400 1.339111 0.000000 0.000000 0.000000 1.000000 0.000000 0.000000
28.000000 265.964186 2.358541 -1.864830 1.098172 0.000000 0.000000 0.000000 1.000000 0.000000 0.000000
28.000000 265.970750 1.965284 -2.024657 1.309872 0.000000 0.000000 0.000000 1.000000 0.000000 0.000000
28.000000 265.974369 2.315707 -1.871373 1.065538 0.000000 0.000000 0.000000 1.000000 0.000000 0.000000
28.000000 265.980806 1.945431 -2.032370 1.273524 0.000000 0.000000 0.000000 1.000000 0.000000 0.000000
28.000000 265.984120 2.277414 -1.876751 1.033544 0.000000 0.000000 0.000000 1.000000 0.000000 0.000000
28.000000 265.990777 1.905456 -2.040092 1.241676 0.000000 0.000000 0.000000 1.000000 0.000000 0.000000
28.000000 265.994087 2.225173 -1.877468 0.997588 0.000000 0.000000 0.000000 1.000000 0.000000 0.000000
28.000000 266.000849 1.866108 -2.046076 1.200206 0.000000 0.000000 0.000000 1.000000 0.000000 0.000000
28.000000 266.004135 2.188433 -1.886995 0.958711 0.000000 0.000000 0.000000 1.000000 0.000000 0.000000
28.000000 266.010791 1.844322 -2.048379 1.164406 0.000000 0.000000 0.000000 1.000000 0.000000 0.000000
28.000000 266.014111 2.154189 -1.883871 0.920461 0.000000 0.000000 0.000000 1.000000 0.000000 0.000000
28.000000 266.020937 1.818215 -2.052526 1.128874 0.000000 0.000000 0.000000 1.000000 0.000000 0.000000
28.000000 266.024112 2.113310 -1.886088 0.884328 0.000000 0.000000 0.000000 1.000000 0.000000 0.000000
28.000000 266.034119 1.562047 -2.287257 1.150603 0.000000 0.000000 0.000000 1.000000 0.000000 0.000000
28.000000 266.044124 1.521211 -2.294524 1.110094 0.000000 0.000000 0.000000 1.000000 0.000000 0.000000
28.000000 266.054089 1.476139 -2.300887 1.075812 0.000000 0.000000 0.000000 1.000000 0.000000 0.000000
28.000000 266.064107 1.441382 -2.306835 1.032911 0.000000 0.000000 0.000000 1.000000 0.000000 0.000000
28.000000 266.074150 1.407044 -2.306863 0.985635 0.000000 0.000000 0.000000 1.000000 0.000000 0.000000
28.000000 266.084179 1.362042 -2.319657 0.951125 0.000000 0.000000 0.000000 1.000000 0.000000 0.000000
