21.000000 197.364632 25.040624 -0.240149 0.368947 0.000000 0.000000 0.000000 1.000000 0.000000 0.000000
21.000000 197.384659 24.784249 -0.210526 0.561894 0.000000 0.000000 0.000000 1.000000 0.000000 0.000000
21.000000 197.394812 24.626182 -0.195665 0.661159 0.000000 0.000000 0.000000 1.000000 0.000000 0.000000
21.000000 197.404602 24.420242 -0.165034 0.744793 0.000000 0.000000 0.000000 1.000000 0.000000 0.000000
21.000000 197.414785 24.301956 -0.140064 0.834457 0.000000 0.000000 0.000000 1.000000 0.000000 0.000000
21.000000 197.424607 24.198032 -0.113722 0.915977 0.000000 0.000000 0.000000 1.000000 0.000000 0.000000
21.000000 197.434831 24.023678 -0.086366 1.004940 0.000000 0.000000 0.000000 1.000000 0.000000 0.000000
21.000000 197.444603 23.892832 -0.056508 1.086788 0.000000 0.000000 0.000000 1.000000 0.000000 0.000000
21.000000 197.448547 22.942345 -0.223070 1.165817 0.000000 0.000000 0.000000 1.000000 0.000000 0.000000
21.000000 197.454629 23.785662 -0.028289 1.162247 0.000000 0.000000 0.000000 1.000000 0.000000 0.000000
21.000000 197.458751 22.838808 -0.201632 1.242303 0.000000 0.000000 0.000000 1.000000 0.000000 0.000000
21.000000 197.464569 23.647284 -0.005817 1.249146 0.000000 0.000000 0.000000 1.000000 0.000000 0.000000
21.000000 197.468656 22.733465 -0.177429 1.314586 0.000000 0.000000 0.000000 1.000000 0.000000 0.000000
21.000000 197.474723 23.540385 0.017887 1.322057 0.000000 0.000000 0.000000 1.000000 0.000000 0.000000
21.000000 197.478761 22.626478 -0.157869 1.389538 0.000000 0.000000 0.000000 1.000000 0.000000 0.000000
21.000000 197.484812 23.414343 0.049496 1.391010 0.000000 0.000000 0.000000 1.000000 0.000000 0.000000
21.000000 197.488613 22.517178 -0.127191 1.457676 0.000000 0.000000 0.000000 1.000000 0.000000 0.000000
21.000000 197.494711 23.240976 0.073228 1.480009 0.000000 0.000000 0.000000 1.000000 0.000000 0.000000
21.000000 197.498846 22.404241 -0.097751 1.530571 0.000000 0.000000 0.000000 1.000000 0.000000 0.000000
21.000000 197.504810 23.111518 0.097695 1.553773 0.000000 0.000000 0.000000 1.000000 0.000000 0.000000
21.000000 197.508514 22.286626 -0.074444 1.598413 0.000000 0.000000 0.000000 1.000000 0.000000 0.000000
21.000000 197.514739 22.988139 0.122603 1.625934 0.000000 0.000000 0.000000 1.000000 0.000000 0.000000
21.000000 197.518814 22.184732 -0.049243 1.665945 0.000000 0.000000 0.000000 1.000000 0.000000 0.000000
21.000000 197.524604 22.875151 0.141673 1.678529 0.000000 0.000000 0.000000 1.000000 0.000000 0.000000
21.000000 197.528668 22.068732 -0.029686 1.715609 0.000000 0.000000 0.000000 1.000000 0.000000 0.000000
21.000000 197.534716 22.727707 0.173375 1.763280 0.000000 0.000000 0.000000 1.000000 0.000000 0.000000
21.000000 197.544559 22.591838 0.195646 1.836525 0.000000 0.000000 0.000000 1.000000 0.000000 0.000000
21.000000 197.554669 22.469098 0.219821 1.901852 0.000000 0.000000 0.000000 1.000000 0.000000 0.000000
21.000000 197.564617 22.330857 0.241430 1.969430 0.000000 0.000000 0.000000 1.000000 0.000000 0.000000
21.000000 197.574755 22.250052 0.259793 2.024467 0.000000 0.000000 0.000000 1.000000 0.000000 0.000000
21.000000 197.584597 22.054965 0.283403 2.101143 0.000000 0.000000 0.000000 1.000000 0.000000 0.000000
21.000000 197.594880 21.918493 0.303670 2.160819 0.000000 0.000000 0.000000 1.000000 0.000000 0.000000
21.000000 197.604700 21.796629 0.330247 2.218642 0.000000 0.000000 0.000000 1.000000 0.000000 0.000000
21.000000 197.614804 21.683729 0.353410 2.274371 0.000000 0.000000 0.000000 1.000000 0.000000 0.000000
21.000000 197.624677 21.654616 0.381175 2.316594 0.000000 0.000000 0.000000 1.000000 0.000000 0.000000
21.000000 197.634759 21.423916 0.400593 2.391269 0.000000 0.000000 0.000000 1.000000 0.000000 0.000000
21.000000 197.644626 21.283630 0.422418 2.449474 0.000000 0.000000 0.000000 1.000000 0.000000 0.000000
21.000000 197.654790 21.153678 0.445212 2.505713 0.000000 0.000000 0.000000 1.000000 0.000000 0.000000
21.000000 197.664728 21.025919 0.467192 2.558291 0.000000 0.000000 0.000000 1.000000 0.000000 0.000000
21.000000 197.671087 19.565625 0.632482 2.452090 0.000000 0.000000 0.000000 1.000000 0.000000 0.000000
21.000000 197.674736 20.995741 0.490640 2.594879 0.000000 0.000000 0.000000 1.000000 0.000000 0.000000
21.000000 197.681189 19.516624 0.635768 2.515267 0.000000 0.000000 0.000000 1.000000 0.000000 0.000000
21.000000 197.684807 20.740319 0.499427 2.661283 0.000000 0.000000 0.000000 1.000000 0.000000 0.000000
21.000000 197.691180 19.414117 0.643556 2.564940 0.000000 0.000000 0.000000 1.000000 0.000000 0.000000
21.000000 197.694894 20.659560 0.535509 2.708850 0.000000 0.000000 0.000000 1.000000 0.000000 0.000000
21.000000 197.701267 19.245951 0.698205 2.611347 0.000000 0.000000 0.000000 1.000000 0.000000 0.000000
21.000000 197.704837 20.545868 0.559086 2.757055 0.000000 0.000000 0.000000 1.000000 0.000000 0.000000
21.000000 197.711148 19.131034 0.720384 2.660802 0.000000 0.000000 0.000000 1.000000 0.000000 0.000000
21.000000 197.714906 20.410262 0.581094 2.804815 0.000000 0.000000 0.000000 1.000000 0.000000 0.000000
21.000000 197.721288 19.027377 0.731473 2.713594 0.000000 0.000000 0.000000 1.000000 0.000000 0.000000
21.000000 197.724890 20.256994 0.586524 2.843966 0.000000 0.000000 0.000000 1.000000 0.000000 0.000000
21.000000 197.731215 18.884791 0.771420 2.757366 0.000000 0.000000 0.000000 1.000000 0.000000 0.000000
21.000000 197.734926 20.171436 0.631425 2.895406 0.000000 0.000000 0.000000 1.000000 0.000000 0.000000
21.000000 197.741241 18.769900 0.783996 2.798390 0.000000 0.000000 0.000000 1.000000 0.000000 0.000000
21.000000 197.744892 20.034516 0.649848 2.941154 0.000000 0.000000 0.000000 1.000000 0.000000 0.000000
21.000000 197.751269 18.674242 0.794976 2.850396 0.000000 0.000000 0.000000 1.000000 0.000000 0.000000
21.000000 197.754984 19.902473 0.666806 2.982192 0.000000 0.000000 0.000000 1.000000 0.000000 0.000000
21.000000 197.761331 18.551047 0.809561 2.889194 0.000000 0.000000 0.000000 1.000000 0.000000 0.000000
21.000000 197.764876 19.798015 0.691404 3.022475 0.000000 0.000000 0.000000 1.000000 0.000000 0.000000
21.000000 197.771208 18.421202 0.846537 2.931318 0.000000 0.000000 0.000000 1.000000 0.000000 0.000000
21.000000 197.774780 19.717673 0.716225 3.055403 0.000000 0.000000 0.000000 1.000000 0.000000 0.000000
21.000000 197.781294 18.264483 0.878361 2.966253 0.000000 0.000000 0.000000 1.000000 0.000000 0.000000
21.000000 197.784830 19.512952 0.727457 3.103483 0.000000 0.000000 0.000000 1.000000 0.000000 0.000000
21.000000 197.791255 18.182184 0.885639 3.003184 0.000000 0.000000 0.000000 1.000000 0.000000 0.000000
21.000000 197.794868 19.435687 0.759113 3.133417 0.000000 0.000000 0.000000 1.000000 0.000000 0.000000
21.000000 197.801381 18.035943 0.926874 3.045096 0.000000 0.000000 0.000000 1.000000 0.000000 0.000000
21.000000 197.804820 19.290137 0.771876 3.178432 0.000000 0.000000 0.000000 1.000000 0.000000 0.000000
21.000000 197.811322 18.006924 0.918182 3.069102 0.000000 0.000000 0.000000 1.000000 0.000000 0.000000
21.000000 197.814992 19.147397 0.786553 3.220587 0.000000 0.000000 0.000000 1.000000 0.000000 0.000000
21.000000 197.824933 19.095130 0.813581 3.243321 0.000000 0.000000 0.000000 1.000000 0.000000 0.000000
21.000000 197.835023 18.889846 0.819841 3.288089 0.000000 0.000000 0.000000 1.000000 0.000000 0.000000
21.000000 197.844791 18.811379 0.852116 3.313639 0.000000 0.000000 0.000000 1.000000 0.000000 0.000000
21.000000 197.854991 18.708342 0.877559 3.344876 0.000000 0.000000 0.000000 1.000000 0.000000 0.000000
21.000000 197.864942 18.559628 0.889807 3.377895 0.000000 0.000000 0.000000 1.000000 0.000000 0.000000
21.000000 197.875070 18.506422 0.916424 3.385389 0.000000 0.000000 0.000000 1.000000 0.000000 0.000000
21.000000 197.884913 18.342387 0.936200 3.419065 0.000000 0.000000 0.000000 1.000000 0.000000 0.000000
21.000000 197.894968 18.231537 0.959390 3.443057 0.000000 0.000000 0.000000 1.000000 0.000000 0.000000
21.000000 197.904942 18.076184 0.979687 3.462471 0.000000 0.000000 0.000000 1.000000 0.000000 0.000000
21.000000 197.914954 17.967494 1.003753 3.481424 0.000000 0.000000 0.000000 1.000000 0.000000 0.000000
21.000000 197.934174 17.365138 0.993247 3.558372 0.000000 0.000000 0.000000 1.000000 0.000000 0.000000
21.000000 197.934831 17.796271 1.037298 3.548358 0.000000 0.000000 0.000000 1.000000 0.000000 0.000000
21.000000 197.964278 16.965030 1.063883 3.610808 0.000000 0.000000 0.000000 1.000000 0.000000 0.000000
21.000000 197.964945 17.448989 1.103365 3.563771 0.000000 0.000000 0.000000 1.000000 0.000000 0.000000
21.000000 197.974200 16.865166 1.083551 3.633749 0.000000 0.000000 0.000000 1.000000 0.000000 0.000000
21.000000 197.975049 17.179781 1.114835 3.617506 0.000000 0.000000 0.000000 1.000000 0.000000 0.000000
21.000000 197.984209 16.756129 1.102900 3.650333 0.000000 0.000000 0.000000 1.000000 0.000000 0.000000
21.000000 197.984851 17.193537 1.142170 3.613350 0.000000 0.000000 0.000000 1.000000 0.000000 0.000000
21.000000 197.994902 17.043046 1.158459 3.628954 0.000000 0.000000 0.000000 1.000000 0.000000 0.000000
21.000000 198.034355 16.182999 1.208057 3.722129 0.000000 0.000000 0.000000 1.000000 0.000000 0.000000
21.000000 198.034935 16.550728 1.243776 3.695893 0.000000 0.000000 0.000000 1.000000 0.000000 0.000000
21.000000 198.044922 16.516206 1.276526 3.705074 0.000000 0.000000 0.000000 1.000000 0.000000 0.000000
21.000000 198.064413 15.823877 1.274847 3.749793 0.000000 0.000000 0.000000 1.000000 0.000000 0.000000
21.000000 198.064976 16.275886 1.313043 3.710215 0.000000 0.000000 0.000000 1.000000 0.000000 0.000000
21.000000 198.074982 16.139387 1.317923 3.710821 0.000000 0.000000 0.000000 1.000000 0.000000 0.000000
21.000000 198.084407 15.610775 1.309938 3.754815 0.000000 0.000000 0.000000 1.000000 0.000000 0.000000
21.000000 198.084991 16.066319 1.347712 3.734764 0.000000 0.000000 0.000000 1.000000 0.000000 0.000000
21.000000 198.094961 15.903349 1.368184 3.734667 0.000000 0.000000 0.000000 1.000000 0.000000 0.000000
21.000000 198.105060 15.819058 1.386531 3.731404 0.000000 0.000000 0.000000 1.000000 0.000000 0.000000
21.000000 198.124927 15.572523 1.432590 3.740132 0.000000 0.000000 0.000000 1.000000 0.000000 0.000000
21.000000 198.134388 15.048459 1.401444 3.770245 0.000000 0.000000 0.000000 1.000000 0.000000 0.000000
21.000000 198.135063 15.443427 1.439443 3.745013 0.000000 0.000000 0.000000 1.000000 0.000000 0.000000
21.000000 198.154977 15.242717 1.478034 3.745883 0.000000 0.000000 0.000000 1.000000 0.000000 0.000000
21.000000 198.164949 15.121376 1.495462 3.746349 0.000000 0.000000 0.000000 1.000000 0.000000 0.000000
21.000000 198.174991 15.085876 1.526421 3.749755 0.000000 0.000000 0.000000 1.000000 0.000000 0.000000
21.000000 198.184940 14.892898 1.526566 3.748663 0.000000 0.000000 0.000000 1.000000 0.000000 0.000000
21.000000 198.194357 14.403541 1.522155 3.756571 0.000000 0.000000 0.000000 1.000000 0.000000 0.000000
21.000000 198.195077 14.809227 1.559633 3.727315 0.000000 0.000000 0.000000 1.000000 0.000000 0.000000
21.000000 198.204518 14.286981 1.543910 3.746910 0.000000 0.000000 0.000000 1.000000 0.000000 0.000000
21.000000 198.204922 14.721749 1.583852 3.720710 0.000000 0.000000 0.000000 1.000000 0.000000 0.000000
21.000000 198.215080 14.620691 1.604421 3.717518 0.000000 0.000000 0.000000 1.000000 0.000000 0.000000
21.000000 198.224996 14.504831 1.623868 3.710602 0.000000 0.000000 0.000000 1.000000 0.000000 0.000000
21.000000 198.235043 14.406291 1.641057 3.701054 0.000000 0.000000 0.000000 1.000000 0.000000 0.000000
21.000000 198.244958 14.284888 1.661683 3.686416 0.000000 0.000000 0.000000 1.000000 0.000000 0.000000
21.000000 198.255095 14.148053 1.672616 3.683147 0.000000 0.000000 0.000000 1.000000 0.000000 0.000000
21.000000 198.264964 14.036301 1.692750 3.679102 0.000000 0.000000 0.000000 1.000000 0.000000 0.000000
21.000000 198.274990 13.958219 1.717811 3.674098 0.000000 0.000000 0.000000 1.000000 0.000000 0.000000
21.000000 198.285091 13.861666 1.745309 3.653167 0.000000 0.000000 0.000000 1.000000 0.000000 0.000000
21.000000 198.295031 13.734576 1.751488 3.645112 0.000000 0.000000 0.000000 1.000000 0.000000 0.000000
21.000000 198.305156 13.645500 1.778314 3.634776 0.000000 0.000000 0.000000 1.000000 0.000000 0.000000
21.000000 198.315115 13.523611 1.792285 3.621616 0.000000 0.000000 0.000000 1.000000 0.000000 0.000000
21.000000 198.325033 13.417098 1.814042 3.606767 0.000000 0.000000 0.000000 1.000000 0.000000 0.000000
21.000000 198.335158 13.312198 1.832328 3.585155 0.000000 0.000000 0.000000 1.000000 0.000000 0.000000
21.000000 198.345040 13.226053 1.863363 3.560653 0.000000 0.000000 0.000000 1.000000 0.000000 0.000000
21.000000 198.355216 13.089763 1.867617 3.540644 0.000000 0.000000 0.000000 1.000000 0.000000 0.000000
21.000000 198.365028 12.981780 1.886881 3.521265 0.000000 0.000000 0.000000 1.000000 0.000000 0.000000
21.000000 198.375142 12.885582 1.901585 3.486262 0.000000 0.000000 0.000000 1.000000 0.000000 0.000000
21.000000 198.385069 12.760948 1.914179 3.472655 0.000000 0.000000 0.000000 1.000000 0.000000 0.000000
21.000000 198.395123 12.673648 1.944866 3.447451 0.000000 0.000000 0.000000 1.000000 0.000000 0.000000
21.000000 198.405061 12.568726 1.964773 3.422421 0.000000 0.000000 0.000000 1.000000 0.000000 0.000000
21.000000 198.415162 12.464620 1.979811 3.392784 0.000000 0.000000 0.000000 1.000000 0.000000 0.000000
21.000000 198.424969 12.369218 2.000617 3.363030 0.000000 0.000000 0.000000 1.000000 0.000000 0.000000
21.000000 198.435101 12.253465 2.007820 3.340045 0.000000 0.000000 0.000000 1.000000 0.000000 0.000000
21.000000 198.441516 11.033377 2.170308 3.297437 0.000000 0.000000 0.000000 1.000000 0.000000 0.000000
21.000000 198.444999 12.152782 2.033952 3.308416 0.000000 0.000000 0.000000 1.000000 0.000000 0.000000
21.000000 198.451466 10.912880 2.207341 3.278073 0.000000 0.000000 0.000000 1.000000 0.000000 0.000000
21.000000 198.455060 12.037791 2.045986 3.276833 0.000000 0.000000 0.000000 1.000000 0.000000 0.000000
21.000000 198.461602 10.819054 2.226815 3.251796 0.000000 0.000000 0.000000 1.000000 0.000000 0.000000
21.000000 198.465045 11.988668 2.077327 3.237762 0.000000 0.000000 0.000000 1.000000 0.000000 0.000000
21.000000 198.471610 10.787333 2.207746 3.224313 0.000000 0.000000 0.000000 1.000000 0.000000 0.000000
21.000000 198.475289 11.836428 2.080831 3.207772 0.000000 0.000000 0.000000 1.000000 0.000000 0.000000
21.000000 198.481616 10.651183 2.240035 3.199771 0.000000 0.000000 0.000000 1.000000 0.000000 0.000000
21.000000 198.485126 11.741250 2.106025 3.180290 0.000000 0.000000 0.000000 1.000000 0.000000 0.000000
21.000000 198.491410 10.711893 2.208584 3.173150 0.000000 0.000000 0.000000 1.000000 0.000000 0.000000
21.000000 198.495394 11.656393 2.122818 3.145249 0.000000 0.000000 0.000000 1.000000 0.000000 0.000000
21.000000 198.501542 10.478243 2.261803 3.140262 0.000000 0.000000 0.000000 1.000000 0.000000 0.000000
21.000000 198.505004 11.530269 2.135711 3.108503 0.000000 0.000000 0.000000 1.000000 0.000000 0.000000
21.000000 198.511540 10.333112 2.302217 3.101051 0.000000 0.000000 0.000000 1.000000 0.000000 0.000000
21.000000 198.515091 11.428465 2.152672 3.073125 0.000000 0.000000 0.000000 1.000000 0.000000 0.000000
21.000000 198.521763 10.309334 2.283061 3.074575 0.000000 0.000000 0.000000 1.000000 0.000000 0.000000
21.000000 198.525116 11.376725 2.179263 3.028886 0.000000 0.000000 0.000000 1.000000 0.000000 0.000000
21.000000 198.531643 10.238432 2.310026 3.042469 0.000000 0.000000 0.000000 1.000000 0.000000 0.000000
21.000000 198.535065 11.201727 2.173041 2.998062 0.000000 0.000000 0.000000 1.000000 0.000000 0.000000
21.000000 198.541544 10.145596 2.306385 2.997819 0.000000 0.000000 0.000000 1.000000 0.000000 0.000000
21.000000 198.545074 11.135592 2.203972 2.958898 0.000000 0.000000 0.000000 1.000000 0.000000 0.000000
21.000000 198.551685 10.097665 2.307671 2.963665 0.000000 0.000000 0.000000 1.000000 0.000000 0.000000
21.000000 198.555114 11.022662 2.220151 2.920416 0.000000 0.000000 0.000000 1.000000 0.000000 0.000000
21.000000 198.561624 9.985732 2.324448 2.924024 0.000000 0.000000 0.000000 1.000000 0.000000 0.000000
21.000000 198.565161 10.939139 2.234347 2.879434 0.000000 0.000000 0.000000 1.000000 0.000000 0.000000
21.000000 198.571574 9.913005 2.336331 2.887080 0.000000 0.000000 0.000000 1.000000 0.000000 0.000000
21.000000 198.575053 10.834583 2.255497 2.836173 0.000000 0.000000 0.000000 1.000000 0.000000 0.000000
21.000000 198.581578 9.779788 2.370112 2.841929 0.000000 0.000000 0.000000 1.000000 0.000000 0.000000
21.000000 198.585044 10.738293 2.271363 2.793789 0.000000 0.000000 0.000000 1.000000 0.000000 0.000000
21.000000 198.591499 9.700258 2.383522 2.800039 0.000000 0.000000 0.000000 1.000000 0.000000 0.000000
21.000000 198.595279 10.628509 2.288280 2.746963 0.000000 0.000000 0.000000 1.000000 0.000000 0.000000
21.000000 198.601593 9.594615 2.409907 2.761459 0.000000 0.000000 0.000000 1.000000 0.000000 0.000000
21.000000 198.605089 10.538926 2.304630 2.699208 0.000000 0.000000 0.000000 1.000000 0.000000 0.000000
21.000000 198.611490 9.567291 2.385435 2.717568 0.000000 0.000000 0.000000 1.000000 0.000000 0.000000
21.000000 198.615159 10.428975 2.317468 2.654576 0.000000 0.000000 0.000000 1.000000 0.000000 0.000000
21.000000 198.621582 9.447603 2.417322 2.662179 0.000000 0.000000 0.000000 1.000000 0.000000 0.000000
21.000000 198.625278 10.329194 2.330837 2.607223 0.000000 0.000000 0.000000 1.000000 0.000000 0.000000
21.000000 198.631593 9.300386 2.458912 2.619745 0.000000 0.000000 0.000000 1.000000 0.000000 0.000000
21.000000 198.635234 10.231357 2.347663 2.559088 0.000000 0.000000 0.000000 1.000000 0.000000 0.000000
21.000000 198.641647 9.161095 2.469627 2.570649 0.000000 0.000000 0.000000 1.000000 0.000000 0.000000
21.000000 198.645117 10.124544 2.362977 2.507901 0.000000 0.000000 0.000000 1.000000 0.000000 0.000000
21.000000 198.651514 9.067577 2.478280 2.521858 0.000000 0.000000 0.000000 1.000000 0.000000 0.000000
21.000000 198.655199 10.036443 2.375848 2.458382 0.000000 0.000000 0.000000 1.000000 0.000000 0.000000
21.000000 198.661635 9.104616 2.466293 2.481279 0.000000 0.000000 0.000000 1.000000 0.000000 0.000000
21.000000 198.665124 9.970538 2.397305 2.403803 0.000000 0.000000 0.000000 1.000000 0.000000 0.000000
21.000000 198.671571 8.864042 2.527253 2.415541 0.000000 0.000000 0.000000 1.000000 0.000000 0.000000
21.000000 198.675210 9.820807 2.406556 2.364813 0.000000 0.000000 0.000000 1.000000 0.000000 0.000000
21.000000 198.681597 8.869153 2.516555 2.379835 0.000000 0.000000 0.000000 1.000000 0.000000 0.000000
21.000000 198.685146 9.732202 2.422634 2.315460 0.000000 0.000000 0.000000 1.000000 0.000000 0.000000
21.000000 198.691539 8.799233 2.524061 2.333102 0.000000 0.000000 0.000000 1.000000 0.000000 0.000000
21.000000 198.695218 9.645826 2.447059 2.260335 0.000000 0.000000 0.000000 1.000000 0.000000 0.000000
21.000000 198.701588 8.622936 2.557369 2.266061 0.000000 0.000000 0.000000 1.000000 0.000000 0.000000
21.000000 198.705168 9.562415 2.468859 2.204639 0.000000 0.000000 0.000000 1.000000 0.000000 0.000000
21.000000 198.711579 8.482989 2.586393 2.208382 0.000000 0.000000 0.000000 1.000000 0.000000 0.000000
21.000000 198.715230 9.465395 2.480614 2.157973 0.000000 0.000000 0.000000 1.000000 0.000000 0.000000
21.000000 198.721688 8.528307 2.568384 2.169597 0.000000 0.000000 0.000000 1.000000 0.000000 0.000000
21.000000 198.725137 9.328553 2.492132 2.098372 0.000000 0.000000 0.000000 1.000000 0.000000 0.000000
21.000000 198.731585 8.451625 2.575787 2.117513 0.000000 0.000000 0.000000 1.000000 0.000000 0.000000
21.000000 198.735236 9.259845 2.515509 2.041237 0.000000 0.000000 0.000000 1.000000 0.000000 0.000000
21.000000 198.741608 8.269584 2.609592 2.046100 0.000000 0.000000 0.000000 1.000000 0.000000 0.000000
21.000000 198.745200 9.160919 2.528662 1.982743 0.000000 0.000000 0.000000 1.000000 0.000000 0.000000
21.000000 198.751523 8.146291 2.640232 1.983696 0.000000 0.000000 0.000000 1.000000 0.000000 0.000000
21.000000 198.755269 9.061848 2.541927 1.928355 0.000000 0.000000 0.000000 1.000000 0.000000 0.000000
21.000000 198.761614 8.072755 2.646685 1.925823 0.000000 0.000000 0.000000 1.000000 0.000000 0.000000
21.000000 198.765225 8.969843 2.556525 1.860119 0.000000 0.000000 0.000000 1.000000 0.000000 0.000000
21.000000 198.771605 7.964451 2.666421 1.862493 0.000000 0.000000 0.000000 1.000000 0.000000 0.000000
21.000000 198.775265 8.884895 2.572999 1.803250 0.000000 0.000000 0.000000 1.000000 0.000000 0.000000
21.000000 198.781747 7.899621 2.676385 1.808905 0.000000 0.000000 0.000000 1.000000 0.000000 0.000000
21.000000 198.785252 8.743476 2.571935 1.743643 0.000000 0.000000 0.000000 1.000000 0.000000 0.000000
21.000000 198.791613 7.737523 2.712980 1.736307 0.000000 0.000000 0.000000 1.000000 0.000000 0.000000
21.000000 198.795285 8.693489 2.606154 1.677035 0.000000 0.000000 0.000000 1.000000 0.000000 0.000000
21.000000 198.801758 7.811605 2.663616 1.692437 0.000000 0.000000 0.000000 1.000000 0.000000 0.000000
21.000000 198.805182 8.580731 2.618913 1.630053 0.000000 0.000000 0.000000 1.000000 0.000000 0.000000
21.000000 198.811647 7.752563 2.677250 1.623704 0.000000 0.000000 0.000000 1.000000 0.000000 0.000000
21.000000 198.815296 8.489462 2.635309 1.559415 0.000000 0.000000 0.000000 1.000000 0.000000 0.000000
21.000000 198.821641 7.619283 2.719572 1.559492 0.000000 0.000000 0.000000 1.000000 0.000000 0.000000
21.000000 198.825181 8.413260 2.651548 1.506410 0.000000 0.000000 0.000000 1.000000 0.000000 0.000000
21.000000 198.829085 8.251968 2.537953 1.586018 0.000000 0.000000 0.000000 1.000000 0.000000 0.000000
21.000000 198.831634 7.547951 2.717509 1.500860 0.000000 0.000000 0.000000 1.000000 0.000000 0.000000
21.000000 198.835332 8.310989 2.663820 1.438644 0.000000 0.000000 0.000000 1.000000 0.000000 0.000000
21.000000 198.839200 8.144131 2.545957 1.515605 0.000000 0.000000 0.000000 1.000000 0.000000 0.000000
21.000000 198.841696 7.481346 2.715606 1.439156 0.000000 0.000000 0.000000 1.000000 0.000000 0.000000
21.000000 198.845184 8.215260 2.680884 1.371888 0.000000 0.000000 0.000000 1.000000 0.000000 0.000000
21.000000 198.849054 8.053059 2.568711 1.454938 0.000000 0.000000 0.000000 1.000000 0.000000 0.000000
21.000000 198.851710 7.380466 2.743728 1.374436 0.000000 0.000000 0.000000 1.000000 0.000000 0.000000
21.000000 198.855310 8.109487 2.693473 1.312113 0.000000 0.000000 0.000000 1.000000 0.000000 0.000000
21.000000 198.859188 7.955970 2.583290 1.385490 0.000000 0.000000 0.000000 1.000000 0.000000 0.000000
21.000000 198.861899 7.336520 2.741771 1.310832 0.000000 0.000000 0.000000 1.000000 0.000000 0.000000
21.000000 198.865215 8.044456 2.712435 1.237069 0.000000 0.000000 0.000000 1.000000 0.000000 0.000000
21.000000 198.869154 7.893478 2.610012 1.322823 0.000000 0.000000 0.000000 1.000000 0.000000 0.000000
21.000000 198.871597 7.157996 2.802441 1.230471 0.000000 0.000000 0.000000 1.000000 0.000000 0.000000
21.000000 198.875315 7.946273 2.727468 1.175647 0.000000 0.000000 0.000000 1.000000 0.000000 0.000000
21.000000 198.879246 7.788771 2.616755 1.261330 0.000000 0.000000 0.000000 1.000000 0.000000 0.000000
21.000000 198.881701 6.963210 2.828225 1.152208 0.000000 0.000000 0.000000 1.000000 0.000000 0.000000
21.000000 198.885169 7.838490 2.738585 1.105270 0.000000 0.000000 0.000000 1.000000 0.000000 0.000000
21.000000 198.889143 7.672905 2.620376 1.186126 0.000000 0.000000 0.000000 1.000000 0.000000 0.000000
21.000000 198.891709 6.955718 2.804896 1.093027 0.000000 0.000000 0.000000 1.000000 0.000000 0.000000
21.000000 198.895329 7.740502 2.750786 1.041587 0.000000 0.000000 0.000000 1.000000 0.000000 0.000000
21.000000 198.899279 7.591600 2.642125 1.117149 0.000000 0.000000 0.000000 1.000000 0.000000 0.000000
21.000000 198.901697 7.137807 2.762535 1.049546 0.000000 0.000000 0.000000 1.000000 0.000000 0.000000
21.000000 198.905256 7.625838 2.758089 0.972384 0.000000 0.000000 0.000000 1.000000 0.000000 0.000000
21.000000 198.909155 7.502386 2.671366 1.037010 0.000000 0.000000 0.000000 1.000000 0.000000 0.000000
21.000000 198.911725 6.647961 2.886919 0.924403 0.000000 0.000000 0.000000 1.000000 0.000000 0.000000
21.000000 198.915366 7.551187 2.777284 0.906218 0.000000 0.000000 0.000000 1.000000 0.000000 0.000000
21.000000 198.919312 7.405403 2.669352 0.982004 0.000000 0.000000 0.000000 1.000000 0.000000 0.000000
21.000000 198.921758 6.749011 2.836804 0.889700 0.000000 0.000000 0.000000 1.000000 0.000000 0.000000
21.000000 198.925182 7.451685 2.788879 0.837873 0.000000 0.000000 0.000000 1.000000 0.000000 0.000000
21.000000 198.929275 7.304651 2.680458 0.916870 0.000000 0.000000 0.000000 1.000000 0.000000 0.000000
21.000000 198.931888 6.788266 2.816322 0.837156 0.000000 0.000000 0.000000 1.000000 0.000000 0.000000
21.000000 198.935343 7.352729 2.802504 0.757034 0.000000 0.000000 0.000000 1.000000 0.000000 0.000000
21.000000 198.939200 7.213918 2.699377 0.834777 0.000000 0.000000 0.000000 1.000000 0.000000 0.000000
21.000000 198.941711 6.797826 2.811283 0.770208 0.000000 0.000000 0.000000 1.000000 0.000000 0.000000
21.000000 198.945220 7.245675 2.798464 0.690151 0.000000 0.000000 0.000000 1.000000 0.000000 0.000000
21.000000 198.949260 7.135776 2.720198 0.761672 0.000000 0.000000 0.000000 1.000000 0.000000 0.000000
21.000000 198.951719 6.544484 2.874093 0.672206 0.000000 0.000000 0.000000 1.000000 0.000000 0.000000
21.000000 198.955322 7.133156 2.792569 0.623353 0.000000 0.000000 0.000000 1.000000 0.000000 0.000000
21.000000 198.959220 7.048998 2.737764 0.687309 0.000000 0.000000 0.000000 1.000000 0.000000 0.000000
21.000000 198.961957 6.326902 2.923706 0.576252 0.000000 0.000000 0.000000 1.000000 0.000000 0.000000
21.000000 198.969186 6.943839 2.736942 0.610625 0.000000 0.000000 0.000000 1.000000 0.000000 0.000000
21.000000 198.971695 6.332299 2.896508 0.518228 0.000000 0.000000 0.000000 1.000000 0.000000 0.000000
21.000000 198.979257 6.879468 2.772202 0.537496 0.000000 0.000000 0.000000 1.000000 0.000000 0.000000
21.000000 198.981765 6.149002 2.959350 0.423235 0.000000 0.000000 0.000000 1.000000 0.000000 0.000000
21.000000 198.989296 6.774062 2.770859 0.458969 0.000000 0.000000 0.000000 1.000000 0.000000 0.000000
21.000000 198.991676 6.114184 2.935806 0.353188 0.000000 0.000000 0.000000 1.000000 0.000000 0.000000
21.000000 198.999342 6.699869 2.796627 0.377253 0.000000 0.000000 0.000000 1.000000 0.000000 0.000000
21.000000 199.001728 5.978728 2.978530 0.255030 0.000000 0.000000 0.000000 1.000000 0.000000 0.000000
21.000000 199.009226 6.589169 2.793409 0.305953 0.000000 0.000000 0.000000 1.000000 0.000000 0.000000
21.000000 199.011757 5.998173 2.944945 0.207622 0.000000 0.000000 0.000000 1.000000 0.000000 0.000000
21.000000 199.019284 6.519743 2.819249 0.224683 0.000000 0.000000 0.000000 1.000000 0.000000 0.000000
21.000000 199.021753 5.817063 3.002781 0.110331 0.000000 0.000000 0.000000 1.000000 0.000000 0.000000
21.000000 199.029214 6.428293 2.815918 0.155541 0.000000 0.000000 0.000000 1.000000 0.000000 0.000000
21.000000 199.031749 5.896705 2.954270 0.087697 0.000000 0.000000 0.000000 1.000000 0.000000 0.000000
21.000000 199.039294 6.371335 2.831421 0.196672 0.000000 0.000000 0.000000 1.000000 0.000000 0.000000
21.000000 199.041786 5.801725 2.989335 0.145423 0.000000 0.000000 0.000000 1.000000 0.000000 0.000000
21.000000 199.049258 6.319212 2.826892 0.255186 0.000000 0.000000 0.000000 1.000000 0.000000 0.000000
21.000000 199.051724 5.674606 3.005286 0.188443 0.000000 0.000000 0.000000 1.000000 0.000000 0.000000
21.000000 199.061884 5.636112 3.010196 0.248669 0.000000 0.000000 0.000000 1.000000 0.000000 0.000000
21.000000 199.071807 5.645145 3.001720 0.316764 0.000000 0.000000 0.000000 1.000000 0.000000 0.000000
21.000000 199.081815 5.547493 3.036842 0.371855 0.000000 0.000000 0.000000 1.000000 0.000000 0.000000
21.000000 199.091801 5.447169 3.041570 0.418642 0.000000 0.000000 0.000000 1.000000 0.000000 0.000000
21.000000 199.101806 5.351498 3.091715 0.468310 0.000000 0.000000 0.000000 1.000000 0.000000 0.000000
21.000000 199.111799 5.522731 3.015002 0.563555 0.000000 0.000000 0.000000 1.000000 0.000000 0.000000
21.000000 199.121765 5.457132 3.033887 0.608226 0.000000 0.000000 0.000000 1.000000 0.000000 0.000000
21.000000 199.131759 5.449130 3.030733 0.665353 0.000000 0.000000 0.000000 1.000000 0.000000 0.000000
21.000000 199.141809 5.349939 3.070337 0.708471 0.000000 0.000000 0.000000 1.000000 0.000000 0.000000
21.000000 199.151790 5.188540 3.095258 0.745443 0.000000 0.000000 0.000000 1.000000 0.000000 0.000000
21.000000 199.161813 5.163291 3.099235 0.792602 0.000000 0.000000 0.000000 1.000000 0.000000 0.000000
21.000000 199.171818 4.858972 3.191111 0.791459 0.000000 0.000000 0.000000 1.000000 0.000000 0.000000
21.000000 199.181864 5.078794 3.134088 0.873239 0.000000 0.000000 0.000000 1.000000 0.000000 0.000000
21.000000 199.191789 5.009181 3.133389 0.922986 0.000000 0.000000 0.000000 1.000000 0.000000 0.000000
21.000000 199.201834 4.928926 3.159468 0.960777 0.000000 0.000000 0.000000 1.000000 0.000000 0.000000
21.000000 199.211811 4.868663 3.174319 0.991507 0.000000 0.000000 0.000000 1.000000 0.000000 0.000000
21.000000 199.221875 4.985645 3.134882 1.050631 0.000000 0.000000 0.000000 1.000000 0.000000 0.000000
21.000000 199.231857 4.803469 3.170135 1.085944 0.000000 0.000000 0.000000 1.000000 0.000000 0.000000
21.000000 199.241826 4.727759 3.194942 1.124172 0.000000 0.000000 0.000000 1.000000 0.000000 0.000000
21.000000 199.251854 4.748766 3.174424 1.180840 0.000000 0.000000 0.000000 1.000000 0.000000 0.000000
21.000000 199.261863 4.712726 3.178364 1.203256 0.000000 0.000000 0.000000 1.000000 0.000000 0.000000
21.000000 199.271872 4.678980 3.172741 1.241282 0.000000 0.000000 0.000000 1.000000 0.000000 0.000000
21.000000 199.281916 4.458052 3.208740 1.266387 0.000000 0.000000 0.000000 1.000000 0.000000 0.000000
21.000000 199.292045 4.492301 3.233502 1.302469 0.000000 0.000000 0.000000 1.000000 0.000000 0.000000
21.000000 199.301813 4.284655 3.280578 1.312312 0.000000 0.000000 0.000000 1.000000 0.000000 0.000000
21.000000 199.311854 4.281888 3.266276 1.356267 0.000000 0.000000 0.000000 1.000000 0.000000 0.000000
21.000000 199.321865 4.301189 3.240476 1.388071 0.000000 0.000000 0.000000 1.000000 0.000000 0.000000
21.000000 199.331886 4.123020 3.312662 1.412144 0.000000 0.000000 0.000000 1.000000 0.000000 0.000000
21.000000 199.341861 4.198235 3.264603 1.444339 0.000000 0.000000 0.000000 1.000000 0.000000 0.000000
21.000000 199.351896 4.188200 3.281135 1.476811 0.000000 0.000000 0.000000 1.000000 0.000000 0.000000
21.000000 199.361839 4.038382 3.292779 1.495042 0.000000 0.000000 0.000000 1.000000 0.000000 0.000000
21.000000 199.371945 4.089657 3.304484 1.534219 0.000000 0.000000 0.000000 1.000000 0.000000 0.000000
21.000000 199.381886 4.175416 3.250482 1.562176 0.000000 0.000000 0.000000 1.000000 0.000000 0.000000
21.000000 199.391903 4.034951 3.302907 1.588889 0.000000 0.000000 0.000000 1.000000 0.000000 0.000000
21.000000 199.401916 3.992802 3.302185 1.613074 0.000000 0.000000 0.000000 1.000000 0.000000 0.000000
21.000000 199.411937 4.027984 3.280143 1.636286 0.000000 0.000000 0.000000 1.000000 0.000000 0.000000
21.000000 199.421930 3.782837 3.363320 1.635682 0.000000 0.000000 0.000000 1.000000 0.000000 0.000000
21.000000 199.431896 3.987645 3.271102 1.677297 0.000000 0.000000 0.000000 1.000000 0.000000 0.000000
21.000000 199.441911 3.896512 3.291790 1.700056 0.000000 0.000000 0.000000 1.000000 0.000000 0.000000
21.000000 199.451910 3.714724 3.354680 1.696812 0.000000 0.000000 0.000000 1.000000 0.000000 0.000000
21.000000 199.461964 3.443914 3.437276 1.693171 0.000000 0.000000 0.000000 1.000000 0.000000 0.000000
21.000000 199.471915 3.570397 3.398764 1.718202 0.000000 0.000000 0.000000 1.000000 0.000000 0.000000
21.000000 199.481871 3.568062 3.394860 1.727096 0.000000 0.000000 0.000000 1.000000 0.000000 0.000000
21.000000 199.492085 3.464482 3.418873 1.742519 0.000000 0.000000 0.000000 1.000000 0.000000 0.000000
21.000000 199.501956 3.452827 3.395471 1.756757 0.000000 0.000000 0.000000 1.000000 0.000000 0.000000
21.000000 199.512096 3.578799 3.351973 1.782109 0.000000 0.000000 0.000000 1.000000 0.000000 0.000000
21.000000 199.522060 3.359210 3.399695 1.771293 0.000000 0.000000 0.000000 1.000000 0.000000 0.000000
21.000000 199.531965 3.308262 3.429089 1.776725 0.000000 0.000000 0.000000 1.000000 0.000000 0.000000
21.000000 199.541960 3.379404 3.384278 1.801684 0.000000 0.000000 0.000000 1.000000 0.000000 0.000000
21.000000 199.551986 3.281795 3.415631 1.785158 0.000000 0.000000 0.000000 1.000000 0.000000 0.000000
21.000000 199.562006 3.031056 3.482448 1.772617 0.000000 0.000000 0.000000 1.000000 0.000000 0.000000
21.000000 199.571959 3.094088 3.461352 1.794580 0.000000 0.000000 0.000000 1.000000 0.000000 0.000000
21.000000 199.581997 3.208311 3.412629 1.815081 0.000000 0.000000 0.000000 1.000000 0.000000 0.000000
21.000000 199.591941 3.078606 3.452488 1.810875 0.000000 0.000000 0.000000 1.000000 0.000000 0.000000
21.000000 199.602011 3.077693 3.430523 1.805201 0.000000 0.000000 0.000000 1.000000 0.000000 0.000000
21.000000 199.612021 2.909510 3.491654 1.791927 0.000000 0.000000 0.000000 1.000000 0.000000 0.000000
21.000000 199.622076 2.900183 3.468897 1.792536 0.000000 0.000000 0.000000 1.000000 0.000000 0.000000
21.000000 199.632032 2.984604 3.447016 1.795526 0.000000 0.000000 0.000000 1.000000 0.000000 0.000000
21.000000 199.641989 2.790082 3.517204 1.785974 0.000000 0.000000 0.000000 1.000000 0.000000 0.000000
21.000000 199.652304 2.659105 3.536074 1.768008 0.000000 0.000000 0.000000 1.000000 0.000000 0.000000
21.000000 199.662170 2.854762 3.467653 1.797457 0.000000 0.000000 0.000000 1.000000 0.000000 0.000000
21.000000 199.672189 2.677100 3.537592 1.770707 0.000000 0.000000 0.000000 1.000000 0.000000 0.000000
21.000000 199.681990 2.666809 3.521035 1.755373 0.000000 0.000000 0.000000 1.000000 0.000000 0.000000
21.000000 199.692051 2.739004 3.501035 1.764668 0.000000 0.000000 0.000000 1.000000 0.000000 0.000000
21.000000 199.702124 2.699362 3.498734 1.758402 0.000000 0.000000 0.000000 1.000000 0.000000 0.000000
21.000000 199.712181 2.567103 3.532039 1.735842 0.000000 0.000000 0.000000 1.000000 0.000000 0.000000
21.000000 199.722094 2.387780 3.596013 1.714481 0.000000 0.000000 0.000000 1.000000 0.000000 0.000000
21.000000 199.732100 2.277985 3.585458 1.690131 0.000000 0.000000 0.000000 1.000000 0.000000 0.000000
21.000000 199.742066 2.400264 3.565608 1.685179 0.000000 0.000000 0.000000 1.000000 0.000000 0.000000
21.000000 199.752101 2.381466 3.561440 1.673217 0.000000 0.000000 0.000000 1.000000 0.000000 0.000000
21.000000 199.761982 2.426925 3.547750 1.657160 0.000000 0.000000 0.000000 1.000000 0.000000 0.000000
21.000000 199.772303 2.279800 3.585803 1.637065 0.000000 0.000000 0.000000 1.000000 0.000000 0.000000
21.000000 199.782091 2.307821 3.571729 1.607987 0.000000 0.000000 0.000000 1.000000 0.000000 0.000000
21.000000 199.792040 2.127066 3.610129 1.583671 0.000000 0.000000 0.000000 1.000000 0.000000 0.000000
21.000000 199.802180 2.122994 3.607277 1.568585 0.000000 0.000000 0.000000 1.000000 0.000000 0.000000
21.000000 199.812110 2.041747 3.622495 1.543904 0.000000 0.000000 0.000000 1.000000 0.000000 0.000000
21.000000 199.822091 2.135871 3.619142 1.525611 0.000000 0.000000 0.000000 1.000000 0.000000 0.000000
21.000000 199.832139 2.141474 3.587905 1.507430 0.000000 0.000000 0.000000 1.000000 0.000000 0.000000
21.000000 199.842067 1.940803 3.633941 1.473619 0.000000 0.000000 0.000000 1.000000 0.000000 0.000000
21.000000 199.852108 1.920117 3.637367 1.439763 0.000000 0.000000 0.000000 1.000000 0.000000 0.000000
21.000000 199.862075 1.793999 3.681470 1.403219 0.000000 0.000000 0.000000 1.000000 0.000000 0.000000
21.000000 199.872093 1.857571 3.643339 1.383606 0.000000 0.000000 0.000000 1.000000 0.000000 0.000000
21.000000 199.882105 1.810894 3.646282 1.351362 0.000000 0.000000 0.000000 1.000000 0.000000 0.000000
21.000000 199.892102 1.711049 3.691405 1.319481 0.000000 0.000000 0.000000 1.000000 0.000000 0.000000
21.000000 199.902169 1.716572 3.667353 1.289928 0.000000 0.000000 0.000000 1.000000 0.000000 0.000000
21.000000 199.912106 1.644794 3.680251 1.250446 0.000000 0.000000 0.000000 1.000000 0.000000 0.000000
21.000000 199.922181 1.611950 3.693886 1.219004 0.000000 0.000000 0.000000 1.000000 0.000000 0.000000
21.000000 199.932122 1.612703 3.692447 1.185427 0.000000 0.000000 0.000000 1.000000 0.000000 0.000000
21.000000 199.942180 1.335912 3.759707 1.128653 0.000000 0.000000 0.000000 1.000000 0.000000 0.000000
21.000000 199.952080 1.430939 3.721650 1.098085 0.000000 0.000000 0.000000 1.000000 0.000000 0.000000
21.000000 199.962341 1.488677 3.704572 1.067431 0.000000 0.000000 0.000000 1.000000 0.000000 0.000000
21.000000 199.972358 1.313990 3.748734 1.011759 0.000000 0.000000 0.000000 1.000000 0.000000 0.000000
21.000000 199.982335 1.284658 3.760704 0.975770 0.000000 0.000000 0.000000 1.000000 0.000000 0.000000
21.000000 199.989617 1.453926 3.686288 0.980621 0.000000 0.000000 0.000000 1.000000 0.000000 0.000000
21.000000 199.992113 1.407006 3.697977 0.948954 0.000000 0.000000 0.000000 1.000000 0.000000 0.000000
21.000000 199.999591 1.431539 3.687357 0.932137 0.000000 0.000000 0.000000 1.000000 0.000000 0.000000
21.000000 200.002098 1.316628 3.713412 0.906959 0.000000 0.000000 0.000000 1.000000 0.000000 0.000000
21.000000 200.009524 1.221980 3.755587 0.879498 0.000000 0.000000 0.000000 1.000000 0.000000 0.000000
21.000000 200.012102 1.183983 3.765616 0.849038 0.000000 0.000000 0.000000 1.000000 0.000000 0.000000
21.000000 200.019598 1.305026 3.712672 0.848057 0.000000 0.000000 0.000000 1.000000 0.000000 0.000000
21.000000 200.022201 0.993487 3.782388 0.798384 0.000000 0.000000 0.000000 1.000000 0.000000 0.000000
21.000000 200.029604 0.924320 3.813637 0.768865 0.000000 0.000000 0.000000 1.000000 0.000000 0.000000
21.000000 200.032143 1.186084 3.757872 0.765966 0.000000 0.000000 0.000000 1.000000 0.000000 0.000000
21.000000 200.039753 1.237697 3.735501 0.752319 0.000000 0.000000 0.000000 1.000000 0.000000 0.000000
21.000000 200.042181 0.936980 3.802857 0.704948 0.000000 0.000000 0.000000 1.000000 0.000000 0.000000
21.000000 200.049715 0.932425 3.805831 0.683289 0.000000 0.000000 0.000000 1.000000 0.000000 0.000000
21.000000 200.052116 1.013028 3.790120 0.663839 0.000000 0.000000 0.000000 1.000000 0.000000 0.000000
21.000000 200.059607 1.216194 3.702134 0.659874 0.000000 0.000000 0.000000 1.000000 0.000000 0.000000
21.000000 200.062211 0.995583 3.751501 0.618846 0.000000 0.000000 0.000000 1.000000 0.000000 0.000000
21.000000 200.069586 0.895966 3.795479 0.597811 0.000000 0.000000 0.000000 1.000000 0.000000 0.000000
21.000000 200.072168 1.106507 3.751399 0.589434 0.000000 0.000000 0.000000 1.000000 0.000000 0.000000
21.000000 200.079622 1.130609 3.741594 0.563708 0.000000 0.000000 0.000000 1.000000 0.000000 0.000000
21.000000 200.082158 0.970123 3.778412 0.523773 0.000000 0.000000 0.000000 1.000000 0.000000 0.000000
21.000000 200.089661 0.989133 3.771052 0.504740 0.000000 0.000000 0.000000 1.000000 0.000000 0.000000
21.000000 200.092154 1.042129 3.761179 0.486188 0.000000 0.000000 0.000000 1.000000 0.000000 0.000000
21.000000 200.099707 1.196414 3.694791 0.477420 0.000000 0.000000 0.000000 1.000000 0.000000 0.000000
21.000000 200.102175 0.805565 3.781959 0.406030 0.000000 0.000000 0.000000 1.000000 0.000000 0.000000
21.000000 200.129869 0.804640 3.784643 0.300548 0.000000 0.000000 0.000000 1.000000 0.000000 0.000000
21.000000 200.132309 0.926468 3.759304 0.299146 0.000000 0.000000 0.000000 1.000000 0.000000 0.000000
21.000000 200.139566 0.904161 3.769957 0.276639 0.000000 0.000000 0.000000 1.000000 0.000000 0.000000
21.000000 200.142274 0.496429 3.861917 0.196331 0.000000 0.000000 0.000000 1.000000 0.000000 0.000000
21.000000 200.149644 0.584968 3.826074 0.175262 0.000000 0.000000 0.000000 1.000000 0.000000 0.000000
21.000000 200.152193 0.569480 3.832256 0.142739 0.000000 0.000000 0.000000 1.000000 0.000000 0.000000
21.000000 200.159920 0.398598 3.906287 0.116733 0.000000 0.000000 0.000000 1.000000 0.000000 0.000000
21.000000 200.162157 0.268777 3.933377 0.112735 0.000000 0.000000 0.000000 1.000000 0.000000 0.000000
21.000000 200.169703 0.448486 3.853905 0.161093 0.000000 0.000000 0.000000 1.000000 0.000000 0.000000
21.000000 200.182257 0.696829 3.790509 0.261525 0.000000 0.000000 0.000000 1.000000 0.000000 0.000000
21.000000 200.189719 0.747323 3.767887 0.282334 0.000000 0.000000 0.000000 1.000000 0.000000 0.000000
21.000000 200.192447 0.595496 3.799165 0.282995 0.000000 0.000000 0.000000 1.000000 0.000000 0.000000
21.000000 200.219688 0.157633 3.919715 0.311146 0.000000 0.000000 0.000000 1.000000 0.000000 0.000000
21.000000 200.222290 0.159063 3.916665 0.336637 0.000000 0.000000 0.000000 1.000000 0.000000 0.000000
21.000000 200.229672 0.208577 3.892413 0.377781 0.000000 0.000000 0.000000 1.000000 0.000000 0.000000
21.000000 200.232337 0.368091 3.854526 0.425073 0.000000 0.000000 0.000000 1.000000 0.000000 0.000000
21.000000 200.239699 0.315188 3.875917 0.436221 0.000000 0.000000 0.000000 1.000000 0.000000 0.000000
21.000000 200.242495 -0.015773 3.945925 0.414816 0.000000 0.000000 0.000000 1.000000 0.000000 0.000000
21.000000 200.249866 0.003051 3.935482 0.442668 0.000000 0.000000 0.000000 1.000000 0.000000 0.000000
21.000000 200.252463 0.078320 3.917481 0.464367 0.000000 0.000000 0.000000 1.000000 0.000000 0.000000
21.000000 200.259846 0.055613 3.924919 0.485969 0.000000 0.000000 0.000000 1.000000 0.000000 0.000000
21.000000 200.262419 0.226617 3.884282 0.531535 0.000000 0.000000 0.000000 1.000000 0.000000 0.000000
21.000000 200.269760 0.250059 3.873052 0.549372 0.000000 0.000000 0.000000 1.000000 0.000000 0.000000
21.000000 200.272350 0.046958 3.915212 0.542206 0.000000 0.000000 0.000000 1.000000 0.000000 0.000000
21.000000 200.279665 0.170796 3.860242 0.581480 0.000000 0.000000 0.000000 1.000000 0.000000 0.000000
21.000000 200.282322 0.361048 3.816346 0.625068 0.000000 0.000000 0.000000 1.000000 0.000000 0.000000
21.000000 200.289928 0.323656 3.831437 0.633837 0.000000 0.000000 0.000000 1.000000 0.000000 0.000000
21.000000 200.292579 0.181249 3.861181 0.627376 0.000000 0.000000 0.000000 1.000000 0.000000 0.000000
21.000000 200.299737 0.154768 3.871832 0.632358 0.000000 0.000000 0.000000 1.000000 0.000000 0.000000
21.000000 200.302321 0.271916 3.843773 0.668918 0.000000 0.000000 0.000000 1.000000 0.000000 0.000000
21.000000 200.309861 0.271823 3.841846 0.695783 0.000000 0.000000 0.000000 1.000000 0.000000 0.000000
21.000000 200.312365 -0.108885 3.922527 0.667704 0.000000 0.000000 0.000000 1.000000 0.000000 0.000000
21.000000 200.319829 -0.225341 3.970855 0.666117 0.000000 0.000000 0.000000 1.000000 0.000000 0.000000
21.000000 200.322497 -0.360957 3.998265 0.665177 0.000000 0.000000 0.000000 1.000000 0.000000 0.000000
21.000000 200.329883 -0.171747 3.915648 0.709709 0.000000 0.000000 0.000000 1.000000 0.000000 0.000000
21.000000 200.332374 0.155665 3.842937 0.760186 0.000000 0.000000 0.000000 1.000000 0.000000 0.000000
21.000000 200.339769 -0.009963 3.912547 0.751822 0.000000 0.000000 0.000000 1.000000 0.000000 0.000000
21.000000 200.342207 -0.095479 3.928890 0.758456 0.000000 0.000000 0.000000 1.000000 0.000000 0.000000
21.000000 200.349875 -0.078292 3.919982 0.777261 0.000000 0.000000 0.000000 1.000000 0.000000 0.000000
21.000000 200.352439 -0.207694 3.946165 0.776052 0.000000 0.000000 0.000000 1.000000 0.000000 0.000000
21.000000 200.359828 -0.216331 3.949273 0.780613 0.000000 0.000000 0.000000 1.000000 0.000000 0.000000
21.000000 200.362366 -0.488598 4.005045 0.774439 0.000000 0.000000 0.000000 1.000000 0.000000 0.000000
21.000000 200.369974 -0.469682 3.995675 0.790060 0.000000 0.000000 0.000000 1.000000 0.000000 0.000000
21.000000 200.372431 -0.306946 3.962602 0.793414 0.000000 0.000000 0.000000 1.000000 0.000000 0.000000
21.000000 200.380089 -0.361777 3.984192 0.800929 0.000000 0.000000 0.000000 1.000000 0.000000 0.000000
21.000000 200.382268 -0.322352 3.970008 0.842346 0.000000 0.000000 0.000000 1.000000 0.000000 0.000000
21.000000 200.389913 -0.316473 3.965776 0.860287 0.000000 0.000000 0.000000 1.000000 0.000000 0.000000
21.000000 200.392324 -0.411916 3.985808 0.854243 0.000000 0.000000 0.000000 1.000000 0.000000 0.000000
21.000000 200.399817 -0.364969 3.964113 0.875977 0.000000 0.000000 0.000000 1.000000 0.000000 0.000000
21.000000 200.402377 -0.564532 4.005923 0.862612 0.000000 0.000000 0.000000 1.000000 0.000000 0.000000
21.000000 200.410046 -0.651124 4.040873 0.864904 0.000000 0.000000 0.000000 1.000000 0.000000 0.000000
21.000000 200.412636 -0.443914 3.993998 0.898327 0.000000 0.000000 0.000000 1.000000 0.000000 0.000000
21.000000 200.419753 -0.390474 3.971079 0.907169 0.000000 0.000000 0.000000 1.000000 0.000000 0.000000
21.000000 200.422523 -0.541718 4.003136 0.895038 0.000000 0.000000 0.000000 1.000000 0.000000 0.000000
21.000000 200.429671 -0.497250 3.983082 0.910707 0.000000 0.000000 0.000000 1.000000 0.000000 0.000000
21.000000 200.432457 -0.547547 3.991891 0.917554 0.000000 0.000000 0.000000 1.000000 0.000000 0.000000
21.000000 200.439899 -0.551323 3.992036 0.929000 0.000000 0.000000 0.000000 1.000000 0.000000 0.000000
21.000000 200.442547 -0.525921 3.984369 0.944707 0.000000 0.000000 0.000000 1.000000 0.000000 0.000000
21.000000 200.449879 -0.653437 4.036227 0.945572 0.000000 0.000000 0.000000 1.000000 0.000000 0.000000
21.000000 200.452363 -0.720324 4.049892 0.942900 0.000000 0.000000 0.000000 1.000000 0.000000 0.000000
21.000000 200.459819 -0.559985 3.982427 0.960612 0.000000 0.000000 0.000000 1.000000 0.000000 0.000000
21.000000 200.462441 -0.575747 3.985615 0.960158 0.000000 0.000000 0.000000 1.000000 0.000000 0.000000
21.000000 200.470001 -0.752924 4.058634 0.951362 0.000000 0.000000 0.000000 1.000000 0.000000 0.000000
21.000000 200.472486 -0.708850 4.045894 0.972985 0.000000 0.000000 0.000000 1.000000 0.000000 0.000000
21.000000 200.479846 -0.746318 4.060944 0.974423 0.000000 0.000000 0.000000 1.000000 0.000000 0.000000
21.000000 200.482498 -0.892356 4.092119 0.961551 0.000000 0.000000 0.000000 1.000000 0.000000 0.000000
21.000000 200.489895 -0.632242 3.982046 0.996124 0.000000 0.000000 0.000000 1.000000 0.000000 0.000000
21.000000 200.492561 -0.665549 3.987825 1.000619 0.000000 0.000000 0.000000 1.000000 0.000000 0.000000
21.000000 200.499863 -0.641557 3.976785 1.010952 0.000000 0.000000 0.000000 1.000000 0.000000 0.000000
21.000000 200.502448 -0.717782 3.993672 1.000246 0.000000 0.000000 0.000000 1.000000 0.000000 0.000000
21.000000 200.509751 -0.806436 4.030229 0.994653 0.000000 0.000000 0.000000 1.000000 0.000000 0.000000
21.000000 200.512465 -0.804999 4.026558 1.013242 0.000000 0.000000 0.000000 1.000000 0.000000 0.000000
21.000000 200.519741 -0.806309 4.026646 1.016738 0.000000 0.000000 0.000000 1.000000 0.000000 0.000000
21.000000 200.522424 -0.946729 4.056926 1.001577 0.000000 0.000000 0.000000 1.000000 0.000000 0.000000
21.000000 200.529922 -1.054858 4.099966 1.004742 0.000000 0.000000 0.000000 1.000000 0.000000 0.000000
21.000000 200.532573 -0.880432 4.062052 1.024105 0.000000 0.000000 0.000000 1.000000 0.000000 0.000000
21.000000 200.539787 -0.919900 4.078759 1.018680 0.000000 0.000000 0.000000 1.000000 0.000000 0.000000
21.000000 200.542490 -1.167979 4.132880 0.990342 0.000000 0.000000 0.000000 1.000000 0.000000 0.000000
21.000000 200.549753 -0.934466 4.035876 1.012402 0.000000 0.000000 0.000000 1.000000 0.000000 0.000000
21.000000 200.552675 -1.160420 4.082615 0.997762 0.000000 0.000000 0.000000 1.000000 0.000000 0.000000
21.000000 200.559773 -1.211842 4.103282 0.997341 0.000000 0.000000 0.000000 1.000000 0.000000 0.000000
21.000000 200.562436 -1.272367 4.116558 0.989531 0.000000 0.000000 0.000000 1.000000 0.000000 0.000000
21.000000 200.569917 -1.305475 4.129344 0.992018 0.000000 0.000000 0.000000 1.000000 0.000000 0.000000
21.000000 200.572633 -1.216606 4.109417 1.005304 0.000000 0.000000 0.000000 1.000000 0.000000 0.000000
21.000000 200.579812 -1.269310 4.131442 0.999187 0.000000 0.000000 0.000000 1.000000 0.000000 0.000000
21.000000 200.582333 -1.372948 4.154706 0.983743 0.000000 0.000000 0.000000 1.000000 0.000000 0.000000
21.000000 200.589907 -1.195182 4.080234 1.006276 0.000000 0.000000 0.000000 1.000000 0.000000 0.000000
21.000000 200.592432 -1.247946 4.091244 1.002080 0.000000 0.000000 0.000000 1.000000 0.000000 0.000000
21.000000 200.599807 -1.232722 4.085071 1.002819 0.000000 0.000000 0.000000 1.000000 0.000000 0.000000
21.000000 200.602402 -0.834852 4.000542 1.040856 0.000000 0.000000 0.000000 1.000000 0.000000 0.000000
21.000000 200.609937 -0.923767 4.037485 1.032212 0.000000 0.000000 0.000000 1.000000 0.000000 0.000000
21.000000 200.612498 -1.503210 4.160841 0.976311 0.000000 0.000000 0.000000 1.000000 0.000000 0.000000
21.000000 200.619854 -1.491251 4.155878 0.977633 0.000000 0.000000 0.000000 1.000000 0.000000 0.000000
21.000000 200.622348 -1.093579 4.071509 1.015110 0.000000 0.000000 0.000000 1.000000 0.000000 0.000000
21.000000 200.630027 -1.140590 4.091360 1.008390 0.000000 0.000000 0.000000 1.000000 0.000000 0.000000
21.000000 200.632465 -1.411053 4.151380 0.971889 0.000000 0.000000 0.000000 1.000000 0.000000 0.000000
21.000000 200.639875 -1.183951 4.057145 0.996834 0.000000 0.000000 0.000000 1.000000 0.000000 0.000000
21.000000 200.642389 -1.326399 4.086209 0.987760 0.000000 0.000000 0.000000 1.000000 0.000000 0.000000
21.000000 200.649930 -1.465430 4.144208 0.970444 0.000000 0.000000 0.000000 1.000000 0.000000 0.000000
21.000000 200.652502 -1.742414 4.203040 0.943116 0.000000 0.000000 0.000000 1.000000 0.000000 0.000000
21.000000 200.659844 -1.768768 4.214455 0.937316 0.000000 0.000000 0.000000 1.000000 0.000000 0.000000
21.000000 200.662471 -1.827272 4.227890 0.926944 0.000000 0.000000 0.000000 1.000000 0.000000 0.000000
21.000000 200.669918 -1.845714 4.236283 0.920662 0.000000 0.000000 0.000000 1.000000 0.000000 0.000000
21.000000 200.672550 -1.717844 4.209453 0.931694 0.000000 0.000000 0.000000 1.000000 0.000000 0.000000
21.000000 200.679875 -1.404797 4.081129 0.958911 0.000000 0.000000 0.000000 1.000000 0.000000 0.000000
21.000000 200.682415 -1.373657 4.075393 0.957784 0.000000 0.000000 0.000000 1.000000 0.000000 0.000000
21.000000 200.689981 -1.373354 4.075544 0.956109 0.000000 0.000000 0.000000 1.000000 0.000000 0.000000
21.000000 200.692729 -1.129209 4.026739 0.967394 0.000000 0.000000 0.000000 1.000000 0.000000 0.000000
21.000000 200.699924 -1.104522 4.017016 0.967147 0.000000 0.000000 0.000000 1.000000 0.000000 0.000000
21.000000 200.702564 -0.992156 3.992853 0.980087 0.000000 0.000000 0.000000 1.000000 0.000000 0.000000
21.000000 200.709903 -0.991262 3.993660 0.972668 0.000000 0.000000 0.000000 1.000000 0.000000 0.000000
21.000000 200.712692 -1.260276 4.054751 0.926908 0.000000 0.000000 0.000000 1.000000 0.000000 0.000000
21.000000 200.719916 -1.369463 4.100815 0.910094 0.000000 0.000000 0.000000 1.000000 0.000000 0.000000
21.000000 200.722539 -1.977004 4.228120 0.854162 0.000000 0.000000 0.000000 1.000000 0.000000 0.000000
21.000000 200.730008 -1.864742 4.181521 0.869034 0.000000 0.000000 0.000000 1.000000 0.000000 0.000000
21.000000 200.732510 -1.376098 4.083586 0.897971 0.000000 0.000000 0.000000 1.000000 0.000000 0.000000
21.000000 200.739818 -1.331311 4.067194 0.892801 0.000000 0.000000 0.000000 1.000000 0.000000 0.000000
21.000000 200.742454 -1.975451 4.203535 0.824832 0.000000 0.000000 0.000000 1.000000 0.000000 0.000000
21.000000 200.750168 -1.969584 4.203183 0.815156 0.000000 0.000000 0.000000 1.000000 0.000000 0.000000
21.000000 200.752478 -1.342067 4.073864 0.867045 0.000000 0.000000 0.000000 1.000000 0.000000 0.000000
21.000000 200.759943 -1.243565 4.035106 0.868016 0.000000 0.000000 0.000000 1.000000 0.000000 0.000000
21.000000 200.762442 -2.009655 4.197547 0.783797 0.000000 0.000000 0.000000 1.000000 0.000000 0.000000
21.000000 200.769912 -1.955223 4.176198 0.785022 0.000000 0.000000 0.000000 1.000000 0.000000 0.000000
21.000000 200.772512 -1.467912 4.077163 0.821834 0.000000 0.000000 0.000000 1.000000 0.000000 0.000000
21.000000 200.779942 -1.398728 4.050844 0.818701 0.000000 0.000000 0.000000 1.000000 0.000000 0.000000
21.000000 200.782516 -1.964969 4.171694 0.751100 0.000000 0.000000 0.000000 1.000000 0.000000 0.000000
21.000000 200.790129 -1.913296 4.153903 0.739134 0.000000 0.000000 0.000000 1.000000 0.000000 0.000000
21.000000 200.792553 -2.068100 4.187513 0.717149 0.000000 0.000000 0.000000 1.000000 0.000000 0.000000
21.000000 200.799848 -2.268846 4.269769 0.693236 0.000000 0.000000 0.000000 1.000000 0.000000 0.000000
21.000000 200.802518 -2.313298 4.282148 0.675186 0.000000 0.000000 0.000000 1.000000 0.000000 0.000000
21.000000 200.810026 -2.008938 4.161110 0.692236 0.000000 0.000000 0.000000 1.000000 0.000000 0.000000
21.000000 200.812537 -2.024827 4.166858 0.678665 0.000000 0.000000 0.000000 1.000000 0.000000 0.000000
21.000000 200.820044 -2.029330 4.170297 0.669213 0.000000 0.000000 0.000000 1.000000 0.000000 0.000000
21.000000 200.822448 -2.074284 4.182823 0.649837 0.000000 0.000000 0.000000 1.000000 0.000000 0.000000
21.000000 200.829989 -2.241932 4.252831 0.622506 0.000000 0.000000 0.000000 1.000000 0.000000 0.000000
21.000000 200.832553 -2.361429 4.283079 0.588320 0.000000 0.000000 0.000000 1.000000 0.000000 0.000000
21.000000 200.840072 -2.068392 4.165095 0.615909 0.000000 0.000000 0.000000 1.000000 0.000000 0.000000
21.000000 200.842494 -2.293588 4.212982 0.587605 0.000000 0.000000 0.000000 1.000000 0.000000 0.000000
21.000000 200.849951 -2.291578 4.215649 0.570055 0.000000 0.000000 0.000000 1.000000 0.000000 0.000000
21.000000 200.852537 -2.262158 4.213711 0.554546 0.000000 0.000000 0.000000 1.000000 0.000000 0.000000
21.000000 200.860047 -2.226586 4.200672 0.551924 0.000000 0.000000 0.000000 1.000000 0.000000 0.000000
21.000000 200.862505 -2.366811 4.231897 0.528207 0.000000 0.000000 0.000000 1.000000 0.000000 0.000000
21.000000 200.870220 -2.359383 4.231832 0.514410 0.000000 0.000000 0.000000 1.000000 0.000000 0.000000
21.000000 200.872589 -2.478632 4.261904 0.479140 0.000000 0.000000 0.000000 1.000000 0.000000 0.000000
21.000000 200.879942 -2.406502 4.236359 0.470118 0.000000 0.000000 0.000000 1.000000 0.000000 0.000000
21.000000 200.882452 -2.330888 4.226342 0.455329 0.000000 0.000000 0.000000 1.000000 0.000000 0.000000
21.000000 200.890139 -1.744377 4.067813 0.519049 0.000000 0.000000 0.000000 1.000000 0.000000 0.000000
21.000000 200.892607 -2.419561 4.212567 0.424361 0.000000 0.000000 0.000000 1.000000 0.000000 0.000000
21.000000 200.900177 -2.543527 4.267013 0.389401 0.000000 0.000000 0.000000 1.000000 0.000000 0.000000
21.000000 200.902531 -2.503293 4.260537 0.385364 0.000000 0.000000 0.000000 1.000000 0.000000 0.000000
21.000000 200.910094 -2.406220 4.223924 0.382795 0.000000 0.000000 0.000000 1.000000 0.000000 0.000000
21.000000 200.912585 -2.472612 4.242408 0.354008 0.000000 0.000000 0.000000 1.000000 0.000000 0.000000
21.000000 200.920058 -2.461161 4.240291 0.343250 0.000000 0.000000 0.000000 1.000000 0.000000 0.000000
21.000000 200.922511 -2.734001 4.303363 0.285806 0.000000 0.000000 0.000000 1.000000 0.000000 0.000000
21.000000 200.930188 -2.687433 4.288125 0.275988 0.000000 0.000000 0.000000 1.000000 0.000000 0.000000
21.000000 200.932658 -2.583096 4.269298 0.276649 0.000000 0.000000 0.000000 1.000000 0.000000 0.000000
21.000000 200.939995 -2.520037 4.247937 0.265112 0.000000 0.000000 0.000000 1.000000 0.000000 0.000000
21.000000 200.942493 -2.637427 4.277949 0.227824 0.000000 0.000000 0.000000 1.000000 0.000000 0.000000
21.000000 200.950106 -2.597003 4.264997 0.217834 0.000000 0.000000 0.000000 1.000000 0.000000 0.000000
21.000000 200.952590 -2.731384 4.299093 0.177748 0.000000 0.000000 0.000000 1.000000 0.000000 0.000000
21.000000 200.960162 -2.620852 4.260659 0.164287 0.000000 0.000000 0.000000 1.000000 0.000000 0.000000
21.000000 200.962495 -2.743715 4.287088 0.145276 0.000000 0.000000 0.000000 1.000000 0.000000 0.000000
21.000000 200.970154 -2.851530 4.325795 0.152806 0.000000 0.000000 0.000000 1.000000 0.000000 0.000000
21.000000 200.972691 -2.800825 4.311556 0.173279 0.000000 0.000000 0.000000 1.000000 0.000000 0.000000
21.000000 200.980078 -2.840499 4.323075 0.186722 0.000000 0.000000 0.000000 1.000000 0.000000 0.000000
21.000000 200.982594 -2.832551 4.317312 0.202762 0.000000 0.000000 0.000000 1.000000 0.000000 0.000000
21.000000 200.990182 -2.867082 4.326172 0.218211 0.000000 0.000000 0.000000 1.000000 0.000000 0.000000
21.000000 200.992742 -2.997157 4.345309 0.232464 0.000000 0.000000 0.000000 1.000000 0.000000 0.000000
21.000000 201.000225 -3.002902 4.342933 0.252233 0.000000 0.000000 0.000000 1.000000 0.000000 0.000000
21.000000 201.002508 -2.887194 4.314666 0.282208 0.000000 0.000000 0.000000 1.000000 0.000000 0.000000
21.000000 201.010455 -2.848490 4.295294 0.302949 0.000000 0.000000 0.000000 1.000000 0.000000 0.000000
21.000000 201.012635 -2.931243 4.307803 0.311183 0.000000 0.000000 0.000000 1.000000 0.000000 0.000000
21.000000 201.020166 -2.944074 4.309819 0.323335 0.000000 0.000000 0.000000 1.000000 0.000000 0.000000
21.000000 201.022581 -2.978989 4.314281 0.330072 0.000000 0.000000 0.000000 1.000000 0.000000 0.000000
21.000000 201.030180 -3.078083 4.349443 0.336884 0.000000 0.000000 0.000000 1.000000 0.000000 0.000000
21.000000 201.032688 -2.957097 4.320847 0.363384 0.000000 0.000000 0.000000 1.000000 0.000000 0.000000
21.000000 201.040189 -2.947463 4.311844 0.383818 0.000000 0.000000 0.000000 1.000000 0.000000 0.000000
21.000000 201.042594 -2.855586 4.288170 0.409735 0.000000 0.000000 0.000000 1.000000 0.000000 0.000000
21.000000 201.050200 -2.847734 4.281475 0.423717 0.000000 0.000000 0.000000 1.000000 0.000000 0.000000
21.000000 201.052663 -3.029307 4.314918 0.416448 0.000000 0.000000 0.000000 1.000000 0.000000 0.000000
21.000000 201.060222 -3.038345 4.317241 0.420435 0.000000 0.000000 0.000000 1.000000 0.000000 0.000000
21.000000 201.062583 -3.069406 4.319695 0.431584 0.000000 0.000000 0.000000 1.000000 0.000000 0.000000
21.000000 201.070143 -3.030534 4.298130 0.459680 0.000000 0.000000 0.000000 1.000000 0.000000 0.000000
21.000000 201.072666 -2.999841 4.287559 0.477301 0.000000 0.000000 0.000000 1.000000 0.000000 0.000000
21.000000 201.080194 -3.082063 4.318063 0.476773 0.000000 0.000000 0.000000 1.000000 0.000000 0.000000
21.000000 201.082568 -3.045216 4.307553 0.490806 0.000000 0.000000 0.000000 1.000000 0.000000 0.000000
21.000000 201.090127 -2.984050 4.279968 0.509611 0.000000 0.000000 0.000000 1.000000 0.000000 0.000000
21.000000 201.092630 -2.992976 4.276988 0.525177 0.000000 0.000000 0.000000 1.000000 0.000000 0.000000
21.000000 201.100041 -3.051234 4.296973 0.531404 0.000000 0.000000 0.000000 1.000000 0.000000 0.000000
21.000000 201.102594 -3.492549 4.415869 0.522746 0.000000 0.000000 0.000000 1.000000 0.000000 0.000000
21.000000 201.110132 -3.260968 4.327537 0.534413 0.000000 0.000000 0.000000 1.000000 0.000000 0.000000
21.000000 201.112651 -3.484084 4.403452 0.542609 0.000000 0.000000 0.000000 1.000000 0.000000 0.000000
21.000000 201.120088 -3.445061 4.389904 0.539103 0.000000 0.000000 0.000000 1.000000 0.000000 0.000000
21.000000 201.122572 -3.432635 4.384655 0.559677 0.000000 0.000000 0.000000 1.000000 0.000000 0.000000
21.000000 201.130097 -3.485023 4.406419 0.550335 0.000000 0.000000 0.000000 1.000000 0.000000 0.000000
21.000000 201.132621 -3.549546 4.417294 0.552174 0.000000 0.000000 0.000000 1.000000 0.000000 0.000000
21.000000 201.140112 -3.277092 4.306851 0.591427 0.000000 0.000000 0.000000 1.000000 0.000000 0.000000
21.000000 201.142573 -3.227564 4.292689 0.611844 0.000000 0.000000 0.000000 1.000000 0.000000 0.000000
21.000000 201.150081 -3.472429 4.386274 0.600147 0.000000 0.000000 0.000000 1.000000 0.000000 0.000000
21.000000 201.152678 -3.645971 4.420653 0.586272 0.000000 0.000000 0.000000 1.000000 0.000000 0.000000
21.000000 201.160131 -3.634304 4.415612 0.589236 0.000000 0.000000 0.000000 1.000000 0.000000 0.000000
21.000000 201.162650 -3.546911 4.396366 0.603198 0.000000 0.000000 0.000000 1.000000 0.000000 0.000000
21.000000 201.170118 -3.528720 4.388129 0.609330 0.000000 0.000000 0.000000 1.000000 0.000000 0.000000
21.000000 201.172689 -2.977108 4.273856 0.671171 0.000000 0.000000 0.000000 1.000000 0.000000 0.000000
21.000000 201.180056 -3.021811 4.288258 0.678780 0.000000 0.000000 0.000000 1.000000 0.000000 0.000000
21.000000 201.182677 -3.171967 4.316875 0.669804 0.000000 0.000000 0.000000 1.000000 0.000000 0.000000
21.000000 201.190151 -3.173896 4.317428 0.670384 0.000000 0.000000 0.000000 1.000000 0.000000 0.000000
21.000000 201.192680 -3.440559 4.369102 0.653161 0.000000 0.000000 0.000000 1.000000 0.000000 0.000000
21.000000 201.200069 -3.344184 4.327866 0.675379 0.000000 0.000000 0.000000 1.000000 0.000000 0.000000
21.000000 201.202622 -3.558641 4.369977 0.659142 0.000000 0.000000 0.000000 1.000000 0.000000 0.000000
21.000000 201.210256 -3.586669 4.377850 0.668406 0.000000 0.000000 0.000000 1.000000 0.000000 0.000000
21.000000 201.212686 -3.654177 4.388422 0.672409 0.000000 0.000000 0.000000 1.000000 0.000000 0.000000
21.000000 201.220117 -3.669288 4.394288 0.671216 0.000000 0.000000 0.000000 1.000000 0.000000 0.000000
21.000000 201.222625 -3.860605 4.432662 0.654399 0.000000 0.000000 0.000000 1.000000 0.000000 0.000000
21.000000 201.230193 -3.809520 4.411285 0.665021 0.000000 0.000000 0.000000 1.000000 0.000000 0.000000
21.000000 201.232694 -3.715617 4.390877 0.679221 0.000000 0.000000 0.000000 1.000000 0.000000 0.000000
21.000000 201.240146 -3.739833 4.400463 0.676507 0.000000 0.000000 0.000000 1.000000 0.000000 0.000000
21.000000 201.242602 -3.749562 4.402351 0.675893 0.000000 0.000000 0.000000 1.000000 0.000000 0.000000
21.000000 201.250301 -3.699014 4.381155 0.686426 0.000000 0.000000 0.000000 1.000000 0.000000 0.000000
21.000000 201.252720 -3.767953 4.392990 0.687792 0.000000 0.000000 0.000000 1.000000 0.000000 0.000000
21.000000 201.260150 -3.749088 4.384105 0.695991 0.000000 0.000000 0.000000 1.000000 0.000000 0.000000
21.000000 201.262666 -3.649517 4.363060 0.708937 0.000000 0.000000 0.000000 1.000000 0.000000 0.000000
21.000000 201.270272 -3.588352 4.337964 0.719390 0.000000 0.000000 0.000000 1.000000 0.000000 0.000000
21.000000 201.272732 -3.936853 4.406857 0.691883 0.000000 0.000000 0.000000 1.000000 0.000000 0.000000
21.000000 201.280192 -3.939062 4.407461 0.692863 0.000000 0.000000 0.000000 1.000000 0.000000 0.000000
21.000000 201.282620 -3.732773 4.372000 0.690863 0.000000 0.000000 0.000000 1.000000 0.000000 0.000000
21.000000 201.290291 -3.675294 4.348815 0.698904 0.000000 0.000000 0.000000 1.000000 0.000000 0.000000
21.000000 201.292749 -3.637997 4.336485 0.718449 0.000000 0.000000 0.000000 1.000000 0.000000 0.000000
21.000000 201.300394 -3.709488 4.364837 0.710096 0.000000 0.000000 0.000000 1.000000 0.000000 0.000000
21.000000 201.302660 -3.735690 4.371065 0.704238 0.000000 0.000000 0.000000 1.000000 0.000000 0.000000
21.000000 201.310273 -3.686944 4.351597 0.710473 0.000000 0.000000 0.000000 1.000000 0.000000 0.000000
21.000000 201.312720 -3.855395 4.385542 0.694201 0.000000 0.000000 0.000000 1.000000 0.000000 0.000000
21.000000 201.320382 -3.819727 4.371484 0.698166 0.000000 0.000000 0.000000 1.000000 0.000000 0.000000
21.000000 201.322983 -4.010622 4.412106 0.671984 0.000000 0.000000 0.000000 1.000000 0.000000 0.000000
21.000000 201.330499 -3.657604 4.355791 0.712702 0.000000 0.000000 0.000000 1.000000 0.000000 0.000000
21.000000 201.332757 -4.185925 4.465498 0.650705 0.000000 0.000000 0.000000 1.000000 0.000000 0.000000
21.000000 201.340212 -4.128283 4.441315 0.662869 0.000000 0.000000 0.000000 1.000000 0.000000 0.000000
21.000000 201.342659 -3.936053 4.401275 0.686063 0.000000 0.000000 0.000000 1.000000 0.000000 0.000000
21.000000 201.350264 -3.915404 4.394026 0.685095 0.000000 0.000000 0.000000 1.000000 0.000000 0.000000
21.000000 201.352727 -4.063033 4.425174 0.665883 0.000000 0.000000 0.000000 1.000000 0.000000 0.000000
21.000000 201.360252 -3.991211 4.398663 0.667338 0.000000 0.000000 0.000000 1.000000 0.000000 0.000000
21.000000 201.362712 -4.059131 4.411327 0.664432 0.000000 0.000000 0.000000 1.000000 0.000000 0.000000
21.000000 201.370315 -4.028437 4.400049 0.664575 0.000000 0.000000 0.000000 1.000000 0.000000 0.000000
21.000000 201.372846 -4.285198 4.456399 0.622339 0.000000 0.000000 0.000000 1.000000 0.000000 0.000000
21.000000 201.380221 -4.245026 4.440891 0.626010 0.000000 0.000000 0.000000 1.000000 0.000000 0.000000
21.000000 201.382669 -4.235115 4.438239 0.629306 0.000000 0.000000 0.000000 1.000000 0.000000 0.000000
21.000000 201.390277 -4.091257 4.385065 0.632269 0.000000 0.000000 0.000000 1.000000 0.000000 0.000000
21.000000 201.392811 -4.132927 4.394894 0.622362 0.000000 0.000000 0.000000 1.000000 0.000000 0.000000
21.000000 201.400219 -4.390092 4.450861 0.607475 0.000000 0.000000 0.000000 1.000000 0.000000 0.000000
21.000000 201.402708 -4.421022 4.460356 0.592349 0.000000 0.000000 0.000000 1.000000 0.000000 0.000000
21.000000 201.410511 -4.547024 4.511387 0.570722 0.000000 0.000000 0.000000 1.000000 0.000000 0.000000
21.000000 201.412814 -4.482002 4.501406 0.566186 0.000000 0.000000 0.000000 1.000000 0.000000 0.000000
21.000000 201.420402 -4.244290 4.416235 0.595755 0.000000 0.000000 0.000000 1.000000 0.000000 0.000000
21.000000 201.422729 -4.191268 4.408260 0.592154 0.000000 0.000000 0.000000 1.000000 0.000000 0.000000
21.000000 201.430294 -4.124862 4.383427 0.595559 0.000000 0.000000 0.000000 1.000000 0.000000 0.000000
21.000000 201.432852 -4.199827 4.399764 0.583558 0.000000 0.000000 0.000000 1.000000 0.000000 0.000000
21.000000 201.440182 -4.183362 4.395756 0.576377 0.000000 0.000000 0.000000 1.000000 0.000000 0.000000
21.000000 201.442835 -4.243301 4.412223 0.555419 0.000000 0.000000 0.000000 1.000000 0.000000 0.000000
21.000000 201.450271 -4.128054 4.368145 0.565271 0.000000 0.000000 0.000000 1.000000 0.000000 0.000000
21.000000 201.452915 -4.086170 4.358455 0.573881 0.000000 0.000000 0.000000 1.000000 0.000000 0.000000
21.000000 201.460406 -4.163116 4.390483 0.557713 0.000000 0.000000 0.000000 1.000000 0.000000 0.000000
21.000000 201.462791 -4.381383 4.438238 0.521540 0.000000 0.000000 0.000000 1.000000 0.000000 0.000000
21.000000 201.470386 -4.317969 4.416780 0.516412 0.000000 0.000000 0.000000 1.000000 0.000000 0.000000
21.000000 201.473036 -4.438090 4.443423 0.494809 0.000000 0.000000 0.000000 1.000000 0.000000 0.000000
21.000000 201.480506 -4.483951 4.462355 0.485381 0.000000 0.000000 0.000000 1.000000 0.000000 0.000000
21.000000 201.482946 -4.553606 4.478596 0.470219 0.000000 0.000000 0.000000 1.000000 0.000000 0.000000
21.000000 201.490376 -4.485612 4.453563 0.472671 0.000000 0.000000 0.000000 1.000000 0.000000 0.000000
21.000000 201.492999 -4.494535 4.460242 0.455589 0.000000 0.000000 0.000000 1.000000 0.000000 0.000000
21.000000 201.500259 -4.469160 4.450732 0.457289 0.000000 0.000000 0.000000 1.000000 0.000000 0.000000
21.000000 201.502708 -4.519028 4.465023 0.439288 0.000000 0.000000 0.000000 1.000000 0.000000 0.000000
21.000000 201.510378 -4.380879 4.418365 0.431376 0.000000 0.000000 0.000000 1.000000 0.000000 0.000000
21.000000 201.512856 -4.478619 4.440877 0.411024 0.000000 0.000000 0.000000 1.000000 0.000000 0.000000
21.000000 201.520284 -4.417498 4.418038 0.414884 0.000000 0.000000 0.000000 1.000000 0.000000 0.000000
21.000000 201.522798 -4.488274 4.435904 0.395459 0.000000 0.000000 0.000000 1.000000 0.000000 0.000000
21.000000 201.530393 -4.436659 4.419350 0.389412 0.000000 0.000000 0.000000 1.000000 0.000000 0.000000
21.000000 201.533038 -4.881818 4.557596 0.321589 0.000000 0.000000 0.000000 1.000000 0.000000 0.000000
21.000000 201.540221 -4.651949 4.470409 0.340915 0.000000 0.000000 0.000000 1.000000 0.000000 0.000000
21.000000 201.542964 -4.618895 4.468561 0.327285 0.000000 0.000000 0.000000 1.000000 0.000000 0.000000
21.000000 201.550280 -4.459554 4.409121 0.337373 0.000000 0.000000 0.000000 1.000000 0.000000 0.000000
21.000000 201.553020 -4.700069 4.461352 0.296509 0.000000 0.000000 0.000000 1.000000 0.000000 0.000000
21.000000 201.560335 -4.577220 4.418838 0.291863 0.000000 0.000000 0.000000 1.000000 0.000000 0.000000
21.000000 201.562953 -4.668622 4.441937 0.264003 0.000000 0.000000 0.000000 1.000000 0.000000 0.000000
