7.000000 71.269008 25.501327 -0.198213 0.480500 0.000000 0.000000 0.000000 1.000000 0.000000 0.000000
7.000000 71.278970 25.327592 -0.193142 0.561159 0.000000 0.000000 0.000000 1.000000 0.000000 0.000000
7.000000 71.289054 25.161666 -0.167392 0.672923 0.000000 0.000000 0.000000 1.000000 0.000000 0.000000
7.000000 71.298949 24.929129 -0.140933 0.797589 0.000000 0.000000 0.000000 1.000000 0.000000 0.000000
7.000000 71.309053 24.777445 -0.127960 0.876633 0.000000 0.000000 0.000000 1.000000 0.000000 0.000000
7.000000 71.318947 24.601451 -0.099720 0.967806 0.000000 0.000000 0.000000 1.000000 0.000000 0.000000
7.000000 71.328930 24.538797 -0.089455 1.052623 0.000000 0.000000 0.000000 1.000000 0.000000 0.000000
7.000000 71.338987 24.337405 -0.058444 1.120419 0.000000 0.000000 0.000000 1.000000 0.000000 0.000000
7.000000 71.347323 23.045013 -0.097076 1.389078 0.000000 0.000000 0.000000 1.000000 0.000000 0.000000
7.000000 71.348953 24.177745 -0.030291 1.224189 0.000000 0.000000 0.000000 1.000000 0.000000 0.000000
7.000000 71.357374 22.929645 -0.081545 1.457408 0.000000 0.000000 0.000000 1.000000 0.000000 0.000000
7.000000 71.359086 24.061791 -0.017070 1.299205 0.000000 0.000000 0.000000 1.000000 0.000000 0.000000
7.000000 71.367371 22.807037 -0.058654 1.523774 0.000000 0.000000 0.000000 1.000000 0.000000 0.000000
7.000000 71.369025 23.792953 0.009573 1.386090 0.000000 0.000000 0.000000 1.000000 0.000000 0.000000
7.000000 71.377308 22.726775 -0.044436 1.611443 0.000000 0.000000 0.000000 1.000000 0.000000 0.000000
7.000000 71.378988 23.774192 0.030538 1.482584 0.000000 0.000000 0.000000 1.000000 0.000000 0.000000
7.000000 71.387302 22.619933 -0.031820 1.677548 0.000000 0.000000 0.000000 1.000000 0.000000 0.000000
7.000000 71.389047 23.691370 0.039934 1.549980 0.000000 0.000000 0.000000 1.000000 0.000000 0.000000
7.000000 71.397508 22.501186 -0.016121 1.742023 0.000000 0.000000 0.000000 1.000000 0.000000 0.000000
7.000000 71.398938 23.577453 0.054839 1.617525 0.000000 0.000000 0.000000 1.000000 0.000000 0.000000
7.000000 71.407311 22.372915 0.006391 1.800001 0.000000 0.000000 0.000000 1.000000 0.000000 0.000000
7.000000 71.408996 23.356486 0.078189 1.680177 0.000000 0.000000 0.000000 1.000000 0.000000 0.000000
7.000000 71.417598 22.273159 0.025098 1.868505 0.000000 0.000000 0.000000 1.000000 0.000000 0.000000
7.000000 71.418925 23.189882 0.103280 1.770721 0.000000 0.000000 0.000000 1.000000 0.000000 0.000000
7.000000 71.427031 21.381847 0.227112 1.650015 0.000000 0.000000 0.000000 1.000000 0.000000 0.000000
7.000000 71.427284 21.488668 0.208876 1.885191 0.000000 0.000000 0.000000 1.000000 0.000000 0.000000
7.000000 71.428943 23.063669 0.123580 1.838338 0.000000 0.000000 0.000000 1.000000 0.000000 0.000000
7.000000 71.437053 21.265855 0.241328 1.721308 0.000000 0.000000 0.000000 1.000000 0.000000 0.000000
7.000000 71.437590 21.372577 0.225168 1.952686 0.000000 0.000000 0.000000 1.000000 0.000000 0.000000
7.000000 71.438872 22.910229 0.143930 1.907582 0.000000 0.000000 0.000000 1.000000 0.000000 0.000000
7.000000 71.447059 21.145860 0.257229 1.784287 0.000000 0.000000 0.000000 1.000000 0.000000 0.000000
7.000000 71.447314 21.245049 0.234823 2.010291 0.000000 0.000000 0.000000 1.000000 0.000000 0.000000
7.000000 71.449003 22.815119 0.154944 1.977949 0.000000 0.000000 0.000000 1.000000 0.000000 0.000000
7.000000 71.457045 21.041868 0.274192 1.859501 0.000000 0.000000 0.000000 1.000000 0.000000 0.000000
7.000000 71.457304 21.145172 0.255355 2.079075 0.000000 0.000000 0.000000 1.000000 0.000000 0.000000
7.000000 71.458908 22.650566 0.178840 2.050430 0.000000 0.000000 0.000000 1.000000 0.000000 0.000000
7.000000 71.467104 20.927117 0.289627 1.923501 0.000000 0.000000 0.000000 1.000000 0.000000 0.000000
7.000000 71.467391 21.023647 0.269633 2.140382 0.000000 0.000000 0.000000 1.000000 0.000000 0.000000
7.000000 71.469059 22.434192 0.197297 2.111570 0.000000 0.000000 0.000000 1.000000 0.000000 0.000000
7.000000 71.477038 20.811905 0.309306 1.987769 0.000000 0.000000 0.000000 1.000000 0.000000 0.000000
7.000000 71.477412 20.904186 0.287219 2.204653 0.000000 0.000000 0.000000 1.000000 0.000000 0.000000
7.000000 71.478900 22.328854 0.217366 2.180128 0.000000 0.000000 0.000000 1.000000 0.000000 0.000000
7.000000 71.487124 20.686444 0.326306 2.043623 0.000000 0.000000 0.000000 1.000000 0.000000 0.000000
7.000000 71.487356 20.788050 0.307387 2.258033 0.000000 0.000000 0.000000 1.000000 0.000000 0.000000
7.000000 71.489085 22.270432 0.238015 2.241610 0.000000 0.000000 0.000000 1.000000 0.000000 0.000000
7.000000 71.497098 20.581280 0.344742 2.105108 0.000000 0.000000 0.000000 1.000000 0.000000 0.000000
7.000000 71.497369 20.641680 0.296692 2.310482 0.000000 0.000000 0.000000 1.000000 0.000000 0.000000
7.000000 71.498972 22.213796 0.227732 2.296894 0.000000 0.000000 0.000000 1.000000 0.000000 0.000000
7.000000 71.507107 20.451405 0.357564 2.169211 0.000000 0.000000 0.000000 1.000000 0.000000 0.000000
7.000000 71.507397 20.550158 0.339582 2.376747 0.000000 0.000000 0.000000 1.000000 0.000000 0.000000
7.000000 71.509120 21.991147 0.276238 2.371190 0.000000 0.000000 0.000000 1.000000 0.000000 0.000000
7.000000 71.517129 20.346486 0.377469 2.227563 0.000000 0.000000 0.000000 1.000000 0.000000 0.000000
7.000000 71.517382 20.433790 0.351444 2.428667 0.000000 0.000000 0.000000 1.000000 0.000000 0.000000
7.000000 71.518925 21.801379 0.288764 2.435553 0.000000 0.000000 0.000000 1.000000 0.000000 0.000000
7.000000 71.527112 20.225518 0.392470 2.277803 0.000000 0.000000 0.000000 1.000000 0.000000 0.000000
7.000000 71.527395 20.309753 0.364569 2.477832 0.000000 0.000000 0.000000 1.000000 0.000000 0.000000
7.000000 71.529086 21.738817 0.304358 2.482832 0.000000 0.000000 0.000000 1.000000 0.000000 0.000000
7.000000 71.537071 20.114604 0.409323 2.339002 0.000000 0.000000 0.000000 1.000000 0.000000 0.000000
7.000000 71.537399 20.174078 0.367305 2.528487 0.000000 0.000000 0.000000 1.000000 0.000000 0.000000
7.000000 71.538904 21.699123 0.311286 2.531141 0.000000 0.000000 0.000000 1.000000 0.000000 0.000000
7.000000 71.547423 20.007664 0.424153 2.396031 0.000000 0.000000 0.000000 1.000000 0.000000 0.000000
7.000000 71.547434 20.083528 0.395495 2.590188 0.000000 0.000000 0.000000 1.000000 0.000000 0.000000
7.000000 71.549059 21.470230 0.341957 2.600035 0.000000 0.000000 0.000000 1.000000 0.000000 0.000000
7.000000 71.557551 19.974573 0.414726 2.639689 0.000000 0.000000 0.000000 1.000000 0.000000 0.000000
7.000000 71.558927 21.322649 0.364848 2.647033 0.000000 0.000000 0.000000 1.000000 0.000000 0.000000
7.000000 71.567483 19.844109 0.425819 2.688546 0.000000 0.000000 0.000000 1.000000 0.000000 0.000000
7.000000 71.569033 21.149457 0.374856 2.700978 0.000000 0.000000 0.000000 1.000000 0.000000 0.000000
7.000000 71.577544 19.729327 0.437163 2.736282 0.000000 0.000000 0.000000 1.000000 0.000000 0.000000
7.000000 71.578970 21.114557 0.389275 2.755233 0.000000 0.000000 0.000000 1.000000 0.000000 0.000000
7.000000 71.587447 19.604321 0.457618 2.786749 0.000000 0.000000 0.000000 1.000000 0.000000 0.000000
7.000000 71.589133 20.975528 0.411977 2.804332 0.000000 0.000000 0.000000 1.000000 0.000000 0.000000
7.000000 71.597732 19.489782 0.470831 2.829639 0.000000 0.000000 0.000000 1.000000 0.000000 0.000000
7.000000 71.598939 19.787989 0.703905 2.805132 0.000000 0.000000 0.000000 1.000000 0.000000 0.000000
7.000000 71.607615 19.387885 0.494631 2.879238 0.000000 0.000000 0.000000 1.000000 0.000000 0.000000
7.000000 71.609078 20.604769 0.454323 2.901581 0.000000 0.000000 0.000000 1.000000 0.000000 0.000000
7.000000 71.617566 19.260370 0.504257 2.926588 0.000000 0.000000 0.000000 1.000000 0.000000 0.000000
7.000000 71.619034 20.479439 0.465551 2.948172 0.000000 0.000000 0.000000 1.000000 0.000000 0.000000
7.000000 71.627494 19.142333 0.516666 2.968506 0.000000 0.000000 0.000000 1.000000 0.000000 0.000000
7.000000 71.629147 20.403624 0.479678 3.003291 0.000000 0.000000 0.000000 1.000000 0.000000 0.000000
7.000000 71.637380 19.028646 0.535567 3.007453 0.000000 0.000000 0.000000 1.000000 0.000000 0.000000
7.000000 71.639135 20.280471 0.498546 3.047863 0.000000 0.000000 0.000000 1.000000 0.000000 0.000000
7.000000 71.647409 18.911199 0.547787 3.046270 0.000000 0.000000 0.000000 1.000000 0.000000 0.000000
7.000000 71.649211 20.100054 0.512738 3.091964 0.000000 0.000000 0.000000 1.000000 0.000000 0.000000
7.000000 71.657569 18.784892 0.563007 3.090357 0.000000 0.000000 0.000000 1.000000 0.000000 0.000000
7.000000 71.659232 19.999655 0.534743 3.135700 0.000000 0.000000 0.000000 1.000000 0.000000 0.000000
7.000000 71.667409 18.673960 0.576741 3.133306 0.000000 0.000000 0.000000 1.000000 0.000000 0.000000
7.000000 71.669130 19.841057 0.548755 3.172025 0.000000 0.000000 0.000000 1.000000 0.000000 0.000000
7.000000 71.677417 18.550593 0.590487 3.170307 0.000000 0.000000 0.000000 1.000000 0.000000 0.000000
7.000000 71.679228 19.772662 0.563564 3.211852 0.000000 0.000000 0.000000 1.000000 0.000000 0.000000
7.000000 71.687407 18.406522 0.605044 3.204674 0.000000 0.000000 0.000000 1.000000 0.000000 0.000000
7.000000 71.689240 19.624765 0.578972 3.249261 0.000000 0.000000 0.000000 1.000000 0.000000 0.000000
7.000000 71.697525 18.273422 0.609735 3.244799 0.000000 0.000000 0.000000 1.000000 0.000000 0.000000
7.000000 71.699196 19.471627 0.587434 3.282576 0.000000 0.000000 0.000000 1.000000 0.000000 0.000000
7.000000 71.707418 18.169564 0.617277 3.276303 0.000000 0.000000 0.000000 1.000000 0.000000 0.000000
7.000000 71.709337 19.404499 0.599892 3.316871 0.000000 0.000000 0.000000 1.000000 0.000000 0.000000
7.000000 71.717176 18.088149 0.703484 3.171896 0.000000 0.000000 0.000000 1.000000 0.000000 0.000000
7.000000 71.717514 18.050311 0.633447 3.308041 0.000000 0.000000 0.000000 1.000000 0.000000 0.000000
7.000000 71.719012 19.317267 0.619490 3.342047 0.000000 0.000000 0.000000 1.000000 0.000000 0.000000
7.000000 71.727171 17.950684 0.707348 3.209979 0.000000 0.000000 0.000000 1.000000 0.000000 0.000000
7.000000 71.727378 17.932327 0.648206 3.343161 0.000000 0.000000 0.000000 1.000000 0.000000 0.000000
7.000000 71.729170 19.202597 0.636114 3.381594 0.000000 0.000000 0.000000 1.000000 0.000000 0.000000
7.000000 71.737154 17.836088 0.728399 3.242705 0.000000 0.000000 0.000000 1.000000 0.000000 0.000000
7.000000 71.737540 17.805455 0.662105 3.369441 0.000000 0.000000 0.000000 1.000000 0.000000 0.000000
7.000000 71.739037 19.195832 0.654722 3.385633 0.000000 0.000000 0.000000 1.000000 0.000000 0.000000
7.000000 71.747171 17.714314 0.743379 3.274969 0.000000 0.000000 0.000000 1.000000 0.000000 0.000000
7.000000 71.747512 17.690448 0.683618 3.391363 0.000000 0.000000 0.000000 1.000000 0.000000 0.000000
7.000000 71.749112 19.030227 0.679111 3.410137 0.000000 0.000000 0.000000 1.000000 0.000000 0.000000
7.000000 71.757208 17.619077 0.759686 3.311545 0.000000 0.000000 0.000000 1.000000 0.000000 0.000000
7.000000 71.757627 17.562502 0.688949 3.424008 0.000000 0.000000 0.000000 1.000000 0.000000 0.000000
7.000000 71.759013 18.919943 0.689157 3.450366 0.000000 0.000000 0.000000 1.000000 0.000000 0.000000
7.000000 71.767261 17.507512 0.775114 3.342038 0.000000 0.000000 0.000000 1.000000 0.000000 0.000000
7.000000 71.767727 17.434023 0.698958 3.445514 0.000000 0.000000 0.000000 1.000000 0.000000 0.000000
7.000000 71.769115 18.622076 0.696758 3.488312 0.000000 0.000000 0.000000 1.000000 0.000000 0.000000
7.000000 71.777191 17.392366 0.788968 3.365341 0.000000 0.000000 0.000000 1.000000 0.000000 0.000000
7.000000 71.777773 17.349393 0.726085 3.470010 0.000000 0.000000 0.000000 1.000000 0.000000 0.000000
7.000000 71.779032 18.618512 0.726649 3.510002 0.000000 0.000000 0.000000 1.000000 0.000000 0.000000
7.000000 71.787271 17.284423 0.812036 3.390992 0.000000 0.000000 0.000000 1.000000 0.000000 0.000000
7.000000 71.787516 17.229041 0.744773 3.494520 0.000000 0.000000 0.000000 1.000000 0.000000 0.000000
7.000000 71.797184 17.191469 0.824081 3.427572 0.000000 0.000000 0.000000 1.000000 0.000000 0.000000
7.000000 71.799116 17.533142 0.973463 3.528920 0.000000 0.000000 0.000000 1.000000 0.000000 0.000000
7.000000 71.807310 17.081021 0.839307 3.459458 0.000000 0.000000 0.000000 1.000000 0.000000 0.000000
7.000000 71.807758 16.998039 0.766285 3.553487 0.000000 0.000000 0.000000 1.000000 0.000000 0.000000
7.000000 71.817641 16.960228 0.853844 3.482825 0.000000 0.000000 0.000000 1.000000 0.000000 0.000000
7.000000 71.817772 16.876927 0.782554 3.570648 0.000000 0.000000 0.000000 1.000000 0.000000 0.000000
7.000000 71.827556 17.341530 0.765411 3.604827 0.000000 0.000000 0.000000 1.000000 0.000000 0.000000
7.000000 71.827577 16.741436 0.799560 3.591069 0.000000 0.000000 0.000000 1.000000 0.000000 0.000000
7.000000 71.829198 17.215848 1.038106 3.591225 0.000000 0.000000 0.000000 1.000000 0.000000 0.000000
7.000000 71.837244 16.715143 0.885981 3.524895 0.000000 0.000000 0.000000 1.000000 0.000000 0.000000
7.000000 71.837602 16.598235 0.804231 3.596404 0.000000 0.000000 0.000000 1.000000 0.000000 0.000000
7.000000 71.839136 17.865044 0.822479 3.627335 0.000000 0.000000 0.000000 1.000000 0.000000 0.000000
7.000000 71.847284 16.612852 0.902830 3.552555 0.000000 0.000000 0.000000 1.000000 0.000000 0.000000
7.000000 71.847656 16.473807 0.810811 3.630699 0.000000 0.000000 0.000000 1.000000 0.000000 0.000000
7.000000 71.849165 17.764993 0.830047 3.656485 0.000000 0.000000 0.000000 1.000000 0.000000 0.000000
7.000000 71.857218 16.502926 0.913731 3.579023 0.000000 0.000000 0.000000 1.000000 0.000000 0.000000
7.000000 71.857695 16.409573 0.845789 3.649303 0.000000 0.000000 0.000000 1.000000 0.000000 0.000000
7.000000 71.859054 17.583500 0.865788 3.675575 0.000000 0.000000 0.000000 1.000000 0.000000 0.000000
7.000000 71.861640 17.641431 0.736006 3.677007 0.000000 0.000000 0.000000 1.000000 0.000000 0.000000
7.000000 71.867285 16.415422 0.937882 3.601957 0.000000 0.000000 0.000000 1.000000 0.000000 0.000000
7.000000 71.869198 16.786300 1.092937 3.669886 0.000000 0.000000 0.000000 1.000000 0.000000 0.000000
7.000000 71.877231 16.275433 0.942679 3.624561 0.000000 0.000000 0.000000 1.000000 0.000000 0.000000
7.000000 71.877733 16.178944 0.873447 3.696301 0.000000 0.000000 0.000000 1.000000 0.000000 0.000000
7.000000 71.879194 17.376426 0.895461 3.728723 0.000000 0.000000 0.000000 1.000000 0.000000 0.000000
7.000000 71.881693 17.685836 0.692603 3.725337 0.000000 0.000000 0.000000 1.000000 0.000000 0.000000
7.000000 71.887331 16.153736 0.964226 3.628619 0.000000 0.000000 0.000000 1.000000 0.000000 0.000000
7.000000 71.889421 16.536925 1.116814 3.705275 0.000000 0.000000 0.000000 1.000000 0.000000 0.000000
7.000000 71.897466 16.054930 0.975742 3.654326 0.000000 0.000000 0.000000 1.000000 0.000000 0.000000
7.000000 71.899071 16.437281 1.127543 3.726941 0.000000 0.000000 0.000000 1.000000 0.000000 0.000000
7.000000 71.907301 15.970355 0.989365 3.678307 0.000000 0.000000 0.000000 1.000000 0.000000 0.000000
7.000000 71.909241 16.349844 1.140198 3.750304 0.000000 0.000000 0.000000 1.000000 0.000000 0.000000
7.000000 71.917269 15.875760 1.009226 3.690950 0.000000 0.000000 0.000000 1.000000 0.000000 0.000000
7.000000 71.917639 15.719678 0.920358 3.759954 0.000000 0.000000 0.000000 1.000000 0.000000 0.000000
7.000000 71.919133 16.953905 0.951672 3.769285 0.000000 0.000000 0.000000 1.000000 0.000000 0.000000
7.000000 71.927379 15.736797 1.029849 3.694117 0.000000 0.000000 0.000000 1.000000 0.000000 0.000000
7.000000 71.927505 15.567872 0.932694 3.761296 0.000000 0.000000 0.000000 1.000000 0.000000 0.000000
7.000000 71.929283 16.858949 0.963455 3.787236 0.000000 0.000000 0.000000 1.000000 0.000000 0.000000
7.000000 71.937241 15.611416 1.050835 3.707323 0.000000 0.000000 0.000000 1.000000 0.000000 0.000000
7.000000 71.937598 15.400375 0.939164 3.766340 0.000000 0.000000 0.000000 1.000000 0.000000 0.000000
7.000000 71.939162 16.615791 0.969707 3.778830 0.000000 0.000000 0.000000 1.000000 0.000000 0.000000
7.000000 71.947331 15.488816 1.057972 3.727851 0.000000 0.000000 0.000000 1.000000 0.000000 0.000000
7.000000 71.947533 15.220393 0.925329 3.778837 0.000000 0.000000 0.000000 1.000000 0.000000 0.000000
7.000000 71.949269 16.698895 0.967123 3.803095 0.000000 0.000000 0.000000 1.000000 0.000000 0.000000
7.000000 71.957267 15.421798 1.064234 3.761921 0.000000 0.000000 0.000000 1.000000 0.000000 0.000000
7.000000 71.957643 15.178291 0.949446 3.819738 0.000000 0.000000 0.000000 1.000000 0.000000 0.000000
7.000000 71.959185 16.810704 1.009411 3.777260 0.000000 0.000000 0.000000 1.000000 0.000000 0.000000
7.000000 71.967419 15.309448 1.086727 3.746040 0.000000 0.000000 0.000000 1.000000 0.000000 0.000000
7.000000 71.969195 15.654287 1.210539 3.816618 0.000000 0.000000 0.000000 1.000000 0.000000 0.000000
7.000000 71.977311 15.184406 1.107544 3.757351 0.000000 0.000000 0.000000 1.000000 0.000000 0.000000
7.000000 71.977692 14.940425 0.986779 3.814720 0.000000 0.000000 0.000000 1.000000 0.000000 0.000000
7.000000 71.979239 16.335619 1.030095 3.824679 0.000000 0.000000 0.000000 1.000000 0.000000 0.000000
7.000000 71.987364 15.059046 1.111979 3.764654 0.000000 0.000000 0.000000 1.000000 0.000000 0.000000
7.000000 71.987509 14.867681 1.013932 3.812661 0.000000 0.000000 0.000000 1.000000 0.000000 0.000000
7.000000 71.989204 16.183262 1.056848 3.821883 0.000000 0.000000 0.000000 1.000000 0.000000 0.000000
7.000000 71.997270 14.943572 1.124953 3.788179 0.000000 0.000000 0.000000 1.000000 0.000000 0.000000
7.000000 71.997813 14.719992 1.021073 3.835139 0.000000 0.000000 0.000000 1.000000 0.000000 0.000000
7.000000 72.007457 14.867322 1.138716 3.805641 0.000000 0.000000 0.000000 1.000000 0.000000 0.000000
7.000000 72.007706 14.611146 1.026591 3.858641 0.000000 0.000000 0.000000 1.000000 0.000000 0.000000
7.000000 72.009282 15.816945 1.075280 3.830032 0.000000 0.000000 0.000000 1.000000 0.000000 0.000000
7.000000 72.017289 14.752437 1.159558 3.781082 0.000000 0.000000 0.000000 1.000000 0.000000 0.000000
7.000000 72.017766 14.554380 1.061802 3.830875 0.000000 0.000000 0.000000 1.000000 0.000000 0.000000
7.000000 72.019123 15.751423 1.102652 3.850129 0.000000 0.000000 0.000000 1.000000 0.000000 0.000000
7.000000 72.027409 14.653572 1.178101 3.785548 0.000000 0.000000 0.000000 1.000000 0.000000 0.000000
7.000000 72.027614 14.429010 1.070728 3.829474 0.000000 0.000000 0.000000 1.000000 0.000000 0.000000
7.000000 72.029225 15.608328 1.112612 3.822592 0.000000 0.000000 0.000000 1.000000 0.000000 0.000000
7.000000 72.037286 14.550755 1.197040 3.795923 0.000000 0.000000 0.000000 1.000000 0.000000 0.000000
7.000000 72.037709 14.307296 1.083578 3.834206 0.000000 0.000000 0.000000 1.000000 0.000000 0.000000
7.000000 72.039268 15.028835 1.101258 3.854058 0.000000 0.000000 0.000000 1.000000 0.000000 0.000000
7.000000 72.047387 14.417112 1.207289 3.788510 0.000000 0.000000 0.000000 1.000000 0.000000 0.000000
7.000000 72.049265 14.727888 1.316412 3.817008 0.000000 0.000000 0.000000 1.000000 0.000000 0.000000
7.000000 72.057313 14.297093 1.222924 3.791583 0.000000 0.000000 0.000000 1.000000 0.000000 0.000000
7.000000 72.057723 14.041808 1.109668 3.830668 0.000000 0.000000 0.000000 1.000000 0.000000 0.000000
7.000000 72.059246 15.203691 1.155199 3.839073 0.000000 0.000000 0.000000 1.000000 0.000000 0.000000
7.000000 72.067369 14.191489 1.232153 3.794457 0.000000 0.000000 0.000000 1.000000 0.000000 0.000000
7.000000 72.069286 14.578931 1.365978 3.836568 0.000000 0.000000 0.000000 1.000000 0.000000 0.000000
7.000000 72.077320 14.162612 1.230682 3.795672 0.000000 0.000000 0.000000 1.000000 0.000000 0.000000
7.000000 72.079196 14.539344 1.361353 3.817678 0.000000 0.000000 0.000000 1.000000 0.000000 0.000000
7.000000 72.087375 14.028113 1.251842 3.790511 0.000000 0.000000 0.000000 1.000000 0.000000 0.000000
7.000000 72.089330 14.357787 1.363389 3.815466 0.000000 0.000000 0.000000 1.000000 0.000000 0.000000
7.000000 72.097330 13.915993 1.265564 3.792279 0.000000 0.000000 0.000000 1.000000 0.000000 0.000000
7.000000 72.097658 13.692423 1.168835 3.818769 0.000000 0.000000 0.000000 1.000000 0.000000 0.000000
7.000000 72.099161 14.759691 1.215525 3.824528 0.000000 0.000000 0.000000 1.000000 0.000000 0.000000
7.000000 72.101804 15.095812 1.050930 3.831102 0.000000 0.000000 0.000000 1.000000 0.000000 0.000000
7.000000 72.107387 13.819342 1.288622 3.783623 0.000000 0.000000 0.000000 1.000000 0.000000 0.000000
7.000000 72.107742 13.571354 1.183442 3.806032 0.000000 0.000000 0.000000 1.000000 0.000000 0.000000
7.000000 72.109313 14.654577 1.231582 3.809072 0.000000 0.000000 0.000000 1.000000 0.000000 0.000000
7.000000 72.117796 13.694253 1.295131 3.778591 0.000000 0.000000 0.000000 1.000000 0.000000 0.000000
7.000000 72.117805 13.422935 1.183251 3.799337 0.000000 0.000000 0.000000 1.000000 0.000000 0.000000
7.000000 72.119235 14.627383 1.239669 3.798213 0.000000 0.000000 0.000000 1.000000 0.000000 0.000000
7.000000 72.127383 13.548236 1.321481 3.769914 0.000000 0.000000 0.000000 1.000000 0.000000 0.000000
7.000000 72.127784 13.241626 1.196699 3.783604 0.000000 0.000000 0.000000 1.000000 0.000000 0.000000
7.000000 72.129364 14.433371 1.251231 3.789766 0.000000 0.000000 0.000000 1.000000 0.000000 0.000000
7.000000 72.137445 13.474362 1.325104 3.764028 0.000000 0.000000 0.000000 1.000000 0.000000 0.000000
7.000000 72.137696 13.215501 1.214824 3.782225 0.000000 0.000000 0.000000 1.000000 0.000000 0.000000
7.000000 72.139213 14.407018 1.268549 3.790437 0.000000 0.000000 0.000000 1.000000 0.000000 0.000000
7.000000 72.147446 13.403158 1.331703 3.757398 0.000000 0.000000 0.000000 1.000000 0.000000 0.000000
7.000000 72.147631 13.139072 1.222703 3.768190 0.000000 0.000000 0.000000 1.000000 0.000000 0.000000
7.000000 72.149329 14.283547 1.276265 3.777484 0.000000 0.000000 0.000000 1.000000 0.000000 0.000000
7.000000 72.157594 13.265717 1.351604 3.742453 0.000000 0.000000 0.000000 1.000000 0.000000 0.000000
7.000000 72.157846 12.903181 1.237248 3.761463 0.000000 0.000000 0.000000 1.000000 0.000000 0.000000
7.000000 72.159369 14.142339 1.297184 3.764949 0.000000 0.000000 0.000000 1.000000 0.000000 0.000000
7.000000 72.167482 13.120109 1.378786 3.732618 0.000000 0.000000 0.000000 1.000000 0.000000 0.000000
7.000000 72.167683 12.788218 1.248881 3.744942 0.000000 0.000000 0.000000 1.000000 0.000000 0.000000
7.000000 72.169530 13.999730 1.309212 3.742332 0.000000 0.000000 0.000000 1.000000 0.000000 0.000000
7.000000 72.177344 13.013659 1.389033 3.721964 0.000000 0.000000 0.000000 1.000000 0.000000 0.000000
7.000000 72.177934 12.704868 1.267762 3.732900 0.000000 0.000000 0.000000 1.000000 0.000000 0.000000
7.000000 72.179448 13.945919 1.331495 3.732828 0.000000 0.000000 0.000000 1.000000 0.000000 0.000000
7.000000 72.187462 12.897961 1.405443 3.712598 0.000000 0.000000 0.000000 1.000000 0.000000 0.000000
7.000000 72.187760 12.552064 1.273347 3.726292 0.000000 0.000000 0.000000 1.000000 0.000000 0.000000
7.000000 72.189635 13.856435 1.342370 3.725033 0.000000 0.000000 0.000000 1.000000 0.000000 0.000000
7.000000 72.197904 13.201822 1.329259 3.737859 0.000000 0.000000 0.000000 1.000000 0.000000 0.000000
7.000000 72.199441 13.731341 1.363823 3.719237 0.000000 0.000000 0.000000 1.000000 0.000000 0.000000
7.000000 72.207674 13.074550 1.334198 3.720499 0.000000 0.000000 0.000000 1.000000 0.000000 0.000000
7.000000 72.207801 12.481518 1.311824 3.693579 0.000000 0.000000 0.000000 1.000000 0.000000 0.000000
7.000000 72.209376 13.091359 1.520033 3.716444 0.000000 0.000000 0.000000 1.000000 0.000000 0.000000
7.000000 72.217379 12.658043 1.433290 3.671269 0.000000 0.000000 0.000000 1.000000 0.000000 0.000000
7.000000 72.217709 12.435875 1.338791 3.683877 0.000000 0.000000 0.000000 1.000000 0.000000 0.000000
7.000000 72.219365 13.488891 1.391498 3.687393 0.000000 0.000000 0.000000 1.000000 0.000000 0.000000
7.000000 72.227459 12.553824 1.442947 3.657708 0.000000 0.000000 0.000000 1.000000 0.000000 0.000000
7.000000 72.227619 12.350661 1.353946 3.674736 0.000000 0.000000 0.000000 1.000000 0.000000 0.000000
7.000000 72.229370 13.375262 1.405060 3.675732 0.000000 0.000000 0.000000 1.000000 0.000000 0.000000
7.000000 72.237414 12.434250 1.459782 3.633992 0.000000 0.000000 0.000000 1.000000 0.000000 0.000000
7.000000 72.237733 12.211278 1.363241 3.648129 0.000000 0.000000 0.000000 1.000000 0.000000 0.000000
7.000000 72.239387 13.292991 1.417360 3.649512 0.000000 0.000000 0.000000 1.000000 0.000000 0.000000
7.000000 72.247472 12.323956 1.475527 3.617568 0.000000 0.000000 0.000000 1.000000 0.000000 0.000000
7.000000 72.247630 12.084429 1.374370 3.630778 0.000000 0.000000 0.000000 1.000000 0.000000 0.000000
7.000000 72.249469 13.185440 1.430920 3.629366 0.000000 0.000000 0.000000 1.000000 0.000000 0.000000
7.000000 72.257407 12.232115 1.482735 3.605529 0.000000 0.000000 0.000000 1.000000 0.000000 0.000000
7.000000 72.257763 12.008577 1.388429 3.617291 0.000000 0.000000 0.000000 1.000000 0.000000 0.000000
7.000000 72.259329 13.057877 1.443135 3.622288 0.000000 0.000000 0.000000 1.000000 0.000000 0.000000
7.000000 72.267479 12.143128 1.493953 3.609236 0.000000 0.000000 0.000000 1.000000 0.000000 0.000000
7.000000 72.267707 11.862750 1.395855 3.611842 0.000000 0.000000 0.000000 1.000000 0.000000 0.000000
7.000000 72.269525 12.887609 1.463796 3.578598 0.000000 0.000000 0.000000 1.000000 0.000000 0.000000
7.000000 72.277430 11.996659 1.519545 3.563033 0.000000 0.000000 0.000000 1.000000 0.000000 0.000000
7.000000 72.277757 11.750850 1.416806 3.569860 0.000000 0.000000 0.000000 1.000000 0.000000 0.000000
7.000000 72.279396 12.955658 1.484796 3.542617 0.000000 0.000000 0.000000 1.000000 0.000000 0.000000
7.000000 72.287472 11.841858 1.533919 3.544482 0.000000 0.000000 0.000000 1.000000 0.000000 0.000000
7.000000 72.287730 11.558019 1.419920 3.549785 0.000000 0.000000 0.000000 1.000000 0.000000 0.000000
7.000000 72.289605 12.751199 1.486396 3.534493 0.000000 0.000000 0.000000 1.000000 0.000000 0.000000
7.000000 72.297396 11.715625 1.557964 3.515661 0.000000 0.000000 0.000000 1.000000 0.000000 0.000000
7.000000 72.297751 11.381820 1.424013 3.515675 0.000000 0.000000 0.000000 1.000000 0.000000 0.000000
7.000000 72.299346 12.697385 1.494701 3.500562 0.000000 0.000000 0.000000 1.000000 0.000000 0.000000
7.000000 72.307567 11.633678 1.568554 3.497776 0.000000 0.000000 0.000000 1.000000 0.000000 0.000000
7.000000 72.307653 11.334040 1.449728 3.500440 0.000000 0.000000 0.000000 1.000000 0.000000 0.000000
7.000000 72.309400 12.525246 1.517431 3.479896 0.000000 0.000000 0.000000 1.000000 0.000000 0.000000
7.000000 72.317422 11.467146 1.582563 3.467108 0.000000 0.000000 0.000000 1.000000 0.000000 0.000000
7.000000 72.317770 11.173488 1.461424 3.470991 0.000000 0.000000 0.000000 1.000000 0.000000 0.000000
7.000000 72.319307 12.411126 1.529559 3.448605 0.000000 0.000000 0.000000 1.000000 0.000000 0.000000
7.000000 72.327686 11.170991 1.487199 3.439646 0.000000 0.000000 0.000000 1.000000 0.000000 0.000000
7.000000 72.329353 12.299757 1.542623 3.435980 0.000000 0.000000 0.000000 1.000000 0.000000 0.000000
7.000000 72.337728 10.996820 1.489752 3.420344 0.000000 0.000000 0.000000 1.000000 0.000000 0.000000
7.000000 72.339363 12.196323 1.557224 3.401015 0.000000 0.000000 0.000000 1.000000 0.000000 0.000000
7.000000 72.347858 10.836392 1.498990 3.387460 0.000000 0.000000 0.000000 1.000000 0.000000 0.000000
7.000000 72.349425 12.167648 1.573270 3.357147 0.000000 0.000000 0.000000 1.000000 0.000000 0.000000
7.000000 72.357930 10.836693 1.513349 3.360118 0.000000 0.000000 0.000000 1.000000 0.000000 0.000000
7.000000 72.359444 12.028823 1.579783 3.326820 0.000000 0.000000 0.000000 1.000000 0.000000 0.000000
7.000000 72.367870 10.648914 1.529217 3.328105 0.000000 0.000000 0.000000 1.000000 0.000000 0.000000
7.000000 72.369485 11.869493 1.595880 3.294578 0.000000 0.000000 0.000000 1.000000 0.000000 0.000000
7.000000 72.377949 10.492513 1.534840 3.300687 0.000000 0.000000 0.000000 1.000000 0.000000 0.000000
7.000000 72.379357 11.825130 1.612048 3.258683 0.000000 0.000000 0.000000 1.000000 0.000000 0.000000
7.000000 72.387865 10.468191 1.559671 3.259871 0.000000 0.000000 0.000000 1.000000 0.000000 0.000000
7.000000 72.389563 11.728575 1.625509 3.225081 0.000000 0.000000 0.000000 1.000000 0.000000 0.000000
7.000000 72.398052 10.341783 1.571371 3.226449 0.000000 0.000000 0.000000 1.000000 0.000000 0.000000
7.000000 72.399384 11.586574 1.632174 3.188348 0.000000 0.000000 0.000000 1.000000 0.000000 0.000000
7.000000 72.407844 10.276871 1.588234 3.195338 0.000000 0.000000 0.000000 1.000000 0.000000 0.000000
7.000000 72.409528 11.530499 1.655115 3.151149 0.000000 0.000000 0.000000 1.000000 0.000000 0.000000
7.000000 72.418029 10.131731 1.599501 3.161233 0.000000 0.000000 0.000000 1.000000 0.000000 0.000000
7.000000 72.419481 11.361967 1.660545 3.115845 0.000000 0.000000 0.000000 1.000000 0.000000 0.000000
7.000000 72.427838 10.083126 1.617633 3.122580 0.000000 0.000000 0.000000 1.000000 0.000000 0.000000
7.000000 72.429631 11.281986 1.676040 3.076051 0.000000 0.000000 0.000000 1.000000 0.000000 0.000000
7.000000 72.438061 10.022334 1.630838 3.080153 0.000000 0.000000 0.000000 1.000000 0.000000 0.000000
7.000000 72.439518 11.191043 1.689524 3.033920 0.000000 0.000000 0.000000 1.000000 0.000000 0.000000
7.000000 72.447879 9.730201 1.610114 3.075245 0.000000 0.000000 0.000000 1.000000 0.000000 0.000000
7.000000 72.449622 10.566027 1.876971 3.083044 0.000000 0.000000 0.000000 1.000000 0.000000 0.000000
7.000000 72.457968 9.964146 1.659814 3.006590 0.000000 0.000000 0.000000 1.000000 0.000000 0.000000
7.000000 72.459567 10.982096 1.716314 2.952140 0.000000 0.000000 0.000000 1.000000 0.000000 0.000000
7.000000 72.467924 9.512965 1.630899 2.999193 0.000000 0.000000 0.000000 1.000000 0.000000 0.000000
7.000000 72.469467 10.874339 1.723203 2.907685 0.000000 0.000000 0.000000 1.000000 0.000000 0.000000
7.000000 72.477895 9.682045 1.697244 2.921914 0.000000 0.000000 0.000000 1.000000 0.000000 0.000000
7.000000 72.479375 10.768397 1.734685 2.869315 0.000000 0.000000 0.000000 1.000000 0.000000 0.000000
7.000000 72.487785 9.557147 1.710392 2.888382 0.000000 0.000000 0.000000 1.000000 0.000000 0.000000
7.000000 72.489460 10.645882 1.750699 2.827473 0.000000 0.000000 0.000000 1.000000 0.000000 0.000000
7.000000 72.497865 9.453541 1.721370 2.849894 0.000000 0.000000 0.000000 1.000000 0.000000 0.000000
7.000000 72.499331 10.580828 1.769607 2.778183 0.000000 0.000000 0.000000 1.000000 0.000000 0.000000
7.000000 72.507826 9.364894 1.722700 2.811904 0.000000 0.000000 0.000000 1.000000 0.000000 0.000000
7.000000 72.509446 10.485255 1.774354 2.732506 0.000000 0.000000 0.000000 1.000000 0.000000 0.000000
7.000000 72.517884 9.268314 1.735951 2.758782 0.000000 0.000000 0.000000 1.000000 0.000000 0.000000
7.000000 72.519452 10.342506 1.780532 2.688308 0.000000 0.000000 0.000000 1.000000 0.000000 0.000000
7.000000 72.527837 9.200533 1.753422 2.718386 0.000000 0.000000 0.000000 1.000000 0.000000 0.000000
7.000000 72.529455 10.271270 1.795435 2.625784 0.000000 0.000000 0.000000 1.000000 0.000000 0.000000
7.000000 72.537875 9.101390 1.769565 2.668983 0.000000 0.000000 0.000000 1.000000 0.000000 0.000000
7.000000 72.539397 10.143655 1.802187 2.596578 0.000000 0.000000 0.000000 1.000000 0.000000 0.000000
7.000000 72.547806 9.027784 1.784494 2.625059 0.000000 0.000000 0.000000 1.000000 0.000000 0.000000
7.000000 72.549453 10.040639 1.819852 2.545685 0.000000 0.000000 0.000000 1.000000 0.000000 0.000000
7.000000 72.558040 8.960992 1.799489 2.573836 0.000000 0.000000 0.000000 1.000000 0.000000 0.000000
7.000000 72.559459 9.991827 1.833429 2.484663 0.000000 0.000000 0.000000 1.000000 0.000000 0.000000
7.000000 72.567825 8.843373 1.809193 2.525872 0.000000 0.000000 0.000000 1.000000 0.000000 0.000000
7.000000 72.569461 9.319879 2.020070 2.525599 0.000000 0.000000 0.000000 1.000000 0.000000 0.000000
7.000000 72.577871 8.743690 1.819943 2.471721 0.000000 0.000000 0.000000 1.000000 0.000000 0.000000
7.000000 72.579402 9.817405 1.851472 2.375335 0.000000 0.000000 0.000000 1.000000 0.000000 0.000000
7.000000 72.587796 8.765147 1.861636 2.416948 0.000000 0.000000 0.000000 1.000000 0.000000 0.000000
7.000000 72.589530 9.709376 1.874029 2.328288 0.000000 0.000000 0.000000 1.000000 0.000000 0.000000
7.000000 72.597862 8.666832 1.871926 2.374141 0.000000 0.000000 0.000000 1.000000 0.000000 0.000000
7.000000 72.599429 9.620694 1.886494 2.274790 0.000000 0.000000 0.000000 1.000000 0.000000 0.000000
7.000000 72.607820 8.584146 1.886312 2.322719 0.000000 0.000000 0.000000 1.000000 0.000000 0.000000
7.000000 72.609504 9.498470 1.896033 2.218202 0.000000 0.000000 0.000000 1.000000 0.000000 0.000000
7.000000 72.617852 8.498091 1.904784 2.271677 0.000000 0.000000 0.000000 1.000000 0.000000 0.000000
7.000000 72.619458 9.401417 1.909101 2.164817 0.000000 0.000000 0.000000 1.000000 0.000000 0.000000
7.000000 72.627784 8.459959 1.926877 2.208251 0.000000 0.000000 0.000000 1.000000 0.000000 0.000000
7.000000 72.629527 9.290723 1.916645 2.109976 0.000000 0.000000 0.000000 1.000000 0.000000 0.000000
7.000000 72.637876 8.420913 1.956024 2.149005 0.000000 0.000000 0.000000 1.000000 0.000000 0.000000
7.000000 72.639520 9.209214 1.934350 2.048437 0.000000 0.000000 0.000000 1.000000 0.000000 0.000000
7.000000 72.647814 8.330963 1.965155 2.093640 0.000000 0.000000 0.000000 1.000000 0.000000 0.000000
7.000000 72.649502 9.119483 1.940719 1.989104 0.000000 0.000000 0.000000 1.000000 0.000000 0.000000
7.000000 72.657855 8.180457 1.966266 2.042465 0.000000 0.000000 0.000000 1.000000 0.000000 0.000000
7.000000 72.659419 9.039546 1.958718 1.928326 0.000000 0.000000 0.000000 1.000000 0.000000 0.000000
7.000000 72.667787 8.151925 1.997866 1.974205 0.000000 0.000000 0.000000 1.000000 0.000000 0.000000
7.000000 72.669517 8.909594 1.964379 1.872332 0.000000 0.000000 0.000000 1.000000 0.000000 0.000000
7.000000 72.677876 8.115991 2.017064 1.919584 0.000000 0.000000 0.000000 1.000000 0.000000 0.000000
7.000000 72.679747 8.832361 1.977756 1.813830 0.000000 0.000000 0.000000 1.000000 0.000000 0.000000
7.000000 72.687875 8.053982 2.038272 1.849587 0.000000 0.000000 0.000000 1.000000 0.000000 0.000000
7.000000 72.689738 8.711666 1.984142 1.747468 0.000000 0.000000 0.000000 1.000000 0.000000 0.000000
7.000000 72.697936 7.906403 2.039379 1.792320 0.000000 0.000000 0.000000 1.000000 0.000000 0.000000
7.000000 72.699560 8.655422 2.001243 1.673082 0.000000 0.000000 0.000000 1.000000 0.000000 0.000000
7.000000 72.707834 7.894453 2.068827 1.737272 0.000000 0.000000 0.000000 1.000000 0.000000 0.000000
7.000000 72.709680 8.539208 2.019371 1.622274 0.000000 0.000000 0.000000 1.000000 0.000000 0.000000
7.000000 72.717961 7.816212 2.083289 1.676074 0.000000 0.000000 0.000000 1.000000 0.000000 0.000000
7.000000 72.719745 8.459952 2.029135 1.556785 0.000000 0.000000 0.000000 1.000000 0.000000 0.000000
7.000000 72.728206 7.782714 2.105503 1.604146 0.000000 0.000000 0.000000 1.000000 0.000000 0.000000
7.000000 72.729556 8.328112 2.036755 1.499954 0.000000 0.000000 0.000000 1.000000 0.000000 0.000000
7.000000 72.737868 7.707771 2.120024 1.541667 0.000000 0.000000 0.000000 1.000000 0.000000 0.000000
7.000000 72.739523 8.267655 2.051030 1.422625 0.000000 0.000000 0.000000 1.000000 0.000000 0.000000
7.000000 72.747998 7.401588 2.093940 1.524359 0.000000 0.000000 0.000000 1.000000 0.000000 0.000000
7.000000 72.749653 8.164829 2.065025 1.358265 0.000000 0.000000 0.000000 1.000000 0.000000 0.000000
7.000000 72.758082 7.522260 2.145494 1.420348 0.000000 0.000000 0.000000 1.000000 0.000000 0.000000
7.000000 72.759628 8.074833 2.078655 1.298047 0.000000 0.000000 0.000000 1.000000 0.000000 0.000000
7.000000 72.767836 7.464383 2.160357 1.347039 0.000000 0.000000 0.000000 1.000000 0.000000 0.000000
7.000000 72.769673 7.973138 2.082955 1.227460 0.000000 0.000000 0.000000 1.000000 0.000000 0.000000
7.000000 72.778015 7.341047 2.170171 1.296065 0.000000 0.000000 0.000000 1.000000 0.000000 0.000000
7.000000 72.779626 7.887454 2.100928 1.160585 0.000000 0.000000 0.000000 1.000000 0.000000 0.000000
7.000000 72.787880 7.329075 2.195014 1.209103 0.000000 0.000000 0.000000 1.000000 0.000000 0.000000
7.000000 72.789691 7.813577 2.108638 1.085075 0.000000 0.000000 0.000000 1.000000 0.000000 0.000000
7.000000 72.797947 7.198455 2.198568 1.146941 0.000000 0.000000 0.000000 1.000000 0.000000 0.000000
7.000000 72.799667 7.728606 2.117644 1.007570 0.000000 0.000000 0.000000 1.000000 0.000000 0.000000
7.000000 72.807867 7.117085 2.209852 1.081652 0.000000 0.000000 0.000000 1.000000 0.000000 0.000000
7.000000 72.809621 7.610445 2.129783 0.953825 0.000000 0.000000 0.000000 1.000000 0.000000 0.000000
7.000000 72.817971 7.018409 2.218876 1.009868 0.000000 0.000000 0.000000 1.000000 0.000000 0.000000
7.000000 72.819620 7.542735 2.139322 0.863168 0.000000 0.000000 0.000000 1.000000 0.000000 0.000000
7.000000 72.827904 7.031817 2.255232 0.925735 0.000000 0.000000 0.000000 1.000000 0.000000 0.000000
7.000000 72.829783 7.451566 2.153759 0.795095 0.000000 0.000000 0.000000 1.000000 0.000000 0.000000
7.000000 72.837941 6.926391 2.266740 0.861260 0.000000 0.000000 0.000000 1.000000 0.000000 0.000000
7.000000 72.839553 7.361992 2.166957 0.720616 0.000000 0.000000 0.000000 1.000000 0.000000 0.000000
7.000000 72.847904 6.822435 2.277427 0.795318 0.000000 0.000000 0.000000 1.000000 0.000000 0.000000
7.000000 72.849805 7.261744 2.174468 0.649881 0.000000 0.000000 0.000000 1.000000 0.000000 0.000000
7.000000 72.857947 6.757812 2.268873 0.713642 0.000000 0.000000 0.000000 1.000000 0.000000 0.000000
7.000000 72.859748 7.162701 2.186995 0.577223 0.000000 0.000000 0.000000 1.000000 0.000000 0.000000
7.000000 72.867904 6.686571 2.287450 0.637524 0.000000 0.000000 0.000000 1.000000 0.000000 0.000000
7.000000 72.869661 7.081940 2.199027 0.503762 0.000000 0.000000 0.000000 1.000000 0.000000 0.000000
7.000000 72.878069 6.573657 2.319811 0.577296 0.000000 0.000000 0.000000 1.000000 0.000000 0.000000
7.000000 72.879573 7.000459 2.209582 0.423397 0.000000 0.000000 0.000000 1.000000 0.000000 0.000000
7.000000 72.887877 6.562888 2.347796 0.482585 0.000000 0.000000 0.000000 1.000000 0.000000 0.000000
7.000000 72.889652 6.911774 2.219423 0.343386 0.000000 0.000000 0.000000 1.000000 0.000000 0.000000
7.000000 72.897970 6.473226 2.351192 0.408810 0.000000 0.000000 0.000000 1.000000 0.000000 0.000000
7.000000 72.899765 6.821980 2.229080 0.281392 0.000000 0.000000 0.000000 1.000000 0.000000 0.000000
7.000000 72.907921 6.406640 2.366648 0.327196 0.000000 0.000000 0.000000 1.000000 0.000000 0.000000
7.000000 72.909642 6.730193 2.243540 0.183034 0.000000 0.000000 0.000000 1.000000 0.000000 0.000000
7.000000 72.917962 6.326221 2.366183 0.247349 0.000000 0.000000 0.000000 1.000000 0.000000 0.000000
7.000000 72.919578 6.637543 2.250686 0.107353 0.000000 0.000000 0.000000 1.000000 0.000000 0.000000
7.000000 72.927943 6.247035 2.398619 0.168920 0.000000 0.000000 0.000000 1.000000 0.000000 0.000000
7.000000 72.929608 6.548314 2.263966 0.026584 0.000000 0.000000 0.000000 1.000000 0.000000 0.000000
7.000000 72.938021 6.191504 2.399257 0.138226 0.000000 0.000000 0.000000 1.000000 0.000000 0.000000
7.000000 72.939577 6.506563 2.270326 0.010117 0.000000 0.000000 0.000000 1.000000 0.000000 0.000000
7.000000 72.947960 6.141198 2.395985 0.194407 0.000000 0.000000 0.000000 1.000000 0.000000 0.000000
7.000000 72.949673 6.456986 2.274407 0.056877 0.000000 0.000000 0.000000 1.000000 0.000000 0.000000
7.000000 72.958044 6.086604 2.399627 0.253203 0.000000 0.000000 0.000000 1.000000 0.000000 0.000000
7.000000 72.959603 6.422001 2.276428 0.119032 0.000000 0.000000 0.000000 1.000000 0.000000 0.000000
7.000000 72.967953 6.055234 2.415133 0.304855 0.000000 0.000000 0.000000 1.000000 0.000000 0.000000
7.000000 72.969680 6.384014 2.284866 0.159916 0.000000 0.000000 0.000000 1.000000 0.000000 0.000000
7.000000 72.977992 6.027625 2.417901 0.349985 0.000000 0.000000 0.000000 1.000000 0.000000 0.000000
7.000000 72.979577 6.319869 2.285745 0.230813 0.000000 0.000000 0.000000 1.000000 0.000000 0.000000
7.000000 72.989757 6.286337 2.288193 0.277557 0.000000 0.000000 0.000000 1.000000 0.000000 0.000000
7.000000 72.999676 6.239661 2.292911 0.329132 0.000000 0.000000 0.000000 1.000000 0.000000 0.000000
7.000000 73.009735 6.195903 2.295932 0.380086 0.000000 0.000000 0.000000 1.000000 0.000000 0.000000
7.000000 73.019596 6.161816 2.300533 0.416137 0.000000 0.000000 0.000000 1.000000 0.000000 0.000000
7.000000 73.029646 6.108073 2.304520 0.475417 0.000000 0.000000 0.000000 1.000000 0.000000 0.000000
7.000000 73.039669 6.062577 2.307950 0.516921 0.000000 0.000000 0.000000 1.000000 0.000000 0.000000
7.000000 73.049710 6.033058 2.309289 0.564552 0.000000 0.000000 0.000000 1.000000 0.000000 0.000000
7.000000 73.059672 5.981047 2.312767 0.608396 0.000000 0.000000 0.000000 1.000000 0.000000 0.000000
7.000000 73.069690 5.933732 2.316667 0.645124 0.000000 0.000000 0.000000 1.000000 0.000000 0.000000
7.000000 73.079652 5.902355 2.322283 0.685649 0.000000 0.000000 0.000000 1.000000 0.000000 0.000000
7.000000 73.089835 5.869587 2.327648 0.725730 0.000000 0.000000 0.000000 1.000000 0.000000 0.000000
7.000000 73.092395 5.473571 2.357847 0.906884 0.000000 0.000000 0.000000 1.000000 0.000000 0.000000
7.000000 73.099675 5.820617 2.328950 0.766257 0.000000 0.000000 0.000000 1.000000 0.000000 0.000000
7.000000 73.102335 5.442984 2.353816 0.943032 0.000000 0.000000 0.000000 1.000000 0.000000 0.000000
7.000000 73.109828 5.771563 2.329645 0.802630 0.000000 0.000000 0.000000 1.000000 0.000000 0.000000
7.000000 73.112321 5.386109 2.357401 0.981408 0.000000 0.000000 0.000000 1.000000 0.000000 0.000000
7.000000 73.118292 5.210611 2.248262 1.010765 0.000000 0.000000 0.000000 1.000000 0.000000 0.000000
7.000000 73.119662 5.733390 2.338243 0.837364 0.000000 0.000000 0.000000 1.000000 0.000000 0.000000
7.000000 73.122202 5.354228 2.366322 1.011510 0.000000 0.000000 0.000000 1.000000 0.000000 0.000000
7.000000 73.129643 5.681615 2.339594 0.872143 0.000000 0.000000 0.000000 1.000000 0.000000 0.000000
7.000000 73.132433 5.321217 2.365749 1.045669 0.000000 0.000000 0.000000 1.000000 0.000000 0.000000
7.000000 73.139790 5.655775 2.340160 0.905795 0.000000 0.000000 0.000000 1.000000 0.000000 0.000000
7.000000 73.142216 5.299070 2.360859 1.081951 0.000000 0.000000 0.000000 1.000000 0.000000 0.000000
7.000000 73.149708 5.617910 2.343826 0.938703 0.000000 0.000000 0.000000 1.000000 0.000000 0.000000
7.000000 73.152258 5.252788 2.367233 1.117177 0.000000 0.000000 0.000000 1.000000 0.000000 0.000000
7.000000 73.159829 5.565146 2.353464 0.977484 0.000000 0.000000 0.000000 1.000000 0.000000 0.000000
7.000000 73.162341 5.188116 2.386728 1.158848 0.000000 0.000000 0.000000 1.000000 0.000000 0.000000
7.000000 73.169736 5.525908 2.356227 1.005169 0.000000 0.000000 0.000000 1.000000 0.000000 0.000000
7.000000 73.172326 5.201832 2.364397 1.173105 0.000000 0.000000 0.000000 1.000000 0.000000 0.000000
7.000000 73.179816 5.483001 2.362269 1.037578 0.000000 0.000000 0.000000 1.000000 0.000000 0.000000
7.000000 73.182300 5.110914 2.397946 1.210148 0.000000 0.000000 0.000000 1.000000 0.000000 0.000000
7.000000 73.189837 5.447430 2.363813 1.067021 0.000000 0.000000 0.000000 1.000000 0.000000 0.000000
7.000000 73.192557 5.088965 2.390286 1.241255 0.000000 0.000000 0.000000 1.000000 0.000000 0.000000
7.000000 73.199805 5.397798 2.363403 1.100679 0.000000 0.000000 0.000000 1.000000 0.000000 0.000000
7.000000 73.202170 5.028994 2.397530 1.284498 0.000000 0.000000 0.000000 1.000000 0.000000 0.000000
7.000000 73.209810 5.363956 2.372889 1.123135 0.000000 0.000000 0.000000 1.000000 0.000000 0.000000
7.000000 73.212427 4.999035 2.399928 1.298430 0.000000 0.000000 0.000000 1.000000 0.000000 0.000000
7.000000 73.219901 5.331957 2.374799 1.143144 0.000000 0.000000 0.000000 1.000000 0.000000 0.000000
7.000000 73.222189 4.942510 2.411741 1.329974 0.000000 0.000000 0.000000 1.000000 0.000000 0.000000
7.000000 73.229744 5.288713 2.378543 1.169414 0.000000 0.000000 0.000000 1.000000 0.000000 0.000000
7.000000 73.232305 4.912329 2.409323 1.352102 0.000000 0.000000 0.000000 1.000000 0.000000 0.000000
7.000000 73.239841 5.231952 2.379379 1.205038 0.000000 0.000000 0.000000 1.000000 0.000000 0.000000
7.000000 73.242137 4.865330 2.412487 1.372355 0.000000 0.000000 0.000000 1.000000 0.000000 0.000000
7.000000 73.249762 5.227294 2.377563 1.204980 0.000000 0.000000 0.000000 1.000000 0.000000 0.000000
7.000000 73.252302 4.840953 2.416168 1.394561 0.000000 0.000000 0.000000 1.000000 0.000000 0.000000
7.000000 73.259763 5.193411 2.380675 1.236168 0.000000 0.000000 0.000000 1.000000 0.000000 0.000000
7.000000 73.262199 4.776339 2.423759 1.424939 0.000000 0.000000 0.000000 1.000000 0.000000 0.000000
7.000000 73.269773 5.150812 2.379933 1.248043 0.000000 0.000000 0.000000 1.000000 0.000000 0.000000
7.000000 73.272229 4.737319 2.429598 1.448970 0.000000 0.000000 0.000000 1.000000 0.000000 0.000000
7.000000 73.279739 5.105174 2.368379 1.278622 0.000000 0.000000 0.000000 1.000000 0.000000 0.000000
7.000000 73.282208 4.703704 2.423688 1.478353 0.000000 0.000000 0.000000 1.000000 0.000000 0.000000
7.000000 73.292334 4.727457 2.421406 1.500087 0.000000 0.000000 0.000000 1.000000 0.000000 0.000000
7.000000 73.302232 4.618824 2.440479 1.511230 0.000000 0.000000 0.000000 1.000000 0.000000 0.000000
7.000000 73.312314 4.570166 2.444837 1.524774 0.000000 0.000000 0.000000 1.000000 0.000000 0.000000
7.000000 73.322278 4.524020 2.452477 1.543118 0.000000 0.000000 0.000000 1.000000 0.000000 0.000000
7.000000 73.332319 4.537929 2.427103 1.547702 0.000000 0.000000 0.000000 1.000000 0.000000 0.000000
7.000000 73.342432 4.485360 2.437436 1.566415 0.000000 0.000000 0.000000 1.000000 0.000000 0.000000
7.000000 73.352360 4.421822 2.456129 1.578021 0.000000 0.000000 0.000000 1.000000 0.000000 0.000000
7.000000 73.362272 4.379459 2.459227 1.593699 0.000000 0.000000 0.000000 1.000000 0.000000 0.000000
7.000000 73.372459 4.311506 2.476865 1.612100 0.000000 0.000000 0.000000 1.000000 0.000000 0.000000
7.000000 73.382257 4.277842 2.481854 1.623747 0.000000 0.000000 0.000000 1.000000 0.000000 0.000000
7.000000 73.392337 4.232705 2.486413 1.635510 0.000000 0.000000 0.000000 1.000000 0.000000 0.000000
7.000000 73.402261 4.183699 2.491047 1.642467 0.000000 0.000000 0.000000 1.000000 0.000000 0.000000
7.000000 73.412639 4.180144 2.483515 1.639910 0.000000 0.000000 0.000000 1.000000 0.000000 0.000000
7.000000 73.422356 4.087067 2.505524 1.653633 0.000000 0.000000 0.000000 1.000000 0.000000 0.000000
7.000000 73.432583 4.063205 2.507488 1.663116 0.000000 0.000000 0.000000 1.000000 0.000000 0.000000
7.000000 73.442545 4.027048 2.508808 1.665014 0.000000 0.000000 0.000000 1.000000 0.000000 0.000000
7.000000 73.452712 3.995944 2.504671 1.667721 0.000000 0.000000 0.000000 1.000000 0.000000 0.000000
7.000000 73.462521 3.939016 2.518268 1.674789 0.000000 0.000000 0.000000 1.000000 0.000000 0.000000
7.000000 73.472595 3.884736 2.523278 1.668394 0.000000 0.000000 0.000000 1.000000 0.000000 0.000000
7.000000 73.483377 3.881633 2.516122 1.665990 0.000000 0.000000 0.000000 1.000000 0.000000 0.000000
7.000000 73.492544 3.837395 2.518047 1.667079 0.000000 0.000000 0.000000 1.000000 0.000000 0.000000
7.000000 73.502329 3.807740 2.521626 1.667349 0.000000 0.000000 0.000000 1.000000 0.000000 0.000000
7.000000 73.513682 3.759199 2.523970 1.663252 0.000000 0.000000 0.000000 1.000000 0.000000 0.000000
7.000000 73.522518 3.703978 2.533830 1.657233 0.000000 0.000000 0.000000 1.000000 0.000000 0.000000
7.000000 73.532413 3.677773 2.538574 1.652518 0.000000 0.000000 0.000000 1.000000 0.000000 0.000000
7.000000 73.542518 3.641811 2.540622 1.644582 0.000000 0.000000 0.000000 1.000000 0.000000 0.000000
7.000000 73.553144 3.600167 2.547481 1.636809 0.000000 0.000000 0.000000 1.000000 0.000000 0.000000
7.000000 73.562780 3.561842 2.547858 1.628806 0.000000 0.000000 0.000000 1.000000 0.000000 0.000000
7.000000 73.572461 3.516495 2.552410 1.618995 0.000000 0.000000 0.000000 1.000000 0.000000 0.000000
7.000000 73.582366 3.491063 2.557320 1.607896 0.000000 0.000000 0.000000 1.000000 0.000000 0.000000
7.000000 73.592854 3.454928 2.554947 1.597084 0.000000 0.000000 0.000000 1.000000 0.000000 0.000000
7.000000 73.602650 3.401091 2.564283 1.587499 0.000000 0.000000 0.000000 1.000000 0.000000 0.000000
7.000000 73.612714 3.390220 2.557817 1.567091 0.000000 0.000000 0.000000 1.000000 0.000000 0.000000
7.000000 73.623037 3.332263 2.560963 1.552497 0.000000 0.000000 0.000000 1.000000 0.000000 0.000000
7.000000 73.632805 3.314264 2.564615 1.538826 0.000000 0.000000 0.000000 1.000000 0.000000 0.000000
7.000000 73.643136 3.315280 2.536392 1.510014 0.000000 0.000000 0.000000 1.000000 0.000000 0.000000
7.000000 73.652861 3.268754 2.544700 1.493760 0.000000 0.000000 0.000000 1.000000 0.000000 0.000000
7.000000 73.662388 3.178215 2.573871 1.494281 0.000000 0.000000 0.000000 1.000000 0.000000 0.000000
7.000000 73.672493 3.183033 2.560353 1.448713 0.000000 0.000000 0.000000 1.000000 0.000000 0.000000
7.000000 73.682516 3.116480 2.577712 1.445276 0.000000 0.000000 0.000000 1.000000 0.000000 0.000000
7.000000 73.692621 3.097384 2.572765 1.411995 0.000000 0.000000 0.000000 1.000000 0.000000 0.000000
7.000000 73.702677 3.069470 2.571898 1.387909 0.000000 0.000000 0.000000 1.000000 0.000000 0.000000
7.000000 73.712566 3.053095 2.562330 1.359804 0.000000 0.000000 0.000000 1.000000 0.000000 0.000000
7.000000 73.722457 2.978530 2.589773 1.347020 0.000000 0.000000 0.000000 1.000000 0.000000 0.000000
7.000000 73.732730 2.974482 2.570527 1.311523 0.000000 0.000000 0.000000 1.000000 0.000000 0.000000
7.000000 73.742600 2.943339 2.567514 1.279499 0.000000 0.000000 0.000000 1.000000 0.000000 0.000000
7.000000 73.752650 2.911918 2.570991 1.250149 0.000000 0.000000 0.000000 1.000000 0.000000 0.000000
7.000000 73.762473 2.866913 2.579589 1.224946 0.000000 0.000000 0.000000 1.000000 0.000000 0.000000
7.000000 73.772518 2.836911 2.578697 1.185417 0.000000 0.000000 0.000000 1.000000 0.000000 0.000000
7.000000 73.782652 2.784936 2.594980 1.158467 0.000000 0.000000 0.000000 1.000000 0.000000 0.000000
7.000000 73.792477 2.745867 2.602260 1.135579 0.000000 0.000000 0.000000 1.000000 0.000000 0.000000
7.000000 73.802472 2.728539 2.591998 1.089730 0.000000 0.000000 0.000000 1.000000 0.000000 0.000000
7.000000 73.812681 2.684490 2.597174 1.065740 0.000000 0.000000 0.000000 1.000000 0.000000 0.000000
7.000000 73.822513 2.611819 2.631781 1.039732 0.000000 0.000000 0.000000 1.000000 0.000000 0.000000
7.000000 73.852583 2.546062 2.609082 0.914538 0.000000 0.000000 0.000000 1.000000 0.000000 0.000000
7.000000 73.862833 2.519317 2.608280 0.871248 0.000000 0.000000 0.000000 1.000000 0.000000 0.000000
7.000000 73.872497 2.461896 2.618609 0.840761 0.000000 0.000000 0.000000 1.000000 0.000000 0.000000
7.000000 73.882503 2.413093 2.635919 0.803529 0.000000 0.000000 0.000000 1.000000 0.000000 0.000000
7.000000 73.892829 2.391149 2.634580 0.751670 0.000000 0.000000 0.000000 1.000000 0.000000 0.000000
