15.000000 162.107127 25.480961 -0.239656 0.367031 0.000000 0.000000 0.000000 1.000000 0.000000 0.000000
15.000000 162.116944 25.440409 -0.237420 0.441385 0.000000 0.000000 0.000000 1.000000 0.000000 0.000000
15.000000 162.126925 25.331278 -0.226921 0.547753 0.000000 0.000000 0.000000 1.000000 0.000000 0.000000
15.000000 162.137012 25.126240 -0.202095 0.643433 0.000000 0.000000 0.000000 1.000000 0.000000 0.000000
15.000000 162.147015 24.960439 -0.193179 0.736604 0.000000 0.000000 0.000000 1.000000 0.000000 0.000000
15.000000 162.156929 24.757360 -0.180318 0.855035 0.000000 0.000000 0.000000 1.000000 0.000000 0.000000
15.000000 162.167139 24.632981 -0.152872 0.928983 0.000000 0.000000 0.000000 1.000000 0.000000 0.000000
15.000000 162.176955 24.461261 -0.130050 1.009396 0.000000 0.000000 0.000000 1.000000 0.000000 0.000000
15.000000 162.187023 24.350695 -0.117128 1.082425 0.000000 0.000000 0.000000 1.000000 0.000000 0.000000
15.000000 162.189039 22.792516 0.079074 1.184329 0.000000 0.000000 0.000000 1.000000 0.000000 0.000000
15.000000 162.197052 24.172414 -0.091727 1.178076 0.000000 0.000000 0.000000 1.000000 0.000000 0.000000
15.000000 162.198946 22.675295 0.093890 1.255970 0.000000 0.000000 0.000000 1.000000 0.000000 0.000000
15.000000 162.207020 24.028503 -0.069759 1.254648 0.000000 0.000000 0.000000 1.000000 0.000000 0.000000
15.000000 162.209045 22.570814 0.106851 1.328804 0.000000 0.000000 0.000000 1.000000 0.000000 0.000000
15.000000 162.217107 23.955140 -0.066161 1.338657 0.000000 0.000000 0.000000 1.000000 0.000000 0.000000
15.000000 162.218783 22.488692 0.111788 1.412932 0.000000 0.000000 0.000000 1.000000 0.000000 0.000000
15.000000 162.227024 23.818542 -0.047679 1.393992 0.000000 0.000000 0.000000 1.000000 0.000000 0.000000
15.000000 162.228782 22.351821 0.134010 1.472370 0.000000 0.000000 0.000000 1.000000 0.000000 0.000000
15.000000 162.236985 23.636770 -0.021194 1.490595 0.000000 0.000000 0.000000 1.000000 0.000000 0.000000
15.000000 162.238835 22.267589 0.132437 1.552468 0.000000 0.000000 0.000000 1.000000 0.000000 0.000000
15.000000 162.246947 23.479652 -0.010487 1.568715 0.000000 0.000000 0.000000 1.000000 0.000000 0.000000
15.000000 162.248991 22.185296 0.134781 1.627259 0.000000 0.000000 0.000000 1.000000 0.000000 0.000000
15.000000 162.256992 23.390137 0.009278 1.630900 0.000000 0.000000 0.000000 1.000000 0.000000 0.000000
15.000000 162.258789 22.056187 0.160278 1.686654 0.000000 0.000000 0.000000 1.000000 0.000000 0.000000
15.000000 162.266973 23.254544 0.027907 1.698359 0.000000 0.000000 0.000000 1.000000 0.000000 0.000000
15.000000 162.268795 21.945986 0.174560 1.750367 0.000000 0.000000 0.000000 1.000000 0.000000 0.000000
15.000000 162.276961 23.140356 0.037741 1.768630 0.000000 0.000000 0.000000 1.000000 0.000000 0.000000
15.000000 162.278783 21.850583 0.181470 1.816483 0.000000 0.000000 0.000000 1.000000 0.000000 0.000000
15.000000 162.287084 22.956200 0.063181 1.836424 0.000000 0.000000 0.000000 1.000000 0.000000 0.000000
15.000000 162.287351 21.599344 0.417036 1.870803 0.000000 0.000000 0.000000 1.000000 0.000000 0.000000
15.000000 162.288791 21.253708 0.172458 1.709273 0.000000 0.000000 0.000000 1.000000 0.000000 0.000000
15.000000 162.297024 22.809017 0.082284 1.903318 0.000000 0.000000 0.000000 1.000000 0.000000 0.000000
15.000000 162.297244 21.482309 0.429722 1.934003 0.000000 0.000000 0.000000 1.000000 0.000000 0.000000
15.000000 162.298750 21.132843 0.186200 1.771993 0.000000 0.000000 0.000000 1.000000 0.000000 0.000000
15.000000 162.306995 22.681578 0.096490 1.967594 0.000000 0.000000 0.000000 1.000000 0.000000 0.000000
15.000000 162.307320 21.368384 0.443069 1.990874 0.000000 0.000000 0.000000 1.000000 0.000000 0.000000
15.000000 162.308756 21.013486 0.201323 1.827281 0.000000 0.000000 0.000000 1.000000 0.000000 0.000000
15.000000 162.317004 22.540098 0.115127 2.027593 0.000000 0.000000 0.000000 1.000000 0.000000 0.000000
15.000000 162.317292 21.250156 0.454642 2.048620 0.000000 0.000000 0.000000 1.000000 0.000000 0.000000
15.000000 162.318738 20.899584 0.218095 1.895840 0.000000 0.000000 0.000000 1.000000 0.000000 0.000000
15.000000 162.326941 22.406566 0.133319 2.093923 0.000000 0.000000 0.000000 1.000000 0.000000 0.000000
15.000000 162.327293 21.136712 0.468071 2.108860 0.000000 0.000000 0.000000 1.000000 0.000000 0.000000
15.000000 162.328845 20.781328 0.230987 1.957731 0.000000 0.000000 0.000000 1.000000 0.000000 0.000000
15.000000 162.337026 22.295728 0.145277 2.152259 0.000000 0.000000 0.000000 1.000000 0.000000 0.000000
15.000000 162.337653 21.023634 0.482796 2.167146 0.000000 0.000000 0.000000 1.000000 0.000000 0.000000
15.000000 162.338867 20.657896 0.244234 2.013857 0.000000 0.000000 0.000000 1.000000 0.000000 0.000000
15.000000 162.347025 22.086450 0.166218 2.213824 0.000000 0.000000 0.000000 1.000000 0.000000 0.000000
15.000000 162.347175 20.885629 0.487226 2.212677 0.000000 0.000000 0.000000 1.000000 0.000000 0.000000
15.000000 162.348813 20.537865 0.264906 2.069694 0.000000 0.000000 0.000000 1.000000 0.000000 0.000000
15.000000 162.357006 21.971812 0.186268 2.271457 0.000000 0.000000 0.000000 1.000000 0.000000 0.000000
15.000000 162.357251 20.782702 0.505461 2.269445 0.000000 0.000000 0.000000 1.000000 0.000000 0.000000
15.000000 162.358806 20.432320 0.285837 2.127698 0.000000 0.000000 0.000000 1.000000 0.000000 0.000000
15.000000 162.367073 21.889667 0.192919 2.325244 0.000000 0.000000 0.000000 1.000000 0.000000 0.000000
15.000000 162.367203 20.674456 0.518849 2.325410 0.000000 0.000000 0.000000 1.000000 0.000000 0.000000
15.000000 162.368778 20.318316 0.298376 2.185777 0.000000 0.000000 0.000000 1.000000 0.000000 0.000000
15.000000 162.377021 21.815869 0.193600 2.376308 0.000000 0.000000 0.000000 1.000000 0.000000 0.000000
15.000000 162.377228 20.560778 0.531123 2.377989 0.000000 0.000000 0.000000 1.000000 0.000000 0.000000
15.000000 162.378873 20.191895 0.306727 2.237036 0.000000 0.000000 0.000000 1.000000 0.000000 0.000000
15.000000 162.387146 21.579911 0.236435 2.439951 0.000000 0.000000 0.000000 1.000000 0.000000 0.000000
15.000000 162.387318 20.425503 0.547881 2.430929 0.000000 0.000000 0.000000 1.000000 0.000000 0.000000
15.000000 162.388842 20.069466 0.333364 2.294258 0.000000 0.000000 0.000000 1.000000 0.000000 0.000000
15.000000 162.397024 21.481770 0.243709 2.493124 0.000000 0.000000 0.000000 1.000000 0.000000 0.000000
15.000000 162.397400 20.316669 0.560426 2.480830 0.000000 0.000000 0.000000 1.000000 0.000000 0.000000
15.000000 162.398863 19.943888 0.340655 2.341750 0.000000 0.000000 0.000000 1.000000 0.000000 0.000000
15.000000 162.407062 21.300971 0.266550 2.546060 0.000000 0.000000 0.000000 1.000000 0.000000 0.000000
15.000000 162.407300 20.201542 0.567596 2.524878 0.000000 0.000000 0.000000 1.000000 0.000000 0.000000
15.000000 162.408785 19.843590 0.360547 2.394559 0.000000 0.000000 0.000000 1.000000 0.000000 0.000000
15.000000 162.417061 21.191355 0.280496 2.597470 0.000000 0.000000 0.000000 1.000000 0.000000 0.000000
15.000000 162.417341 20.100630 0.577987 2.578409 0.000000 0.000000 0.000000 1.000000 0.000000 0.000000
15.000000 162.418819 19.743817 0.372134 2.452683 0.000000 0.000000 0.000000 1.000000 0.000000 0.000000
15.000000 162.427033 21.042674 0.300274 2.650895 0.000000 0.000000 0.000000 1.000000 0.000000 0.000000
15.000000 162.427360 19.984143 0.591527 2.628528 0.000000 0.000000 0.000000 1.000000 0.000000 0.000000
15.000000 162.428846 19.615075 0.382197 2.496439 0.000000 0.000000 0.000000 1.000000 0.000000 0.000000
15.000000 162.437119 20.892973 0.312043 2.705492 0.000000 0.000000 0.000000 1.000000 0.000000 0.000000
15.000000 162.437340 19.847769 0.603928 2.676191 0.000000 0.000000 0.000000 1.000000 0.000000 0.000000
15.000000 162.439005 19.476356 0.399657 2.535542 0.000000 0.000000 0.000000 1.000000 0.000000 0.000000
15.000000 162.447123 20.811917 0.326695 2.744488 0.000000 0.000000 0.000000 1.000000 0.000000 0.000000
15.000000 162.447446 19.752126 0.620767 2.719814 0.000000 0.000000 0.000000 1.000000 0.000000 0.000000
15.000000 162.449094 19.370099 0.411373 2.585728 0.000000 0.000000 0.000000 1.000000 0.000000 0.000000
15.000000 162.457103 20.693425 0.341384 2.787153 0.000000 0.000000 0.000000 1.000000 0.000000 0.000000
15.000000 162.457325 19.637791 0.633737 2.758577 0.000000 0.000000 0.000000 1.000000 0.000000 0.000000
15.000000 162.459022 19.262340 0.429456 2.628239 0.000000 0.000000 0.000000 1.000000 0.000000 0.000000
15.000000 162.467133 20.550193 0.358879 2.832719 0.000000 0.000000 0.000000 1.000000 0.000000 0.000000
15.000000 162.467164 19.524328 0.643100 2.803292 0.000000 0.000000 0.000000 1.000000 0.000000 0.000000
15.000000 162.469098 19.154432 0.443768 2.680985 0.000000 0.000000 0.000000 1.000000 0.000000 0.000000
15.000000 162.477295 19.078773 0.411405 2.863638 0.000000 0.000000 0.000000 1.000000 0.000000 0.000000
15.000000 162.477301 19.411397 0.654468 2.848827 0.000000 0.000000 0.000000 1.000000 0.000000 0.000000
15.000000 162.478847 19.853019 0.379767 2.873396 0.000000 0.000000 0.000000 1.000000 0.000000 0.000000
15.000000 162.487167 20.292675 0.390208 2.918662 0.000000 0.000000 0.000000 1.000000 0.000000 0.000000
15.000000 162.487337 19.285289 0.672158 2.883060 0.000000 0.000000 0.000000 1.000000 0.000000 0.000000
15.000000 162.488826 18.914147 0.479487 2.763432 0.000000 0.000000 0.000000 1.000000 0.000000 0.000000
15.000000 162.497056 20.159399 0.402500 2.960844 0.000000 0.000000 0.000000 1.000000 0.000000 0.000000
15.000000 162.497725 19.173127 0.679637 2.921989 0.000000 0.000000 0.000000 1.000000 0.000000 0.000000
15.000000 162.498845 18.802747 0.489688 2.805615 0.000000 0.000000 0.000000 1.000000 0.000000 0.000000
15.000000 162.507289 20.056162 0.414809 3.001037 0.000000 0.000000 0.000000 1.000000 0.000000 0.000000
15.000000 162.507365 19.067707 0.690853 2.971126 0.000000 0.000000 0.000000 1.000000 0.000000 0.000000
15.000000 162.508834 18.689118 0.495826 2.849482 0.000000 0.000000 0.000000 1.000000 0.000000 0.000000
15.000000 162.517295 18.612213 0.469818 3.022132 0.000000 0.000000 0.000000 1.000000 0.000000 0.000000
15.000000 162.517315 18.953337 0.702677 3.006871 0.000000 0.000000 0.000000 1.000000 0.000000 0.000000
15.000000 162.518875 19.480951 0.412786 3.030209 0.000000 0.000000 0.000000 1.000000 0.000000 0.000000
15.000000 162.527098 19.775139 0.448142 3.080309 0.000000 0.000000 0.000000 1.000000 0.000000 0.000000
15.000000 162.527379 18.831741 0.713761 3.042313 0.000000 0.000000 0.000000 1.000000 0.000000 0.000000
15.000000 162.528866 18.469999 0.532991 2.927504 0.000000 0.000000 0.000000 1.000000 0.000000 0.000000
15.000000 162.537275 19.631651 0.467394 3.116246 0.000000 0.000000 0.000000 1.000000 0.000000 0.000000
15.000000 162.537377 18.712585 0.728138 3.072984 0.000000 0.000000 0.000000 1.000000 0.000000 0.000000
15.000000 162.538807 18.345775 0.548314 2.960721 0.000000 0.000000 0.000000 1.000000 0.000000 0.000000
15.000000 162.547140 19.514305 0.481108 3.149887 0.000000 0.000000 0.000000 1.000000 0.000000 0.000000
15.000000 162.547242 18.612143 0.737514 3.108568 0.000000 0.000000 0.000000 1.000000 0.000000 0.000000
15.000000 162.548856 18.244475 0.559053 3.000046 0.000000 0.000000 0.000000 1.000000 0.000000 0.000000
15.000000 162.557151 19.392679 0.493633 3.180254 0.000000 0.000000 0.000000 1.000000 0.000000 0.000000
15.000000 162.557383 18.480234 0.753067 3.139896 0.000000 0.000000 0.000000 1.000000 0.000000 0.000000
15.000000 162.558832 18.114730 0.578223 3.033406 0.000000 0.000000 0.000000 1.000000 0.000000 0.000000
15.000000 162.567180 19.250580 0.514251 3.217501 0.000000 0.000000 0.000000 1.000000 0.000000 0.000000
15.000000 162.567381 18.377642 0.761978 3.176447 0.000000 0.000000 0.000000 1.000000 0.000000 0.000000
15.000000 162.568864 18.003520 0.582029 3.069241 0.000000 0.000000 0.000000 1.000000 0.000000 0.000000
15.000000 162.577106 19.199389 0.508413 3.235199 0.000000 0.000000 0.000000 1.000000 0.000000 0.000000
15.000000 162.577523 18.252126 0.775200 3.206186 0.000000 0.000000 0.000000 1.000000 0.000000 0.000000
15.000000 162.578838 17.879939 0.598282 3.106090 0.000000 0.000000 0.000000 1.000000 0.000000 0.000000
15.000000 162.587135 19.010264 0.544830 3.278897 0.000000 0.000000 0.000000 1.000000 0.000000 0.000000
15.000000 162.587416 18.136282 0.794985 3.232709 0.000000 0.000000 0.000000 1.000000 0.000000 0.000000
15.000000 162.588989 17.759558 0.620349 3.132238 0.000000 0.000000 0.000000 1.000000 0.000000 0.000000
15.000000 162.597377 18.894784 0.554464 3.310497 0.000000 0.000000 0.000000 1.000000 0.000000 0.000000
15.000000 162.598855 18.734550 0.478135 3.292675 0.000000 0.000000 0.000000 1.000000 0.000000 0.000000
15.000000 162.607300 18.778758 0.569803 3.339075 0.000000 0.000000 0.000000 1.000000 0.000000 0.000000
15.000000 162.607308 17.921259 0.814870 3.296946 0.000000 0.000000 0.000000 1.000000 0.000000 0.000000
15.000000 162.608838 17.557209 0.648418 3.199362 0.000000 0.000000 0.000000 1.000000 0.000000 0.000000
15.000000 162.617211 18.637363 0.587429 3.364230 0.000000 0.000000 0.000000 1.000000 0.000000 0.000000
15.000000 162.617866 17.807091 0.825560 3.322320 0.000000 0.000000 0.000000 1.000000 0.000000 0.000000
15.000000 162.618872 17.438282 0.658651 3.228833 0.000000 0.000000 0.000000 1.000000 0.000000 0.000000
15.000000 162.627137 18.492112 0.599941 3.391928 0.000000 0.000000 0.000000 1.000000 0.000000 0.000000
15.000000 162.627592 17.684741 0.832868 3.350799 0.000000 0.000000 0.000000 1.000000 0.000000 0.000000
15.000000 162.628865 17.333170 0.676708 3.260046 0.000000 0.000000 0.000000 1.000000 0.000000 0.000000
15.000000 162.637193 18.390743 0.610449 3.416861 0.000000 0.000000 0.000000 1.000000 0.000000 0.000000
15.000000 162.637829 17.575188 0.845813 3.376153 0.000000 0.000000 0.000000 1.000000 0.000000 0.000000
15.000000 162.638893 17.216019 0.687581 3.285844 0.000000 0.000000 0.000000 1.000000 0.000000 0.000000
15.000000 162.647287 18.268838 0.625633 3.432699 0.000000 0.000000 0.000000 1.000000 0.000000 0.000000
15.000000 162.647383 17.446670 0.861685 3.398953 0.000000 0.000000 0.000000 1.000000 0.000000 0.000000
15.000000 162.648985 17.096599 0.708468 3.313559 0.000000 0.000000 0.000000 1.000000 0.000000 0.000000
15.000000 162.657332 18.153816 0.636660 3.453015 0.000000 0.000000 0.000000 1.000000 0.000000 0.000000
15.000000 162.657557 17.343321 0.870931 3.413539 0.000000 0.000000 0.000000 1.000000 0.000000 0.000000
15.000000 162.658894 17.001065 0.723819 3.333153 0.000000 0.000000 0.000000 1.000000 0.000000 0.000000
15.000000 162.667197 18.026520 0.650089 3.470184 0.000000 0.000000 0.000000 1.000000 0.000000 0.000000
15.000000 162.667418 17.223054 0.881713 3.438113 0.000000 0.000000 0.000000 1.000000 0.000000 0.000000
15.000000 162.668983 16.878341 0.733951 3.358417 0.000000 0.000000 0.000000 1.000000 0.000000 0.000000
15.000000 162.677324 17.934310 0.654994 3.498333 0.000000 0.000000 0.000000 1.000000 0.000000 0.000000
15.000000 162.677431 17.110223 0.893070 3.464618 0.000000 0.000000 0.000000 1.000000 0.000000 0.000000
15.000000 162.679034 16.764885 0.746880 3.384021 0.000000 0.000000 0.000000 1.000000 0.000000 0.000000
15.000000 162.687328 17.783048 0.676405 3.507879 0.000000 0.000000 0.000000 1.000000 0.000000 0.000000
15.000000 162.687409 16.982483 0.907690 3.480722 0.000000 0.000000 0.000000 1.000000 0.000000 0.000000
15.000000 162.688999 16.634260 0.761136 3.396847 0.000000 0.000000 0.000000 1.000000 0.000000 0.000000
15.000000 162.697166 17.665602 0.688417 3.529167 0.000000 0.000000 0.000000 1.000000 0.000000 0.000000
15.000000 162.697431 16.858143 0.924064 3.497996 0.000000 0.000000 0.000000 1.000000 0.000000 0.000000
15.000000 162.698869 16.520382 0.786562 3.419014 0.000000 0.000000 0.000000 1.000000 0.000000 0.000000
15.000000 162.707181 17.530168 0.706070 3.544023 0.000000 0.000000 0.000000 1.000000 0.000000 0.000000
15.000000 162.707374 16.756720 0.931504 3.516637 0.000000 0.000000 0.000000 1.000000 0.000000 0.000000
15.000000 162.709007 16.419833 0.794164 3.441081 0.000000 0.000000 0.000000 1.000000 0.000000 0.000000
15.000000 162.717271 17.382368 0.728111 3.555171 0.000000 0.000000 0.000000 1.000000 0.000000 0.000000
15.000000 162.717510 16.651921 0.940383 3.530797 0.000000 0.000000 0.000000 1.000000 0.000000 0.000000
15.000000 162.718911 16.313947 0.801824 3.460910 0.000000 0.000000 0.000000 1.000000 0.000000 0.000000
15.000000 162.727219 17.301784 0.732000 3.576708 0.000000 0.000000 0.000000 1.000000 0.000000 0.000000
15.000000 162.727803 16.538159 0.953642 3.546011 0.000000 0.000000 0.000000 1.000000 0.000000 0.000000
15.000000 162.729054 16.184773 0.808943 3.474028 0.000000 0.000000 0.000000 1.000000 0.000000 0.000000
15.000000 162.737279 17.149750 0.751907 3.578880 0.000000 0.000000 0.000000 1.000000 0.000000 0.000000
15.000000 162.737933 16.426755 0.964967 3.543909 0.000000 0.000000 0.000000 1.000000 0.000000 0.000000
15.000000 162.738921 16.065439 0.820993 3.481863 0.000000 0.000000 0.000000 1.000000 0.000000 0.000000
15.000000 162.747202 17.042416 0.770947 3.588268 0.000000 0.000000 0.000000 1.000000 0.000000 0.000000
15.000000 162.747390 16.302338 0.985676 3.565712 0.000000 0.000000 0.000000 1.000000 0.000000 0.000000
15.000000 162.749031 15.946638 0.842679 3.511392 0.000000 0.000000 0.000000 1.000000 0.000000 0.000000
15.000000 162.757289 16.928227 0.785408 3.597227 0.000000 0.000000 0.000000 1.000000 0.000000 0.000000
15.000000 162.757531 16.206217 0.993899 3.581902 0.000000 0.000000 0.000000 1.000000 0.000000 0.000000
15.000000 162.758938 15.847334 0.849047 3.528403 0.000000 0.000000 0.000000 1.000000 0.000000 0.000000
15.000000 162.767349 15.625316 0.785507 3.593389 0.000000 0.000000 0.000000 1.000000 0.000000 0.000000
15.000000 162.769112 15.736215 0.861919 3.539136 0.000000 0.000000 0.000000 1.000000 0.000000 0.000000
15.000000 162.777295 16.675187 0.809773 3.617056 0.000000 0.000000 0.000000 1.000000 0.000000 0.000000
15.000000 162.777533 15.970102 1.015048 3.601926 0.000000 0.000000 0.000000 1.000000 0.000000 0.000000
15.000000 162.778922 15.617641 0.876181 3.549086 0.000000 0.000000 0.000000 1.000000 0.000000 0.000000
15.000000 162.787255 16.535053 0.824095 3.634041 0.000000 0.000000 0.000000 1.000000 0.000000 0.000000
15.000000 162.787325 15.855638 1.023751 3.620086 0.000000 0.000000 0.000000 1.000000 0.000000 0.000000
15.000000 162.789013 15.503317 0.887598 3.565115 0.000000 0.000000 0.000000 1.000000 0.000000 0.000000
15.000000 162.797336 16.411079 0.836259 3.642468 0.000000 0.000000 0.000000 1.000000 0.000000 0.000000
15.000000 162.797422 15.745284 1.033288 3.622032 0.000000 0.000000 0.000000 1.000000 0.000000 0.000000
15.000000 162.799034 15.396458 0.900225 3.570316 0.000000 0.000000 0.000000 1.000000 0.000000 0.000000
15.000000 162.807137 16.276684 0.852926 3.651799 0.000000 0.000000 0.000000 1.000000 0.000000 0.000000
15.000000 162.807505 15.626045 1.046825 3.630096 0.000000 0.000000 0.000000 1.000000 0.000000 0.000000
15.000000 162.809073 15.286649 0.919719 3.578034 0.000000 0.000000 0.000000 1.000000 0.000000 0.000000
15.000000 162.817369 15.039609 0.845706 3.634994 0.000000 0.000000 0.000000 1.000000 0.000000 0.000000
15.000000 162.818996 15.181218 0.931182 3.588548 0.000000 0.000000 0.000000 1.000000 0.000000 0.000000
15.000000 162.827346 14.897303 0.851258 3.646309 0.000000 0.000000 0.000000 1.000000 0.000000 0.000000
15.000000 162.829090 15.075961 0.952986 3.592099 0.000000 0.000000 0.000000 1.000000 0.000000 0.000000
15.000000 162.837380 15.305030 1.098130 3.640217 0.000000 0.000000 0.000000 1.000000 0.000000 0.000000
15.000000 162.838965 14.935506 0.961103 3.597199 0.000000 0.000000 0.000000 1.000000 0.000000 0.000000
15.000000 162.847248 15.831690 0.915018 3.663080 0.000000 0.000000 0.000000 1.000000 0.000000 0.000000
15.000000 162.847443 15.206696 1.101281 3.641651 0.000000 0.000000 0.000000 1.000000 0.000000 0.000000
15.000000 162.849197 14.856269 0.972363 3.603672 0.000000 0.000000 0.000000 1.000000 0.000000 0.000000
15.000000 162.857198 15.723563 0.923142 3.666801 0.000000 0.000000 0.000000 1.000000 0.000000 0.000000
15.000000 162.857372 15.071369 1.117862 3.647087 0.000000 0.000000 0.000000 1.000000 0.000000 0.000000
15.000000 162.859036 14.710270 0.986558 3.607534 0.000000 0.000000 0.000000 1.000000 0.000000 0.000000
15.000000 162.867158 15.667708 0.928905 3.665036 0.000000 0.000000 0.000000 1.000000 0.000000 0.000000
15.000000 162.867326 14.995680 1.128989 3.651327 0.000000 0.000000 0.000000 1.000000 0.000000 0.000000
15.000000 162.869127 14.629989 0.996476 3.612502 0.000000 0.000000 0.000000 1.000000 0.000000 0.000000
15.000000 162.877179 15.542922 0.940135 3.666396 0.000000 0.000000 0.000000 1.000000 0.000000 0.000000
15.000000 162.877633 14.866377 1.141812 3.657364 0.000000 0.000000 0.000000 1.000000 0.000000 0.000000
15.000000 162.879047 14.514037 1.015546 3.614434 0.000000 0.000000 0.000000 1.000000 0.000000 0.000000
15.000000 162.887403 15.409815 0.961540 3.656606 0.000000 0.000000 0.000000 1.000000 0.000000 0.000000
15.000000 162.887736 14.754749 1.157276 3.652395 0.000000 0.000000 0.000000 1.000000 0.000000 0.000000
15.000000 162.889089 14.398441 1.030888 3.613822 0.000000 0.000000 0.000000 1.000000 0.000000 0.000000
15.000000 162.897323 15.274611 0.974014 3.657976 0.000000 0.000000 0.000000 1.000000 0.000000 0.000000
15.000000 162.897378 14.613802 1.172941 3.651821 0.000000 0.000000 0.000000 1.000000 0.000000 0.000000
15.000000 162.898990 14.255936 1.048321 3.610902 0.000000 0.000000 0.000000 1.000000 0.000000 0.000000
15.000000 162.907340 15.178966 0.988988 3.658233 0.000000 0.000000 0.000000 1.000000 0.000000 0.000000
15.000000 162.907361 14.530725 1.185252 3.651536 0.000000 0.000000 0.000000 1.000000 0.000000 0.000000
15.000000 162.909061 14.180079 1.065009 3.606289 0.000000 0.000000 0.000000 1.000000 0.000000 0.000000
15.000000 162.917457 15.045785 1.001763 3.662678 0.000000 0.000000 0.000000 1.000000 0.000000 0.000000
15.000000 162.917790 14.427163 1.188756 3.655556 0.000000 0.000000 0.000000 1.000000 0.000000 0.000000
15.000000 162.919068 14.078269 1.068305 3.615780 0.000000 0.000000 0.000000 1.000000 0.000000 0.000000
15.000000 162.927390 14.979923 1.009674 3.657189 0.000000 0.000000 0.000000 1.000000 0.000000 0.000000
15.000000 162.927515 14.328833 1.206805 3.653870 0.000000 0.000000 0.000000 1.000000 0.000000 0.000000
15.000000 162.929122 13.967579 1.083689 3.614607 0.000000 0.000000 0.000000 1.000000 0.000000 0.000000
15.000000 162.937283 14.815807 1.035458 3.651161 0.000000 0.000000 0.000000 1.000000 0.000000 0.000000
15.000000 162.937610 14.201349 1.223593 3.644440 0.000000 0.000000 0.000000 1.000000 0.000000 0.000000
15.000000 162.939060 13.825626 1.097890 3.600591 0.000000 0.000000 0.000000 1.000000 0.000000 0.000000
15.000000 162.947382 14.704910 1.049290 3.634903 0.000000 0.000000 0.000000 1.000000 0.000000 0.000000
15.000000 162.947523 14.105186 1.232663 3.636004 0.000000 0.000000 0.000000 1.000000 0.000000 0.000000
15.000000 162.949066 13.736315 1.109701 3.596572 0.000000 0.000000 0.000000 1.000000 0.000000 0.000000
15.000000 162.957212 14.577741 1.064518 3.637176 0.000000 0.000000 0.000000 1.000000 0.000000 0.000000
15.000000 162.957747 13.995433 1.243264 3.631953 0.000000 0.000000 0.000000 1.000000 0.000000 0.000000
15.000000 162.959030 13.620330 1.118684 3.592830 0.000000 0.000000 0.000000 1.000000 0.000000 0.000000
15.000000 162.967245 14.475431 1.074974 3.629225 0.000000 0.000000 0.000000 1.000000 0.000000 0.000000
15.000000 162.967556 13.878617 1.258305 3.622890 0.000000 0.000000 0.000000 1.000000 0.000000 0.000000
15.000000 162.969107 13.499407 1.133131 3.587119 0.000000 0.000000 0.000000 1.000000 0.000000 0.000000
15.000000 162.977398 14.368510 1.090623 3.619915 0.000000 0.000000 0.000000 1.000000 0.000000 0.000000
15.000000 162.977578 13.788688 1.269170 3.616229 0.000000 0.000000 0.000000 1.000000 0.000000 0.000000
15.000000 162.978996 13.412082 1.145809 3.579487 0.000000 0.000000 0.000000 1.000000 0.000000 0.000000
15.000000 162.987269 14.226256 1.099911 3.606189 0.000000 0.000000 0.000000 1.000000 0.000000 0.000000
15.000000 162.987484 13.633351 1.283447 3.602424 0.000000 0.000000 0.000000 1.000000 0.000000 0.000000
15.000000 162.989196 13.269400 1.166080 3.567578 0.000000 0.000000 0.000000 1.000000 0.000000 0.000000
15.000000 162.997313 14.137558 1.118211 3.594117 0.000000 0.000000 0.000000 1.000000 0.000000 0.000000
15.000000 162.997531 13.544245 1.302364 3.594193 0.000000 0.000000 0.000000 1.000000 0.000000 0.000000
15.000000 162.999049 13.158023 1.179087 3.555402 0.000000 0.000000 0.000000 1.000000 0.000000 0.000000
15.000000 163.007312 14.044149 1.131456 3.578609 0.000000 0.000000 0.000000 1.000000 0.000000 0.000000
15.000000 163.007584 13.466277 1.310376 3.580389 0.000000 0.000000 0.000000 1.000000 0.000000 0.000000
15.000000 163.009190 13.072103 1.184007 3.548754 0.000000 0.000000 0.000000 1.000000 0.000000 0.000000
15.000000 163.017306 13.952763 1.149047 3.560563 0.000000 0.000000 0.000000 1.000000 0.000000 0.000000
15.000000 163.017582 13.366994 1.329918 3.564541 0.000000 0.000000 0.000000 1.000000 0.000000 0.000000
15.000000 163.019099 12.961104 1.200111 3.533722 0.000000 0.000000 0.000000 1.000000 0.000000 0.000000
15.000000 163.027462 13.839655 1.161402 3.548748 0.000000 0.000000 0.000000 1.000000 0.000000 0.000000
15.000000 163.027521 13.267083 1.339335 3.550985 0.000000 0.000000 0.000000 1.000000 0.000000 0.000000
15.000000 163.029250 12.868554 1.213366 3.522043 0.000000 0.000000 0.000000 1.000000 0.000000 0.000000
15.000000 163.037294 13.656740 1.173642 3.531602 0.000000 0.000000 0.000000 1.000000 0.000000 0.000000
15.000000 163.037665 13.115510 1.346937 3.521801 0.000000 0.000000 0.000000 1.000000 0.000000 0.000000
15.000000 163.039168 12.734104 1.231471 3.492233 0.000000 0.000000 0.000000 1.000000 0.000000 0.000000
15.000000 163.047382 13.595566 1.186309 3.513493 0.000000 0.000000 0.000000 1.000000 0.000000 0.000000
15.000000 163.047423 13.012608 1.370362 3.514503 0.000000 0.000000 0.000000 1.000000 0.000000 0.000000
15.000000 163.049201 12.592423 1.241734 3.483379 0.000000 0.000000 0.000000 1.000000 0.000000 0.000000
15.000000 163.057328 13.480877 1.204579 3.491093 0.000000 0.000000 0.000000 1.000000 0.000000 0.000000
15.000000 163.057479 12.931943 1.376799 3.499264 0.000000 0.000000 0.000000 1.000000 0.000000 0.000000
15.000000 163.059093 12.525044 1.251361 3.470438 0.000000 0.000000 0.000000 1.000000 0.000000 0.000000
15.000000 163.067312 13.390525 1.211802 3.472554 0.000000 0.000000 0.000000 1.000000 0.000000 0.000000
15.000000 163.068162 12.832218 1.386926 3.483452 0.000000 0.000000 0.000000 1.000000 0.000000 0.000000
15.000000 163.069227 12.428091 1.262836 3.455297 0.000000 0.000000 0.000000 1.000000 0.000000 0.000000
15.000000 163.077406 13.283210 1.224867 3.442954 0.000000 0.000000 0.000000 1.000000 0.000000 0.000000
15.000000 163.077525 12.722071 1.400716 3.462517 0.000000 0.000000 0.000000 1.000000 0.000000 0.000000
15.000000 163.079282 12.309608 1.274721 3.430589 0.000000 0.000000 0.000000 1.000000 0.000000 0.000000
15.000000 163.087379 13.121645 1.237532 3.424011 0.000000 0.000000 0.000000 1.000000 0.000000 0.000000
15.000000 163.087414 12.553723 1.416731 3.438170 0.000000 0.000000 0.000000 1.000000 0.000000 0.000000
15.000000 163.089192 12.139257 1.291554 3.413424 0.000000 0.000000 0.000000 1.000000 0.000000 0.000000
15.000000 163.097442 13.050305 1.248320 3.394634 0.000000 0.000000 0.000000 1.000000 0.000000 0.000000
15.000000 163.097453 12.482154 1.427530 3.406088 0.000000 0.000000 0.000000 1.000000 0.000000 0.000000
15.000000 163.099153 12.074295 1.304497 3.386947 0.000000 0.000000 0.000000 1.000000 0.000000 0.000000
15.000000 163.107366 12.932752 1.269709 3.381602 0.000000 0.000000 0.000000 1.000000 0.000000 0.000000
15.000000 163.107457 12.397129 1.440085 3.396159 0.000000 0.000000 0.000000 1.000000 0.000000 0.000000
15.000000 163.109378 12.003912 1.323599 3.375458 0.000000 0.000000 0.000000 1.000000 0.000000 0.000000
15.000000 163.117285 12.830878 1.286934 3.353999 0.000000 0.000000 0.000000 1.000000 0.000000 0.000000
15.000000 163.117491 12.294797 1.456468 3.375765 0.000000 0.000000 0.000000 1.000000 0.000000 0.000000
15.000000 163.119175 11.891214 1.336627 3.351571 0.000000 0.000000 0.000000 1.000000 0.000000 0.000000
15.000000 163.127388 12.787284 1.277197 3.320143 0.000000 0.000000 0.000000 1.000000 0.000000 0.000000
15.000000 163.127464 12.181735 1.468842 3.352700 0.000000 0.000000 0.000000 1.000000 0.000000 0.000000
15.000000 163.129284 11.782105 1.351342 3.330165 0.000000 0.000000 0.000000 1.000000 0.000000 0.000000
15.000000 163.137402 12.542122 1.311750 3.302821 0.000000 0.000000 0.000000 1.000000 0.000000 0.000000
15.000000 163.137738 12.049656 1.470351 3.321770 0.000000 0.000000 0.000000 1.000000 0.000000 0.000000
15.000000 163.139169 11.671721 1.361079 3.302352 0.000000 0.000000 0.000000 1.000000 0.000000 0.000000
15.000000 163.147351 12.479484 1.316094 3.276257 0.000000 0.000000 0.000000 1.000000 0.000000 0.000000
15.000000 163.147460 11.943685 1.489358 3.297199 0.000000 0.000000 0.000000 1.000000 0.000000 0.000000
15.000000 163.149302 11.516054 1.367060 3.269225 0.000000 0.000000 0.000000 1.000000 0.000000 0.000000
15.000000 163.157487 12.409398 1.333821 3.242231 0.000000 0.000000 0.000000 1.000000 0.000000 0.000000
15.000000 163.157616 11.864482 1.508158 3.271110 0.000000 0.000000 0.000000 1.000000 0.000000 0.000000
15.000000 163.159308 11.414069 1.378175 3.245497 0.000000 0.000000 0.000000 1.000000 0.000000 0.000000
15.000000 163.167393 12.277562 1.348519 3.212953 0.000000 0.000000 0.000000 1.000000 0.000000 0.000000
15.000000 163.167460 11.754390 1.516782 3.243327 0.000000 0.000000 0.000000 1.000000 0.000000 0.000000
15.000000 163.169451 11.311887 1.390241 3.216135 0.000000 0.000000 0.000000 1.000000 0.000000 0.000000
15.000000 163.177605 12.230101 1.344518 3.175862 0.000000 0.000000 0.000000 1.000000 0.000000 0.000000
15.000000 163.177635 11.654127 1.529619 3.211750 0.000000 0.000000 0.000000 1.000000 0.000000 0.000000
15.000000 163.179162 11.230708 1.409147 3.190493 0.000000 0.000000 0.000000 1.000000 0.000000 0.000000
15.000000 163.187462 10.919540 1.325328 3.181161 0.000000 0.000000 0.000000 1.000000 0.000000 0.000000
15.000000 163.187509 11.521633 1.548569 3.181810 0.000000 0.000000 0.000000 1.000000 0.000000 0.000000
15.000000 163.189390 12.015350 1.306132 3.200252 0.000000 0.000000 0.000000 1.000000 0.000000 0.000000
15.000000 163.197392 11.967154 1.381967 3.116260 0.000000 0.000000 0.000000 1.000000 0.000000 0.000000
15.000000 163.197522 11.408815 1.564346 3.152264 0.000000 0.000000 0.000000 1.000000 0.000000 0.000000
15.000000 163.199295 10.966237 1.442379 3.127894 0.000000 0.000000 0.000000 1.000000 0.000000 0.000000
15.000000 163.207397 11.875839 1.396797 3.081750 0.000000 0.000000 0.000000 1.000000 0.000000 0.000000
15.000000 163.207487 11.309927 1.581439 3.117608 0.000000 0.000000 0.000000 1.000000 0.000000 0.000000
15.000000 163.209154 10.892511 1.466908 3.096594 0.000000 0.000000 0.000000 1.000000 0.000000 0.000000
15.000000 163.217422 11.736954 1.411211 3.049336 0.000000 0.000000 0.000000 1.000000 0.000000 0.000000
15.000000 163.217560 11.218177 1.580610 3.088326 0.000000 0.000000 0.000000 1.000000 0.000000 0.000000
15.000000 163.219287 10.808632 1.467895 3.070049 0.000000 0.000000 0.000000 1.000000 0.000000 0.000000
15.000000 163.227402 11.663688 1.414891 3.012032 0.000000 0.000000 0.000000 1.000000 0.000000 0.000000
15.000000 163.227448 11.111724 1.594882 3.054648 0.000000 0.000000 0.000000 1.000000 0.000000 0.000000
15.000000 163.229272 10.675344 1.474751 3.039422 0.000000 0.000000 0.000000 1.000000 0.000000 0.000000
15.000000 163.237420 11.553898 1.432109 2.974085 0.000000 0.000000 0.000000 1.000000 0.000000 0.000000
15.000000 163.237694 11.012342 1.610482 3.015042 0.000000 0.000000 0.000000 1.000000 0.000000 0.000000
15.000000 163.239139 10.562066 1.488716 2.996379 0.000000 0.000000 0.000000 1.000000 0.000000 0.000000
15.000000 163.247317 11.443239 1.446818 2.935478 0.000000 0.000000 0.000000 1.000000 0.000000 0.000000
15.000000 163.247494 10.911095 1.621056 2.983913 0.000000 0.000000 0.000000 1.000000 0.000000 0.000000
15.000000 163.249256 10.483029 1.504742 2.964909 0.000000 0.000000 0.000000 1.000000 0.000000 0.000000
15.000000 163.257374 11.334980 1.460889 2.900500 0.000000 0.000000 0.000000 1.000000 0.000000 0.000000
15.000000 163.257815 10.779951 1.644227 2.947432 0.000000 0.000000 0.000000 1.000000 0.000000 0.000000
15.000000 163.259141 10.370011 1.535015 2.932284 0.000000 0.000000 0.000000 1.000000 0.000000 0.000000
15.000000 163.267433 11.235264 1.472028 2.857964 0.000000 0.000000 0.000000 1.000000 0.000000 0.000000
15.000000 163.267485 10.709393 1.645164 2.908718 0.000000 0.000000 0.000000 1.000000 0.000000 0.000000
15.000000 163.269376 10.283304 1.530768 2.890206 0.000000 0.000000 0.000000 1.000000 0.000000 0.000000
15.000000 163.277398 11.127591 1.483537 2.818231 0.000000 0.000000 0.000000 1.000000 0.000000 0.000000
15.000000 163.277848 10.596567 1.659137 2.868088 0.000000 0.000000 0.000000 1.000000 0.000000 0.000000
15.000000 163.279099 10.170022 1.545490 2.853252 0.000000 0.000000 0.000000 1.000000 0.000000 0.000000
15.000000 163.287388 10.981037 1.490237 2.780493 0.000000 0.000000 0.000000 1.000000 0.000000 0.000000
15.000000 163.287510 10.433197 1.674641 2.826211 0.000000 0.000000 0.000000 1.000000 0.000000 0.000000
15.000000 163.289383 10.004271 1.563664 2.804016 0.000000 0.000000 0.000000 1.000000 0.000000 0.000000
15.000000 163.297365 10.883959 1.507084 2.734531 0.000000 0.000000 0.000000 1.000000 0.000000 0.000000
15.000000 163.297557 10.345178 1.688982 2.783524 0.000000 0.000000 0.000000 1.000000 0.000000 0.000000
15.000000 163.299267 9.907659 1.576550 2.763471 0.000000 0.000000 0.000000 1.000000 0.000000 0.000000
15.000000 163.307464 10.831229 1.512064 2.686852 0.000000 0.000000 0.000000 1.000000 0.000000 0.000000
15.000000 163.307769 10.256686 1.703715 2.746828 0.000000 0.000000 0.000000 1.000000 0.000000 0.000000
15.000000 163.309260 9.813538 1.588162 2.726326 0.000000 0.000000 0.000000 1.000000 0.000000 0.000000
15.000000 163.317484 10.721333 1.524352 2.644309 0.000000 0.000000 0.000000 1.000000 0.000000 0.000000
15.000000 163.317603 10.168061 1.709097 2.707439 0.000000 0.000000 0.000000 1.000000 0.000000 0.000000
15.000000 163.319200 9.720860 1.592584 2.684496 0.000000 0.000000 0.000000 1.000000 0.000000 0.000000
15.000000 163.327425 10.608101 1.535834 2.597797 0.000000 0.000000 0.000000 1.000000 0.000000 0.000000
15.000000 163.327515 10.062826 1.719031 2.663316 0.000000 0.000000 0.000000 1.000000 0.000000 0.000000
15.000000 163.329284 9.609399 1.602138 2.633308 0.000000 0.000000 0.000000 1.000000 0.000000 0.000000
15.000000 163.337400 10.501549 1.550562 2.550686 0.000000 0.000000 0.000000 1.000000 0.000000 0.000000
15.000000 163.337605 9.957236 1.736004 2.613372 0.000000 0.000000 0.000000 1.000000 0.000000 0.000000
15.000000 163.339231 9.480546 1.615842 2.589651 0.000000 0.000000 0.000000 1.000000 0.000000 0.000000
15.000000 163.347442 10.411671 1.559554 2.499642 0.000000 0.000000 0.000000 1.000000 0.000000 0.000000
15.000000 163.347521 9.831369 1.758063 2.569219 0.000000 0.000000 0.000000 1.000000 0.000000 0.000000
15.000000 163.349335 9.348623 1.637919 2.542439 0.000000 0.000000 0.000000 1.000000 0.000000 0.000000
15.000000 163.357425 10.307616 1.572776 2.449068 0.000000 0.000000 0.000000 1.000000 0.000000 0.000000
15.000000 163.357635 9.747691 1.761364 2.523268 0.000000 0.000000 0.000000 1.000000 0.000000 0.000000
15.000000 163.359174 9.291667 1.644746 2.501093 0.000000 0.000000 0.000000 1.000000 0.000000 0.000000
15.000000 163.367426 10.191846 1.580149 2.399525 0.000000 0.000000 0.000000 1.000000 0.000000 0.000000
15.000000 163.367628 9.627970 1.771366 2.474727 0.000000 0.000000 0.000000 1.000000 0.000000 0.000000
15.000000 163.369268 9.186720 1.659513 2.455090 0.000000 0.000000 0.000000 1.000000 0.000000 0.000000
15.000000 163.377473 10.123822 1.590586 2.348581 0.000000 0.000000 0.000000 1.000000 0.000000 0.000000
15.000000 163.377631 9.543780 1.788721 2.432586 0.000000 0.000000 0.000000 1.000000 0.000000 0.000000
15.000000 163.379155 9.066303 1.669907 2.393966 0.000000 0.000000 0.000000 1.000000 0.000000 0.000000
15.000000 163.387393 9.989710 1.607860 2.296360 0.000000 0.000000 0.000000 1.000000 0.000000 0.000000
15.000000 163.387562 9.445193 1.796975 2.376225 0.000000 0.000000 0.000000 1.000000 0.000000 0.000000
15.000000 163.389306 8.971753 1.681869 2.350847 0.000000 0.000000 0.000000 1.000000 0.000000 0.000000
15.000000 163.397436 9.911968 1.619627 2.252533 0.000000 0.000000 0.000000 1.000000 0.000000 0.000000
15.000000 163.397598 9.308307 1.831903 2.331302 0.000000 0.000000 0.000000 1.000000 0.000000 0.000000
15.000000 163.399236 8.782106 1.707785 2.295513 0.000000 0.000000 0.000000 1.000000 0.000000 0.000000
15.000000 163.407469 9.798873 1.638452 2.203803 0.000000 0.000000 0.000000 1.000000 0.000000 0.000000
15.000000 163.407571 9.252685 1.828195 2.281099 0.000000 0.000000 0.000000 1.000000 0.000000 0.000000
15.000000 163.409264 8.751011 1.706977 2.246766 0.000000 0.000000 0.000000 1.000000 0.000000 0.000000
15.000000 163.417455 9.699135 1.645769 2.151219 0.000000 0.000000 0.000000 1.000000 0.000000 0.000000
15.000000 163.417629 9.145112 1.840167 2.230647 0.000000 0.000000 0.000000 1.000000 0.000000 0.000000
15.000000 163.419231 8.636193 1.719170 2.192577 0.000000 0.000000 0.000000 1.000000 0.000000 0.000000
15.000000 163.427445 9.601952 1.657816 2.098488 0.000000 0.000000 0.000000 1.000000 0.000000 0.000000
15.000000 163.427608 9.048209 1.853352 2.180807 0.000000 0.000000 0.000000 1.000000 0.000000 0.000000
15.000000 163.429310 8.516381 1.728374 2.131386 0.000000 0.000000 0.000000 1.000000 0.000000 0.000000
15.000000 163.437474 9.502072 1.668167 2.036089 0.000000 0.000000 0.000000 1.000000 0.000000 0.000000
15.000000 163.437647 8.907910 1.878617 2.122472 0.000000 0.000000 0.000000 1.000000 0.000000 0.000000
15.000000 163.439234 8.361194 1.751487 2.073401 0.000000 0.000000 0.000000 1.000000 0.000000 0.000000
15.000000 163.447467 9.410078 1.680029 1.982173 0.000000 0.000000 0.000000 1.000000 0.000000 0.000000
15.000000 163.447555 8.839570 1.885544 2.066513 0.000000 0.000000 0.000000 1.000000 0.000000 0.000000
15.000000 163.449279 8.290580 1.761011 2.018366 0.000000 0.000000 0.000000 1.000000 0.000000 0.000000
15.000000 163.457442 9.313256 1.688491 1.926779 0.000000 0.000000 0.000000 1.000000 0.000000 0.000000
15.000000 163.457677 8.748609 1.890657 2.014479 0.000000 0.000000 0.000000 1.000000 0.000000 0.000000
15.000000 163.459226 8.216525 1.768606 1.968627 0.000000 0.000000 0.000000 1.000000 0.000000 0.000000
15.000000 163.467500 9.208959 1.699969 1.874157 0.000000 0.000000 0.000000 1.000000 0.000000 0.000000
15.000000 163.467607 8.649616 1.901791 1.965296 0.000000 0.000000 0.000000 1.000000 0.000000 0.000000
15.000000 163.469326 8.090134 1.774955 1.907358 0.000000 0.000000 0.000000 1.000000 0.000000 0.000000
15.000000 163.477566 9.140811 1.708613 1.805669 0.000000 0.000000 0.000000 1.000000 0.000000 0.000000
15.000000 163.477617 8.555655 1.922405 1.902567 0.000000 0.000000 0.000000 1.000000 0.000000 0.000000
15.000000 163.479288 7.956788 1.789833 1.837194 0.000000 0.000000 0.000000 1.000000 0.000000 0.000000
15.000000 163.487491 9.021658 1.726684 1.742854 0.000000 0.000000 0.000000 1.000000 0.000000 0.000000
15.000000 163.487588 8.426799 1.940078 1.842283 0.000000 0.000000 0.000000 1.000000 0.000000 0.000000
15.000000 163.489299 7.847755 1.808627 1.784915 0.000000 0.000000 0.000000 1.000000 0.000000 0.000000
15.000000 163.497628 8.908298 1.734980 1.689534 0.000000 0.000000 0.000000 1.000000 0.000000 0.000000
15.000000 163.497706 8.329093 1.949701 1.783027 0.000000 0.000000 0.000000 1.000000 0.000000 0.000000
15.000000 163.499271 7.732318 1.820840 1.715663 0.000000 0.000000 0.000000 1.000000 0.000000 0.000000
15.000000 163.507529 8.830919 1.752567 1.620722 0.000000 0.000000 0.000000 1.000000 0.000000 0.000000
15.000000 163.507618 8.272539 1.958694 1.727574 0.000000 0.000000 0.000000 1.000000 0.000000 0.000000
15.000000 163.509320 7.658620 1.824829 1.661145 0.000000 0.000000 0.000000 1.000000 0.000000 0.000000
15.000000 163.517585 8.728673 1.763819 1.573573 0.000000 0.000000 0.000000 1.000000 0.000000 0.000000
15.000000 163.517699 8.181986 1.969753 1.664493 0.000000 0.000000 0.000000 1.000000 0.000000 0.000000
15.000000 163.519224 7.564095 1.839223 1.593049 0.000000 0.000000 0.000000 1.000000 0.000000 0.000000
15.000000 163.527529 8.634507 1.775970 1.509498 0.000000 0.000000 0.000000 1.000000 0.000000 0.000000
15.000000 163.527592 8.078712 1.984531 1.608505 0.000000 0.000000 0.000000 1.000000 0.000000 0.000000
15.000000 163.529305 7.459271 1.853405 1.525624 0.000000 0.000000 0.000000 1.000000 0.000000 0.000000
15.000000 163.537493 8.508822 1.783908 1.445978 0.000000 0.000000 0.000000 1.000000 0.000000 0.000000
15.000000 163.537674 7.943964 2.000102 1.540907 0.000000 0.000000 0.000000 1.000000 0.000000 0.000000
15.000000 163.539414 7.301773 1.868214 1.460028 0.000000 0.000000 0.000000 1.000000 0.000000 0.000000
15.000000 163.547503 8.444987 1.798706 1.382422 0.000000 0.000000 0.000000 1.000000 0.000000 0.000000
15.000000 163.547633 7.895273 2.013556 1.479072 0.000000 0.000000 0.000000 1.000000 0.000000 0.000000
15.000000 163.549570 7.209176 1.876387 1.389682 0.000000 0.000000 0.000000 1.000000 0.000000 0.000000
15.000000 163.557620 8.347430 1.813960 1.313095 0.000000 0.000000 0.000000 1.000000 0.000000 0.000000
15.000000 163.557890 7.793658 2.025864 1.419159 0.000000 0.000000 0.000000 1.000000 0.000000 0.000000
15.000000 163.559273 7.103786 1.883887 1.329882 0.000000 0.000000 0.000000 1.000000 0.000000 0.000000
15.000000 163.567490 8.253604 1.826117 1.242952 0.000000 0.000000 0.000000 1.000000 0.000000 0.000000
15.000000 163.567706 7.684765 2.041979 1.352924 0.000000 0.000000 0.000000 1.000000 0.000000 0.000000
15.000000 163.569438 6.990977 1.898060 1.268743 0.000000 0.000000 0.000000 1.000000 0.000000 0.000000
15.000000 163.577638 8.166316 1.830494 1.181462 0.000000 0.000000 0.000000 1.000000 0.000000 0.000000
15.000000 163.577953 7.593411 2.054575 1.293721 0.000000 0.000000 0.000000 1.000000 0.000000 0.000000
15.000000 163.579230 6.902859 1.917962 1.198638 0.000000 0.000000 0.000000 1.000000 0.000000 0.000000
15.000000 163.587509 8.059982 1.850408 1.115363 0.000000 0.000000 0.000000 1.000000 0.000000 0.000000
15.000000 163.587645 7.495788 2.069764 1.225179 0.000000 0.000000 0.000000 1.000000 0.000000 0.000000
15.000000 163.589375 6.801717 1.931512 1.132056 0.000000 0.000000 0.000000 1.000000 0.000000 0.000000
15.000000 163.597480 7.960646 1.857968 1.050443 0.000000 0.000000 0.000000 1.000000 0.000000 0.000000
15.000000 163.597681 7.398372 2.086144 1.158435 0.000000 0.000000 0.000000 1.000000 0.000000 0.000000
15.000000 163.599270 6.655298 1.946870 1.048526 0.000000 0.000000 0.000000 1.000000 0.000000 0.000000
15.000000 163.607499 7.875467 1.867517 0.977444 0.000000 0.000000 0.000000 1.000000 0.000000 0.000000
15.000000 163.607686 7.313650 2.091008 1.094919 0.000000 0.000000 0.000000 1.000000 0.000000 0.000000
15.000000 163.609367 6.596754 1.952781 0.988708 0.000000 0.000000 0.000000 1.000000 0.000000 0.000000
15.000000 163.617612 7.774965 1.878935 0.909488 0.000000 0.000000 0.000000 1.000000 0.000000 0.000000
15.000000 163.617715 7.221569 2.102156 1.025895 0.000000 0.000000 0.000000 1.000000 0.000000 0.000000
15.000000 163.619310 6.486794 1.963066 0.914522 0.000000 0.000000 0.000000 1.000000 0.000000 0.000000
15.000000 163.627567 7.694683 1.888408 0.833475 0.000000 0.000000 0.000000 1.000000 0.000000 0.000000
15.000000 163.627618 7.134890 2.117376 0.954227 0.000000 0.000000 0.000000 1.000000 0.000000 0.000000
15.000000 163.629421 6.360293 1.973509 0.834888 0.000000 0.000000 0.000000 1.000000 0.000000 0.000000
15.000000 163.637644 7.587818 1.897819 0.761937 0.000000 0.000000 0.000000 1.000000 0.000000 0.000000
15.000000 163.637744 7.021387 2.132959 0.881841 0.000000 0.000000 0.000000 1.000000 0.000000 0.000000
15.000000 163.639364 6.255636 1.994896 0.759159 0.000000 0.000000 0.000000 1.000000 0.000000 0.000000
15.000000 163.647576 7.495388 1.910661 0.693826 0.000000 0.000000 0.000000 1.000000 0.000000 0.000000
15.000000 163.647666 6.969457 2.135509 0.799918 0.000000 0.000000 0.000000 1.000000 0.000000 0.000000
15.000000 163.649448 6.181207 1.997368 0.676285 0.000000 0.000000 0.000000 1.000000 0.000000 0.000000
15.000000 163.657603 7.402413 1.924026 0.619683 0.000000 0.000000 0.000000 1.000000 0.000000 0.000000
15.000000 163.658062 6.850919 2.155213 0.743262 0.000000 0.000000 0.000000 1.000000 0.000000 0.000000
15.000000 163.659408 6.074559 2.017098 0.611177 0.000000 0.000000 0.000000 1.000000 0.000000 0.000000
15.000000 163.667611 7.318498 1.936116 0.543528 0.000000 0.000000 0.000000 1.000000 0.000000 0.000000
15.000000 163.667691 6.770079 2.167443 0.669967 0.000000 0.000000 0.000000 1.000000 0.000000 0.000000
15.000000 163.669417 5.967913 2.025608 0.533296 0.000000 0.000000 0.000000 1.000000 0.000000 0.000000
15.000000 163.677655 7.224013 1.946557 0.469643 0.000000 0.000000 0.000000 1.000000 0.000000 0.000000
15.000000 163.677907 6.673577 2.181358 0.599752 0.000000 0.000000 0.000000 1.000000 0.000000 0.000000
15.000000 163.679497 5.812494 2.030654 0.441881 0.000000 0.000000 0.000000 1.000000 0.000000 0.000000
15.000000 163.687581 7.136180 1.955521 0.388112 0.000000 0.000000 0.000000 1.000000 0.000000 0.000000
15.000000 163.687683 6.559247 2.208671 0.518888 0.000000 0.000000 0.000000 1.000000 0.000000 0.000000
15.000000 163.689369 5.676778 2.062840 0.355584 0.000000 0.000000 0.000000 1.000000 0.000000 0.000000
15.000000 163.697655 7.046671 1.968378 0.315158 0.000000 0.000000 0.000000 1.000000 0.000000 0.000000
15.000000 163.698063 6.489835 2.211226 0.449848 0.000000 0.000000 0.000000 1.000000 0.000000 0.000000
15.000000 163.699314 5.607906 2.062747 0.283837 0.000000 0.000000 0.000000 1.000000 0.000000 0.000000
15.000000 163.707608 6.947635 1.980187 0.241256 0.000000 0.000000 0.000000 1.000000 0.000000 0.000000
15.000000 163.707692 6.403273 2.223403 0.371980 0.000000 0.000000 0.000000 1.000000 0.000000 0.000000
15.000000 163.709392 5.510428 2.078086 0.198878 0.000000 0.000000 0.000000 1.000000 0.000000 0.000000
15.000000 163.717954 6.867248 1.990163 0.157473 0.000000 0.000000 0.000000 1.000000 0.000000 0.000000
15.000000 163.717983 6.313617 2.238629 0.293910 0.000000 0.000000 0.000000 1.000000 0.000000 0.000000
15.000000 163.719345 5.394326 2.090276 0.114724 0.000000 0.000000 0.000000 1.000000 0.000000 0.000000
15.000000 163.727548 6.779082 1.997680 0.080169 0.000000 0.000000 0.000000 1.000000 0.000000 0.000000
15.000000 163.727693 6.224671 2.246706 0.222600 0.000000 0.000000 0.000000 1.000000 0.000000 0.000000
15.000000 163.729362 5.264734 2.090742 0.024846 0.000000 0.000000 0.000000 1.000000 0.000000 0.000000
15.000000 163.737667 6.660866 2.008086 0.008433 0.000000 0.000000 0.000000 1.000000 0.000000 0.000000
15.000000 163.737731 6.114082 2.261548 0.146388 0.000000 0.000000 0.000000 1.000000 0.000000 0.000000
15.000000 163.739297 5.210096 2.123638 -0.033987 0.000000 0.000000 0.000000 1.000000 0.000000 0.000000
15.000000 163.747571 6.623294 2.020505 0.026504 0.000000 0.000000 0.000000 1.000000 0.000000 0.000000
15.000000 163.747702 6.084220 2.270237 0.190775 0.000000 0.000000 0.000000 1.000000 0.000000 0.000000
15.000000 163.749479 5.171069 2.127901 0.019768 0.000000 0.000000 0.000000 1.000000 0.000000 0.000000
15.000000 163.757686 6.573088 2.025229 0.083772 0.000000 0.000000 0.000000 1.000000 0.000000 0.000000
15.000000 163.757764 6.032620 2.273583 0.247490 0.000000 0.000000 0.000000 1.000000 0.000000 0.000000
15.000000 163.759343 5.120883 2.129548 0.080473 0.000000 0.000000 0.000000 1.000000 0.000000 0.000000
15.000000 163.767591 6.524735 2.030146 0.139640 0.000000 0.000000 0.000000 1.000000 0.000000 0.000000
15.000000 163.767725 5.990783 2.278359 0.299686 0.000000 0.000000 0.000000 1.000000 0.000000 0.000000
15.000000 163.769429 5.095633 2.139438 0.139333 0.000000 0.000000 0.000000 1.000000 0.000000 0.000000
15.000000 163.777686 6.476666 2.034991 0.190043 0.000000 0.000000 0.000000 1.000000 0.000000 0.000000
15.000000 163.777810 5.936538 2.285863 0.351732 0.000000 0.000000 0.000000 1.000000 0.000000 0.000000
15.000000 163.779350 5.002778 2.139918 0.182767 0.000000 0.000000 0.000000 1.000000 0.000000 0.000000
15.000000 163.787653 6.431172 2.041419 0.243682 0.000000 0.000000 0.000000 1.000000 0.000000 0.000000
15.000000 163.787741 5.893182 2.298699 0.397340 0.000000 0.000000 0.000000 1.000000 0.000000 0.000000
15.000000 163.789427 4.938620 2.155481 0.232131 0.000000 0.000000 0.000000 1.000000 0.000000 0.000000
15.000000 163.797895 6.386993 2.048590 0.293915 0.000000 0.000000 0.000000 1.000000 0.000000 0.000000
15.000000 163.798035 5.819964 2.308021 0.466734 0.000000 0.000000 0.000000 1.000000 0.000000 0.000000
15.000000 163.799373 4.885774 2.160196 0.304795 0.000000 0.000000 0.000000 1.000000 0.000000 0.000000
15.000000 163.807645 6.331189 2.052814 0.346357 0.000000 0.000000 0.000000 1.000000 0.000000 0.000000
15.000000 163.807738 5.786559 2.304193 0.510012 0.000000 0.000000 0.000000 1.000000 0.000000 0.000000
15.000000 163.809440 4.880755 2.161598 0.361395 0.000000 0.000000 0.000000 1.000000 0.000000 0.000000
15.000000 163.817827 5.874736 2.176205 0.536808 0.000000 0.000000 0.000000 1.000000 0.000000 0.000000
15.000000 163.817910 5.730155 2.307877 0.559016 0.000000 0.000000 0.000000 1.000000 0.000000 0.000000
15.000000 163.819394 5.921097 2.078144 0.564195 0.000000 0.000000 0.000000 1.000000 0.000000 0.000000
15.000000 163.827666 6.238136 2.065504 0.441283 0.000000 0.000000 0.000000 1.000000 0.000000 0.000000
15.000000 163.827745 5.686756 2.317807 0.607056 0.000000 0.000000 0.000000 1.000000 0.000000 0.000000
15.000000 163.829482 4.746959 2.167328 0.454621 0.000000 0.000000 0.000000 1.000000 0.000000 0.000000
15.000000 163.837681 6.193182 2.069328 0.484768 0.000000 0.000000 0.000000 1.000000 0.000000 0.000000
15.000000 163.837886 5.647872 2.319490 0.645416 0.000000 0.000000 0.000000 1.000000 0.000000 0.000000
15.000000 163.839377 4.751510 2.176576 0.512513 0.000000 0.000000 0.000000 1.000000 0.000000 0.000000
15.000000 163.847683 6.139067 2.072661 0.529810 0.000000 0.000000 0.000000 1.000000 0.000000 0.000000
15.000000 163.847976 5.562111 2.334310 0.702082 0.000000 0.000000 0.000000 1.000000 0.000000 0.000000
15.000000 163.849491 4.700297 2.197078 0.570474 0.000000 0.000000 0.000000 1.000000 0.000000 0.000000
15.000000 163.857773 6.085043 2.080715 0.580914 0.000000 0.000000 0.000000 1.000000 0.000000 0.000000
15.000000 163.857810 5.525585 2.336869 0.748544 0.000000 0.000000 0.000000 1.000000 0.000000 0.000000
15.000000 163.859446 4.619416 2.192677 0.607753 0.000000 0.000000 0.000000 1.000000 0.000000 0.000000
15.000000 163.867650 6.038440 2.088075 0.624836 0.000000 0.000000 0.000000 1.000000 0.000000 0.000000
15.000000 163.867770 5.482927 2.342197 0.791937 0.000000 0.000000 0.000000 1.000000 0.000000 0.000000
15.000000 163.869508 4.594420 2.200462 0.660950 0.000000 0.000000 0.000000 1.000000 0.000000 0.000000
15.000000 163.877855 5.997532 2.093896 0.664124 0.000000 0.000000 0.000000 1.000000 0.000000 0.000000
15.000000 163.877919 5.439780 2.347617 0.832529 0.000000 0.000000 0.000000 1.000000 0.000000 0.000000
15.000000 163.879424 4.495443 2.194220 0.696946 0.000000 0.000000 0.000000 1.000000 0.000000 0.000000
15.000000 163.887775 5.572693 2.231922 0.838384 0.000000 0.000000 0.000000 1.000000 0.000000 0.000000
15.000000 163.887793 5.374770 2.365481 0.867543 0.000000 0.000000 0.000000 1.000000 0.000000 0.000000
15.000000 163.889535 5.569033 2.129645 0.886409 0.000000 0.000000 0.000000 1.000000 0.000000 0.000000
15.000000 163.897735 5.894884 2.102501 0.748299 0.000000 0.000000 0.000000 1.000000 0.000000 0.000000
15.000000 163.898034 5.364667 2.357641 0.894386 0.000000 0.000000 0.000000 1.000000 0.000000 0.000000
15.000000 163.899398 4.438259 2.218048 0.768139 0.000000 0.000000 0.000000 1.000000 0.000000 0.000000
15.000000 163.907627 5.844480 2.109310 0.787520 0.000000 0.000000 0.000000 1.000000 0.000000 0.000000
15.000000 163.907802 5.251358 2.376536 0.969711 0.000000 0.000000 0.000000 1.000000 0.000000 0.000000
15.000000 163.909495 4.351368 2.230431 0.838635 0.000000 0.000000 0.000000 1.000000 0.000000 0.000000
15.000000 163.917746 5.801100 2.113472 0.825710 0.000000 0.000000 0.000000 1.000000 0.000000 0.000000
15.000000 163.917825 5.269487 2.358284 0.984812 0.000000 0.000000 0.000000 1.000000 0.000000 0.000000
15.000000 163.919443 4.401023 2.218672 0.874364 0.000000 0.000000 0.000000 1.000000 0.000000 0.000000
15.000000 163.927713 5.752880 2.119043 0.861321 0.000000 0.000000 0.000000 1.000000 0.000000 0.000000
15.000000 163.929499 5.408295 2.142554 1.035655 0.000000 0.000000 0.000000 1.000000 0.000000 0.000000
15.000000 163.937786 5.709745 2.122240 0.895268 0.000000 0.000000 0.000000 1.000000 0.000000 0.000000
15.000000 163.939432 5.345059 2.153764 1.077941 0.000000 0.000000 0.000000 1.000000 0.000000 0.000000
15.000000 163.947757 5.659708 2.130167 0.930165 0.000000 0.000000 0.000000 1.000000 0.000000 0.000000
15.000000 163.949574 5.327087 2.150626 1.104471 0.000000 0.000000 0.000000 1.000000 0.000000 0.000000
15.000000 163.957724 5.606699 2.136968 0.965971 0.000000 0.000000 0.000000 1.000000 0.000000 0.000000
15.000000 163.959475 5.272921 2.156262 1.138754 0.000000 0.000000 0.000000 1.000000 0.000000 0.000000
15.000000 163.967660 5.561423 2.140674 1.000483 0.000000 0.000000 0.000000 1.000000 0.000000 0.000000
15.000000 163.969501 5.233198 2.158591 1.173257 0.000000 0.000000 0.000000 1.000000 0.000000 0.000000
15.000000 163.977743 5.519103 2.145742 1.027981 0.000000 0.000000 0.000000 1.000000 0.000000 0.000000
15.000000 163.979404 5.189103 2.161506 1.205830 0.000000 0.000000 0.000000 1.000000 0.000000 0.000000
15.000000 163.987761 5.461666 2.151556 1.056599 0.000000 0.000000 0.000000 1.000000 0.000000 0.000000
15.000000 163.989610 5.134668 2.167341 1.230721 0.000000 0.000000 0.000000 1.000000 0.000000 0.000000
15.000000 163.997833 5.416452 2.158890 1.089556 0.000000 0.000000 0.000000 1.000000 0.000000 0.000000
15.000000 163.999477 5.089117 2.176358 1.264050 0.000000 0.000000 0.000000 1.000000 0.000000 0.000000
15.000000 164.007717 5.373067 2.163809 1.115933 0.000000 0.000000 0.000000 1.000000 0.000000 0.000000
15.000000 164.009519 5.036421 2.185144 1.294869 0.000000 0.000000 0.000000 1.000000 0.000000 0.000000
15.000000 164.017772 5.321777 2.169995 1.145201 0.000000 0.000000 0.000000 1.000000 0.000000 0.000000
15.000000 164.019555 4.999627 2.187609 1.320583 0.000000 0.000000 0.000000 1.000000 0.000000 0.000000
15.000000 164.027722 5.275088 2.173872 1.171056 0.000000 0.000000 0.000000 1.000000 0.000000 0.000000
15.000000 164.029584 4.969383 2.177969 1.346853 0.000000 0.000000 0.000000 1.000000 0.000000 0.000000
15.000000 164.037772 5.231387 2.181270 1.193831 0.000000 0.000000 0.000000 1.000000 0.000000 0.000000
15.000000 164.039516 4.898273 2.203867 1.374051 0.000000 0.000000 0.000000 1.000000 0.000000 0.000000
15.000000 164.047713 5.181795 2.183853 1.219530 0.000000 0.000000 0.000000 1.000000 0.000000 0.000000
15.000000 164.049597 4.857732 2.200774 1.399112 0.000000 0.000000 0.000000 1.000000 0.000000 0.000000
15.000000 164.057781 5.137694 2.190042 1.240743 0.000000 0.000000 0.000000 1.000000 0.000000 0.000000
15.000000 164.059470 4.797081 2.217570 1.423882 0.000000 0.000000 0.000000 1.000000 0.000000 0.000000
15.000000 164.067763 5.084057 2.196001 1.265748 0.000000 0.000000 0.000000 1.000000 0.000000 0.000000
15.000000 164.069534 4.754142 2.221943 1.446931 0.000000 0.000000 0.000000 1.000000 0.000000 0.000000
15.000000 164.077778 5.044853 2.200046 1.281888 0.000000 0.000000 0.000000 1.000000 0.000000 0.000000
15.000000 164.079524 4.698433 2.232916 1.470383 0.000000 0.000000 0.000000 1.000000 0.000000 0.000000
15.000000 164.087982 4.985261 2.204431 1.304648 0.000000 0.000000 0.000000 1.000000 0.000000 0.000000
15.000000 164.089511 4.647801 2.236015 1.487659 0.000000 0.000000 0.000000 1.000000 0.000000 0.000000
15.000000 164.097871 4.952884 2.210689 1.320034 0.000000 0.000000 0.000000 1.000000 0.000000 0.000000
15.000000 164.099492 4.612241 2.242689 1.505190 0.000000 0.000000 0.000000 1.000000 0.000000 0.000000
15.000000 164.107800 4.898266 2.219100 1.339644 0.000000 0.000000 0.000000 1.000000 0.000000 0.000000
15.000000 164.109600 4.561252 2.249172 1.525235 0.000000 0.000000 0.000000 1.000000 0.000000 0.000000
15.000000 164.117818 4.854519 2.221645 1.355659 0.000000 0.000000 0.000000 1.000000 0.000000 0.000000
15.000000 164.119577 4.504351 2.258914 1.545913 0.000000 0.000000 0.000000 1.000000 0.000000 0.000000
15.000000 164.127773 4.810420 2.227089 1.369770 0.000000 0.000000 0.000000 1.000000 0.000000 0.000000
15.000000 164.129627 4.477511 2.251165 1.557053 0.000000 0.000000 0.000000 1.000000 0.000000 0.000000
15.000000 164.137794 4.776714 2.227200 1.380433 0.000000 0.000000 0.000000 1.000000 0.000000 0.000000
15.000000 164.139534 4.400461 2.274974 1.576594 0.000000 0.000000 0.000000 1.000000 0.000000 0.000000
15.000000 164.147748 4.729922 2.234121 1.393347 0.000000 0.000000 0.000000 1.000000 0.000000 0.000000
15.000000 164.149631 4.342368 2.287279 1.594288 0.000000 0.000000 0.000000 1.000000 0.000000 0.000000
15.000000 164.157875 4.692056 2.237800 1.402463 0.000000 0.000000 0.000000 1.000000 0.000000 0.000000
15.000000 164.159585 4.303117 2.291471 1.605972 0.000000 0.000000 0.000000 1.000000 0.000000 0.000000
15.000000 164.167785 4.643252 2.241672 1.412338 0.000000 0.000000 0.000000 1.000000 0.000000 0.000000
15.000000 164.169667 4.265595 2.289981 1.618520 0.000000 0.000000 0.000000 1.000000 0.000000 0.000000
15.000000 164.177849 4.599654 2.241281 1.420210 0.000000 0.000000 0.000000 1.000000 0.000000 0.000000
15.000000 164.179565 4.234481 2.282092 1.625659 0.000000 0.000000 0.000000 1.000000 0.000000 0.000000
15.000000 164.187790 4.558565 2.241503 1.422989 0.000000 0.000000 0.000000 1.000000 0.000000 0.000000
15.000000 164.189636 4.161934 2.298805 1.637058 0.000000 0.000000 0.000000 1.000000 0.000000 0.000000
15.000000 164.197834 4.529480 2.243465 1.430719 0.000000 0.000000 0.000000 1.000000 0.000000 0.000000
15.000000 164.199572 4.152820 2.285925 1.648918 0.000000 0.000000 0.000000 1.000000 0.000000 0.000000
15.000000 164.209713 4.127201 2.284021 1.650472 0.000000 0.000000 0.000000 1.000000 0.000000 0.000000
15.000000 164.219550 4.009916 2.327496 1.667307 0.000000 0.000000 0.000000 1.000000 0.000000 0.000000
15.000000 164.229632 4.010595 2.314484 1.659299 0.000000 0.000000 0.000000 1.000000 0.000000 0.000000
15.000000 164.239525 3.928982 2.338345 1.669888 0.000000 0.000000 0.000000 1.000000 0.000000 0.000000
15.000000 164.249559 3.890986 2.340305 1.680664 0.000000 0.000000 0.000000 1.000000 0.000000 0.000000
15.000000 164.259555 3.831735 2.351256 1.682362 0.000000 0.000000 0.000000 1.000000 0.000000 0.000000
15.000000 164.269706 3.827386 2.328719 1.680901 0.000000 0.000000 0.000000 1.000000 0.000000 0.000000
15.000000 164.279529 3.759097 2.353567 1.680171 0.000000 0.000000 0.000000 1.000000 0.000000 0.000000
15.000000 164.289692 3.656709 2.384336 1.688148 0.000000 0.000000 0.000000 1.000000 0.000000 0.000000
15.000000 164.299600 3.631266 2.387925 1.685358 0.000000 0.000000 0.000000 1.000000 0.000000 0.000000
15.000000 164.309713 3.616194 2.373566 1.677704 0.000000 0.000000 0.000000 1.000000 0.000000 0.000000
15.000000 164.319584 3.581343 2.365929 1.673284 0.000000 0.000000 0.000000 1.000000 0.000000 0.000000
15.000000 164.329768 3.574376 2.355316 1.659546 0.000000 0.000000 0.000000 1.000000 0.000000 0.000000
15.000000 164.339620 3.482040 2.379767 1.665761 0.000000 0.000000 0.000000 1.000000 0.000000 0.000000
15.000000 164.349688 3.423063 2.404462 1.659132 0.000000 0.000000 0.000000 1.000000 0.000000 0.000000
15.000000 164.359595 3.355978 2.422307 1.657715 0.000000 0.000000 0.000000 1.000000 0.000000 0.000000
15.000000 164.369726 3.327573 2.415262 1.644706 0.000000 0.000000 0.000000 1.000000 0.000000 0.000000
15.000000 164.379632 3.351342 2.380236 1.622613 0.000000 0.000000 0.000000 1.000000 0.000000 0.000000
15.000000 164.389720 3.260578 2.404296 1.618677 0.000000 0.000000 0.000000 1.000000 0.000000 0.000000
15.000000 164.399643 3.255855 2.391347 1.605318 0.000000 0.000000 0.000000 1.000000 0.000000 0.000000
15.000000 164.409789 3.219147 2.388625 1.582879 0.000000 0.000000 0.000000 1.000000 0.000000 0.000000
15.000000 164.419682 3.173152 2.397403 1.572249 0.000000 0.000000 0.000000 1.000000 0.000000 0.000000
15.000000 164.429744 3.134480 2.400986 1.556762 0.000000 0.000000 0.000000 1.000000 0.000000 0.000000
15.000000 164.439626 3.032454 2.444782 1.547914 0.000000 0.000000 0.000000 1.000000 0.000000 0.000000
15.000000 164.449702 2.993548 2.446050 1.533225 0.000000 0.000000 0.000000 1.000000 0.000000 0.000000
15.000000 164.459671 2.998245 2.418698 1.504910 0.000000 0.000000 0.000000 1.000000 0.000000 0.000000
15.000000 164.469936 2.907068 2.457045 1.494615 0.000000 0.000000 0.000000 1.000000 0.000000 0.000000
15.000000 164.479663 2.913949 2.430079 1.462464 0.000000 0.000000 0.000000 1.000000 0.000000 0.000000
15.000000 164.489918 2.845018 2.444440 1.441277 0.000000 0.000000 0.000000 1.000000 0.000000 0.000000
15.000000 164.499659 2.813004 2.447861 1.420740 0.000000 0.000000 0.000000 1.000000 0.000000 0.000000
15.000000 164.509739 2.753526 2.466526 1.403890 0.000000 0.000000 0.000000 1.000000 0.000000 0.000000
15.000000 164.519716 2.703517 2.478568 1.380637 0.000000 0.000000 0.000000 1.000000 0.000000 0.000000
15.000000 164.529827 2.660094 2.480965 1.356195 0.000000 0.000000 0.000000 1.000000 0.000000 0.000000
15.000000 164.539789 2.613837 2.486612 1.325313 0.000000 0.000000 0.000000 1.000000 0.000000 0.000000
15.000000 164.549809 2.574246 2.489055 1.297616 0.000000 0.000000 0.000000 1.000000 0.000000 0.000000
15.000000 164.559680 2.533628 2.493769 1.264900 0.000000 0.000000 0.000000 1.000000 0.000000 0.000000
15.000000 164.569748 2.507393 2.492055 1.233188 0.000000 0.000000 0.000000 1.000000 0.000000 0.000000
15.000000 164.579694 2.484742 2.484961 1.201425 0.000000 0.000000 0.000000 1.000000 0.000000 0.000000
15.000000 164.589789 2.418743 2.502289 1.174056 0.000000 0.000000 0.000000 1.000000 0.000000 0.000000
15.000000 164.599779 2.383512 2.506140 1.140962 0.000000 0.000000 0.000000 1.000000 0.000000 0.000000
15.000000 164.609785 2.334956 2.511681 1.108957 0.000000 0.000000 0.000000 1.000000 0.000000 0.000000
15.000000 164.619684 2.294310 2.517515 1.077095 0.000000 0.000000 0.000000 1.000000 0.000000 0.000000
15.000000 164.629894 2.237391 2.535120 1.042194 0.000000 0.000000 0.000000 1.000000 0.000000 0.000000
15.000000 164.639729 2.208783 2.535012 0.998593 0.000000 0.000000 0.000000 1.000000 0.000000 0.000000
15.000000 164.649755 2.165558 2.536139 0.965050 0.000000 0.000000 0.000000 1.000000 0.000000 0.000000
15.000000 164.659859 2.114602 2.550028 0.928858 0.000000 0.000000 0.000000 1.000000 0.000000 0.000000
15.000000 164.669849 2.081724 2.544116 0.889870 0.000000 0.000000 0.000000 1.000000 0.000000 0.000000
