5.000000 51.720532 25.605714 -0.215133 0.492464 0.000000 0.000000 0.000000 1.000000 0.000000 0.000000
5.000000 51.730469 25.225478 -0.221319 0.601125 0.000000 0.000000 0.000000 1.000000 0.000000 0.000000
5.000000 51.740599 25.217819 -0.199832 0.686803 0.000000 0.000000 0.000000 1.000000 0.000000 0.000000
5.000000 51.750509 25.094841 -0.189332 0.784309 0.000000 0.000000 0.000000 1.000000 0.000000 0.000000
5.000000 51.760595 24.688755 -0.183136 0.889424 0.000000 0.000000 0.000000 1.000000 0.000000 0.000000
5.000000 51.770435 24.543000 -0.181670 0.966285 0.000000 0.000000 0.000000 1.000000 0.000000 0.000000
5.000000 51.780544 24.452959 -0.164386 1.050165 0.000000 0.000000 0.000000 1.000000 0.000000 0.000000
5.000000 51.789190 23.067738 -0.194852 1.320169 0.000000 0.000000 0.000000 1.000000 0.000000 0.000000
5.000000 51.790453 24.197235 -0.149557 1.126585 0.000000 0.000000 0.000000 1.000000 0.000000 0.000000
5.000000 51.799060 23.000920 -0.193558 1.386909 0.000000 0.000000 0.000000 1.000000 0.000000 0.000000
5.000000 51.800622 24.128188 -0.148505 1.226184 0.000000 0.000000 0.000000 1.000000 0.000000 0.000000
5.000000 51.809168 22.904850 -0.187714 1.461249 0.000000 0.000000 0.000000 1.000000 0.000000 0.000000
5.000000 51.810509 23.958271 -0.139033 1.314674 0.000000 0.000000 0.000000 1.000000 0.000000 0.000000
5.000000 51.819113 22.799668 -0.177935 1.533813 0.000000 0.000000 0.000000 1.000000 0.000000 0.000000
5.000000 51.820568 23.809167 -0.126856 1.391987 0.000000 0.000000 0.000000 1.000000 0.000000 0.000000
5.000000 51.829112 22.680792 -0.164611 1.603016 0.000000 0.000000 0.000000 1.000000 0.000000 0.000000
5.000000 51.830494 23.643399 -0.109206 1.462926 0.000000 0.000000 0.000000 1.000000 0.000000 0.000000
5.000000 51.839060 22.573166 -0.157013 1.667345 0.000000 0.000000 0.000000 1.000000 0.000000 0.000000
5.000000 51.840581 23.790329 -0.101981 1.502762 0.000000 0.000000 0.000000 1.000000 0.000000 0.000000
5.000000 51.849051 22.459391 -0.141353 1.734869 0.000000 0.000000 0.000000 1.000000 0.000000 0.000000
5.000000 51.850517 23.391478 -0.079260 1.612423 0.000000 0.000000 0.000000 1.000000 0.000000 0.000000
5.000000 51.859085 22.329426 -0.129833 1.790953 0.000000 0.000000 0.000000 1.000000 0.000000 0.000000
5.000000 51.860632 23.252629 -0.072133 1.676749 0.000000 0.000000 0.000000 1.000000 0.000000 0.000000
5.000000 51.869086 22.243796 -0.128384 1.862692 0.000000 0.000000 0.000000 1.000000 0.000000 0.000000
5.000000 51.870533 23.135332 -0.067732 1.751406 0.000000 0.000000 0.000000 1.000000 0.000000 0.000000
5.000000 51.879131 22.124359 -0.113078 1.923793 0.000000 0.000000 0.000000 1.000000 0.000000 0.000000
5.000000 51.880566 22.944613 -0.050783 1.812476 0.000000 0.000000 0.000000 1.000000 0.000000 0.000000
5.000000 51.888971 21.181917 0.086571 1.706002 0.000000 0.000000 0.000000 1.000000 0.000000 0.000000
5.000000 51.889080 21.258277 0.049296 1.932662 0.000000 0.000000 0.000000 1.000000 0.000000 0.000000
5.000000 51.890505 22.845636 -0.041359 1.890925 0.000000 0.000000 0.000000 1.000000 0.000000 0.000000
5.000000 51.899001 21.075850 0.089924 1.778298 0.000000 0.000000 0.000000 1.000000 0.000000 0.000000
5.000000 51.899122 21.105021 0.023012 1.981472 0.000000 0.000000 0.000000 1.000000 0.000000 0.000000
5.000000 51.900684 22.816796 -0.062956 1.933036 0.000000 0.000000 0.000000 1.000000 0.000000 0.000000
5.000000 51.908993 20.963594 0.098482 1.840618 0.000000 0.000000 0.000000 1.000000 0.000000 0.000000
5.000000 51.909099 21.036892 0.064811 2.054984 0.000000 0.000000 0.000000 1.000000 0.000000 0.000000
5.000000 51.910534 22.529749 -0.017713 2.026797 0.000000 0.000000 0.000000 1.000000 0.000000 0.000000
5.000000 51.919123 20.840438 0.107754 1.899552 0.000000 0.000000 0.000000 1.000000 0.000000 0.000000
5.000000 51.919288 20.915087 0.074276 2.113584 0.000000 0.000000 0.000000 1.000000 0.000000 0.000000
5.000000 51.920639 22.356478 -0.007606 2.097307 0.000000 0.000000 0.000000 1.000000 0.000000 0.000000
5.000000 51.929092 20.728492 0.115451 1.962810 0.000000 0.000000 0.000000 1.000000 0.000000 0.000000
5.000000 51.929149 20.800506 0.081016 2.172422 0.000000 0.000000 0.000000 1.000000 0.000000 0.000000
5.000000 51.930546 22.199608 0.002060 2.146431 0.000000 0.000000 0.000000 1.000000 0.000000 0.000000
5.000000 51.939052 20.595183 0.125446 2.017686 0.000000 0.000000 0.000000 1.000000 0.000000 0.000000
5.000000 51.939125 20.668673 0.090855 2.226650 0.000000 0.000000 0.000000 1.000000 0.000000 0.000000
5.000000 51.940654 22.132796 0.012371 2.205740 0.000000 0.000000 0.000000 1.000000 0.000000 0.000000
5.000000 51.949083 20.493312 0.128520 2.079580 0.000000 0.000000 0.000000 1.000000 0.000000 0.000000
5.000000 51.949207 20.566996 0.097578 2.283988 0.000000 0.000000 0.000000 1.000000 0.000000 0.000000
5.000000 51.950570 22.002588 0.023187 2.266347 0.000000 0.000000 0.000000 1.000000 0.000000 0.000000
5.000000 51.959179 21.213174 -0.033062 2.381282 0.000000 0.000000 0.000000 1.000000 0.000000 0.000000
5.000000 51.959523 20.443503 0.110517 2.335002 0.000000 0.000000 0.000000 1.000000 0.000000 0.000000
5.000000 51.960687 20.705803 0.357918 2.314656 0.000000 0.000000 0.000000 1.000000 0.000000 0.000000
5.000000 51.969123 21.097071 -0.025510 2.433313 0.000000 0.000000 0.000000 1.000000 0.000000 0.000000
5.000000 51.969296 20.313454 0.111163 2.390898 0.000000 0.000000 0.000000 1.000000 0.000000 0.000000
5.000000 51.970664 20.582102 0.359394 2.366251 0.000000 0.000000 0.000000 1.000000 0.000000 0.000000
5.000000 51.979149 20.197080 0.122243 2.440751 0.000000 0.000000 0.000000 1.000000 0.000000 0.000000
5.000000 51.980699 21.590421 0.053428 2.443793 0.000000 0.000000 0.000000 1.000000 0.000000 0.000000
5.000000 51.989312 20.055843 0.122949 2.487636 0.000000 0.000000 0.000000 1.000000 0.000000 0.000000
5.000000 51.990855 20.340949 0.373230 2.470137 0.000000 0.000000 0.000000 1.000000 0.000000 0.000000
5.000000 51.999288 19.916907 0.115424 2.531324 0.000000 0.000000 0.000000 1.000000 0.000000 0.000000
5.000000 52.000786 20.221140 0.374742 2.515237 0.000000 0.000000 0.000000 1.000000 0.000000 0.000000
5.000000 52.009160 19.835042 0.144244 2.589418 0.000000 0.000000 0.000000 1.000000 0.000000 0.000000
5.000000 52.010676 21.200936 0.081033 2.594314 0.000000 0.000000 0.000000 1.000000 0.000000 0.000000
5.000000 52.019228 19.709587 0.152308 2.636589 0.000000 0.000000 0.000000 1.000000 0.000000 0.000000
5.000000 52.020829 21.041657 0.092321 2.642664 0.000000 0.000000 0.000000 1.000000 0.000000 0.000000
5.000000 52.029177 19.591185 0.160841 2.684367 0.000000 0.000000 0.000000 1.000000 0.000000 0.000000
5.000000 52.030582 20.901841 0.103365 2.690451 0.000000 0.000000 0.000000 1.000000 0.000000 0.000000
5.000000 52.039201 19.468141 0.171817 2.719273 0.000000 0.000000 0.000000 1.000000 0.000000 0.000000
5.000000 52.040565 20.795024 0.109060 2.738653 0.000000 0.000000 0.000000 1.000000 0.000000 0.000000
5.000000 52.049181 19.349650 0.175635 2.769314 0.000000 0.000000 0.000000 1.000000 0.000000 0.000000
5.000000 52.050674 20.688095 0.119359 2.786599 0.000000 0.000000 0.000000 1.000000 0.000000 0.000000
5.000000 52.059189 19.224550 0.176518 2.815097 0.000000 0.000000 0.000000 1.000000 0.000000 0.000000
5.000000 52.060681 20.567104 0.123611 2.831003 0.000000 0.000000 0.000000 1.000000 0.000000 0.000000
5.000000 52.069368 19.103146 0.184253 2.854829 0.000000 0.000000 0.000000 1.000000 0.000000 0.000000
5.000000 52.070593 20.419428 0.132436 2.879174 0.000000 0.000000 0.000000 1.000000 0.000000 0.000000
5.000000 52.079197 18.988911 0.192331 2.898307 0.000000 0.000000 0.000000 1.000000 0.000000 0.000000
5.000000 52.080681 20.153357 0.142673 2.923856 0.000000 0.000000 0.000000 1.000000 0.000000 0.000000
5.000000 52.089237 18.862787 0.211636 2.938721 0.000000 0.000000 0.000000 1.000000 0.000000 0.000000
5.000000 52.090608 20.126676 0.164402 2.964711 0.000000 0.000000 0.000000 1.000000 0.000000 0.000000
5.000000 52.099231 18.737027 0.212176 2.975492 0.000000 0.000000 0.000000 1.000000 0.000000 0.000000
5.000000 52.100646 20.025336 0.165947 3.001149 0.000000 0.000000 0.000000 1.000000 0.000000 0.000000
5.000000 52.109224 18.641747 0.224843 3.016838 0.000000 0.000000 0.000000 1.000000 0.000000 0.000000
5.000000 52.110603 18.956234 0.447731 3.001111 0.000000 0.000000 0.000000 1.000000 0.000000 0.000000
5.000000 52.119236 18.515458 0.233468 3.056700 0.000000 0.000000 0.000000 1.000000 0.000000 0.000000
5.000000 52.120736 19.727927 0.192166 3.087372 0.000000 0.000000 0.000000 1.000000 0.000000 0.000000
5.000000 52.129236 18.398096 0.235225 3.090176 0.000000 0.000000 0.000000 1.000000 0.000000 0.000000
5.000000 52.130641 19.516612 0.195626 3.118712 0.000000 0.000000 0.000000 1.000000 0.000000 0.000000
5.000000 52.139285 18.273116 0.255958 3.118547 0.000000 0.000000 0.000000 1.000000 0.000000 0.000000
5.000000 52.140718 18.583462 0.469431 3.100961 0.000000 0.000000 0.000000 1.000000 0.000000 0.000000
5.000000 52.149281 18.112985 0.250385 3.161436 0.000000 0.000000 0.000000 1.000000 0.000000 0.000000
5.000000 52.150634 19.359585 0.213626 3.192522 0.000000 0.000000 0.000000 1.000000 0.000000 0.000000
5.000000 52.159683 18.040380 0.262893 3.191967 0.000000 0.000000 0.000000 1.000000 0.000000 0.000000
5.000000 52.160863 18.376718 0.482392 3.175895 0.000000 0.000000 0.000000 1.000000 0.000000 0.000000
5.000000 52.169268 17.916714 0.268725 3.226495 0.000000 0.000000 0.000000 1.000000 0.000000 0.000000
5.000000 52.170721 19.111785 0.236324 3.257166 0.000000 0.000000 0.000000 1.000000 0.000000 0.000000
5.000000 52.179326 17.787165 0.267191 3.254295 0.000000 0.000000 0.000000 1.000000 0.000000 0.000000
5.000000 52.180752 18.913039 0.234613 3.283211 0.000000 0.000000 0.000000 1.000000 0.000000 0.000000
5.000000 52.189275 17.657103 0.285082 3.278856 0.000000 0.000000 0.000000 1.000000 0.000000 0.000000
5.000000 52.190710 18.013767 0.508143 3.264883 0.000000 0.000000 0.000000 1.000000 0.000000 0.000000
5.000000 52.199311 17.518067 0.284388 3.306838 0.000000 0.000000 0.000000 1.000000 0.000000 0.000000
5.000000 52.200733 18.775477 0.254294 3.348466 0.000000 0.000000 0.000000 1.000000 0.000000 0.000000
5.000000 52.209283 17.428957 0.289695 3.338273 0.000000 0.000000 0.000000 1.000000 0.000000 0.000000
5.000000 52.210646 18.619854 0.263089 3.376115 0.000000 0.000000 0.000000 1.000000 0.000000 0.000000
5.000000 52.219201 17.301567 0.292548 3.366994 0.000000 0.000000 0.000000 1.000000 0.000000 0.000000
5.000000 52.220783 18.483707 0.268242 3.403705 0.000000 0.000000 0.000000 1.000000 0.000000 0.000000
5.000000 52.229324 17.177873 0.301821 3.388268 0.000000 0.000000 0.000000 1.000000 0.000000 0.000000
5.000000 52.230700 18.286466 0.278622 3.424867 0.000000 0.000000 0.000000 1.000000 0.000000 0.000000
5.000000 52.239263 17.877907 0.247084 3.446030 0.000000 0.000000 0.000000 1.000000 0.000000 0.000000
5.000000 52.239288 17.062910 0.309193 3.411434 0.000000 0.000000 0.000000 1.000000 0.000000 0.000000
5.000000 52.240719 17.437857 0.526949 3.400521 0.000000 0.000000 0.000000 1.000000 0.000000 0.000000
5.000000 52.249075 17.012677 0.399700 3.332009 0.000000 0.000000 0.000000 1.000000 0.000000 0.000000
5.000000 52.249342 16.936124 0.321227 3.432258 0.000000 0.000000 0.000000 1.000000 0.000000 0.000000
5.000000 52.250729 18.094445 0.301209 3.472420 0.000000 0.000000 0.000000 1.000000 0.000000 0.000000
5.000000 52.259288 17.568544 0.272581 3.477115 0.000000 0.000000 0.000000 1.000000 0.000000 0.000000
5.000000 52.259459 16.834993 0.324722 3.453224 0.000000 0.000000 0.000000 1.000000 0.000000 0.000000
5.000000 52.260796 17.226553 0.540903 3.454879 0.000000 0.000000 0.000000 1.000000 0.000000 0.000000
5.000000 52.269189 16.782413 0.409683 3.383442 0.000000 0.000000 0.000000 1.000000 0.000000 0.000000
5.000000 52.269323 16.677270 0.322544 3.471809 0.000000 0.000000 0.000000 1.000000 0.000000 0.000000
5.000000 52.270846 17.888174 0.307737 3.507863 0.000000 0.000000 0.000000 1.000000 0.000000 0.000000
5.000000 52.279130 16.669869 0.412331 3.408636 0.000000 0.000000 0.000000 1.000000 0.000000 0.000000
5.000000 52.279243 16.585102 0.337541 3.491299 0.000000 0.000000 0.000000 1.000000 0.000000 0.000000
5.000000 52.280789 17.672467 0.323593 3.531649 0.000000 0.000000 0.000000 1.000000 0.000000 0.000000
5.000000 52.289308 17.223820 0.303705 3.532708 0.000000 0.000000 0.000000 1.000000 0.000000 0.000000
5.000000 52.290687 17.638962 0.333555 3.538909 0.000000 0.000000 0.000000 1.000000 0.000000 0.000000
5.000000 52.299363 17.106304 0.311938 3.552032 0.000000 0.000000 0.000000 1.000000 0.000000 0.000000
5.000000 52.299387 16.338467 0.353234 3.526004 0.000000 0.000000 0.000000 1.000000 0.000000 0.000000
5.000000 52.300761 16.750188 0.570915 3.521026 0.000000 0.000000 0.000000 1.000000 0.000000 0.000000
5.000000 52.309304 16.909447 0.321777 3.570568 0.000000 0.000000 0.000000 1.000000 0.000000 0.000000
5.000000 52.309373 16.223308 0.358148 3.542727 0.000000 0.000000 0.000000 1.000000 0.000000 0.000000
5.000000 52.310717 16.639999 0.574318 3.541749 0.000000 0.000000 0.000000 1.000000 0.000000 0.000000
5.000000 52.319325 16.760522 0.340080 3.583237 0.000000 0.000000 0.000000 1.000000 0.000000 0.000000
5.000000 52.319339 16.119291 0.374470 3.560106 0.000000 0.000000 0.000000 1.000000 0.000000 0.000000
5.000000 52.320756 16.533303 0.585967 3.560364 0.000000 0.000000 0.000000 1.000000 0.000000 0.000000
5.000000 52.329264 16.111430 0.458293 3.504603 0.000000 0.000000 0.000000 1.000000 0.000000 0.000000
5.000000 52.329342 16.013367 0.384783 3.573413 0.000000 0.000000 0.000000 1.000000 0.000000 0.000000
5.000000 52.330832 17.057889 0.378751 3.594720 0.000000 0.000000 0.000000 1.000000 0.000000 0.000000
5.000000 52.339298 15.973710 0.467722 3.520021 0.000000 0.000000 0.000000 1.000000 0.000000 0.000000
5.000000 52.339316 15.859502 0.386246 3.582099 0.000000 0.000000 0.000000 1.000000 0.000000 0.000000
5.000000 52.340976 17.067361 0.382416 3.603794 0.000000 0.000000 0.000000 1.000000 0.000000 0.000000
5.000000 52.343398 17.298455 0.242726 3.614922 0.000000 0.000000 0.000000 1.000000 0.000000 0.000000
5.000000 52.349329 16.515174 0.358087 3.634351 0.000000 0.000000 0.000000 1.000000 0.000000 0.000000
5.000000 52.352349 15.752127 0.392347 3.598748 0.000000 0.000000 0.000000 1.000000 0.000000 0.000000
5.000000 52.353440 15.850447 0.470757 3.537378 0.000000 0.000000 0.000000 1.000000 0.000000 0.000000
5.000000 52.359337 16.338746 0.377413 3.636328 0.000000 0.000000 0.000000 1.000000 0.000000 0.000000
5.000000 52.359543 15.644075 0.403330 3.612386 0.000000 0.000000 0.000000 1.000000 0.000000 0.000000
5.000000 52.363466 15.739845 0.473062 3.559993 0.000000 0.000000 0.000000 1.000000 0.000000 0.000000
5.000000 52.369065 15.646830 0.492775 3.563902 0.000000 0.000000 0.000000 1.000000 0.000000 0.000000
5.000000 52.369312 15.522165 0.411726 3.622477 0.000000 0.000000 0.000000 1.000000 0.000000 0.000000
5.000000 52.379083 15.543673 0.498359 3.582614 0.000000 0.000000 0.000000 1.000000 0.000000 0.000000
5.000000 52.379359 15.421386 0.420658 3.633946 0.000000 0.000000 0.000000 1.000000 0.000000 0.000000
5.000000 52.380805 16.481262 0.421467 3.648908 0.000000 0.000000 0.000000 1.000000 0.000000 0.000000
5.000000 52.389136 15.409433 0.507697 3.589648 0.000000 0.000000 0.000000 1.000000 0.000000 0.000000
5.000000 52.389367 15.303194 0.436338 3.640200 0.000000 0.000000 0.000000 1.000000 0.000000 0.000000
5.000000 52.393497 15.850316 0.416066 3.675845 0.000000 0.000000 0.000000 1.000000 0.000000 0.000000
5.000000 52.399114 15.299077 0.526160 3.598911 0.000000 0.000000 0.000000 1.000000 0.000000 0.000000
5.000000 52.399344 15.101726 0.414053 3.647724 0.000000 0.000000 0.000000 1.000000 0.000000 0.000000
5.000000 52.400841 16.318512 0.414866 3.671404 0.000000 0.000000 0.000000 1.000000 0.000000 0.000000
5.000000 52.409205 15.214011 0.526857 3.612178 0.000000 0.000000 0.000000 1.000000 0.000000 0.000000
5.000000 52.409380 15.079482 0.446866 3.660235 0.000000 0.000000 0.000000 1.000000 0.000000 0.000000
5.000000 52.410708 16.126718 0.450086 3.679770 0.000000 0.000000 0.000000 1.000000 0.000000 0.000000
5.000000 52.413466 16.432618 0.306601 3.691997 0.000000 0.000000 0.000000 1.000000 0.000000 0.000000
5.000000 52.419271 15.109954 0.535700 3.627418 0.000000 0.000000 0.000000 1.000000 0.000000 0.000000
5.000000 52.419432 14.947482 0.445903 3.664486 0.000000 0.000000 0.000000 1.000000 0.000000 0.000000
5.000000 52.420843 16.027837 0.451372 3.682721 0.000000 0.000000 0.000000 1.000000 0.000000 0.000000
5.000000 52.423501 16.392432 0.294036 3.694467 0.000000 0.000000 0.000000 1.000000 0.000000 0.000000
5.000000 52.429219 14.990846 0.542613 3.629148 0.000000 0.000000 0.000000 1.000000 0.000000 0.000000
5.000000 52.429696 14.847304 0.462176 3.672965 0.000000 0.000000 0.000000 1.000000 0.000000 0.000000
5.000000 52.430740 15.932124 0.469583 3.683481 0.000000 0.000000 0.000000 1.000000 0.000000 0.000000
5.000000 52.439323 14.881332 0.553910 3.628592 0.000000 0.000000 0.000000 1.000000 0.000000 0.000000
5.000000 52.439363 14.750600 0.476978 3.663292 0.000000 0.000000 0.000000 1.000000 0.000000 0.000000
5.000000 52.440902 15.751541 0.480631 3.690449 0.000000 0.000000 0.000000 1.000000 0.000000 0.000000
5.000000 52.449176 14.749728 0.561013 3.633840 0.000000 0.000000 0.000000 1.000000 0.000000 0.000000
5.000000 52.449359 14.610898 0.482195 3.670360 0.000000 0.000000 0.000000 1.000000 0.000000 0.000000
5.000000 52.450778 15.643819 0.488271 3.686906 0.000000 0.000000 0.000000 1.000000 0.000000 0.000000
5.000000 52.459159 14.653354 0.567917 3.649030 0.000000 0.000000 0.000000 1.000000 0.000000 0.000000
5.000000 52.459369 14.539959 0.500800 3.681141 0.000000 0.000000 0.000000 1.000000 0.000000 0.000000
5.000000 52.460871 15.505890 0.507103 3.696008 0.000000 0.000000 0.000000 1.000000 0.000000 0.000000
5.000000 52.469179 14.529664 0.575734 3.652115 0.000000 0.000000 0.000000 1.000000 0.000000 0.000000
5.000000 52.469624 14.370738 0.491518 3.683159 0.000000 0.000000 0.000000 1.000000 0.000000 0.000000
5.000000 52.470745 15.446679 0.501133 3.694486 0.000000 0.000000 0.000000 1.000000 0.000000 0.000000
5.000000 52.479253 14.413598 0.579047 3.655853 0.000000 0.000000 0.000000 1.000000 0.000000 0.000000
5.000000 52.479481 14.275366 0.502537 3.686344 0.000000 0.000000 0.000000 1.000000 0.000000 0.000000
5.000000 52.480814 15.299084 0.510510 3.699922 0.000000 0.000000 0.000000 1.000000 0.000000 0.000000
5.000000 52.489284 14.296192 0.594665 3.652125 0.000000 0.000000 0.000000 1.000000 0.000000 0.000000
5.000000 52.489585 14.117899 0.502058 3.676568 0.000000 0.000000 0.000000 1.000000 0.000000 0.000000
5.000000 52.490809 15.259595 0.512603 3.687206 0.000000 0.000000 0.000000 1.000000 0.000000 0.000000
5.000000 52.499426 14.669810 0.504572 3.715251 0.000000 0.000000 0.000000 1.000000 0.000000 0.000000
5.000000 52.499432 14.037814 0.511809 3.682657 0.000000 0.000000 0.000000 1.000000 0.000000 0.000000
5.000000 52.500855 14.513143 0.716618 3.681520 0.000000 0.000000 0.000000 1.000000 0.000000 0.000000
5.000000 52.509265 14.103972 0.607934 3.656446 0.000000 0.000000 0.000000 1.000000 0.000000 0.000000
5.000000 52.509345 13.934330 0.523063 3.673565 0.000000 0.000000 0.000000 1.000000 0.000000 0.000000
5.000000 52.510844 14.982576 0.535539 3.680326 0.000000 0.000000 0.000000 1.000000 0.000000 0.000000
5.000000 52.519271 14.007567 0.622331 3.649752 0.000000 0.000000 0.000000 1.000000 0.000000 0.000000
5.000000 52.519379 13.800803 0.522508 3.673348 0.000000 0.000000 0.000000 1.000000 0.000000 0.000000
5.000000 52.520960 14.893680 0.535308 3.681885 0.000000 0.000000 0.000000 1.000000 0.000000 0.000000
5.000000 52.529179 13.903944 0.634410 3.655123 0.000000 0.000000 0.000000 1.000000 0.000000 0.000000
5.000000 52.529365 13.707465 0.539515 3.666259 0.000000 0.000000 0.000000 1.000000 0.000000 0.000000
5.000000 52.530838 14.745612 0.551708 3.680956 0.000000 0.000000 0.000000 1.000000 0.000000 0.000000
5.000000 52.539177 13.767131 0.643307 3.643811 0.000000 0.000000 0.000000 1.000000 0.000000 0.000000
5.000000 52.539397 13.584947 0.551862 3.659010 0.000000 0.000000 0.000000 1.000000 0.000000 0.000000
5.000000 52.540883 14.635133 0.562280 3.682008 0.000000 0.000000 0.000000 1.000000 0.000000 0.000000
5.000000 52.549342 14.127307 0.555806 3.693312 0.000000 0.000000 0.000000 1.000000 0.000000 0.000000
5.000000 52.549713 13.460483 0.551625 3.658001 0.000000 0.000000 0.000000 1.000000 0.000000 0.000000
5.000000 52.550826 13.977159 0.761013 3.675200 0.000000 0.000000 0.000000 1.000000 0.000000 0.000000
5.000000 52.559279 13.573891 0.655468 3.640279 0.000000 0.000000 0.000000 1.000000 0.000000 0.000000
5.000000 52.559380 13.354436 0.552868 3.651755 0.000000 0.000000 0.000000 1.000000 0.000000 0.000000
5.000000 52.560907 14.460826 0.567366 3.664997 0.000000 0.000000 0.000000 1.000000 0.000000 0.000000
5.000000 52.569375 13.875080 0.572013 3.665351 0.000000 0.000000 0.000000 1.000000 0.000000 0.000000
5.000000 52.569576 13.226151 0.565211 3.638416 0.000000 0.000000 0.000000 1.000000 0.000000 0.000000
5.000000 52.570789 13.756364 0.775033 3.659286 0.000000 0.000000 0.000000 1.000000 0.000000 0.000000
5.000000 52.579179 13.352204 0.679081 3.630482 0.000000 0.000000 0.000000 1.000000 0.000000 0.000000
5.000000 52.579367 13.137046 0.579290 3.641926 0.000000 0.000000 0.000000 1.000000 0.000000 0.000000
5.000000 52.580938 14.150461 0.592653 3.654123 0.000000 0.000000 0.000000 1.000000 0.000000 0.000000
5.000000 52.589191 13.202031 0.684208 3.611739 0.000000 0.000000 0.000000 1.000000 0.000000 0.000000
5.000000 52.589398 13.020405 0.592500 3.633672 0.000000 0.000000 0.000000 1.000000 0.000000 0.000000
5.000000 52.590841 14.072660 0.603478 3.646140 0.000000 0.000000 0.000000 1.000000 0.000000 0.000000
5.000000 52.599175 13.118555 0.693125 3.606611 0.000000 0.000000 0.000000 1.000000 0.000000 0.000000
5.000000 52.599407 12.918316 0.596321 3.622397 0.000000 0.000000 0.000000 1.000000 0.000000 0.000000
5.000000 52.600997 13.987923 0.609596 3.627469 0.000000 0.000000 0.000000 1.000000 0.000000 0.000000
5.000000 52.609213 13.033104 0.699020 3.620236 0.000000 0.000000 0.000000 1.000000 0.000000 0.000000
5.000000 52.609365 12.789176 0.596418 3.630846 0.000000 0.000000 0.000000 1.000000 0.000000 0.000000
5.000000 52.610839 13.877834 0.619919 3.614983 0.000000 0.000000 0.000000 1.000000 0.000000 0.000000
5.000000 52.619364 12.907436 0.697336 3.605827 0.000000 0.000000 0.000000 1.000000 0.000000 0.000000
5.000000 52.619385 12.688413 0.606498 3.624936 0.000000 0.000000 0.000000 1.000000 0.000000 0.000000
5.000000 52.620907 13.774859 0.632813 3.599583 0.000000 0.000000 0.000000 1.000000 0.000000 0.000000
5.000000 52.629297 12.820215 0.712911 3.577357 0.000000 0.000000 0.000000 1.000000 0.000000 0.000000
5.000000 52.629523 12.615762 0.618872 3.585647 0.000000 0.000000 0.000000 1.000000 0.000000 0.000000
5.000000 52.630970 13.680377 0.636031 3.586941 0.000000 0.000000 0.000000 1.000000 0.000000 0.000000
5.000000 52.639380 12.585293 0.640695 3.563058 0.000000 0.000000 0.000000 1.000000 0.000000 0.000000
5.000000 52.641033 13.028802 0.816676 3.563183 0.000000 0.000000 0.000000 1.000000 0.000000 0.000000
5.000000 52.649398 12.379283 0.646723 3.546908 0.000000 0.000000 0.000000 1.000000 0.000000 0.000000
5.000000 52.650988 13.415301 0.661595 3.549898 0.000000 0.000000 0.000000 1.000000 0.000000 0.000000
5.000000 52.659436 12.305580 0.649722 3.536741 0.000000 0.000000 0.000000 1.000000 0.000000 0.000000
5.000000 52.661016 13.323698 0.668866 3.528224 0.000000 0.000000 0.000000 1.000000 0.000000 0.000000
5.000000 52.669407 12.148766 0.655970 3.535781 0.000000 0.000000 0.000000 1.000000 0.000000 0.000000
5.000000 52.670939 13.203903 0.683973 3.514710 0.000000 0.000000 0.000000 1.000000 0.000000 0.000000
5.000000 52.679621 12.072252 0.663297 3.499560 0.000000 0.000000 0.000000 1.000000 0.000000 0.000000
5.000000 52.681084 12.570491 0.853071 3.502149 0.000000 0.000000 0.000000 1.000000 0.000000 0.000000
5.000000 52.689390 11.991569 0.675911 3.473971 0.000000 0.000000 0.000000 1.000000 0.000000 0.000000
5.000000 52.691080 13.000668 0.693773 3.463851 0.000000 0.000000 0.000000 1.000000 0.000000 0.000000
5.000000 52.699484 11.893072 0.682315 3.451416 0.000000 0.000000 0.000000 1.000000 0.000000 0.000000
5.000000 52.701099 12.920357 0.699731 3.448308 0.000000 0.000000 0.000000 1.000000 0.000000 0.000000
5.000000 52.709550 11.829229 0.690032 3.431913 0.000000 0.000000 0.000000 1.000000 0.000000 0.000000
5.000000 52.710879 12.791285 0.709127 3.420771 0.000000 0.000000 0.000000 1.000000 0.000000 0.000000
5.000000 52.719581 11.650666 0.699076 3.413599 0.000000 0.000000 0.000000 1.000000 0.000000 0.000000
5.000000 52.721138 12.667941 0.721556 3.395703 0.000000 0.000000 0.000000 1.000000 0.000000 0.000000
5.000000 52.729726 11.649385 0.708054 3.387880 0.000000 0.000000 0.000000 1.000000 0.000000 0.000000
5.000000 52.731097 12.527837 0.725585 3.370493 0.000000 0.000000 0.000000 1.000000 0.000000 0.000000
5.000000 52.739645 11.286424 0.705646 3.362376 0.000000 0.000000 0.000000 1.000000 0.000000 0.000000
5.000000 52.741097 12.460688 0.729284 3.338201 0.000000 0.000000 0.000000 1.000000 0.000000 0.000000
5.000000 52.749800 11.244139 0.704308 3.336834 0.000000 0.000000 0.000000 1.000000 0.000000 0.000000
5.000000 52.751047 12.371905 0.726247 3.308386 0.000000 0.000000 0.000000 1.000000 0.000000 0.000000
5.000000 52.759640 11.237373 0.734293 3.303958 0.000000 0.000000 0.000000 1.000000 0.000000 0.000000
5.000000 52.761075 12.222739 0.753234 3.283080 0.000000 0.000000 0.000000 1.000000 0.000000 0.000000
5.000000 52.769511 11.077755 0.732834 3.279172 0.000000 0.000000 0.000000 1.000000 0.000000 0.000000
5.000000 52.770890 12.084794 0.752033 3.259609 0.000000 0.000000 0.000000 1.000000 0.000000 0.000000
5.000000 52.779532 11.078186 0.741829 3.251098 0.000000 0.000000 0.000000 1.000000 0.000000 0.000000
5.000000 52.781104 11.552348 0.917669 3.252278 0.000000 0.000000 0.000000 1.000000 0.000000 0.000000
5.000000 52.789555 10.930159 0.753624 3.217473 0.000000 0.000000 0.000000 1.000000 0.000000 0.000000
5.000000 52.791056 11.931910 0.769606 3.191243 0.000000 0.000000 0.000000 1.000000 0.000000 0.000000
5.000000 52.799615 10.843513 0.769362 3.189243 0.000000 0.000000 0.000000 1.000000 0.000000 0.000000
5.000000 52.801177 11.794456 0.788143 3.158572 0.000000 0.000000 0.000000 1.000000 0.000000 0.000000
5.000000 52.809733 10.765850 0.772875 3.158042 0.000000 0.000000 0.000000 1.000000 0.000000 0.000000
5.000000 52.811121 11.720255 0.791228 3.129976 0.000000 0.000000 0.000000 1.000000 0.000000 0.000000
5.000000 52.819528 10.646184 0.781876 3.127034 0.000000 0.000000 0.000000 1.000000 0.000000 0.000000
5.000000 52.821000 11.131713 0.959477 3.132365 0.000000 0.000000 0.000000 1.000000 0.000000 0.000000
5.000000 52.829540 10.535832 0.792448 3.092034 0.000000 0.000000 0.000000 1.000000 0.000000 0.000000
5.000000 52.830944 11.432182 0.810097 3.056648 0.000000 0.000000 0.000000 1.000000 0.000000 0.000000
5.000000 52.839514 10.410962 0.800997 3.057576 0.000000 0.000000 0.000000 1.000000 0.000000 0.000000
5.000000 52.841092 10.910309 0.985778 3.061400 0.000000 0.000000 0.000000 1.000000 0.000000 0.000000
5.000000 52.849607 10.287051 0.804793 3.023917 0.000000 0.000000 0.000000 1.000000 0.000000 0.000000
5.000000 52.850984 11.290508 0.823746 2.984264 0.000000 0.000000 0.000000 1.000000 0.000000 0.000000
5.000000 52.859506 10.046142 0.804354 3.012368 0.000000 0.000000 0.000000 1.000000 0.000000 0.000000
5.000000 52.861185 10.654449 1.017446 3.016970 0.000000 0.000000 0.000000 1.000000 0.000000 0.000000
5.000000 52.869617 9.961755 0.812678 2.973227 0.000000 0.000000 0.000000 1.000000 0.000000 0.000000
5.000000 52.871002 11.115926 0.847707 2.902216 0.000000 0.000000 0.000000 1.000000 0.000000 0.000000
5.000000 52.879556 9.915550 0.832687 2.914731 0.000000 0.000000 0.000000 1.000000 0.000000 0.000000
5.000000 52.881030 10.504566 1.017822 2.912393 0.000000 0.000000 0.000000 1.000000 0.000000 0.000000
5.000000 52.889588 9.831730 0.838686 2.869620 0.000000 0.000000 0.000000 1.000000 0.000000 0.000000
5.000000 52.890973 10.895040 0.850768 2.824040 0.000000 0.000000 0.000000 1.000000 0.000000 0.000000
5.000000 52.899608 9.743873 0.842005 2.834482 0.000000 0.000000 0.000000 1.000000 0.000000 0.000000
5.000000 52.901095 10.275014 1.043587 2.836357 0.000000 0.000000 0.000000 1.000000 0.000000 0.000000
5.000000 52.909605 9.638740 0.854668 2.800309 0.000000 0.000000 0.000000 1.000000 0.000000 0.000000
5.000000 52.910938 10.648708 0.873381 2.734738 0.000000 0.000000 0.000000 1.000000 0.000000 0.000000
5.000000 52.919557 9.542340 0.854317 2.758200 0.000000 0.000000 0.000000 1.000000 0.000000 0.000000
5.000000 52.921136 10.075490 1.052389 2.761446 0.000000 0.000000 0.000000 1.000000 0.000000 0.000000
5.000000 52.929742 9.441898 0.867389 2.714987 0.000000 0.000000 0.000000 1.000000 0.000000 0.000000
5.000000 52.930943 10.440897 0.883507 2.642308 0.000000 0.000000 0.000000 1.000000 0.000000 0.000000
5.000000 52.941038 10.347406 0.890115 2.598949 0.000000 0.000000 0.000000 1.000000 0.000000 0.000000
5.000000 52.949649 9.053644 0.859824 2.662351 0.000000 0.000000 0.000000 1.000000 0.000000 0.000000
5.000000 52.950988 10.240945 0.899945 2.550396 0.000000 0.000000 0.000000 1.000000 0.000000 0.000000
5.000000 52.959650 9.129489 0.889003 2.579925 0.000000 0.000000 0.000000 1.000000 0.000000 0.000000
5.000000 52.961109 10.142683 0.901951 2.503598 0.000000 0.000000 0.000000 1.000000 0.000000 0.000000
5.000000 52.969675 9.020921 0.897268 2.532005 0.000000 0.000000 0.000000 1.000000 0.000000 0.000000
5.000000 52.970985 10.055784 0.913071 2.448442 0.000000 0.000000 0.000000 1.000000 0.000000 0.000000
5.000000 52.979630 8.929126 0.903416 2.488153 0.000000 0.000000 0.000000 1.000000 0.000000 0.000000
5.000000 52.981111 9.937827 0.914759 2.405102 0.000000 0.000000 0.000000 1.000000 0.000000 0.000000
5.000000 52.989733 8.796775 0.919614 2.435745 0.000000 0.000000 0.000000 1.000000 0.000000 0.000000
5.000000 52.990966 9.880222 0.923186 2.349648 0.000000 0.000000 0.000000 1.000000 0.000000 0.000000
5.000000 52.999625 8.777691 0.940424 2.382259 0.000000 0.000000 0.000000 1.000000 0.000000 0.000000
5.000000 53.001107 9.748149 0.930937 2.303510 0.000000 0.000000 0.000000 1.000000 0.000000 0.000000
5.000000 53.009805 8.678168 0.951432 2.349785 0.000000 0.000000 0.000000 1.000000 0.000000 0.000000
5.000000 53.010979 9.603897 0.946604 2.268830 0.000000 0.000000 0.000000 1.000000 0.000000 0.000000
5.000000 53.019613 8.575386 0.962383 2.292108 0.000000 0.000000 0.000000 1.000000 0.000000 0.000000
5.000000 53.021061 9.594942 0.955788 2.191185 0.000000 0.000000 0.000000 1.000000 0.000000 0.000000
5.000000 53.029708 8.513603 0.963996 2.245876 0.000000 0.000000 0.000000 1.000000 0.000000 0.000000
5.000000 53.031031 9.459946 0.959593 2.148941 0.000000 0.000000 0.000000 1.000000 0.000000 0.000000
5.000000 53.039622 8.444359 0.979736 2.186278 0.000000 0.000000 0.000000 1.000000 0.000000 0.000000
5.000000 53.041185 9.412064 0.967517 2.080037 0.000000 0.000000 0.000000 1.000000 0.000000 0.000000
5.000000 53.049691 8.313105 0.982712 2.142425 0.000000 0.000000 0.000000 1.000000 0.000000 0.000000
5.000000 53.051159 9.246003 0.972628 2.045910 0.000000 0.000000 0.000000 1.000000 0.000000 0.000000
5.000000 53.059677 8.231060 0.989068 2.088044 0.000000 0.000000 0.000000 1.000000 0.000000 0.000000
5.000000 53.061126 8.677992 1.192193 2.078249 0.000000 0.000000 0.000000 1.000000 0.000000 0.000000
5.000000 53.069755 8.124669 0.995864 2.034588 0.000000 0.000000 0.000000 1.000000 0.000000 0.000000
5.000000 53.071166 9.060019 0.985947 1.927673 0.000000 0.000000 0.000000 1.000000 0.000000 0.000000
5.000000 53.079750 8.125421 1.020968 1.967944 0.000000 0.000000 0.000000 1.000000 0.000000 0.000000
5.000000 53.081165 8.955743 0.997204 1.875164 0.000000 0.000000 0.000000 1.000000 0.000000 0.000000
5.000000 53.089725 8.063000 1.040414 1.909409 0.000000 0.000000 0.000000 1.000000 0.000000 0.000000
5.000000 53.090996 8.911375 1.011478 1.790915 0.000000 0.000000 0.000000 1.000000 0.000000 0.000000
5.000000 53.099701 7.924027 1.051988 1.856784 0.000000 0.000000 0.000000 1.000000 0.000000 0.000000
5.000000 53.101104 8.809519 1.015630 1.741898 0.000000 0.000000 0.000000 1.000000 0.000000 0.000000
5.000000 53.109783 7.816641 1.054536 1.792596 0.000000 0.000000 0.000000 1.000000 0.000000 0.000000
5.000000 53.111033 8.741321 1.021246 1.657292 0.000000 0.000000 0.000000 1.000000 0.000000 0.000000
5.000000 53.119627 7.784128 1.073218 1.739334 0.000000 0.000000 0.000000 1.000000 0.000000 0.000000
5.000000 53.121106 8.088674 1.254623 1.732972 0.000000 0.000000 0.000000 1.000000 0.000000 0.000000
5.000000 53.129761 7.744426 1.066394 1.684109 0.000000 0.000000 0.000000 1.000000 0.000000 0.000000
5.000000 53.131027 8.460054 1.039336 1.586313 0.000000 0.000000 0.000000 1.000000 0.000000 0.000000
5.000000 53.140116 7.623278 1.094393 1.618209 0.000000 0.000000 0.000000 1.000000 0.000000 0.000000
5.000000 53.141137 7.874970 1.258052 1.616129 0.000000 0.000000 0.000000 1.000000 0.000000 0.000000
5.000000 53.149760 7.529345 1.100944 1.556616 0.000000 0.000000 0.000000 1.000000 0.000000 0.000000
5.000000 53.151062 8.268414 1.054008 1.449908 0.000000 0.000000 0.000000 1.000000 0.000000 0.000000
5.000000 53.159661 7.479100 1.110003 1.491542 0.000000 0.000000 0.000000 1.000000 0.000000 0.000000
5.000000 53.161144 8.184828 1.059176 1.382781 0.000000 0.000000 0.000000 1.000000 0.000000 0.000000
5.000000 53.169750 7.365187 1.119958 1.438181 0.000000 0.000000 0.000000 1.000000 0.000000 0.000000
5.000000 53.171065 8.094229 1.066991 1.317099 0.000000 0.000000 0.000000 1.000000 0.000000 0.000000
5.000000 53.179820 7.306283 1.138651 1.368999 0.000000 0.000000 0.000000 1.000000 0.000000 0.000000
5.000000 53.181146 7.533314 1.267343 1.358052 0.000000 0.000000 0.000000 1.000000 0.000000 0.000000
5.000000 53.189829 7.216040 1.144338 1.305147 0.000000 0.000000 0.000000 1.000000 0.000000 0.000000
5.000000 53.191240 7.915197 1.078137 1.190594 0.000000 0.000000 0.000000 1.000000 0.000000 0.000000
5.000000 53.199786 7.142735 1.154275 1.238549 0.000000 0.000000 0.000000 1.000000 0.000000 0.000000
5.000000 53.201115 7.825508 1.088630 1.113781 0.000000 0.000000 0.000000 1.000000 0.000000 0.000000
5.000000 53.209919 7.045633 1.158717 1.178235 0.000000 0.000000 0.000000 1.000000 0.000000 0.000000
5.000000 53.211119 7.220312 1.319297 1.173885 0.000000 0.000000 0.000000 1.000000 0.000000 0.000000
5.000000 53.219886 6.984138 1.170209 1.104974 0.000000 0.000000 0.000000 1.000000 0.000000 0.000000
5.000000 53.221165 7.137034 1.325392 1.103535 0.000000 0.000000 0.000000 1.000000 0.000000 0.000000
5.000000 53.229831 6.902106 1.174536 1.040678 0.000000 0.000000 0.000000 1.000000 0.000000 0.000000
5.000000 53.231067 7.542567 1.107548 0.902199 0.000000 0.000000 0.000000 1.000000 0.000000 0.000000
5.000000 53.239708 6.808965 1.200003 0.973224 0.000000 0.000000 0.000000 1.000000 0.000000 0.000000
5.000000 53.241181 6.931163 1.352982 0.979619 0.000000 0.000000 0.000000 1.000000 0.000000 0.000000
5.000000 53.249956 6.752629 1.208102 0.895860 0.000000 0.000000 0.000000 1.000000 0.000000 0.000000
5.000000 53.251175 7.352488 1.123564 0.761924 0.000000 0.000000 0.000000 1.000000 0.000000 0.000000
5.000000 53.259676 6.678099 1.211742 0.829132 0.000000 0.000000 0.000000 1.000000 0.000000 0.000000
5.000000 53.261199 7.259506 1.132528 0.692435 0.000000 0.000000 0.000000 1.000000 0.000000 0.000000
5.000000 53.269889 6.572549 1.224119 0.763206 0.000000 0.000000 0.000000 1.000000 0.000000 0.000000
5.000000 53.271081 7.164579 1.138947 0.620389 0.000000 0.000000 0.000000 1.000000 0.000000 0.000000
5.000000 53.280058 6.523524 1.240080 0.683827 0.000000 0.000000 0.000000 1.000000 0.000000 0.000000
5.000000 53.281179 6.568137 1.384028 0.680312 0.000000 0.000000 0.000000 1.000000 0.000000 0.000000
5.000000 53.289841 6.439320 1.247730 0.613178 0.000000 0.000000 0.000000 1.000000 0.000000 0.000000
5.000000 53.291177 6.983511 1.152931 0.472550 0.000000 0.000000 0.000000 1.000000 0.000000 0.000000
5.000000 53.300015 6.398265 1.264773 0.527435 0.000000 0.000000 0.000000 1.000000 0.000000 0.000000
5.000000 53.301176 6.402487 1.396249 0.527759 0.000000 0.000000 0.000000 1.000000 0.000000 0.000000
5.000000 53.309849 6.297109 1.274629 0.457621 0.000000 0.000000 0.000000 1.000000 0.000000 0.000000
5.000000 53.311119 6.779273 1.166648 0.325798 0.000000 0.000000 0.000000 1.000000 0.000000 0.000000
5.000000 53.319745 6.227137 1.272595 0.382334 0.000000 0.000000 0.000000 1.000000 0.000000 0.000000
5.000000 53.321179 6.705440 1.173480 0.244585 0.000000 0.000000 0.000000 1.000000 0.000000 0.000000
5.000000 53.329822 6.154627 1.290470 0.304864 0.000000 0.000000 0.000000 1.000000 0.000000 0.000000
5.000000 53.331085 6.617989 1.181498 0.163206 0.000000 0.000000 0.000000 1.000000 0.000000 0.000000
5.000000 53.339740 6.082998 1.303375 0.227067 0.000000 0.000000 0.000000 1.000000 0.000000 0.000000
5.000000 53.341211 6.525749 1.190701 0.089679 0.000000 0.000000 0.000000 1.000000 0.000000 0.000000
5.000000 53.349868 6.003261 1.304401 0.151621 0.000000 0.000000 0.000000 1.000000 0.000000 0.000000
5.000000 53.351118 6.438988 1.195633 0.009248 0.000000 0.000000 0.000000 1.000000 0.000000 0.000000
5.000000 53.359795 5.942940 1.306795 0.165511 0.000000 0.000000 0.000000 1.000000 0.000000 0.000000
5.000000 53.361381 5.926213 1.434815 0.176426 0.000000 0.000000 0.000000 1.000000 0.000000 0.000000
5.000000 53.369913 5.884328 1.310512 0.224682 0.000000 0.000000 0.000000 1.000000 0.000000 0.000000
5.000000 53.371192 5.865908 1.445392 0.233263 0.000000 0.000000 0.000000 1.000000 0.000000 0.000000
5.000000 53.379834 5.837920 1.312027 0.277269 0.000000 0.000000 0.000000 1.000000 0.000000 0.000000
5.000000 53.381258 6.286362 1.202887 0.141922 0.000000 0.000000 0.000000 1.000000 0.000000 0.000000
5.000000 53.389821 5.795028 1.319608 0.321480 0.000000 0.000000 0.000000 1.000000 0.000000 0.000000
5.000000 53.391110 6.247108 1.202392 0.191195 0.000000 0.000000 0.000000 1.000000 0.000000 0.000000
5.000000 53.399928 5.726880 1.313465 0.376814 0.000000 0.000000 0.000000 1.000000 0.000000 0.000000
5.000000 53.401432 5.724558 1.451276 0.388125 0.000000 0.000000 0.000000 1.000000 0.000000 0.000000
5.000000 53.409844 5.685006 1.309733 0.424757 0.000000 0.000000 0.000000 1.000000 0.000000 0.000000
5.000000 53.411201 6.151146 1.202521 0.292885 0.000000 0.000000 0.000000 1.000000 0.000000 0.000000
5.000000 53.419939 5.612429 1.315431 0.481196 0.000000 0.000000 0.000000 1.000000 0.000000 0.000000
5.000000 53.421261 5.621416 1.457767 0.492937 0.000000 0.000000 0.000000 1.000000 0.000000 0.000000
5.000000 53.429918 5.557691 1.314025 0.527175 0.000000 0.000000 0.000000 1.000000 0.000000 0.000000
5.000000 53.431218 6.051589 1.204787 0.384927 0.000000 0.000000 0.000000 1.000000 0.000000 0.000000
5.000000 53.439924 5.523839 1.324812 0.567590 0.000000 0.000000 0.000000 1.000000 0.000000 0.000000
5.000000 53.441359 5.519666 1.470913 0.581847 0.000000 0.000000 0.000000 1.000000 0.000000 0.000000
5.000000 53.449988 5.465211 1.313247 0.612412 0.000000 0.000000 0.000000 1.000000 0.000000 0.000000
5.000000 53.451188 5.956677 1.208300 0.479435 0.000000 0.000000 0.000000 1.000000 0.000000 0.000000
5.000000 53.459856 5.428641 1.323610 0.652168 0.000000 0.000000 0.000000 1.000000 0.000000 0.000000
5.000000 53.461234 5.438382 1.469163 0.666778 0.000000 0.000000 0.000000 1.000000 0.000000 0.000000
5.000000 53.469904 5.349027 1.317711 0.707921 0.000000 0.000000 0.000000 1.000000 0.000000 0.000000
5.000000 53.471198 5.868180 1.209605 0.566790 0.000000 0.000000 0.000000 1.000000 0.000000 0.000000
5.000000 53.479889 5.313103 1.324755 0.741639 0.000000 0.000000 0.000000 1.000000 0.000000 0.000000
5.000000 53.481270 5.319980 1.473502 0.753623 0.000000 0.000000 0.000000 1.000000 0.000000 0.000000
5.000000 53.489877 5.278095 1.327340 0.779457 0.000000 0.000000 0.000000 1.000000 0.000000 0.000000
5.000000 53.491199 5.782506 1.211757 0.647277 0.000000 0.000000 0.000000 1.000000 0.000000 0.000000
5.000000 53.499906 5.206229 1.327268 0.823443 0.000000 0.000000 0.000000 1.000000 0.000000 0.000000
5.000000 53.501287 5.732164 1.214882 0.686767 0.000000 0.000000 0.000000 1.000000 0.000000 0.000000
5.000000 53.509898 5.143072 1.316835 0.865668 0.000000 0.000000 0.000000 1.000000 0.000000 0.000000
5.000000 53.511236 5.682148 1.214440 0.725317 0.000000 0.000000 0.000000 1.000000 0.000000 0.000000
5.000000 53.519830 5.098812 1.315127 0.901751 0.000000 0.000000 0.000000 1.000000 0.000000 0.000000
5.000000 53.521265 5.150982 1.469111 0.913823 0.000000 0.000000 0.000000 1.000000 0.000000 0.000000
5.000000 53.529974 5.032949 1.311929 0.943889 0.000000 0.000000 0.000000 1.000000 0.000000 0.000000
5.000000 53.531248 5.593873 1.217231 0.796224 0.000000 0.000000 0.000000 1.000000 0.000000 0.000000
5.000000 53.539893 5.046058 1.332921 0.962676 0.000000 0.000000 0.000000 1.000000 0.000000 0.000000
5.000000 53.541371 5.059245 1.485658 0.977483 0.000000 0.000000 0.000000 1.000000 0.000000 0.000000
5.000000 53.549968 4.988084 1.320193 0.996272 0.000000 0.000000 0.000000 1.000000 0.000000 0.000000
5.000000 53.551279 5.493936 1.220806 0.871619 0.000000 0.000000 0.000000 1.000000 0.000000 0.000000
5.000000 53.559939 4.926737 1.296382 1.030992 0.000000 0.000000 0.000000 1.000000 0.000000 0.000000
5.000000 53.561426 5.031690 1.443947 1.041815 0.000000 0.000000 0.000000 1.000000 0.000000 0.000000
5.000000 53.569970 4.850297 1.304798 1.071260 0.000000 0.000000 0.000000 1.000000 0.000000 0.000000
5.000000 53.571240 5.407204 1.221411 0.933747 0.000000 0.000000 0.000000 1.000000 0.000000 0.000000
5.000000 53.580038 4.813715 1.309948 1.099792 0.000000 0.000000 0.000000 1.000000 0.000000 0.000000
5.000000 53.581369 4.902396 1.464735 1.111380 0.000000 0.000000 0.000000 1.000000 0.000000 0.000000
5.000000 53.589909 4.793128 1.343260 1.121320 0.000000 0.000000 0.000000 1.000000 0.000000 0.000000
5.000000 53.591219 5.309556 1.227796 0.996485 0.000000 0.000000 0.000000 1.000000 0.000000 0.000000
5.000000 53.599984 4.710576 1.329283 1.155100 0.000000 0.000000 0.000000 1.000000 0.000000 0.000000
5.000000 53.601338 4.777837 1.496041 1.173229 0.000000 0.000000 0.000000 1.000000 0.000000 0.000000
5.000000 53.610020 4.660383 1.309700 1.187867 0.000000 0.000000 0.000000 1.000000 0.000000 0.000000
5.000000 53.611270 4.771438 1.470600 1.199322 0.000000 0.000000 0.000000 1.000000 0.000000 0.000000
5.000000 53.619933 4.623695 1.323375 1.208127 0.000000 0.000000 0.000000 1.000000 0.000000 0.000000
5.000000 53.621461 4.712798 1.484648 1.225483 0.000000 0.000000 0.000000 1.000000 0.000000 0.000000
5.000000 53.629996 4.576240 1.313769 1.237172 0.000000 0.000000 0.000000 1.000000 0.000000 0.000000
5.000000 53.631338 4.683069 1.474173 1.247246 0.000000 0.000000 0.000000 1.000000 0.000000 0.000000
5.000000 53.639965 4.476206 1.333379 1.276502 0.000000 0.000000 0.000000 1.000000 0.000000 0.000000
5.000000 53.641473 4.574700 1.511393 1.292615 0.000000 0.000000 0.000000 1.000000 0.000000 0.000000
5.000000 53.650207 4.446419 1.333558 1.292408 0.000000 0.000000 0.000000 1.000000 0.000000 0.000000
5.000000 53.651322 5.039655 1.230490 1.150048 0.000000 0.000000 0.000000 1.000000 0.000000 0.000000
5.000000 53.659884 4.398078 1.329061 1.316558 0.000000 0.000000 0.000000 1.000000 0.000000 0.000000
5.000000 53.661315 4.501090 1.504242 1.332673 0.000000 0.000000 0.000000 1.000000 0.000000 0.000000
5.000000 53.670081 4.370146 1.324185 1.331175 0.000000 0.000000 0.000000 1.000000 0.000000 0.000000
5.000000 53.671266 4.945470 1.236849 1.193385 0.000000 0.000000 0.000000 1.000000 0.000000 0.000000
5.000000 53.680026 4.318507 1.338154 1.356549 0.000000 0.000000 0.000000 1.000000 0.000000 0.000000
5.000000 53.681393 4.405151 1.515020 1.372000 0.000000 0.000000 0.000000 1.000000 0.000000 0.000000
5.000000 53.690270 4.237610 1.342439 1.381706 0.000000 0.000000 0.000000 1.000000 0.000000 0.000000
5.000000 53.691295 4.341786 1.528817 1.399736 0.000000 0.000000 0.000000 1.000000 0.000000 0.000000
5.000000 53.700006 4.201072 1.315038 1.397083 0.000000 0.000000 0.000000 1.000000 0.000000 0.000000
5.000000 53.701428 4.806396 1.240683 1.250455 0.000000 0.000000 0.000000 1.000000 0.000000 0.000000
5.000000 53.710138 4.156133 1.343282 1.417903 0.000000 0.000000 0.000000 1.000000 0.000000 0.000000
5.000000 53.711301 4.766974 1.239677 1.268379 0.000000 0.000000 0.000000 1.000000 0.000000 0.000000
5.000000 53.719955 4.115623 1.321225 1.427723 0.000000 0.000000 0.000000 1.000000 0.000000 0.000000
5.000000 53.721372 4.262700 1.494361 1.442332 0.000000 0.000000 0.000000 1.000000 0.000000 0.000000
5.000000 53.730077 4.052165 1.320459 1.448492 0.000000 0.000000 0.000000 1.000000 0.000000 0.000000
5.000000 53.731273 4.664641 1.247174 1.297261 0.000000 0.000000 0.000000 1.000000 0.000000 0.000000
5.000000 53.734071 4.506181 1.213328 1.474054 0.000000 0.000000 0.000000 1.000000 0.000000 0.000000
5.000000 53.739925 4.037602 1.339963 1.447413 0.000000 0.000000 0.000000 1.000000 0.000000 0.000000
5.000000 53.741394 4.151741 1.521142 1.467886 0.000000 0.000000 0.000000 1.000000 0.000000 0.000000
5.000000 53.744212 4.473370 1.217213 1.487609 0.000000 0.000000 0.000000 1.000000 0.000000 0.000000
5.000000 53.750266 3.976231 1.352485 1.473179 0.000000 0.000000 0.000000 1.000000 0.000000 0.000000
5.000000 53.751453 4.582548 1.245818 1.324747 0.000000 0.000000 0.000000 1.000000 0.000000 0.000000
5.000000 53.754028 4.427062 1.214523 1.504698 0.000000 0.000000 0.000000 1.000000 0.000000 0.000000
5.000000 53.760089 3.914758 1.312387 1.487111 0.000000 0.000000 0.000000 1.000000 0.000000 0.000000
5.000000 53.761389 4.543937 1.246857 1.334036 0.000000 0.000000 0.000000 1.000000 0.000000 0.000000
5.000000 53.764195 4.394756 1.209645 1.514480 0.000000 0.000000 0.000000 1.000000 0.000000 0.000000
5.000000 53.770219 3.866406 1.319232 1.497992 0.000000 0.000000 0.000000 1.000000 0.000000 0.000000
5.000000 53.771466 4.494559 1.250778 1.346401 0.000000 0.000000 0.000000 1.000000 0.000000 0.000000
5.000000 53.773965 4.342205 1.218587 1.527647 0.000000 0.000000 0.000000 1.000000 0.000000 0.000000
5.000000 53.780096 3.821652 1.348725 1.514625 0.000000 0.000000 0.000000 1.000000 0.000000 0.000000
5.000000 53.781568 4.448642 1.252309 1.357434 0.000000 0.000000 0.000000 1.000000 0.000000 0.000000
5.000000 53.784160 4.298662 1.217298 1.539112 0.000000 0.000000 0.000000 1.000000 0.000000 0.000000
5.000000 53.790021 3.765645 1.345929 1.528519 0.000000 0.000000 0.000000 1.000000 0.000000 0.000000
5.000000 53.791268 4.405232 1.251386 1.368253 0.000000 0.000000 0.000000 1.000000 0.000000 0.000000
5.000000 53.793958 4.260782 1.213592 1.550798 0.000000 0.000000 0.000000 1.000000 0.000000 0.000000
5.000000 53.799968 3.764583 1.364137 1.522601 0.000000 0.000000 0.000000 1.000000 0.000000 0.000000
5.000000 53.801370 3.843959 1.556242 1.543488 0.000000 0.000000 0.000000 1.000000 0.000000 0.000000
5.000000 53.804108 4.192100 1.230514 1.563459 0.000000 0.000000 0.000000 1.000000 0.000000 0.000000
5.000000 53.810023 3.678458 1.350053 1.541695 0.000000 0.000000 0.000000 1.000000 0.000000 0.000000
5.000000 53.811337 4.327623 1.253497 1.375412 0.000000 0.000000 0.000000 1.000000 0.000000 0.000000
5.000000 53.814064 4.171732 1.220908 1.565185 0.000000 0.000000 0.000000 1.000000 0.000000 0.000000
5.000000 53.820045 3.628820 1.325787 1.542347 0.000000 0.000000 0.000000 1.000000 0.000000 0.000000
5.000000 53.821570 4.274028 1.257369 1.382449 0.000000 0.000000 0.000000 1.000000 0.000000 0.000000
5.000000 53.824091 4.129511 1.221982 1.567913 0.000000 0.000000 0.000000 1.000000 0.000000 0.000000
5.000000 53.829979 3.654164 1.378024 1.536158 0.000000 0.000000 0.000000 1.000000 0.000000 0.000000
5.000000 53.831273 4.226360 1.259641 1.388037 0.000000 0.000000 0.000000 1.000000 0.000000 0.000000
5.000000 53.834204 4.081520 1.222195 1.575668 0.000000 0.000000 0.000000 1.000000 0.000000 0.000000
5.000000 53.839932 3.506210 1.381909 1.579181 0.000000 0.000000 0.000000 1.000000 0.000000 0.000000
5.000000 53.841338 3.596214 1.600338 1.597384 0.000000 0.000000 0.000000 1.000000 0.000000 0.000000
5.000000 53.844201 4.020952 1.236396 1.580089 0.000000 0.000000 0.000000 1.000000 0.000000 0.000000
5.000000 53.850331 3.540243 1.370083 1.552495 0.000000 0.000000 0.000000 1.000000 0.000000 0.000000
5.000000 53.851413 4.143720 1.257389 1.393798 0.000000 0.000000 0.000000 1.000000 0.000000 0.000000
5.000000 53.854037 3.994701 1.224180 1.583717 0.000000 0.000000 0.000000 1.000000 0.000000 0.000000
5.000000 53.860165 3.465765 1.372777 1.562569 0.000000 0.000000 0.000000 1.000000 0.000000 0.000000
5.000000 53.861524 4.096895 1.262649 1.396070 0.000000 0.000000 0.000000 1.000000 0.000000 0.000000
5.000000 53.864210 3.957178 1.221772 1.590484 0.000000 0.000000 0.000000 1.000000 0.000000 0.000000
5.000000 53.870124 3.436483 1.344615 1.552244 0.000000 0.000000 0.000000 1.000000 0.000000 0.000000
5.000000 53.871313 4.050851 1.263607 1.395097 0.000000 0.000000 0.000000 1.000000 0.000000 0.000000
5.000000 53.874083 3.895633 1.236265 1.589061 0.000000 0.000000 0.000000 1.000000 0.000000 0.000000
5.000000 53.880114 3.379037 1.369303 1.566034 0.000000 0.000000 0.000000 1.000000 0.000000 0.000000
5.000000 53.881572 4.013873 1.263416 1.389368 0.000000 0.000000 0.000000 1.000000 0.000000 0.000000
5.000000 53.884242 3.853038 1.235126 1.584510 0.000000 0.000000 0.000000 1.000000 0.000000 0.000000
5.000000 53.890323 3.343188 1.382527 1.565269 0.000000 0.000000 0.000000 1.000000 0.000000 0.000000
5.000000 53.891339 3.957000 1.265690 1.397133 0.000000 0.000000 0.000000 1.000000 0.000000 0.000000
5.000000 53.894196 3.819040 1.229409 1.585464 0.000000 0.000000 0.000000 1.000000 0.000000 0.000000
5.000000 53.900165 3.326373 1.382558 1.552110 0.000000 0.000000 0.000000 1.000000 0.000000 0.000000
5.000000 53.901362 3.913446 1.268401 1.392848 0.000000 0.000000 0.000000 1.000000 0.000000 0.000000
5.000000 53.904230 3.762816 1.241450 1.584910 0.000000 0.000000 0.000000 1.000000 0.000000 0.000000
5.000000 53.910060 3.250396 1.343154 1.551412 0.000000 0.000000 0.000000 1.000000 0.000000 0.000000
5.000000 53.911465 3.876633 1.267370 1.384739 0.000000 0.000000 0.000000 1.000000 0.000000 0.000000
5.000000 53.914267 3.718416 1.242875 1.582622 0.000000 0.000000 0.000000 1.000000 0.000000 0.000000
5.000000 53.920162 3.212358 1.383414 1.556935 0.000000 0.000000 0.000000 1.000000 0.000000 0.000000
5.000000 53.921622 3.837739 1.268944 1.379267 0.000000 0.000000 0.000000 1.000000 0.000000 0.000000
5.000000 53.924148 3.696643 1.233842 1.571513 0.000000 0.000000 0.000000 1.000000 0.000000 0.000000
5.000000 53.930261 3.198849 1.387373 1.543271 0.000000 0.000000 0.000000 1.000000 0.000000 0.000000
5.000000 53.931475 3.799921 1.270676 1.370788 0.000000 0.000000 0.000000 1.000000 0.000000 0.000000
5.000000 53.934281 3.639619 1.247422 1.568885 0.000000 0.000000 0.000000 1.000000 0.000000 0.000000
5.000000 53.940142 3.137230 1.374468 1.544838 0.000000 0.000000 0.000000 1.000000 0.000000 0.000000
5.000000 53.941578 3.743898 1.271738 1.371640 0.000000 0.000000 0.000000 1.000000 0.000000 0.000000
5.000000 53.944362 3.596924 1.243287 1.562238 0.000000 0.000000 0.000000 1.000000 0.000000 0.000000
5.000000 53.950286 3.140690 1.401026 1.523103 0.000000 0.000000 0.000000 1.000000 0.000000 0.000000
5.000000 53.951499 3.704191 1.274219 1.357866 0.000000 0.000000 0.000000 1.000000 0.000000 0.000000
5.000000 53.954066 3.588377 1.220426 1.550342 0.000000 0.000000 0.000000 1.000000 0.000000 0.000000
5.000000 53.960098 3.077348 1.363086 1.515866 0.000000 0.000000 0.000000 1.000000 0.000000 0.000000
5.000000 53.961452 3.202249 1.553151 1.532666 0.000000 0.000000 0.000000 1.000000 0.000000 0.000000
5.000000 53.964287 3.517393 1.248007 1.540996 0.000000 0.000000 0.000000 1.000000 0.000000 0.000000
5.000000 53.970038 3.034020 1.394863 1.515511 0.000000 0.000000 0.000000 1.000000 0.000000 0.000000
5.000000 53.971483 3.618038 1.275945 1.341745 0.000000 0.000000 0.000000 1.000000 0.000000 0.000000
5.000000 53.974204 3.467230 1.250097 1.538545 0.000000 0.000000 0.000000 1.000000 0.000000 0.000000
5.000000 53.980010 3.001524 1.367418 1.496991 0.000000 0.000000 0.000000 1.000000 0.000000 0.000000
5.000000 53.981599 3.121581 1.551344 1.511349 0.000000 0.000000 0.000000 1.000000 0.000000 0.000000
5.000000 53.984220 3.459875 1.225832 1.516273 0.000000 0.000000 0.000000 1.000000 0.000000 0.000000
5.000000 53.990144 2.977894 1.409683 1.491474 0.000000 0.000000 0.000000 1.000000 0.000000 0.000000
5.000000 53.991523 3.532407 1.280828 1.319111 0.000000 0.000000 0.000000 1.000000 0.000000 0.000000
5.000000 53.994097 3.417731 1.228532 1.509318 0.000000 0.000000 0.000000 1.000000 0.000000 0.000000
5.000000 54.000094 2.943879 1.397552 1.471986 0.000000 0.000000 0.000000 1.000000 0.000000 0.000000
5.000000 54.001469 2.990500 1.586417 1.493531 0.000000 0.000000 0.000000 1.000000 0.000000 0.000000
5.000000 54.004317 3.357657 1.233683 1.497787 0.000000 0.000000 0.000000 1.000000 0.000000 0.000000
5.000000 54.010113 2.869451 1.402851 1.474135 0.000000 0.000000 0.000000 1.000000 0.000000 0.000000
5.000000 54.011400 3.444511 1.281255 1.292841 0.000000 0.000000 0.000000 1.000000 0.000000 0.000000
5.000000 54.014169 3.343612 1.225074 1.473794 0.000000 0.000000 0.000000 1.000000 0.000000 0.000000
5.000000 54.020129 2.845844 1.377929 1.446996 0.000000 0.000000 0.000000 1.000000 0.000000 0.000000
5.000000 54.021492 3.400520 1.281592 1.276729 0.000000 0.000000 0.000000 1.000000 0.000000 0.000000
5.000000 54.024302 3.269734 1.242450 1.470093 0.000000 0.000000 0.000000 1.000000 0.000000 0.000000
5.000000 54.030041 2.807012 1.408303 1.440890 0.000000 0.000000 0.000000 1.000000 0.000000 0.000000
5.000000 54.031443 3.355692 1.282698 1.262717 0.000000 0.000000 0.000000 1.000000 0.000000 0.000000
5.000000 54.034203 3.226372 1.243010 1.456377 0.000000 0.000000 0.000000 1.000000 0.000000 0.000000
5.000000 54.040109 2.829070 1.419900 1.406823 0.000000 0.000000 0.000000 1.000000 0.000000 0.000000
5.000000 54.041574 2.823338 1.602457 1.433584 0.000000 0.000000 0.000000 1.000000 0.000000 0.000000
5.000000 54.044240 3.182040 1.244707 1.444819 0.000000 0.000000 0.000000 1.000000 0.000000 0.000000
5.000000 54.050023 2.786336 1.427690 1.394016 0.000000 0.000000 0.000000 1.000000 0.000000 0.000000
5.000000 54.051381 3.274233 1.287638 1.226186 0.000000 0.000000 0.000000 1.000000 0.000000 0.000000
5.000000 54.054264 3.134309 1.250703 1.426710 0.000000 0.000000 0.000000 1.000000 0.000000 0.000000
5.000000 54.060095 2.723169 1.430221 1.381430 0.000000 0.000000 0.000000 1.000000 0.000000 0.000000
5.000000 54.061557 2.711957 1.623850 1.410323 0.000000 0.000000 0.000000 1.000000 0.000000 0.000000
5.000000 54.064383 3.135073 1.228552 1.385540 0.000000 0.000000 0.000000 1.000000 0.000000 0.000000
5.000000 54.070237 2.689806 1.432600 1.365358 0.000000 0.000000 0.000000 1.000000 0.000000 0.000000
5.000000 54.071478 3.187536 1.288171 1.190020 0.000000 0.000000 0.000000 1.000000 0.000000 0.000000
5.000000 54.074203 3.050520 1.257003 1.382898 0.000000 0.000000 0.000000 1.000000 0.000000 0.000000
5.000000 54.080059 2.694456 1.444175 1.332125 0.000000 0.000000 0.000000 1.000000 0.000000 0.000000
5.000000 54.081476 2.640824 1.627001 1.364649 0.000000 0.000000 0.000000 1.000000 0.000000 0.000000
5.000000 54.084257 3.011687 1.259521 1.360071 0.000000 0.000000 0.000000 1.000000 0.000000 0.000000
5.000000 54.090197 2.674497 1.442167 1.300103 0.000000 0.000000 0.000000 1.000000 0.000000 0.000000
5.000000 54.091640 3.096866 1.293551 1.147497 0.000000 0.000000 0.000000 1.000000 0.000000 0.000000
5.000000 54.094217 2.967938 1.256309 1.338698 0.000000 0.000000 0.000000 1.000000 0.000000 0.000000
5.000000 54.100096 2.619444 1.444998 1.285505 0.000000 0.000000 0.000000 1.000000 0.000000 0.000000
5.000000 54.101775 3.061009 1.294123 1.120691 0.000000 0.000000 0.000000 1.000000 0.000000 0.000000
5.000000 54.104279 2.918939 1.264305 1.317495 0.000000 0.000000 0.000000 1.000000 0.000000 0.000000
5.000000 54.110315 2.553795 1.444508 1.275429 0.000000 0.000000 0.000000 1.000000 0.000000 0.000000
5.000000 54.111511 3.021218 1.293254 1.098449 0.000000 0.000000 0.000000 1.000000 0.000000 0.000000
5.000000 54.114257 2.886576 1.258012 1.295411 0.000000 0.000000 0.000000 1.000000 0.000000 0.000000
5.000000 54.120142 2.524569 1.448017 1.251558 0.000000 0.000000 0.000000 1.000000 0.000000 0.000000
5.000000 54.121734 2.974665 1.297416 1.074969 0.000000 0.000000 0.000000 1.000000 0.000000 0.000000
5.000000 54.124301 2.838928 1.261880 1.269154 0.000000 0.000000 0.000000 1.000000 0.000000 0.000000
5.000000 54.130177 2.481724 1.450280 1.227352 0.000000 0.000000 0.000000 1.000000 0.000000 0.000000
5.000000 54.131623 2.931898 1.299152 1.044229 0.000000 0.000000 0.000000 1.000000 0.000000 0.000000
5.000000 54.134250 2.791709 1.267384 1.235175 0.000000 0.000000 0.000000 1.000000 0.000000 0.000000
5.000000 54.140035 2.455684 1.448521 1.193561 0.000000 0.000000 0.000000 1.000000 0.000000 0.000000
5.000000 54.141544 2.399012 1.632020 1.226247 0.000000 0.000000 0.000000 1.000000 0.000000 0.000000
5.000000 54.144290 2.767094 1.256934 1.211882 0.000000 0.000000 0.000000 1.000000 0.000000 0.000000
5.000000 54.150300 2.445770 1.458896 1.155474 0.000000 0.000000 0.000000 1.000000 0.000000 0.000000
5.000000 54.151587 2.856167 1.296885 0.987821 0.000000 0.000000 0.000000 1.000000 0.000000 0.000000
5.000000 54.154259 2.737123 1.251964 1.179152 0.000000 0.000000 0.000000 1.000000 0.000000 0.000000
5.000000 54.160172 2.395826 1.460048 1.136246 0.000000 0.000000 0.000000 1.000000 0.000000 0.000000
5.000000 54.161538 2.811719 1.299441 0.961873 0.000000 0.000000 0.000000 1.000000 0.000000 0.000000
5.000000 54.164279 2.696107 1.250386 1.152376 0.000000 0.000000 0.000000 1.000000 0.000000 0.000000
5.000000 54.170221 2.372621 1.468602 1.108792 0.000000 0.000000 0.000000 1.000000 0.000000 0.000000
5.000000 54.171467 2.769222 1.303919 0.936481 0.000000 0.000000 0.000000 1.000000 0.000000 0.000000
5.000000 54.174346 2.655260 1.256385 1.119876 0.000000 0.000000 0.000000 1.000000 0.000000 0.000000
5.000000 54.180078 2.330562 1.468714 1.076564 0.000000 0.000000 0.000000 1.000000 0.000000 0.000000
5.000000 54.181668 2.719752 1.307824 0.906231 0.000000 0.000000 0.000000 1.000000 0.000000 0.000000
5.000000 54.184283 2.616018 1.251910 1.088028 0.000000 0.000000 0.000000 1.000000 0.000000 0.000000
5.000000 54.190174 2.348981 1.478569 1.026695 0.000000 0.000000 0.000000 1.000000 0.000000 0.000000
5.000000 54.191514 2.680030 1.305500 0.870861 0.000000 0.000000 0.000000 1.000000 0.000000 0.000000
5.000000 54.194273 2.552527 1.263384 1.060021 0.000000 0.000000 0.000000 1.000000 0.000000 0.000000
5.000000 54.200275 2.292582 1.473458 1.000797 0.000000 0.000000 0.000000 1.000000 0.000000 0.000000
5.000000 54.201594 2.175624 1.640445 1.038491 0.000000 0.000000 0.000000 1.000000 0.000000 0.000000
5.000000 54.204280 2.534177 1.255064 1.022919 0.000000 0.000000 0.000000 1.000000 0.000000 0.000000
5.000000 54.210201 2.244257 1.472397 0.977583 0.000000 0.000000 0.000000 1.000000 0.000000 0.000000
5.000000 54.211526 2.607675 1.307274 0.806060 0.000000 0.000000 0.000000 1.000000 0.000000 0.000000
5.000000 54.214243 2.488863 1.259749 0.992307 0.000000 0.000000 0.000000 1.000000 0.000000 0.000000
5.000000 54.220065 2.206856 1.473543 0.938301 0.000000 0.000000 0.000000 1.000000 0.000000 0.000000
5.000000 54.221570 2.556159 1.313993 0.773921 0.000000 0.000000 0.000000 1.000000 0.000000 0.000000
5.000000 54.224430 2.457632 1.255182 0.949382 0.000000 0.000000 0.000000 1.000000 0.000000 0.000000
5.000000 54.230272 2.218644 1.491497 0.902660 0.000000 0.000000 0.000000 1.000000 0.000000 0.000000
5.000000 54.231541 2.521396 1.312439 0.742852 0.000000 0.000000 0.000000 1.000000 0.000000 0.000000
5.000000 54.234319 2.405094 1.264578 0.918079 0.000000 0.000000 0.000000 1.000000 0.000000 0.000000
5.000000 54.241618 1.995155 1.668969 0.912199 0.000000 0.000000 0.000000 1.000000 0.000000 0.000000
5.000000 54.244316 2.410737 1.226539 0.873563 0.000000 0.000000 0.000000 1.000000 0.000000 0.000000
5.000000 54.251528 1.966686 1.658964 0.869180 0.000000 0.000000 0.000000 1.000000 0.000000 0.000000
5.000000 54.254270 2.313789 1.269574 0.848059 0.000000 0.000000 0.000000 1.000000 0.000000 0.000000
5.000000 54.261578 2.035116 1.570443 0.803706 0.000000 0.000000 0.000000 1.000000 0.000000 0.000000
5.000000 54.264329 2.280374 1.264665 0.811869 0.000000 0.000000 0.000000 1.000000 0.000000 0.000000
5.000000 54.274271 2.229768 1.274111 0.770449 0.000000 0.000000 0.000000 1.000000 0.000000 0.000000
5.000000 54.281643 1.868632 1.665801 0.749721 0.000000 0.000000 0.000000 1.000000 0.000000 0.000000
5.000000 54.284472 2.246999 1.247159 0.706163 0.000000 0.000000 0.000000 1.000000 0.000000 0.000000
5.000000 54.344380 -0.105279 1.408332 0.247362 0.000000 0.000000 0.000000 1.000000 0.000000 0.000000
5.000000 54.354318 -0.105807 1.384085 0.224250 0.000000 0.000000 0.000000 1.000000 0.000000 0.000000
5.000000 54.364465 -0.133062 1.399211 0.174269 0.000000 0.000000 0.000000 1.000000 0.000000 0.000000
5.000000 54.374433 -0.233843 1.399513 0.111845 0.000000 0.000000 0.000000 1.000000 0.000000 0.000000
5.000000 54.384612 -0.295989 1.404638 0.042132 0.000000 0.000000 0.000000 1.000000 0.000000 0.000000
5.000000 54.394362 -0.333617 1.420295 -0.008281 0.000000 0.000000 0.000000 1.000000 0.000000 0.000000
5.000000 54.404702 -0.324739 1.405608 -0.031748 0.000000 0.000000 0.000000 1.000000 0.000000 0.000000
5.000000 54.414378 -0.370818 1.395766 0.008623 0.000000 0.000000 0.000000 1.000000 0.000000 0.000000
5.000000 54.424494 -0.295335 1.393481 0.071543 0.000000 0.000000 0.000000 1.000000 0.000000 0.000000
