33.000000 346.876435 25.199044 -0.268669 0.583119 0.000000 0.000000 0.000000 1.000000 0.000000 0.000000
33.000000 346.886873 25.043378 -0.267090 0.678246 0.000000 0.000000 0.000000 1.000000 0.000000 0.000000
33.000000 346.896417 24.861144 -0.258285 0.790626 0.000000 0.000000 0.000000 1.000000 0.000000 0.000000
33.000000 346.906529 24.736696 -0.254580 0.886579 0.000000 0.000000 0.000000 1.000000 0.000000 0.000000
33.000000 346.916438 24.420926 -0.240234 0.976277 0.000000 0.000000 0.000000 1.000000 0.000000 0.000000
33.000000 346.926561 24.453846 -0.242162 1.043737 0.000000 0.000000 0.000000 1.000000 0.000000 0.000000
33.000000 346.936319 22.976452 -0.269849 1.325372 0.000000 0.000000 0.000000 1.000000 0.000000 0.000000
33.000000 346.936458 22.772623 -0.044618 1.221794 0.000000 0.000000 0.000000 1.000000 0.000000 0.000000
33.000000 346.946302 22.869530 -0.268042 1.394300 0.000000 0.000000 0.000000 1.000000 0.000000 0.000000
33.000000 346.946514 22.693247 -0.051161 1.306059 0.000000 0.000000 0.000000 1.000000 0.000000 0.000000
33.000000 346.956358 22.736183 -0.247987 1.460020 0.000000 0.000000 0.000000 1.000000 0.000000 0.000000
33.000000 346.956450 22.591876 -0.053232 1.382647 0.000000 0.000000 0.000000 1.000000 0.000000 0.000000
33.000000 346.966335 22.647911 -0.248267 1.541527 0.000000 0.000000 0.000000 1.000000 0.000000 0.000000
33.000000 346.966490 22.477983 -0.056986 1.452030 0.000000 0.000000 0.000000 1.000000 0.000000 0.000000
33.000000 346.976285 22.538240 -0.241714 1.608476 0.000000 0.000000 0.000000 1.000000 0.000000 0.000000
33.000000 346.976459 22.378956 -0.053316 1.524801 0.000000 0.000000 0.000000 1.000000 0.000000 0.000000
33.000000 346.986308 22.444128 -0.242773 1.681554 0.000000 0.000000 0.000000 1.000000 0.000000 0.000000
33.000000 346.986553 22.278784 -0.053076 1.596572 0.000000 0.000000 0.000000 1.000000 0.000000 0.000000
33.000000 346.996344 22.338096 -0.239985 1.745899 0.000000 0.000000 0.000000 1.000000 0.000000 0.000000
33.000000 346.996453 22.179333 -0.055675 1.663892 0.000000 0.000000 0.000000 1.000000 0.000000 0.000000
33.000000 347.006387 22.217253 -0.230071 1.806960 0.000000 0.000000 0.000000 1.000000 0.000000 0.000000
33.000000 347.006567 22.087344 -0.054597 1.733502 0.000000 0.000000 0.000000 1.000000 0.000000 0.000000
33.000000 347.016364 22.104995 -0.223498 1.870592 0.000000 0.000000 0.000000 1.000000 0.000000 0.000000
33.000000 347.016482 21.925611 -0.052552 1.779032 0.000000 0.000000 0.000000 1.000000 0.000000 0.000000
33.000000 347.026343 21.993407 -0.218360 1.934085 0.000000 0.000000 0.000000 1.000000 0.000000 0.000000
33.000000 347.026577 21.872512 -0.055641 1.863283 0.000000 0.000000 0.000000 1.000000 0.000000 0.000000
33.000000 347.036336 21.883942 -0.215832 1.993987 0.000000 0.000000 0.000000 1.000000 0.000000 0.000000
33.000000 347.036480 21.780145 -0.057523 1.929045 0.000000 0.000000 0.000000 1.000000 0.000000 0.000000
33.000000 347.044108 21.125459 -0.078046 1.976767 0.000000 0.000000 0.000000 1.000000 0.000000 0.000000
33.000000 347.046388 21.041920 -0.043006 1.791237 0.000000 0.000000 0.000000 1.000000 0.000000 0.000000
33.000000 347.046595 21.692801 -0.061832 1.992733 0.000000 0.000000 0.000000 1.000000 0.000000 0.000000
33.000000 347.054118 21.010106 -0.096740 2.039597 0.000000 0.000000 0.000000 1.000000 0.000000 0.000000
33.000000 347.056403 20.954268 -0.045099 1.866114 0.000000 0.000000 0.000000 1.000000 0.000000 0.000000
33.000000 347.056528 21.595684 -0.062434 2.055506 0.000000 0.000000 0.000000 1.000000 0.000000 0.000000
33.000000 347.064136 20.939783 -0.070024 2.102583 0.000000 0.000000 0.000000 1.000000 0.000000 0.000000
33.000000 347.066443 20.849243 -0.048248 1.930972 0.000000 0.000000 0.000000 1.000000 0.000000 0.000000
33.000000 347.066540 21.412094 -0.057710 2.096321 0.000000 0.000000 0.000000 1.000000 0.000000 0.000000
33.000000 347.074359 20.807558 -0.063322 2.160730 0.000000 0.000000 0.000000 1.000000 0.000000 0.000000
33.000000 347.076403 20.719527 -0.037027 1.988610 0.000000 0.000000 0.000000 1.000000 0.000000 0.000000
33.000000 347.076551 21.337206 -0.053221 2.164563 0.000000 0.000000 0.000000 1.000000 0.000000 0.000000
33.000000 347.084194 20.689151 -0.061793 2.212452 0.000000 0.000000 0.000000 1.000000 0.000000 0.000000
33.000000 347.086435 20.599346 -0.034031 2.041566 0.000000 0.000000 0.000000 1.000000 0.000000 0.000000
33.000000 347.086564 21.270810 -0.060712 2.229972 0.000000 0.000000 0.000000 1.000000 0.000000 0.000000
33.000000 347.094227 20.574717 -0.056742 2.272775 0.000000 0.000000 0.000000 1.000000 0.000000 0.000000
33.000000 347.096447 20.487625 -0.032659 2.105114 0.000000 0.000000 0.000000 1.000000 0.000000 0.000000
33.000000 347.096502 21.194147 -0.070348 2.290698 0.000000 0.000000 0.000000 1.000000 0.000000 0.000000
33.000000 347.104245 20.457364 -0.054956 2.331657 0.000000 0.000000 0.000000 1.000000 0.000000 0.000000
33.000000 347.106493 20.378551 -0.027445 2.164999 0.000000 0.000000 0.000000 1.000000 0.000000 0.000000
33.000000 347.106572 21.115831 -0.072797 2.347600 0.000000 0.000000 0.000000 1.000000 0.000000 0.000000
33.000000 347.114140 20.339964 -0.053921 2.385519 0.000000 0.000000 0.000000 1.000000 0.000000 0.000000
33.000000 347.116412 20.264131 -0.026755 2.222349 0.000000 0.000000 0.000000 1.000000 0.000000 0.000000
33.000000 347.116503 20.996906 -0.077475 2.396285 0.000000 0.000000 0.000000 1.000000 0.000000 0.000000
33.000000 347.124206 20.188577 -0.055748 2.442172 0.000000 0.000000 0.000000 1.000000 0.000000 0.000000
33.000000 347.126590 20.487067 0.208117 2.430235 0.000000 0.000000 0.000000 1.000000 0.000000 0.000000
33.000000 347.126600 20.923203 -0.070117 2.457698 0.000000 0.000000 0.000000 1.000000 0.000000 0.000000
33.000000 347.134139 20.087794 -0.042828 2.484259 0.000000 0.000000 0.000000 1.000000 0.000000 0.000000
33.000000 347.136458 20.030296 -0.003061 2.329817 0.000000 0.000000 0.000000 1.000000 0.000000 0.000000
33.000000 347.136504 20.840992 -0.074019 2.511880 0.000000 0.000000 0.000000 1.000000 0.000000 0.000000
33.000000 347.144143 19.975128 -0.042897 2.538257 0.000000 0.000000 0.000000 1.000000 0.000000 0.000000
33.000000 347.146518 19.915773 -0.006487 2.385632 0.000000 0.000000 0.000000 1.000000 0.000000 0.000000
33.000000 347.146754 20.718882 -0.078051 2.558493 0.000000 0.000000 0.000000 1.000000 0.000000 0.000000
33.000000 347.154187 19.859189 -0.038143 2.586505 0.000000 0.000000 0.000000 1.000000 0.000000 0.000000
33.000000 347.156509 19.807372 0.002080 2.437995 0.000000 0.000000 0.000000 1.000000 0.000000 0.000000
33.000000 347.156708 20.646040 -0.079314 2.612637 0.000000 0.000000 0.000000 1.000000 0.000000 0.000000
33.000000 347.164229 19.734703 -0.035842 2.637124 0.000000 0.000000 0.000000 1.000000 0.000000 0.000000
33.000000 347.166580 19.694830 0.008908 2.490120 0.000000 0.000000 0.000000 1.000000 0.000000 0.000000
33.000000 347.166738 20.524258 -0.081506 2.652813 0.000000 0.000000 0.000000 1.000000 0.000000 0.000000
33.000000 347.174258 19.598552 -0.029360 2.680222 0.000000 0.000000 0.000000 1.000000 0.000000 0.000000
33.000000 347.176457 19.552986 0.014394 2.526234 0.000000 0.000000 0.000000 1.000000 0.000000 0.000000
33.000000 347.176717 20.499386 -0.095786 2.704593 0.000000 0.000000 0.000000 1.000000 0.000000 0.000000
33.000000 347.186497 20.237314 -0.136942 2.789494 0.000000 0.000000 0.000000 1.000000 0.000000 0.000000
33.000000 347.186818 20.387241 -0.089783 2.760758 0.000000 0.000000 0.000000 1.000000 0.000000 0.000000
33.000000 347.194278 19.377228 -0.021972 2.770452 0.000000 0.000000 0.000000 1.000000 0.000000 0.000000
33.000000 347.196596 19.322090 0.013371 2.626989 0.000000 0.000000 0.000000 1.000000 0.000000 0.000000
33.000000 347.196831 20.283108 -0.096025 2.800031 0.000000 0.000000 0.000000 1.000000 0.000000 0.000000
33.000000 347.204255 19.231864 -0.040275 2.813961 0.000000 0.000000 0.000000 1.000000 0.000000 0.000000
33.000000 347.206489 19.220406 0.019596 2.679042 0.000000 0.000000 0.000000 1.000000 0.000000 0.000000
33.000000 347.206649 20.173748 -0.093129 2.841197 0.000000 0.000000 0.000000 1.000000 0.000000 0.000000
33.000000 347.214226 19.146686 -0.021256 2.864514 0.000000 0.000000 0.000000 1.000000 0.000000 0.000000
33.000000 347.216328 19.126772 0.028996 2.729151 0.000000 0.000000 0.000000 1.000000 0.000000 0.000000
33.000000 347.216679 20.046872 -0.082524 2.876365 0.000000 0.000000 0.000000 1.000000 0.000000 0.000000
33.000000 347.224553 19.034909 -0.016273 2.898921 0.000000 0.000000 0.000000 1.000000 0.000000 0.000000
33.000000 347.226551 19.342624 0.216158 2.886824 0.000000 0.000000 0.000000 1.000000 0.000000 0.000000
33.000000 347.226621 20.018735 -0.103446 2.931479 0.000000 0.000000 0.000000 1.000000 0.000000 0.000000
33.000000 347.234231 18.905497 -0.008462 2.940769 0.000000 0.000000 0.000000 1.000000 0.000000 0.000000
33.000000 347.236599 19.222731 0.226634 2.930028 0.000000 0.000000 0.000000 1.000000 0.000000 0.000000
33.000000 347.236599 19.958919 -0.105506 2.974450 0.000000 0.000000 0.000000 1.000000 0.000000 0.000000
33.000000 347.244400 18.763657 -0.017616 2.980275 0.000000 0.000000 0.000000 1.000000 0.000000 0.000000
33.000000 347.246649 18.759214 0.036873 2.855778 0.000000 0.000000 0.000000 1.000000 0.000000 0.000000
33.000000 347.246651 19.872657 -0.119790 3.015454 0.000000 0.000000 0.000000 1.000000 0.000000 0.000000
33.000000 347.254269 18.637803 -0.023707 3.016961 0.000000 0.000000 0.000000 1.000000 0.000000 0.000000
33.000000 347.256526 18.995282 0.227931 3.012017 0.000000 0.000000 0.000000 1.000000 0.000000 0.000000
33.000000 347.256702 19.800853 -0.121245 3.052275 0.000000 0.000000 0.000000 1.000000 0.000000 0.000000
33.000000 347.264248 18.546641 -0.001738 3.060885 0.000000 0.000000 0.000000 1.000000 0.000000 0.000000
33.000000 347.266592 18.521545 0.038884 2.933975 0.000000 0.000000 0.000000 1.000000 0.000000 0.000000
33.000000 347.266929 19.520899 -0.090843 3.064308 0.000000 0.000000 0.000000 1.000000 0.000000 0.000000
33.000000 347.274276 18.420949 0.008375 3.086520 0.000000 0.000000 0.000000 1.000000 0.000000 0.000000
33.000000 347.276809 18.399644 0.054042 2.960891 0.000000 0.000000 0.000000 1.000000 0.000000 0.000000
33.000000 347.276875 19.653073 -0.137089 3.129311 0.000000 0.000000 0.000000 1.000000 0.000000 0.000000
33.000000 347.284279 18.289580 0.008161 3.129668 0.000000 0.000000 0.000000 1.000000 0.000000 0.000000
33.000000 347.286571 18.288967 0.061700 3.004769 0.000000 0.000000 0.000000 1.000000 0.000000 0.000000
33.000000 347.286635 19.562201 -0.136050 3.162231 0.000000 0.000000 0.000000 1.000000 0.000000 0.000000
33.000000 347.294505 18.190012 0.007914 3.167224 0.000000 0.000000 0.000000 1.000000 0.000000 0.000000
33.000000 347.296542 18.193473 0.061189 3.049121 0.000000 0.000000 0.000000 1.000000 0.000000 0.000000
33.000000 347.296686 19.449986 -0.135856 3.200181 0.000000 0.000000 0.000000 1.000000 0.000000 0.000000
33.000000 347.304396 18.075847 0.012587 3.198682 0.000000 0.000000 0.000000 1.000000 0.000000 0.000000
33.000000 347.306451 18.086836 0.068857 3.087791 0.000000 0.000000 0.000000 1.000000 0.000000 0.000000
33.000000 347.306794 19.313981 -0.124052 3.233283 0.000000 0.000000 0.000000 1.000000 0.000000 0.000000
33.000000 347.314327 17.955961 0.013645 3.233369 0.000000 0.000000 0.000000 1.000000 0.000000 0.000000
33.000000 347.316516 17.963641 0.066589 3.123891 0.000000 0.000000 0.000000 1.000000 0.000000 0.000000
33.000000 347.316630 19.143461 -0.111091 3.255888 0.000000 0.000000 0.000000 1.000000 0.000000 0.000000
33.000000 347.324369 17.825599 0.011493 3.258642 0.000000 0.000000 0.000000 1.000000 0.000000 0.000000
33.000000 347.326673 17.848814 0.075069 3.148418 0.000000 0.000000 0.000000 1.000000 0.000000 0.000000
33.000000 347.326689 19.168656 -0.136343 3.296566 0.000000 0.000000 0.000000 1.000000 0.000000 0.000000
33.000000 347.334300 17.684617 0.011770 3.290588 0.000000 0.000000 0.000000 1.000000 0.000000 0.000000
33.000000 347.336446 17.726253 0.082428 3.188828 0.000000 0.000000 0.000000 1.000000 0.000000 0.000000
33.000000 347.336615 19.041067 -0.134605 3.333184 0.000000 0.000000 0.000000 1.000000 0.000000 0.000000
33.000000 347.344268 17.590724 0.018619 3.320606 0.000000 0.000000 0.000000 1.000000 0.000000 0.000000
33.000000 347.346555 17.636695 0.087995 3.223097 0.000000 0.000000 0.000000 1.000000 0.000000 0.000000
33.000000 347.346749 18.939623 -0.128494 3.359329 0.000000 0.000000 0.000000 1.000000 0.000000 0.000000
33.000000 347.354300 17.450235 0.015780 3.349697 0.000000 0.000000 0.000000 1.000000 0.000000 0.000000
33.000000 347.356703 17.818955 0.243036 3.342756 0.000000 0.000000 0.000000 1.000000 0.000000 0.000000
33.000000 347.356758 18.853770 -0.141329 3.384015 0.000000 0.000000 0.000000 1.000000 0.000000 0.000000
33.000000 347.364461 17.336549 0.016706 3.373115 0.000000 0.000000 0.000000 1.000000 0.000000 0.000000
33.000000 347.366698 17.689886 0.233427 3.361795 0.000000 0.000000 0.000000 1.000000 0.000000 0.000000
33.000000 347.366757 18.658272 -0.126695 3.402033 0.000000 0.000000 0.000000 1.000000 0.000000 0.000000
33.000000 347.374321 17.220394 0.026046 3.394158 0.000000 0.000000 0.000000 1.000000 0.000000 0.000000
33.000000 347.376614 17.270431 0.093110 3.301393 0.000000 0.000000 0.000000 1.000000 0.000000 0.000000
33.000000 347.376732 18.680755 -0.146663 3.434521 0.000000 0.000000 0.000000 1.000000 0.000000 0.000000
33.000000 347.384628 17.091643 0.023368 3.414542 0.000000 0.000000 0.000000 1.000000 0.000000 0.000000
33.000000 347.386455 17.151637 0.095257 3.329486 0.000000 0.000000 0.000000 1.000000 0.000000 0.000000
33.000000 347.386702 18.519495 -0.137946 3.460713 0.000000 0.000000 0.000000 1.000000 0.000000 0.000000
33.000000 347.394302 16.998827 0.038194 3.437622 0.000000 0.000000 0.000000 1.000000 0.000000 0.000000
33.000000 347.396472 17.043396 0.095574 3.360649 0.000000 0.000000 0.000000 1.000000 0.000000 0.000000
33.000000 347.396741 18.433946 -0.139809 3.483268 0.000000 0.000000 0.000000 1.000000 0.000000 0.000000
33.000000 347.404261 16.865359 0.031215 3.464752 0.000000 0.000000 0.000000 1.000000 0.000000 0.000000
33.000000 347.406430 16.929290 0.098823 3.391957 0.000000 0.000000 0.000000 1.000000 0.000000 0.000000
33.000000 347.406775 18.308160 -0.130560 3.510363 0.000000 0.000000 0.000000 1.000000 0.000000 0.000000
33.000000 347.414297 16.758670 0.037231 3.484119 0.000000 0.000000 0.000000 1.000000 0.000000 0.000000
33.000000 347.416671 16.826504 0.105120 3.413066 0.000000 0.000000 0.000000 1.000000 0.000000 0.000000
33.000000 347.416867 18.076450 -0.107051 3.521123 0.000000 0.000000 0.000000 1.000000 0.000000 0.000000
33.000000 347.424364 16.579322 0.038705 3.500945 0.000000 0.000000 0.000000 1.000000 0.000000 0.000000
33.000000 347.426671 16.666067 0.115349 3.433717 0.000000 0.000000 0.000000 1.000000 0.000000 0.000000
33.000000 347.426717 18.045906 -0.112193 3.543434 0.000000 0.000000 0.000000 1.000000 0.000000 0.000000
33.000000 347.434507 16.492445 0.048334 3.519702 0.000000 0.000000 0.000000 1.000000 0.000000 0.000000
33.000000 347.436587 16.563385 0.116682 3.456222 0.000000 0.000000 0.000000 1.000000 0.000000 0.000000
33.000000 347.436686 17.883016 -0.097156 3.561191 0.000000 0.000000 0.000000 1.000000 0.000000 0.000000
33.000000 347.444371 16.392935 0.052092 3.535980 0.000000 0.000000 0.000000 1.000000 0.000000 0.000000
33.000000 347.446764 16.464939 0.115678 3.480616 0.000000 0.000000 0.000000 1.000000 0.000000 0.000000
33.000000 347.454278 16.268137 0.043821 3.550736 0.000000 0.000000 0.000000 1.000000 0.000000 0.000000
33.000000 347.456585 16.367516 0.119496 3.501950 0.000000 0.000000 0.000000 1.000000 0.000000 0.000000
33.000000 347.456640 17.656124 -0.096039 3.600516 0.000000 0.000000 0.000000 1.000000 0.000000 0.000000
33.000000 347.464383 16.151361 0.049283 3.571434 0.000000 0.000000 0.000000 1.000000 0.000000 0.000000
33.000000 347.466547 16.261849 0.129794 3.516645 0.000000 0.000000 0.000000 1.000000 0.000000 0.000000
33.000000 347.466693 17.493629 -0.082936 3.610188 0.000000 0.000000 0.000000 1.000000 0.000000 0.000000
33.000000 347.474304 15.994117 0.053169 3.582549 0.000000 0.000000 0.000000 1.000000 0.000000 0.000000
33.000000 347.476610 16.426503 0.280668 3.582025 0.000000 0.000000 0.000000 1.000000 0.000000 0.000000
33.000000 347.476610 17.395700 -0.073679 3.622148 0.000000 0.000000 0.000000 1.000000 0.000000 0.000000
33.000000 347.484359 15.913142 0.064053 3.595296 0.000000 0.000000 0.000000 1.000000 0.000000 0.000000
33.000000 347.486653 16.010822 0.138467 3.547512 0.000000 0.000000 0.000000 1.000000 0.000000 0.000000
33.000000 347.494308 15.834471 0.077753 3.615543 0.000000 0.000000 0.000000 1.000000 0.000000 0.000000
33.000000 347.496592 15.912177 0.138680 3.569511 0.000000 0.000000 0.000000 1.000000 0.000000 0.000000
33.000000 347.504385 15.710510 0.077614 3.622446 0.000000 0.000000 0.000000 1.000000 0.000000 0.000000
33.000000 347.506639 15.798314 0.141242 3.585838 0.000000 0.000000 0.000000 1.000000 0.000000 0.000000
33.000000 347.506711 17.090384 -0.065881 3.667311 0.000000 0.000000 0.000000 1.000000 0.000000 0.000000
33.000000 347.514323 15.592466 0.078377 3.634101 0.000000 0.000000 0.000000 1.000000 0.000000 0.000000
33.000000 347.516630 15.697756 0.148377 3.595652 0.000000 0.000000 0.000000 1.000000 0.000000 0.000000
33.000000 347.524369 15.478453 0.087564 3.643440 0.000000 0.000000 0.000000 1.000000 0.000000 0.000000
33.000000 347.526700 15.880768 0.287626 3.649690 0.000000 0.000000 0.000000 1.000000 0.000000 0.000000
33.000000 347.526735 16.775213 -0.037517 3.685130 0.000000 0.000000 0.000000 1.000000 0.000000 0.000000
33.000000 347.534307 15.343304 0.086543 3.661172 0.000000 0.000000 0.000000 1.000000 0.000000 0.000000
33.000000 347.536682 15.753697 0.290360 3.659889 0.000000 0.000000 0.000000 1.000000 0.000000 0.000000
33.000000 347.536710 16.603048 -0.020270 3.694809 0.000000 0.000000 0.000000 1.000000 0.000000 0.000000
33.000000 347.544428 15.219597 0.076357 3.674752 0.000000 0.000000 0.000000 1.000000 0.000000 0.000000
33.000000 347.546638 15.362758 0.165431 3.635999 0.000000 0.000000 0.000000 1.000000 0.000000 0.000000
33.000000 347.546743 16.481531 -0.012887 3.704400 0.000000 0.000000 0.000000 1.000000 0.000000 0.000000
33.000000 347.551578 16.341404 0.067122 3.693836 0.000000 0.000000 0.000000 1.000000 0.000000 0.000000
33.000000 347.554314 15.096384 0.080410 3.679886 0.000000 0.000000 0.000000 1.000000 0.000000 0.000000
33.000000 347.556590 15.227210 0.162688 3.639372 0.000000 0.000000 0.000000 1.000000 0.000000 0.000000
33.000000 347.556670 16.502613 -0.041742 3.712064 0.000000 0.000000 0.000000 1.000000 0.000000 0.000000
33.000000 347.564387 15.037426 0.099815 3.684410 0.000000 0.000000 0.000000 1.000000 0.000000 0.000000
33.000000 347.566587 15.131840 0.163090 3.649888 0.000000 0.000000 0.000000 1.000000 0.000000 0.000000
33.000000 347.574363 14.862119 0.103125 3.686512 0.000000 0.000000 0.000000 1.000000 0.000000 0.000000
33.000000 347.576632 14.991017 0.183025 3.654418 0.000000 0.000000 0.000000 1.000000 0.000000 0.000000
33.000000 347.584423 14.789220 0.105320 3.691257 0.000000 0.000000 0.000000 1.000000 0.000000 0.000000
33.000000 347.586776 14.901223 0.177314 3.659979 0.000000 0.000000 0.000000 1.000000 0.000000 0.000000
33.000000 347.594338 14.699057 0.112749 3.699044 0.000000 0.000000 0.000000 1.000000 0.000000 0.000000
33.000000 347.596760 14.806329 0.179496 3.665126 0.000000 0.000000 0.000000 1.000000 0.000000 0.000000
33.000000 347.601483 15.213388 0.106207 3.723471 0.000000 0.000000 0.000000 1.000000 0.000000 0.000000
33.000000 347.604423 14.561833 0.119947 3.695540 0.000000 0.000000 0.000000 1.000000 0.000000 0.000000
33.000000 347.606646 14.674959 0.186492 3.672630 0.000000 0.000000 0.000000 1.000000 0.000000 0.000000
33.000000 347.611645 15.105265 0.106696 3.729657 0.000000 0.000000 0.000000 1.000000 0.000000 0.000000
33.000000 347.614359 14.434694 0.117150 3.700263 0.000000 0.000000 0.000000 1.000000 0.000000 0.000000
33.000000 347.616654 14.852814 0.309158 3.702143 0.000000 0.000000 0.000000 1.000000 0.000000 0.000000
33.000000 347.616825 15.574376 0.038498 3.729301 0.000000 0.000000 0.000000 1.000000 0.000000 0.000000
33.000000 347.621452 15.016621 0.109896 3.730037 0.000000 0.000000 0.000000 1.000000 0.000000 0.000000
33.000000 347.624463 14.312566 0.121182 3.690757 0.000000 0.000000 0.000000 1.000000 0.000000 0.000000
33.000000 347.626716 14.449943 0.199556 3.666197 0.000000 0.000000 0.000000 1.000000 0.000000 0.000000
33.000000 347.631558 14.887193 0.120216 3.728386 0.000000 0.000000 0.000000 1.000000 0.000000 0.000000
33.000000 347.634351 14.224111 0.133500 3.694599 0.000000 0.000000 0.000000 1.000000 0.000000 0.000000
33.000000 347.636615 14.341057 0.202121 3.674364 0.000000 0.000000 0.000000 1.000000 0.000000 0.000000
33.000000 347.636773 15.427556 0.035980 3.733938 0.000000 0.000000 0.000000 1.000000 0.000000 0.000000
33.000000 347.641474 15.248902 0.126715 3.708261 0.000000 0.000000 0.000000 1.000000 0.000000 0.000000
33.000000 347.644453 14.117430 0.133811 3.694597 0.000000 0.000000 0.000000 1.000000 0.000000 0.000000
33.000000 347.646664 14.243811 0.205724 3.672366 0.000000 0.000000 0.000000 1.000000 0.000000 0.000000
33.000000 347.646739 15.343122 0.035430 3.732201 0.000000 0.000000 0.000000 1.000000 0.000000 0.000000
33.000000 347.656642 14.635494 0.122871 3.730362 0.000000 0.000000 0.000000 1.000000 0.000000 0.000000
33.000000 347.656720 15.209207 0.045581 3.728478 0.000000 0.000000 0.000000 1.000000 0.000000 0.000000
33.000000 347.664491 13.903621 0.140825 3.685056 0.000000 0.000000 0.000000 1.000000 0.000000 0.000000
33.000000 347.667059 14.032878 0.213524 3.667024 0.000000 0.000000 0.000000 1.000000 0.000000 0.000000
33.000000 347.674397 13.732025 0.139425 3.691138 0.000000 0.000000 0.000000 1.000000 0.000000 0.000000
33.000000 347.676691 14.221275 0.353399 3.696518 0.000000 0.000000 0.000000 1.000000 0.000000 0.000000
33.000000 347.676774 14.993688 0.059512 3.724691 0.000000 0.000000 0.000000 1.000000 0.000000 0.000000
33.000000 347.684463 13.653857 0.154320 3.676554 0.000000 0.000000 0.000000 1.000000 0.000000 0.000000
33.000000 347.686742 14.124227 0.360386 3.681283 0.000000 0.000000 0.000000 1.000000 0.000000 0.000000
33.000000 347.686810 14.890223 0.064847 3.718184 0.000000 0.000000 0.000000 1.000000 0.000000 0.000000
33.000000 347.694392 13.577588 0.161379 3.679870 0.000000 0.000000 0.000000 1.000000 0.000000 0.000000
33.000000 347.696715 14.026050 0.355255 3.686901 0.000000 0.000000 0.000000 1.000000 0.000000 0.000000
33.000000 347.696841 14.722334 0.084785 3.719805 0.000000 0.000000 0.000000 1.000000 0.000000 0.000000
33.000000 347.704439 13.440633 0.158742 3.673801 0.000000 0.000000 0.000000 1.000000 0.000000 0.000000
33.000000 347.706778 13.920278 0.362797 3.686617 0.000000 0.000000 0.000000 1.000000 0.000000 0.000000
33.000000 347.706782 14.637215 0.086003 3.716685 0.000000 0.000000 0.000000 1.000000 0.000000 0.000000
33.000000 347.714414 13.356725 0.164081 3.663397 0.000000 0.000000 0.000000 1.000000 0.000000 0.000000
33.000000 347.716686 13.483356 0.231534 3.647937 0.000000 0.000000 0.000000 1.000000 0.000000 0.000000
33.000000 347.716748 14.584865 0.065379 3.704554 0.000000 0.000000 0.000000 1.000000 0.000000 0.000000
33.000000 347.724483 13.216167 0.174033 3.652862 0.000000 0.000000 0.000000 1.000000 0.000000 0.000000
33.000000 347.726818 13.690825 0.374490 3.666275 0.000000 0.000000 0.000000 1.000000 0.000000 0.000000
33.000000 347.727017 14.413464 0.093284 3.700913 0.000000 0.000000 0.000000 1.000000 0.000000 0.000000
33.000000 347.734407 13.152099 0.180297 3.645346 0.000000 0.000000 0.000000 1.000000 0.000000 0.000000
33.000000 347.736621 13.280078 0.249321 3.634655 0.000000 0.000000 0.000000 1.000000 0.000000 0.000000
33.000000 347.736765 14.287210 0.101497 3.691253 0.000000 0.000000 0.000000 1.000000 0.000000 0.000000
33.000000 347.744465 13.037928 0.183017 3.641643 0.000000 0.000000 0.000000 1.000000 0.000000 0.000000
33.000000 347.746647 13.171303 0.254767 3.626158 0.000000 0.000000 0.000000 1.000000 0.000000 0.000000
33.000000 347.746867 14.203572 0.103805 3.680990 0.000000 0.000000 0.000000 1.000000 0.000000 0.000000
33.000000 347.754713 12.929583 0.181934 3.628407 0.000000 0.000000 0.000000 1.000000 0.000000 0.000000
33.000000 347.756712 13.074903 0.259577 3.613355 0.000000 0.000000 0.000000 1.000000 0.000000 0.000000
33.000000 347.756781 14.033876 0.122175 3.666331 0.000000 0.000000 0.000000 1.000000 0.000000 0.000000
33.000000 347.764479 12.821580 0.194606 3.614899 0.000000 0.000000 0.000000 1.000000 0.000000 0.000000
33.000000 347.766684 12.954630 0.265510 3.606045 0.000000 0.000000 0.000000 1.000000 0.000000 0.000000
33.000000 347.766895 13.911133 0.132130 3.655847 0.000000 0.000000 0.000000 1.000000 0.000000 0.000000
33.000000 347.774412 12.697127 0.209728 3.591848 0.000000 0.000000 0.000000 1.000000 0.000000 0.000000
33.000000 347.776702 12.812517 0.278333 3.580675 0.000000 0.000000 0.000000 1.000000 0.000000 0.000000
33.000000 347.776812 13.774056 0.145094 3.640156 0.000000 0.000000 0.000000 1.000000 0.000000 0.000000
33.000000 347.784565 12.581204 0.209778 3.585780 0.000000 0.000000 0.000000 1.000000 0.000000 0.000000
33.000000 347.786719 12.701718 0.277377 3.572686 0.000000 0.000000 0.000000 1.000000 0.000000 0.000000
33.000000 347.786789 13.717826 0.137163 3.624848 0.000000 0.000000 0.000000 1.000000 0.000000 0.000000
33.000000 347.794434 12.511567 0.214981 3.571942 0.000000 0.000000 0.000000 1.000000 0.000000 0.000000
33.000000 347.796739 12.958101 0.399601 3.574710 0.000000 0.000000 0.000000 1.000000 0.000000 0.000000
33.000000 347.796817 13.634183 0.121785 3.606331 0.000000 0.000000 0.000000 1.000000 0.000000 0.000000
33.000000 347.804493 12.380492 0.208751 3.553166 0.000000 0.000000 0.000000 1.000000 0.000000 0.000000
33.000000 347.806767 12.508544 0.276415 3.546126 0.000000 0.000000 0.000000 1.000000 0.000000 0.000000
33.000000 347.806904 13.455982 0.151992 3.588970 0.000000 0.000000 0.000000 1.000000 0.000000 0.000000
33.000000 347.814678 12.305529 0.226189 3.537168 0.000000 0.000000 0.000000 1.000000 0.000000 0.000000
33.000000 347.816741 12.404308 0.282691 3.527576 0.000000 0.000000 0.000000 1.000000 0.000000 0.000000
33.000000 347.816765 13.287834 0.169444 3.566075 0.000000 0.000000 0.000000 1.000000 0.000000 0.000000
33.000000 347.824518 12.136162 0.233284 3.508075 0.000000 0.000000 0.000000 1.000000 0.000000 0.000000
33.000000 347.826620 12.237944 0.294324 3.499477 0.000000 0.000000 0.000000 1.000000 0.000000 0.000000
33.000000 347.827011 13.214193 0.164981 3.554207 0.000000 0.000000 0.000000 1.000000 0.000000 0.000000
33.000000 347.834426 12.115022 0.240674 3.491132 0.000000 0.000000 0.000000 1.000000 0.000000 0.000000
33.000000 347.836701 12.196968 0.291411 3.485759 0.000000 0.000000 0.000000 1.000000 0.000000 0.000000
33.000000 347.836817 13.102854 0.175880 3.531574 0.000000 0.000000 0.000000 1.000000 0.000000 0.000000
33.000000 347.844776 11.979791 0.236855 3.474834 0.000000 0.000000 0.000000 1.000000 0.000000 0.000000
33.000000 347.846791 12.085062 0.295596 3.471103 0.000000 0.000000 0.000000 1.000000 0.000000 0.000000
33.000000 347.846946 12.960686 0.187023 3.511839 0.000000 0.000000 0.000000 1.000000 0.000000 0.000000
33.000000 347.854462 11.843616 0.229742 3.450681 0.000000 0.000000 0.000000 1.000000 0.000000 0.000000
33.000000 347.856760 11.985294 0.299637 3.452912 0.000000 0.000000 0.000000 1.000000 0.000000 0.000000
33.000000 347.856819 12.845895 0.196719 3.487703 0.000000 0.000000 0.000000 1.000000 0.000000 0.000000
33.000000 347.864606 11.767623 0.249850 3.431187 0.000000 0.000000 0.000000 1.000000 0.000000 0.000000
33.000000 347.866800 11.868717 0.305777 3.428309 0.000000 0.000000 0.000000 1.000000 0.000000 0.000000
33.000000 347.866975 12.733129 0.202002 3.464858 0.000000 0.000000 0.000000 1.000000 0.000000 0.000000
33.000000 347.874485 11.620237 0.254875 3.401771 0.000000 0.000000 0.000000 1.000000 0.000000 0.000000
33.000000 347.876924 12.069905 0.435246 3.401401 0.000000 0.000000 0.000000 1.000000 0.000000 0.000000
33.000000 347.876997 12.522351 0.224620 3.438568 0.000000 0.000000 0.000000 1.000000 0.000000 0.000000
33.000000 347.884762 11.477891 0.252565 3.377053 0.000000 0.000000 0.000000 1.000000 0.000000 0.000000
33.000000 347.886736 11.597696 0.319524 3.373448 0.000000 0.000000 0.000000 1.000000 0.000000 0.000000
33.000000 347.887089 12.500493 0.213015 3.416676 0.000000 0.000000 0.000000 1.000000 0.000000 0.000000
33.000000 347.894515 11.443384 0.262635 3.353874 0.000000 0.000000 0.000000 1.000000 0.000000 0.000000
33.000000 347.896719 11.532056 0.316248 3.351426 0.000000 0.000000 0.000000 1.000000 0.000000 0.000000
33.000000 347.897051 12.398861 0.217530 3.389538 0.000000 0.000000 0.000000 1.000000 0.000000 0.000000
33.000000 347.904594 11.272434 0.250337 3.330125 0.000000 0.000000 0.000000 1.000000 0.000000 0.000000
33.000000 347.906711 11.425084 0.327040 3.328855 0.000000 0.000000 0.000000 1.000000 0.000000 0.000000
33.000000 347.906994 12.258608 0.233771 3.363274 0.000000 0.000000 0.000000 1.000000 0.000000 0.000000
33.000000 347.914726 11.235037 0.276272 3.297298 0.000000 0.000000 0.000000 1.000000 0.000000 0.000000
33.000000 347.916861 11.258130 0.304608 3.293807 0.000000 0.000000 0.000000 1.000000 0.000000 0.000000
33.000000 347.916907 12.268021 0.193522 3.330436 0.000000 0.000000 0.000000 1.000000 0.000000 0.000000
33.000000 347.924573 11.127248 0.279245 3.270276 0.000000 0.000000 0.000000 1.000000 0.000000 0.000000
33.000000 347.926764 11.145365 0.307807 3.265112 0.000000 0.000000 0.000000 1.000000 0.000000 0.000000
33.000000 347.927168 12.145314 0.199794 3.302702 0.000000 0.000000 0.000000 1.000000 0.000000 0.000000
33.000000 347.934485 11.006109 0.287668 3.236592 0.000000 0.000000 0.000000 1.000000 0.000000 0.000000
33.000000 347.937026 10.998400 0.314068 3.226434 0.000000 0.000000 0.000000 1.000000 0.000000 0.000000
33.000000 347.937058 12.050859 0.198145 3.277522 0.000000 0.000000 0.000000 1.000000 0.000000 0.000000
33.000000 347.944595 10.910602 0.284465 3.214423 0.000000 0.000000 0.000000 1.000000 0.000000 0.000000
33.000000 347.946678 10.989497 0.336121 3.216622 0.000000 0.000000 0.000000 1.000000 0.000000 0.000000
33.000000 347.946970 11.793921 0.255026 3.252465 0.000000 0.000000 0.000000 1.000000 0.000000 0.000000
33.000000 347.954509 10.792982 0.285415 3.180598 0.000000 0.000000 0.000000 1.000000 0.000000 0.000000
33.000000 347.956810 11.281811 0.476070 3.182396 0.000000 0.000000 0.000000 1.000000 0.000000 0.000000
33.000000 347.956861 11.840958 0.204780 3.210245 0.000000 0.000000 0.000000 1.000000 0.000000 0.000000
33.000000 347.964593 10.716734 0.299057 3.146451 0.000000 0.000000 0.000000 1.000000 0.000000 0.000000
33.000000 347.966721 10.697412 0.318832 3.138374 0.000000 0.000000 0.000000 1.000000 0.000000 0.000000
33.000000 347.967041 11.720241 0.214711 3.180406 0.000000 0.000000 0.000000 1.000000 0.000000 0.000000
33.000000 347.974536 10.617567 0.309474 3.104316 0.000000 0.000000 0.000000 1.000000 0.000000 0.000000
33.000000 347.976769 10.644374 0.348625 3.105055 0.000000 0.000000 0.000000 1.000000 0.000000 0.000000
33.000000 347.976817 11.439560 0.277395 3.142768 0.000000 0.000000 0.000000 1.000000 0.000000 0.000000
33.000000 347.984741 10.487061 0.317691 3.075482 0.000000 0.000000 0.000000 1.000000 0.000000 0.000000
33.000000 347.986791 10.509671 0.354975 3.073345 0.000000 0.000000 0.000000 1.000000 0.000000 0.000000
33.000000 347.987046 11.397715 0.271850 3.113157 0.000000 0.000000 0.000000 1.000000 0.000000 0.000000
33.000000 347.994534 10.410485 0.309590 3.044738 0.000000 0.000000 0.000000 1.000000 0.000000 0.000000
33.000000 347.996804 10.399800 0.333258 3.038774 0.000000 0.000000 0.000000 1.000000 0.000000 0.000000
33.000000 347.996896 11.343597 0.245410 3.076252 0.000000 0.000000 0.000000 1.000000 0.000000 0.000000
33.000000 348.004610 10.284756 0.318346 3.009966 0.000000 0.000000 0.000000 1.000000 0.000000 0.000000
33.000000 348.006798 10.240527 0.332324 3.000469 0.000000 0.000000 0.000000 1.000000 0.000000 0.000000
33.000000 348.007091 11.249229 0.239150 3.040220 0.000000 0.000000 0.000000 1.000000 0.000000 0.000000
33.000000 348.014545 10.210891 0.326528 2.969883 0.000000 0.000000 0.000000 1.000000 0.000000 0.000000
33.000000 348.016864 10.158439 0.337821 2.959028 0.000000 0.000000 0.000000 1.000000 0.000000 0.000000
33.000000 348.017069 11.126463 0.251517 2.996154 0.000000 0.000000 0.000000 1.000000 0.000000 0.000000
33.000000 348.024613 10.100606 0.330738 2.927198 0.000000 0.000000 0.000000 1.000000 0.000000 0.000000
33.000000 348.026892 10.059096 0.354604 2.917246 0.000000 0.000000 0.000000 1.000000 0.000000 0.000000
33.000000 348.027054 10.982010 0.275041 2.962802 0.000000 0.000000 0.000000 1.000000 0.000000 0.000000
33.000000 348.034525 10.023528 0.341768 2.888400 0.000000 0.000000 0.000000 1.000000 0.000000 0.000000
33.000000 348.036913 10.449684 0.518049 2.883322 0.000000 0.000000 0.000000 1.000000 0.000000 0.000000
33.000000 348.037002 10.905022 0.266090 2.922405 0.000000 0.000000 0.000000 1.000000 0.000000 0.000000
33.000000 348.044641 9.862455 0.326539 2.854437 0.000000 0.000000 0.000000 1.000000 0.000000 0.000000
33.000000 348.046829 10.350364 0.515729 2.858158 0.000000 0.000000 0.000000 1.000000 0.000000 0.000000
33.000000 348.047038 10.802262 0.268607 2.882882 0.000000 0.000000 0.000000 1.000000 0.000000 0.000000
33.000000 348.054579 9.816680 0.342677 2.820208 0.000000 0.000000 0.000000 1.000000 0.000000 0.000000
33.000000 348.056825 9.763432 0.361192 2.806219 0.000000 0.000000 0.000000 1.000000 0.000000 0.000000
33.000000 348.056935 10.657728 0.290478 2.843569 0.000000 0.000000 0.000000 1.000000 0.000000 0.000000
33.000000 348.064867 9.712451 0.350182 2.775609 0.000000 0.000000 0.000000 1.000000 0.000000 0.000000
33.000000 348.066800 9.645653 0.363122 2.763270 0.000000 0.000000 0.000000 1.000000 0.000000 0.000000
33.000000 348.066914 10.541829 0.295904 2.798838 0.000000 0.000000 0.000000 1.000000 0.000000 0.000000
33.000000 348.074512 9.602443 0.358023 2.725317 0.000000 0.000000 0.000000 1.000000 0.000000 0.000000
33.000000 348.076930 10.039083 0.536425 2.720072 0.000000 0.000000 0.000000 1.000000 0.000000 0.000000
33.000000 348.076938 10.408695 0.314044 2.753929 0.000000 0.000000 0.000000 1.000000 0.000000 0.000000
33.000000 348.084753 9.470016 0.357927 2.688029 0.000000 0.000000 0.000000 1.000000 0.000000 0.000000
33.000000 348.086908 9.926983 0.544699 2.680627 0.000000 0.000000 0.000000 1.000000 0.000000 0.000000
33.000000 348.094561 9.370473 0.358808 2.644567 0.000000 0.000000 0.000000 1.000000 0.000000 0.000000
33.000000 348.096966 9.297282 0.373766 2.632358 0.000000 0.000000 0.000000 1.000000 0.000000 0.000000
33.000000 348.097158 10.206410 0.312876 2.668726 0.000000 0.000000 0.000000 1.000000 0.000000 0.000000
33.000000 348.104698 9.298725 0.366785 2.598120 0.000000 0.000000 0.000000 1.000000 0.000000 0.000000
33.000000 348.106876 9.209331 0.375701 2.585483 0.000000 0.000000 0.000000 1.000000 0.000000 0.000000
33.000000 348.106891 10.077713 0.318666 2.622884 0.000000 0.000000 0.000000 1.000000 0.000000 0.000000
33.000000 348.114546 9.178381 0.367022 2.553256 0.000000 0.000000 0.000000 1.000000 0.000000 0.000000
33.000000 348.117066 9.633712 0.552875 2.548049 0.000000 0.000000 0.000000 1.000000 0.000000 0.000000
33.000000 348.124649 9.063367 0.373632 2.504220 0.000000 0.000000 0.000000 1.000000 0.000000 0.000000
33.000000 348.126827 8.989593 0.395716 2.484635 0.000000 0.000000 0.000000 1.000000 0.000000 0.000000
33.000000 348.127021 9.875123 0.340595 2.522148 0.000000 0.000000 0.000000 1.000000 0.000000 0.000000
33.000000 348.134567 8.968491 0.390894 2.454984 0.000000 0.000000 0.000000 1.000000 0.000000 0.000000
33.000000 348.136945 9.387854 0.576493 2.442377 0.000000 0.000000 0.000000 1.000000 0.000000 0.000000
33.000000 348.136971 9.749181 0.342493 2.472144 0.000000 0.000000 0.000000 1.000000 0.000000 0.000000
33.000000 348.144675 8.898068 0.387327 2.410871 0.000000 0.000000 0.000000 1.000000 0.000000 0.000000
33.000000 348.146826 8.774749 0.397236 2.386629 0.000000 0.000000 0.000000 1.000000 0.000000 0.000000
33.000000 348.147002 9.680115 0.343698 2.427944 0.000000 0.000000 0.000000 1.000000 0.000000 0.000000
33.000000 348.154564 8.810823 0.395581 2.365850 0.000000 0.000000 0.000000 1.000000 0.000000 0.000000
33.000000 348.156831 8.666730 0.404185 2.335528 0.000000 0.000000 0.000000 1.000000 0.000000 0.000000
33.000000 348.157031 9.583658 0.350344 2.379070 0.000000 0.000000 0.000000 1.000000 0.000000 0.000000
33.000000 348.164678 8.747334 0.405980 2.317818 0.000000 0.000000 0.000000 1.000000 0.000000 0.000000
33.000000 348.166879 8.561844 0.403007 2.286154 0.000000 0.000000 0.000000 1.000000 0.000000 0.000000
33.000000 348.167060 9.494128 0.351466 2.331704 0.000000 0.000000 0.000000 1.000000 0.000000 0.000000
33.000000 348.174568 8.686620 0.421214 2.254221 0.000000 0.000000 0.000000 1.000000 0.000000 0.000000
33.000000 348.176966 8.430558 0.404793 2.217125 0.000000 0.000000 0.000000 1.000000 0.000000 0.000000
33.000000 348.177023 9.401803 0.349193 2.276287 0.000000 0.000000 0.000000 1.000000 0.000000 0.000000
33.000000 348.184726 8.585009 0.427108 2.203444 0.000000 0.000000 0.000000 1.000000 0.000000 0.000000
33.000000 348.186757 8.319581 0.413818 2.166441 0.000000 0.000000 0.000000 1.000000 0.000000 0.000000
33.000000 348.186992 9.263741 0.364345 2.226723 0.000000 0.000000 0.000000 1.000000 0.000000 0.000000
33.000000 348.194842 8.475364 0.423308 2.159590 0.000000 0.000000 0.000000 1.000000 0.000000 0.000000
33.000000 348.196996 8.231239 0.410223 2.120545 0.000000 0.000000 0.000000 1.000000 0.000000 0.000000
33.000000 348.197088 9.152467 0.366645 2.169053 0.000000 0.000000 0.000000 1.000000 0.000000 0.000000
33.000000 348.204712 8.378277 0.427325 2.104887 0.000000 0.000000 0.000000 1.000000 0.000000 0.000000
33.000000 348.206878 8.113760 0.412577 2.062155 0.000000 0.000000 0.000000 1.000000 0.000000 0.000000
33.000000 348.207046 9.088149 0.363466 2.118829 0.000000 0.000000 0.000000 1.000000 0.000000 0.000000
33.000000 348.214602 8.300457 0.439605 2.047590 0.000000 0.000000 0.000000 1.000000 0.000000 0.000000
33.000000 348.216813 7.999918 0.419017 1.997090 0.000000 0.000000 0.000000 1.000000 0.000000 0.000000
33.000000 348.217070 8.966496 0.370727 2.055980 0.000000 0.000000 0.000000 1.000000 0.000000 0.000000
33.000000 348.224900 8.198964 0.443537 1.995899 0.000000 0.000000 0.000000 1.000000 0.000000 0.000000
33.000000 348.226852 7.885110 0.421398 1.941680 0.000000 0.000000 0.000000 1.000000 0.000000 0.000000
33.000000 348.227062 8.883526 0.369267 2.005491 0.000000 0.000000 0.000000 1.000000 0.000000 0.000000
33.000000 348.234848 8.110134 0.453570 1.943605 0.000000 0.000000 0.000000 1.000000 0.000000 0.000000
33.000000 348.237070 7.787210 0.433817 1.881554 0.000000 0.000000 0.000000 1.000000 0.000000 0.000000
33.000000 348.237092 8.778189 0.382688 1.943890 0.000000 0.000000 0.000000 1.000000 0.000000 0.000000
33.000000 348.244798 8.050825 0.461205 1.882120 0.000000 0.000000 0.000000 1.000000 0.000000 0.000000
33.000000 348.246780 7.671040 0.428759 1.813899 0.000000 0.000000 0.000000 1.000000 0.000000 0.000000
33.000000 348.247147 8.687139 0.379313 1.880171 0.000000 0.000000 0.000000 1.000000 0.000000 0.000000
33.000000 348.254858 7.951485 0.462795 1.818584 0.000000 0.000000 0.000000 1.000000 0.000000 0.000000
33.000000 348.256862 7.582483 0.433671 1.754694 0.000000 0.000000 0.000000 1.000000 0.000000 0.000000
33.000000 348.257034 8.550444 0.393311 1.817509 0.000000 0.000000 0.000000 1.000000 0.000000 0.000000
33.000000 348.264796 7.851114 0.467169 1.755019 0.000000 0.000000 0.000000 1.000000 0.000000 0.000000
33.000000 348.266951 7.491466 0.439385 1.692539 0.000000 0.000000 0.000000 1.000000 0.000000 0.000000
33.000000 348.267088 8.490836 0.391908 1.764432 0.000000 0.000000 0.000000 1.000000 0.000000 0.000000
33.000000 348.274751 7.797709 0.487304 1.706733 0.000000 0.000000 0.000000 1.000000 0.000000 0.000000
33.000000 348.276865 7.328157 0.437291 1.621144 0.000000 0.000000 0.000000 1.000000 0.000000 0.000000
33.000000 348.276972 8.424281 0.382022 1.700227 0.000000 0.000000 0.000000 1.000000 0.000000 0.000000
33.000000 348.284730 7.724856 0.496424 1.645084 0.000000 0.000000 0.000000 1.000000 0.000000 0.000000
33.000000 348.286909 7.224756 0.442775 1.556238 0.000000 0.000000 0.000000 1.000000 0.000000 0.000000
33.000000 348.287133 8.311401 0.391213 1.637878 0.000000 0.000000 0.000000 1.000000 0.000000 0.000000
33.000000 348.295136 7.642250 0.496126 1.582274 0.000000 0.000000 0.000000 1.000000 0.000000 0.000000
33.000000 348.296960 7.883780 0.652021 1.566523 0.000000 0.000000 0.000000 1.000000 0.000000 0.000000
33.000000 348.296987 8.230986 0.389104 1.573677 0.000000 0.000000 0.000000 1.000000 0.000000 0.000000
33.000000 348.304851 7.556359 0.504659 1.513220 0.000000 0.000000 0.000000 1.000000 0.000000 0.000000
33.000000 348.306889 7.035926 0.452084 1.423604 0.000000 0.000000 0.000000 1.000000 0.000000 0.000000
33.000000 348.307251 8.094222 0.404150 1.513017 0.000000 0.000000 0.000000 1.000000 0.000000 0.000000
33.000000 348.315805 7.480217 0.512833 1.453015 0.000000 0.000000 0.000000 1.000000 0.000000 0.000000
33.000000 348.317005 6.939156 0.454619 1.359895 0.000000 0.000000 0.000000 1.000000 0.000000 0.000000
33.000000 348.317051 8.011303 0.408310 1.450281 0.000000 0.000000 0.000000 1.000000 0.000000 0.000000
33.000000 348.325914 7.438782 0.522193 1.387241 0.000000 0.000000 0.000000 1.000000 0.000000 0.000000
33.000000 348.326879 6.885312 0.460354 1.300682 0.000000 0.000000 0.000000 1.000000 0.000000 0.000000
33.000000 348.327014 7.868601 0.423730 1.391252 0.000000 0.000000 0.000000 1.000000 0.000000 0.000000
33.000000 348.334680 7.330203 0.531195 1.323436 0.000000 0.000000 0.000000 1.000000 0.000000 0.000000
33.000000 348.336967 7.504406 0.674422 1.308046 0.000000 0.000000 0.000000 1.000000 0.000000 0.000000
33.000000 348.336975 7.822993 0.406295 1.325952 0.000000 0.000000 0.000000 1.000000 0.000000 0.000000
33.000000 348.344761 7.221986 0.536667 1.268711 0.000000 0.000000 0.000000 1.000000 0.000000 0.000000
33.000000 348.346840 6.624646 0.477437 1.160605 0.000000 0.000000 0.000000 1.000000 0.000000 0.000000
33.000000 348.346999 7.691769 0.434281 1.256394 0.000000 0.000000 0.000000 1.000000 0.000000 0.000000
33.000000 348.354846 7.137545 0.540193 1.202556 0.000000 0.000000 0.000000 1.000000 0.000000 0.000000
33.000000 348.356829 6.513083 0.473968 1.090831 0.000000 0.000000 0.000000 1.000000 0.000000 0.000000
33.000000 348.356961 7.588589 0.435364 1.186392 0.000000 0.000000 0.000000 1.000000 0.000000 0.000000
33.000000 348.364883 7.057936 0.545161 1.133776 0.000000 0.000000 0.000000 1.000000 0.000000 0.000000
33.000000 348.366934 6.451662 0.486849 1.025994 0.000000 0.000000 0.000000 1.000000 0.000000 0.000000
33.000000 348.367023 7.480762 0.449849 1.124254 0.000000 0.000000 0.000000 1.000000 0.000000 0.000000
33.000000 348.374700 6.981210 0.561435 1.060304 0.000000 0.000000 0.000000 1.000000 0.000000 0.000000
33.000000 348.376984 7.109656 0.707273 1.043981 0.000000 0.000000 0.000000 1.000000 0.000000 0.000000
33.000000 348.377059 7.401932 0.450334 1.054485 0.000000 0.000000 0.000000 1.000000 0.000000 0.000000
33.000000 348.384824 6.906063 0.558678 0.993692 0.000000 0.000000 0.000000 1.000000 0.000000 0.000000
33.000000 348.386809 6.168133 0.471958 0.866292 0.000000 0.000000 0.000000 1.000000 0.000000 0.000000
33.000000 348.387008 7.338704 0.430931 0.983869 0.000000 0.000000 0.000000 1.000000 0.000000 0.000000
33.000000 348.394762 6.817033 0.565163 0.927331 0.000000 0.000000 0.000000 1.000000 0.000000 0.000000
33.000000 348.397007 6.148159 0.497072 0.808873 0.000000 0.000000 0.000000 1.000000 0.000000 0.000000
33.000000 348.397064 7.199430 0.463053 0.916919 0.000000 0.000000 0.000000 1.000000 0.000000 0.000000
33.000000 348.405078 6.738449 0.571071 0.854063 0.000000 0.000000 0.000000 1.000000 0.000000 0.000000
33.000000 348.407025 5.966421 0.483260 0.710650 0.000000 0.000000 0.000000 1.000000 0.000000 0.000000
33.000000 348.407075 7.156211 0.440375 0.832562 0.000000 0.000000 0.000000 1.000000 0.000000 0.000000
33.000000 348.414898 6.667708 0.580544 0.780943 0.000000 0.000000 0.000000 1.000000 0.000000 0.000000
33.000000 348.417093 5.910776 0.502627 0.642925 0.000000 0.000000 0.000000 1.000000 0.000000 0.000000
33.000000 348.417145 7.016382 0.464173 0.765033 0.000000 0.000000 0.000000 1.000000 0.000000 0.000000
33.000000 348.425026 6.579032 0.598737 0.709033 0.000000 0.000000 0.000000 1.000000 0.000000 0.000000
33.000000 348.427018 5.770315 0.523426 0.571245 0.000000 0.000000 0.000000 1.000000 0.000000 0.000000
33.000000 348.427297 6.899909 0.485763 0.708025 0.000000 0.000000 0.000000 1.000000 0.000000 0.000000
33.000000 348.434761 6.520599 0.597558 0.634403 0.000000 0.000000 0.000000 1.000000 0.000000 0.000000
33.000000 348.437051 5.701604 0.507922 0.486612 0.000000 0.000000 0.000000 1.000000 0.000000 0.000000
33.000000 348.437186 6.851476 0.467734 0.622644 0.000000 0.000000 0.000000 1.000000 0.000000 0.000000
33.000000 348.445017 6.433207 0.601226 0.561822 0.000000 0.000000 0.000000 1.000000 0.000000 0.000000
33.000000 348.447043 5.570440 0.506161 0.402700 0.000000 0.000000 0.000000 1.000000 0.000000 0.000000
33.000000 348.447291 6.769120 0.464579 0.545283 0.000000 0.000000 0.000000 1.000000 0.000000 0.000000
33.000000 348.454756 6.346107 0.605516 0.490100 0.000000 0.000000 0.000000 1.000000 0.000000 0.000000
33.000000 348.457040 5.473475 0.509714 0.328246 0.000000 0.000000 0.000000 1.000000 0.000000 0.000000
33.000000 348.457191 6.646146 0.478240 0.463970 0.000000 0.000000 0.000000 1.000000 0.000000 0.000000
33.000000 348.465029 6.278347 0.615891 0.412088 0.000000 0.000000 0.000000 1.000000 0.000000 0.000000
33.000000 348.467084 5.366847 0.514692 0.245897 0.000000 0.000000 0.000000 1.000000 0.000000 0.000000
33.000000 348.467101 6.571066 0.477269 0.396872 0.000000 0.000000 0.000000 1.000000 0.000000 0.000000
33.000000 348.474773 6.203770 0.620096 0.336931 0.000000 0.000000 0.000000 1.000000 0.000000 0.000000
33.000000 348.477032 5.274551 0.515361 0.159214 0.000000 0.000000 0.000000 1.000000 0.000000 0.000000
33.000000 348.477057 6.496455 0.475423 0.311930 0.000000 0.000000 0.000000 1.000000 0.000000 0.000000
33.000000 348.484894 6.133794 0.625995 0.259436 0.000000 0.000000 0.000000 1.000000 0.000000 0.000000
33.000000 348.487052 5.186349 0.517550 0.083081 0.000000 0.000000 0.000000 1.000000 0.000000 0.000000
33.000000 348.487228 6.391056 0.481870 0.240003 0.000000 0.000000 0.000000 1.000000 0.000000 0.000000
33.000000 348.495011 6.044861 0.634997 0.183670 0.000000 0.000000 0.000000 1.000000 0.000000 0.000000
33.000000 348.497166 6.046957 0.763169 0.164296 0.000000 0.000000 0.000000 1.000000 0.000000 0.000000
33.000000 348.497202 6.307112 0.486198 0.162591 0.000000 0.000000 0.000000 1.000000 0.000000 0.000000
33.000000 348.504990 5.920754 0.630317 0.153028 0.000000 0.000000 0.000000 1.000000 0.000000 0.000000
33.000000 348.507049 4.967905 0.520702 -0.014664 0.000000 0.000000 0.000000 1.000000 0.000000 0.000000
33.000000 348.507338 6.254443 0.475796 0.168296 0.000000 0.000000 0.000000 1.000000 0.000000 0.000000
33.000000 348.514780 5.862578 0.628993 0.208034 0.000000 0.000000 0.000000 1.000000 0.000000 0.000000
33.000000 348.517136 4.923812 0.525459 0.048487 0.000000 0.000000 0.000000 1.000000 0.000000 0.000000
33.000000 348.517333 6.214200 0.478759 0.231343 0.000000 0.000000 0.000000 1.000000 0.000000 0.000000
33.000000 348.524966 5.806931 0.628517 0.265388 0.000000 0.000000 0.000000 1.000000 0.000000 0.000000
33.000000 348.526998 4.874288 0.526615 0.111251 0.000000 0.000000 0.000000 1.000000 0.000000 0.000000
33.000000 348.527338 6.163659 0.479675 0.290856 0.000000 0.000000 0.000000 1.000000 0.000000 0.000000
33.000000 348.534869 5.789798 0.632374 0.306934 0.000000 0.000000 0.000000 1.000000 0.000000 0.000000
33.000000 348.537208 4.825011 0.527321 0.158331 0.000000 0.000000 0.000000 1.000000 0.000000 0.000000
33.000000 348.537279 6.118661 0.478745 0.344577 0.000000 0.000000 0.000000 1.000000 0.000000 0.000000
33.000000 348.545034 5.708584 0.624908 0.371139 0.000000 0.000000 0.000000 1.000000 0.000000 0.000000
33.000000 348.547058 4.796612 0.526053 0.228399 0.000000 0.000000 0.000000 1.000000 0.000000 0.000000
33.000000 348.547157 6.074086 0.480977 0.399010 0.000000 0.000000 0.000000 1.000000 0.000000 0.000000
33.000000 348.554869 5.642565 0.622565 0.425320 0.000000 0.000000 0.000000 1.000000 0.000000 0.000000
33.000000 348.557206 4.770954 0.532559 0.293110 0.000000 0.000000 0.000000 1.000000 0.000000 0.000000
33.000000 348.557229 5.982348 0.493635 0.450250 0.000000 0.000000 0.000000 1.000000 0.000000 0.000000
33.000000 348.565372 5.590614 0.620430 0.474065 0.000000 0.000000 0.000000 1.000000 0.000000 0.000000
33.000000 348.567023 4.752206 0.541555 0.349235 0.000000 0.000000 0.000000 1.000000 0.000000 0.000000
33.000000 348.567261 5.951860 0.499862 0.504511 0.000000 0.000000 0.000000 1.000000 0.000000 0.000000
33.000000 348.575118 5.514137 0.615448 0.533170 0.000000 0.000000 0.000000 1.000000 0.000000 0.000000
33.000000 348.577126 5.653608 0.764344 0.544846 0.000000 0.000000 0.000000 1.000000 0.000000 0.000000
33.000000 348.577208 5.929915 0.479244 0.555814 0.000000 0.000000 0.000000 1.000000 0.000000 0.000000
33.000000 348.585041 5.481690 0.620155 0.576695 0.000000 0.000000 0.000000 1.000000 0.000000 0.000000
33.000000 348.587045 4.557514 0.517253 0.438019 0.000000 0.000000 0.000000 1.000000 0.000000 0.000000
33.000000 348.587174 5.904413 0.464442 0.599566 0.000000 0.000000 0.000000 1.000000 0.000000 0.000000
33.000000 348.595562 5.430430 0.617527 0.621745 0.000000 0.000000 0.000000 1.000000 0.000000 0.000000
33.000000 348.597167 5.567744 0.764208 0.633211 0.000000 0.000000 0.000000 1.000000 0.000000 0.000000
33.000000 348.597233 5.856787 0.464657 0.651619 0.000000 0.000000 0.000000 1.000000 0.000000 0.000000
33.000000 348.605440 5.363100 0.611841 0.671259 0.000000 0.000000 0.000000 1.000000 0.000000 0.000000
33.000000 348.607108 5.516428 0.763200 0.681437 0.000000 0.000000 0.000000 1.000000 0.000000 0.000000
33.000000 348.607236 5.784538 0.475682 0.708191 0.000000 0.000000 0.000000 1.000000 0.000000 0.000000
33.000000 348.615321 5.316504 0.610872 0.714653 0.000000 0.000000 0.000000 1.000000 0.000000 0.000000
33.000000 348.617094 5.471000 0.762911 0.726620 0.000000 0.000000 0.000000 1.000000 0.000000 0.000000
33.000000 348.617148 5.767063 0.462299 0.744060 0.000000 0.000000 0.000000 1.000000 0.000000 0.000000
33.000000 348.625311 5.257908 0.610803 0.757927 0.000000 0.000000 0.000000 1.000000 0.000000 0.000000
33.000000 348.627000 4.370652 0.518819 0.636042 0.000000 0.000000 0.000000 1.000000 0.000000 0.000000
33.000000 348.627247 5.721317 0.462257 0.787397 0.000000 0.000000 0.000000 1.000000 0.000000 0.000000
33.000000 348.634904 5.209000 0.611525 0.801932 0.000000 0.000000 0.000000 1.000000 0.000000 0.000000
33.000000 348.637156 5.377450 0.766181 0.813552 0.000000 0.000000 0.000000 1.000000 0.000000 0.000000
33.000000 348.637255 5.682663 0.461208 0.830841 0.000000 0.000000 0.000000 1.000000 0.000000 0.000000
33.000000 348.644965 5.137267 0.606448 0.849841 0.000000 0.000000 0.000000 1.000000 0.000000 0.000000
33.000000 348.647016 4.275659 0.514486 0.742717 0.000000 0.000000 0.000000 1.000000 0.000000 0.000000
33.000000 348.647114 5.620924 0.462498 0.884250 0.000000 0.000000 0.000000 1.000000 0.000000 0.000000
33.000000 348.654874 5.083636 0.604707 0.890353 0.000000 0.000000 0.000000 1.000000 0.000000 0.000000
33.000000 348.657118 5.268140 0.765319 0.899388 0.000000 0.000000 0.000000 1.000000 0.000000 0.000000
33.000000 348.657278 5.561961 0.473086 0.916521 0.000000 0.000000 0.000000 1.000000 0.000000 0.000000
33.000000 348.664900 5.021904 0.598103 0.934161 0.000000 0.000000 0.000000 1.000000 0.000000 0.000000
33.000000 348.667028 4.180930 0.507492 0.825012 0.000000 0.000000 0.000000 1.000000 0.000000 0.000000
33.000000 348.667092 5.553284 0.453075 0.955339 0.000000 0.000000 0.000000 1.000000 0.000000 0.000000
33.000000 348.674893 4.985436 0.601845 0.966108 0.000000 0.000000 0.000000 1.000000 0.000000 0.000000
33.000000 348.677066 5.186972 0.766132 0.977311 0.000000 0.000000 0.000000 1.000000 0.000000 0.000000
33.000000 348.677172 5.494805 0.464741 0.995397 0.000000 0.000000 0.000000 1.000000 0.000000 0.000000
33.000000 348.684938 4.934618 0.600542 1.004998 0.000000 0.000000 0.000000 1.000000 0.000000 0.000000
33.000000 348.687203 5.142087 0.764567 1.015468 0.000000 0.000000 0.000000 1.000000 0.000000 0.000000
33.000000 348.694814 4.881765 0.599895 1.041555 0.000000 0.000000 0.000000 1.000000 0.000000 0.000000
33.000000 348.697127 5.092275 0.764417 1.051810 0.000000 0.000000 0.000000 1.000000 0.000000 0.000000
33.000000 348.697150 5.418245 0.452628 1.067094 0.000000 0.000000 0.000000 1.000000 0.000000 0.000000
33.000000 348.704902 4.842133 0.599693 1.071405 0.000000 0.000000 0.000000 1.000000 0.000000 0.000000
33.000000 348.707081 5.050100 0.763681 1.081629 0.000000 0.000000 0.000000 1.000000 0.000000 0.000000
33.000000 348.707194 5.421373 0.418281 1.093178 0.000000 0.000000 0.000000 1.000000 0.000000 0.000000
33.000000 348.715127 4.764961 0.597172 1.111440 0.000000 0.000000 0.000000 1.000000 0.000000 0.000000
33.000000 348.717075 4.996500 0.767198 1.123257 0.000000 0.000000 0.000000 1.000000 0.000000 0.000000
33.000000 348.717139 5.319032 0.460995 1.138571 0.000000 0.000000 0.000000 1.000000 0.000000 0.000000
33.000000 348.725065 4.703638 0.596243 1.151636 0.000000 0.000000 0.000000 1.000000 0.000000 0.000000
33.000000 348.727091 3.872722 0.515983 1.042841 0.000000 0.000000 0.000000 1.000000 0.000000 0.000000
33.000000 348.727213 5.296713 0.447567 1.162255 0.000000 0.000000 0.000000 1.000000 0.000000 0.000000
33.000000 348.734890 4.662644 0.588804 1.183173 0.000000 0.000000 0.000000 1.000000 0.000000 0.000000
33.000000 348.737208 3.882200 0.513081 1.087524 0.000000 0.000000 0.000000 1.000000 0.000000 0.000000
33.000000 348.737253 5.239209 0.450876 1.199326 0.000000 0.000000 0.000000 1.000000 0.000000 0.000000
33.000000 348.745376 4.613745 0.590284 1.208882 0.000000 0.000000 0.000000 1.000000 0.000000 0.000000
33.000000 348.747086 3.729831 0.490989 1.108969 0.000000 0.000000 0.000000 1.000000 0.000000 0.000000
33.000000 348.747171 5.234707 0.421119 1.232224 0.000000 0.000000 0.000000 1.000000 0.000000 0.000000
33.000000 348.754923 4.558727 0.594507 1.238336 0.000000 0.000000 0.000000 1.000000 0.000000 0.000000
33.000000 348.757177 3.775480 0.524668 1.149395 0.000000 0.000000 0.000000 1.000000 0.000000 0.000000
33.000000 348.757212 5.131138 0.460233 1.262100 0.000000 0.000000 0.000000 1.000000 0.000000 0.000000
33.000000 348.765284 4.558501 0.603654 1.251794 0.000000 0.000000 0.000000 1.000000 0.000000 0.000000
33.000000 348.767051 3.764516 0.535593 1.178719 0.000000 0.000000 0.000000 1.000000 0.000000 0.000000
33.000000 348.767229 5.072432 0.470861 1.301903 0.000000 0.000000 0.000000 1.000000 0.000000 0.000000
33.000000 348.774892 4.484764 0.600824 1.285168 0.000000 0.000000 0.000000 1.000000 0.000000 0.000000
33.000000 348.777139 4.710047 0.774068 1.296755 0.000000 0.000000 0.000000 1.000000 0.000000 0.000000
33.000000 348.777175 5.062668 0.445192 1.317775 0.000000 0.000000 0.000000 1.000000 0.000000 0.000000
33.000000 348.785047 4.412522 0.592239 1.324009 0.000000 0.000000 0.000000 1.000000 0.000000 0.000000
33.000000 348.787101 4.668508 0.770333 1.332533 0.000000 0.000000 0.000000 1.000000 0.000000 0.000000
33.000000 348.787124 5.059133 0.417578 1.343573 0.000000 0.000000 0.000000 1.000000 0.000000 0.000000
33.000000 348.795116 4.362076 0.588119 1.350141 0.000000 0.000000 0.000000 1.000000 0.000000 0.000000
33.000000 348.797158 4.626770 0.765211 1.358712 0.000000 0.000000 0.000000 1.000000 0.000000 0.000000
33.000000 348.797182 5.009393 0.416476 1.374427 0.000000 0.000000 0.000000 1.000000 0.000000 0.000000
33.000000 348.805274 4.303842 0.585791 1.373318 0.000000 0.000000 0.000000 1.000000 0.000000 0.000000
33.000000 348.807062 3.509212 0.507417 1.299126 0.000000 0.000000 0.000000 1.000000 0.000000 0.000000
33.000000 348.807152 4.920015 0.442442 1.403201 0.000000 0.000000 0.000000 1.000000 0.000000 0.000000
33.000000 348.815067 4.249998 0.591267 1.397727 0.000000 0.000000 0.000000 1.000000 0.000000 0.000000
33.000000 348.817253 4.522068 0.775799 1.408568 0.000000 0.000000 0.000000 1.000000 0.000000 0.000000
33.000000 348.817352 4.919167 0.416603 1.424766 0.000000 0.000000 0.000000 1.000000 0.000000 0.000000
33.000000 348.825167 4.178466 0.582524 1.428602 0.000000 0.000000 0.000000 1.000000 0.000000 0.000000
33.000000 348.827068 3.325245 0.492571 1.340232 0.000000 0.000000 0.000000 1.000000 0.000000 0.000000
33.000000 348.827211 4.877716 0.415128 1.445532 0.000000 0.000000 0.000000 1.000000 0.000000 0.000000
33.000000 348.834905 4.118018 0.579596 1.452122 0.000000 0.000000 0.000000 1.000000 0.000000 0.000000
33.000000 348.837136 3.345650 0.513470 1.373390 0.000000 0.000000 0.000000 1.000000 0.000000 0.000000
33.000000 348.837225 4.798406 0.440810 1.472041 0.000000 0.000000 0.000000 1.000000 0.000000 0.000000
33.000000 348.845005 4.101226 0.582555 1.467241 0.000000 0.000000 0.000000 1.000000 0.000000 0.000000
33.000000 348.847159 4.396151 0.767088 1.473949 0.000000 0.000000 0.000000 1.000000 0.000000 0.000000
33.000000 348.847281 4.743986 0.446140 1.493287 0.000000 0.000000 0.000000 1.000000 0.000000 0.000000
33.000000 348.854945 4.030414 0.577973 1.489928 0.000000 0.000000 0.000000 1.000000 0.000000 0.000000
33.000000 348.857141 4.342569 0.767057 1.495884 0.000000 0.000000 0.000000 1.000000 0.000000 0.000000
33.000000 348.857211 4.705110 0.439260 1.506882 0.000000 0.000000 0.000000 1.000000 0.000000 0.000000
33.000000 348.865036 3.981954 0.585189 1.505957 0.000000 0.000000 0.000000 1.000000 0.000000 0.000000
33.000000 348.867227 4.288567 0.778662 1.513744 0.000000 0.000000 0.000000 1.000000 0.000000 0.000000
33.000000 348.867268 4.645392 0.449659 1.535294 0.000000 0.000000 0.000000 1.000000 0.000000 0.000000
33.000000 348.875096 3.907160 0.577057 1.532845 0.000000 0.000000 0.000000 1.000000 0.000000 0.000000
33.000000 348.877195 4.244486 0.774231 1.538225 0.000000 0.000000 0.000000 1.000000 0.000000 0.000000
33.000000 348.877306 4.596812 0.449231 1.558789 0.000000 0.000000 0.000000 1.000000 0.000000 0.000000
33.000000 348.885031 3.878665 0.576782 1.547420 0.000000 0.000000 0.000000 1.000000 0.000000 0.000000
33.000000 348.887097 3.159027 0.517101 1.488589 0.000000 0.000000 0.000000 1.000000 0.000000 0.000000
33.000000 348.887459 4.553006 0.450283 1.574904 0.000000 0.000000 0.000000 1.000000 0.000000 0.000000
33.000000 348.894919 3.815777 0.574057 1.559894 0.000000 0.000000 0.000000 1.000000 0.000000 0.000000
33.000000 348.897218 3.085503 0.515624 1.497275 0.000000 0.000000 0.000000 1.000000 0.000000 0.000000
33.000000 348.897310 4.518424 0.444116 1.585409 0.000000 0.000000 0.000000 1.000000 0.000000 0.000000
33.000000 348.905256 3.764303 0.569024 1.581212 0.000000 0.000000 0.000000 1.000000 0.000000 0.000000
33.000000 348.907253 2.986999 0.497028 1.507490 0.000000 0.000000 0.000000 1.000000 0.000000 0.000000
33.000000 348.907328 4.513039 0.421145 1.591745 0.000000 0.000000 0.000000 1.000000 0.000000 0.000000
33.000000 348.914927 3.764701 0.583404 1.578477 0.000000 0.000000 0.000000 1.000000 0.000000 0.000000
33.000000 348.917290 2.947797 0.511437 1.518408 0.000000 0.000000 0.000000 1.000000 0.000000 0.000000
33.000000 348.917427 4.439490 0.434081 1.615958 0.000000 0.000000 0.000000 1.000000 0.000000 0.000000
33.000000 348.925149 3.670526 0.570829 1.606342 0.000000 0.000000 0.000000 1.000000 0.000000 0.000000
33.000000 348.927098 2.915184 0.503593 1.547700 0.000000 0.000000 0.000000 1.000000 0.000000 0.000000
33.000000 348.927456 4.392375 0.431803 1.630485 0.000000 0.000000 0.000000 1.000000 0.000000 0.000000
33.000000 348.934947 3.616491 0.571981 1.619898 0.000000 0.000000 0.000000 1.000000 0.000000 0.000000
33.000000 348.937230 2.857654 0.502953 1.561154 0.000000 0.000000 0.000000 1.000000 0.000000 0.000000
33.000000 348.937465 4.351789 0.429934 1.642559 0.000000 0.000000 0.000000 1.000000 0.000000 0.000000
33.000000 348.945021 3.577540 0.573512 1.627151 0.000000 0.000000 0.000000 1.000000 0.000000 0.000000
33.000000 348.947205 2.809087 0.505457 1.568876 0.000000 0.000000 0.000000 1.000000 0.000000 0.000000
33.000000 348.947349 4.300310 0.430650 1.652809 0.000000 0.000000 0.000000 1.000000 0.000000 0.000000
33.000000 348.954992 3.533107 0.571727 1.637242 0.000000 0.000000 0.000000 1.000000 0.000000 0.000000
33.000000 348.957218 2.749609 0.501120 1.574622 0.000000 0.000000 0.000000 1.000000 0.000000 0.000000
33.000000 348.957402 4.267971 0.423438 1.658692 0.000000 0.000000 0.000000 1.000000 0.000000 0.000000
33.000000 348.965103 3.512058 0.582612 1.637577 0.000000 0.000000 0.000000 1.000000 0.000000 0.000000
33.000000 348.967142 2.679799 0.510607 1.576400 0.000000 0.000000 0.000000 1.000000 0.000000 0.000000
33.000000 348.967288 4.216263 0.427978 1.669937 0.000000 0.000000 0.000000 1.000000 0.000000 0.000000
33.000000 348.974949 3.422713 0.579353 1.657231 0.000000 0.000000 0.000000 1.000000 0.000000 0.000000
33.000000 348.977284 2.601349 0.512937 1.590816 0.000000 0.000000 0.000000 1.000000 0.000000 0.000000
33.000000 348.977627 4.171954 0.430414 1.676277 0.000000 0.000000 0.000000 1.000000 0.000000 0.000000
33.000000 348.985110 3.394269 0.581981 1.660389 0.000000 0.000000 0.000000 1.000000 0.000000 0.000000
33.000000 348.987342 2.582674 0.513292 1.599264 0.000000 0.000000 0.000000 1.000000 0.000000 0.000000
33.000000 348.987441 4.124619 0.432240 1.684842 0.000000 0.000000 0.000000 1.000000 0.000000 0.000000
33.000000 348.995200 3.341228 0.568439 1.668976 0.000000 0.000000 0.000000 1.000000 0.000000 0.000000
33.000000 348.997345 2.549663 0.495774 1.604010 0.000000 0.000000 0.000000 1.000000 0.000000 0.000000
33.000000 348.997490 4.100520 0.416336 1.682346 0.000000 0.000000 0.000000 1.000000 0.000000 0.000000
33.000000 349.005100 3.296460 0.571035 1.672060 0.000000 0.000000 0.000000 1.000000 0.000000 0.000000
33.000000 349.007219 2.500064 0.500095 1.615854 0.000000 0.000000 0.000000 1.000000 0.000000 0.000000
33.000000 349.007298 4.046956 0.423261 1.693465 0.000000 0.000000 0.000000 1.000000 0.000000 0.000000
33.000000 349.015285 3.264676 0.580665 1.668894 0.000000 0.000000 0.000000 1.000000 0.000000 0.000000
33.000000 349.017292 3.600542 0.792105 1.673330 0.000000 0.000000 0.000000 1.000000 0.000000 0.000000
33.000000 349.017306 3.966259 0.448197 1.699594 0.000000 0.000000 0.000000 1.000000 0.000000 0.000000
33.000000 349.025432 3.223908 0.582037 1.674652 0.000000 0.000000 0.000000 1.000000 0.000000 0.000000
33.000000 349.027209 2.297567 0.490565 1.604371 0.000000 0.000000 0.000000 1.000000 0.000000 0.000000
33.000000 349.027299 3.985754 0.399158 1.695164 0.000000 0.000000 0.000000 1.000000 0.000000 0.000000
33.000000 349.035142 3.195906 0.576240 1.673241 0.000000 0.000000 0.000000 1.000000 0.000000 0.000000
33.000000 349.037294 3.528076 0.777745 1.673924 0.000000 0.000000 0.000000 1.000000 0.000000 0.000000
33.000000 349.037418 3.874930 0.446327 1.702500 0.000000 0.000000 0.000000 1.000000 0.000000 0.000000
33.000000 349.045091 3.118221 0.567529 1.676457 0.000000 0.000000 0.000000 1.000000 0.000000 0.000000
33.000000 349.047270 2.413260 0.523401 1.630186 0.000000 0.000000 0.000000 1.000000 0.000000 0.000000
33.000000 349.047398 3.828569 0.452340 1.704828 0.000000 0.000000 0.000000 1.000000 0.000000 0.000000
33.000000 349.054986 3.074397 0.566278 1.679844 0.000000 0.000000 0.000000 1.000000 0.000000 0.000000
33.000000 349.057298 3.442146 0.777443 1.678604 0.000000 0.000000 0.000000 1.000000 0.000000 0.000000
33.000000 349.057310 3.830842 0.418174 1.689433 0.000000 0.000000 0.000000 1.000000 0.000000 0.000000
33.000000 349.065145 3.062794 0.582637 1.669829 0.000000 0.000000 0.000000 1.000000 0.000000 0.000000
33.000000 349.067137 2.140859 0.497274 1.601973 0.000000 0.000000 0.000000 1.000000 0.000000 0.000000
33.000000 349.067314 3.797938 0.406616 1.693055 0.000000 0.000000 0.000000 1.000000 0.000000 0.000000
33.000000 349.074988 3.008008 0.578902 1.672036 0.000000 0.000000 0.000000 1.000000 0.000000 0.000000
33.000000 349.077311 2.046902 0.486098 1.596055 0.000000 0.000000 0.000000 1.000000 0.000000 0.000000
33.000000 349.077393 3.778561 0.391995 1.685962 0.000000 0.000000 0.000000 1.000000 0.000000 0.000000
33.000000 349.085160 2.953510 0.567410 1.671290 0.000000 0.000000 0.000000 1.000000 0.000000 0.000000
33.000000 349.087210 2.013874 0.470939 1.596249 0.000000 0.000000 0.000000 1.000000 0.000000 0.000000
33.000000 349.087336 3.742630 0.380760 1.679253 0.000000 0.000000 0.000000 1.000000 0.000000 0.000000
33.000000 349.095024 2.922044 0.573043 1.666140 0.000000 0.000000 0.000000 1.000000 0.000000 0.000000
33.000000 349.097285 3.265101 0.782652 1.662774 0.000000 0.000000 0.000000 1.000000 0.000000 0.000000
33.000000 349.097303 3.703018 0.379474 1.668917 0.000000 0.000000 0.000000 1.000000 0.000000 0.000000
33.000000 349.105117 2.881196 0.569237 1.657966 0.000000 0.000000 0.000000 1.000000 0.000000 0.000000
33.000000 349.107271 2.035149 0.496155 1.590234 0.000000 0.000000 0.000000 1.000000 0.000000 0.000000
33.000000 349.107341 3.608855 0.417617 1.663970 0.000000 0.000000 0.000000 1.000000 0.000000 0.000000
33.000000 349.115053 2.874693 0.584657 1.638843 0.000000 0.000000 0.000000 1.000000 0.000000 0.000000
33.000000 349.117292 3.179175 0.788426 1.640840 0.000000 0.000000 0.000000 1.000000 0.000000 0.000000
33.000000 349.117383 3.620275 0.373896 1.658488 0.000000 0.000000 0.000000 1.000000 0.000000 0.000000
33.000000 349.125215 2.837612 0.588001 1.631772 0.000000 0.000000 0.000000 1.000000 0.000000 0.000000
33.000000 349.127259 1.766533 0.474935 1.553549 0.000000 0.000000 0.000000 1.000000 0.000000 0.000000
33.000000 349.127357 3.576443 0.376167 1.651862 0.000000 0.000000 0.000000 1.000000 0.000000 0.000000
33.000000 349.135027 2.793681 0.580873 1.625992 0.000000 0.000000 0.000000 1.000000 0.000000 0.000000
33.000000 349.137324 3.097031 0.784313 1.625390 0.000000 0.000000 0.000000 1.000000 0.000000 0.000000
33.000000 349.137414 3.502964 0.395110 1.645141 0.000000 0.000000 0.000000 1.000000 0.000000 0.000000
33.000000 349.145166 2.724168 0.578259 1.625645 0.000000 0.000000 0.000000 1.000000 0.000000 0.000000
33.000000 349.147287 1.689601 0.473807 1.544191 0.000000 0.000000 0.000000 1.000000 0.000000 0.000000
33.000000 349.147356 3.479730 0.380094 1.633529 0.000000 0.000000 0.000000 1.000000 0.000000 0.000000
33.000000 349.155025 2.683010 0.576281 1.615156 0.000000 0.000000 0.000000 1.000000 0.000000 0.000000
33.000000 349.157400 1.684685 0.478793 1.527385 0.000000 0.000000 0.000000 1.000000 0.000000 0.000000
33.000000 349.157464 3.418415 0.388716 1.611699 0.000000 0.000000 0.000000 1.000000 0.000000 0.000000
33.000000 349.165141 2.657291 0.592394 1.599468 0.000000 0.000000 0.000000 1.000000 0.000000 0.000000
33.000000 349.167215 1.573694 0.489413 1.513926 0.000000 0.000000 0.000000 1.000000 0.000000 0.000000
33.000000 349.167482 3.373497 0.391710 1.611575 0.000000 0.000000 0.000000 1.000000 0.000000 0.000000
33.000000 349.175474 2.638958 0.587586 1.581957 0.000000 0.000000 0.000000 1.000000 0.000000 0.000000
33.000000 349.177364 1.589840 0.482619 1.504200 0.000000 0.000000 0.000000 1.000000 0.000000 0.000000
33.000000 349.177444 3.330533 0.391695 1.597653 0.000000 0.000000 0.000000 1.000000 0.000000 0.000000
33.000000 349.185151 2.570016 0.577776 1.580520 0.000000 0.000000 0.000000 1.000000 0.000000 0.000000
33.000000 349.187208 1.510813 0.468437 1.492085 0.000000 0.000000 0.000000 1.000000 0.000000 0.000000
33.000000 349.187606 3.301765 0.377085 1.580387 0.000000 0.000000 0.000000 1.000000 0.000000 0.000000
33.000000 349.195034 2.547920 0.582021 1.557181 0.000000 0.000000 0.000000 1.000000 0.000000 0.000000
33.000000 349.197447 1.507065 0.480128 1.478236 0.000000 0.000000 0.000000 1.000000 0.000000 0.000000
33.000000 349.197488 3.245655 0.391601 1.569531 0.000000 0.000000 0.000000 1.000000 0.000000 0.000000
33.000000 349.205221 2.495184 0.586028 1.548341 0.000000 0.000000 0.000000 1.000000 0.000000 0.000000
33.000000 349.207326 1.455040 0.490051 1.460875 0.000000 0.000000 0.000000 1.000000 0.000000 0.000000
33.000000 349.207371 3.183823 0.402543 1.548952 0.000000 0.000000 0.000000 1.000000 0.000000 0.000000
33.000000 349.215074 2.466782 0.594798 1.526497 0.000000 0.000000 0.000000 1.000000 0.000000 0.000000
33.000000 349.217488 2.737476 0.803437 1.526738 0.000000 0.000000 0.000000 1.000000 0.000000 0.000000
33.000000 349.217512 3.136283 0.409953 1.534874 0.000000 0.000000 0.000000 1.000000 0.000000 0.000000
33.000000 349.225221 2.467057 0.592841 1.499729 0.000000 0.000000 0.000000 1.000000 0.000000 0.000000
33.000000 349.227273 1.336959 0.475635 1.415446 0.000000 0.000000 0.000000 1.000000 0.000000 0.000000
33.000000 349.227434 3.120568 0.383580 1.516686 0.000000 0.000000 0.000000 1.000000 0.000000 0.000000
33.000000 349.235092 2.387908 0.587854 1.495667 0.000000 0.000000 0.000000 1.000000 0.000000 0.000000
33.000000 349.237473 1.276672 0.478419 1.399783 0.000000 0.000000 0.000000 1.000000 0.000000 0.000000
33.000000 349.237489 3.072309 0.387593 1.494565 0.000000 0.000000 0.000000 1.000000 0.000000 0.000000
33.000000 349.245214 2.352094 0.585207 1.475415 0.000000 0.000000 0.000000 1.000000 0.000000 0.000000
33.000000 349.247355 1.287708 0.483968 1.385313 0.000000 0.000000 0.000000 1.000000 0.000000 0.000000
33.000000 349.247428 3.015204 0.399130 1.476313 0.000000 0.000000 0.000000 1.000000 0.000000 0.000000
33.000000 349.255076 2.324803 0.589139 1.451650 0.000000 0.000000 0.000000 1.000000 0.000000 0.000000
33.000000 349.257362 1.179559 0.474723 1.348039 0.000000 0.000000 0.000000 1.000000 0.000000 0.000000
33.000000 349.257604 2.987838 0.385614 1.442920 0.000000 0.000000 0.000000 1.000000 0.000000 0.000000
33.000000 349.265211 2.352965 0.604171 1.407403 0.000000 0.000000 0.000000 1.000000 0.000000 0.000000
33.000000 349.267260 1.126662 0.478344 1.314640 0.000000 0.000000 0.000000 1.000000 0.000000 0.000000
33.000000 349.267393 2.947582 0.382061 1.430292 0.000000 0.000000 0.000000 1.000000 0.000000 0.000000
33.000000 349.275112 2.277847 0.601228 1.400049 0.000000 0.000000 0.000000 1.000000 0.000000 0.000000
33.000000 349.277401 1.035339 0.475002 1.293297 0.000000 0.000000 0.000000 1.000000 0.000000 0.000000
33.000000 349.277721 2.911566 0.378630 1.404202 0.000000 0.000000 0.000000 1.000000 0.000000 0.000000
33.000000 349.285493 2.253127 0.602140 1.373853 0.000000 0.000000 0.000000 1.000000 0.000000 0.000000
33.000000 349.287364 2.454948 0.798265 1.372392 0.000000 0.000000 0.000000 1.000000 0.000000 0.000000
33.000000 349.287549 2.856526 0.384827 1.382172 0.000000 0.000000 0.000000 1.000000 0.000000 0.000000
33.000000 349.295118 2.210184 0.602327 1.354471 0.000000 0.000000 0.000000 1.000000 0.000000 0.000000
33.000000 349.297371 0.984311 0.476634 1.255197 0.000000 0.000000 0.000000 1.000000 0.000000 0.000000
33.000000 349.297503 2.808174 0.386938 1.364142 0.000000 0.000000 0.000000 1.000000 0.000000 0.000000
33.000000 349.305250 2.167708 0.600541 1.330716 0.000000 0.000000 0.000000 1.000000 0.000000 0.000000
33.000000 349.307344 0.955052 0.479872 1.217054 0.000000 0.000000 0.000000 1.000000 0.000000 0.000000
33.000000 349.307442 2.763555 0.390973 1.323175 0.000000 0.000000 0.000000 1.000000 0.000000 0.000000
33.000000 349.315118 2.193061 0.620751 1.286944 0.000000 0.000000 0.000000 1.000000 0.000000 0.000000
33.000000 349.317374 0.789322 0.473205 1.166387 0.000000 0.000000 0.000000 1.000000 0.000000 0.000000
33.000000 349.317493 2.738805 0.372544 1.294794 0.000000 0.000000 0.000000 1.000000 0.000000 0.000000
33.000000 349.325249 2.135721 0.606670 1.260717 0.000000 0.000000 0.000000 1.000000 0.000000 0.000000
33.000000 349.327282 0.869938 0.480756 1.157693 0.000000 0.000000 0.000000 1.000000 0.000000 0.000000
33.000000 349.327493 2.671649 0.392171 1.275762 0.000000 0.000000 0.000000 1.000000 0.000000 0.000000
33.000000 349.335137 2.075231 0.607251 1.240047 0.000000 0.000000 0.000000 1.000000 0.000000 0.000000
33.000000 349.337355 0.792816 0.480597 1.123724 0.000000 0.000000 0.000000 1.000000 0.000000 0.000000
33.000000 349.337411 2.639752 0.389717 1.242535 0.000000 0.000000 0.000000 1.000000 0.000000 0.000000
33.000000 349.345197 2.054181 0.609814 1.208518 0.000000 0.000000 0.000000 1.000000 0.000000 0.000000
33.000000 349.347336 0.756452 0.479706 1.089637 0.000000 0.000000 0.000000 1.000000 0.000000 0.000000
33.000000 349.347527 2.596741 0.390484 1.209380 0.000000 0.000000 0.000000 1.000000 0.000000 0.000000
33.000000 349.355427 2.040204 0.614921 1.173664 0.000000 0.000000 0.000000 1.000000 0.000000 0.000000
33.000000 349.357500 0.680662 0.475350 1.042645 0.000000 0.000000 0.000000 1.000000 0.000000 0.000000
33.000000 349.357617 2.566425 0.382408 1.169049 0.000000 0.000000 0.000000 1.000000 0.000000 0.000000
33.000000 349.365211 1.992385 0.615165 1.146595 0.000000 0.000000 0.000000 1.000000 0.000000 0.000000
33.000000 349.367360 0.575707 0.463674 1.010444 0.000000 0.000000 0.000000 1.000000 0.000000 0.000000
33.000000 349.367522 2.534572 0.369022 1.141139 0.000000 0.000000 0.000000 1.000000 0.000000 0.000000
33.000000 349.375285 2.005478 0.631603 1.097518 0.000000 0.000000 0.000000 1.000000 0.000000 0.000000
33.000000 349.377395 0.531441 0.479715 0.962212 0.000000 0.000000 0.000000 1.000000 0.000000 0.000000
33.000000 349.377497 2.481299 0.380717 1.107254 0.000000 0.000000 0.000000 1.000000 0.000000 0.000000
33.000000 349.385268 1.965856 0.621567 1.070799 0.000000 0.000000 0.000000 1.000000 0.000000 0.000000
33.000000 349.387325 0.553360 0.476434 0.937946 0.000000 0.000000 0.000000 1.000000 0.000000 0.000000
33.000000 349.387588 2.436175 0.385480 1.074113 0.000000 0.000000 0.000000 1.000000 0.000000 0.000000
33.000000 349.395241 1.936699 0.622248 1.034023 0.000000 0.000000 0.000000 1.000000 0.000000 0.000000
33.000000 349.397398 0.496407 0.475456 0.896469 0.000000 0.000000 0.000000 1.000000 0.000000 0.000000
33.000000 349.397471 2.398444 0.383741 1.037000 0.000000 0.000000 0.000000 1.000000 0.000000 0.000000
33.000000 349.405234 1.913894 0.623930 0.996231 0.000000 0.000000 0.000000 1.000000 0.000000 0.000000
33.000000 349.407346 0.405864 0.466437 0.848135 0.000000 0.000000 0.000000 1.000000 0.000000 0.000000
33.000000 349.407560 2.367743 0.372757 0.994589 0.000000 0.000000 0.000000 1.000000 0.000000 0.000000
33.000000 349.417448 0.262584 0.473678 0.800309 0.000000 0.000000 0.000000 1.000000 0.000000 0.000000
33.000000 349.417451 2.324881 0.372130 0.959594 0.000000 0.000000 0.000000 1.000000 0.000000 0.000000
33.000000 349.427364 0.288553 0.471076 0.764028 0.000000 0.000000 0.000000 1.000000 0.000000 0.000000
33.000000 349.427449 2.280047 0.375516 0.917437 0.000000 0.000000 0.000000 1.000000 0.000000 0.000000
33.000000 349.437503 0.277856 0.468320 0.722526 0.000000 0.000000 0.000000 1.000000 0.000000 0.000000
33.000000 349.437625 2.235989 0.376339 0.879614 0.000000 0.000000 0.000000 1.000000 0.000000 0.000000
33.000000 349.447412 0.203549 0.470512 0.678027 0.000000 0.000000 0.000000 1.000000 0.000000 0.000000
33.000000 349.447440 2.196252 0.378109 0.839500 0.000000 0.000000 0.000000 1.000000 0.000000 0.000000
33.000000 349.457463 0.106415 0.462541 0.625127 0.000000 0.000000 0.000000 1.000000 0.000000 0.000000
33.000000 349.457476 2.158784 0.368282 0.794002 0.000000 0.000000 0.000000 1.000000 0.000000 0.000000
33.000000 349.467392 0.079712 0.472520 0.582260 0.000000 0.000000 0.000000 1.000000 0.000000 0.000000
33.000000 349.467429 2.125024 0.380724 0.756599 0.000000 0.000000 0.000000 1.000000 0.000000 0.000000
33.000000 349.477395 -0.088820 0.478584 0.521957 0.000000 0.000000 0.000000 1.000000 0.000000 0.000000
33.000000 349.487450 -0.065400 0.461971 0.469567 0.000000 0.000000 0.000000 1.000000 0.000000 0.000000
33.000000 349.497752 -0.103129 0.463308 0.433295 0.000000 0.000000 0.000000 1.000000 0.000000 0.000000
33.000000 349.517453 -0.295828 0.456654 0.321409 0.000000 0.000000 0.000000 1.000000 0.000000 0.000000
33.000000 349.527339 -0.247090 0.478960 0.285590 0.000000 0.000000 0.000000 1.000000 0.000000 0.000000
33.000000 349.537433 -0.285549 0.472832 0.232132 0.000000 0.000000 0.000000 1.000000 0.000000 0.000000
33.000000 349.547425 -0.576665 0.432958 0.150734 0.000000 0.000000 0.000000 1.000000 0.000000 0.000000
33.000000 349.557453 -0.521638 0.451017 0.102292 0.000000 0.000000 0.000000 1.000000 0.000000 0.000000
33.000000 349.567428 -0.456075 0.466401 0.073352 0.000000 0.000000 0.000000 1.000000 0.000000 0.000000
33.000000 349.577416 -0.528717 0.479250 0.005814 0.000000 0.000000 0.000000 1.000000 0.000000 0.000000
33.000000 349.587420 -0.575065 0.471110 -0.046753 0.000000 0.000000 0.000000 1.000000 0.000000 0.000000
33.000000 349.597463 -0.633076 0.475757 -0.003560 0.000000 0.000000 0.000000 1.000000 0.000000 0.000000
33.000000 349.607584 -0.786109 0.448489 0.017096 0.000000 0.000000 0.000000 1.000000 0.000000 0.000000
33.000000 349.617516 -0.883027 0.433465 0.043301 0.000000 0.000000 0.000000 1.000000 0.000000 0.000000
33.000000 349.627510 -0.863069 0.470917 0.099059 0.000000 0.000000 0.000000 1.000000 0.000000 0.000000
33.000000 349.637487 -0.923301 0.463405 0.128309 0.000000 0.000000 0.000000 1.000000 0.000000 0.000000
33.000000 349.657562 -1.072205 0.446934 0.191612 0.000000 0.000000 0.000000 1.000000 0.000000 0.000000
33.000000 349.677618 -1.004033 0.485690 0.289252 0.000000 0.000000 0.000000 1.000000 0.000000 0.000000
33.000000 349.687475 -1.075849 0.473201 0.308708 0.000000 0.000000 0.000000 1.000000 0.000000 0.000000
33.000000 349.695199 -1.096292 0.481534 0.324578 0.000000 0.000000 0.000000 1.000000 0.000000 0.000000
33.000000 349.697537 -1.155644 0.477790 0.337121 0.000000 0.000000 0.000000 1.000000 0.000000 0.000000
33.000000 349.707409 -1.122878 0.487639 0.379495 0.000000 0.000000 0.000000 1.000000 0.000000 0.000000
33.000000 349.717580 -1.193549 0.500050 0.418582 0.000000 0.000000 0.000000 1.000000 0.000000 0.000000
33.000000 349.727516 -1.252169 0.494795 0.430261 0.000000 0.000000 0.000000 1.000000 0.000000 0.000000
33.000000 349.737517 -1.350551 0.468036 0.456199 0.000000 0.000000 0.000000 1.000000 0.000000 0.000000
33.000000 349.747505 -1.522811 0.451346 0.466116 0.000000 0.000000 0.000000 1.000000 0.000000 0.000000
33.000000 349.757599 -1.489293 0.463018 0.500899 0.000000 0.000000 0.000000 1.000000 0.000000 0.000000
33.000000 349.777635 -1.605814 0.472414 0.541745 0.000000 0.000000 0.000000 1.000000 0.000000 0.000000
33.000000 349.787511 -1.589758 0.479971 0.583189 0.000000 0.000000 0.000000 1.000000 0.000000 0.000000
33.000000 349.797558 -1.590470 0.483147 0.603449 0.000000 0.000000 0.000000 1.000000 0.000000 0.000000
33.000000 349.807536 -1.616272 0.487387 0.624441 0.000000 0.000000 0.000000 1.000000 0.000000 0.000000
33.000000 349.817695 -1.758882 0.485921 0.632153 0.000000 0.000000 0.000000 1.000000 0.000000 0.000000
33.000000 349.827613 -1.728595 0.488882 0.669096 0.000000 0.000000 0.000000 1.000000 0.000000 0.000000
33.000000 349.837652 -1.804562 0.486223 0.677793 0.000000 0.000000 0.000000 1.000000 0.000000 0.000000
33.000000 349.847631 -1.739552 0.508195 0.703473 0.000000 0.000000 0.000000 1.000000 0.000000 0.000000
33.000000 349.857584 -1.799704 0.500157 0.713983 0.000000 0.000000 0.000000 1.000000 0.000000 0.000000
33.000000 349.867632 -1.829557 0.531506 0.733384 0.000000 0.000000 0.000000 1.000000 0.000000 0.000000
33.000000 349.877575 -1.930094 0.517726 0.722599 0.000000 0.000000 0.000000 1.000000 0.000000 0.000000
33.000000 349.887504 -1.889990 0.521935 0.763448 0.000000 0.000000 0.000000 1.000000 0.000000 0.000000
33.000000 349.897605 -1.859260 0.532626 0.781127 0.000000 0.000000 0.000000 1.000000 0.000000 0.000000
33.000000 349.907527 -2.024736 0.518011 0.774732 0.000000 0.000000 0.000000 1.000000 0.000000 0.000000
33.000000 349.917684 -2.036647 0.521393 0.784121 0.000000 0.000000 0.000000 1.000000 0.000000 0.000000
33.000000 349.927597 -2.182226 0.520908 0.779691 0.000000 0.000000 0.000000 1.000000 0.000000 0.000000
33.000000 349.937638 -2.124939 0.517236 0.793380 0.000000 0.000000 0.000000 1.000000 0.000000 0.000000
33.000000 349.947629 -2.300877 0.505425 0.777215 0.000000 0.000000 0.000000 1.000000 0.000000 0.000000
33.000000 349.957688 -2.349907 0.504924 0.781478 0.000000 0.000000 0.000000 1.000000 0.000000 0.000000
33.000000 349.967592 -2.435346 0.511092 0.776338 0.000000 0.000000 0.000000 1.000000 0.000000 0.000000
33.000000 349.977684 -2.570589 0.496514 0.762298 0.000000 0.000000 0.000000 1.000000 0.000000 0.000000
33.000000 349.987605 -2.528212 0.496027 0.780021 0.000000 0.000000 0.000000 1.000000 0.000000 0.000000
33.000000 349.997665 -2.414900 0.532687 0.785378 0.000000 0.000000 0.000000 1.000000 0.000000 0.000000
33.000000 350.007627 -2.545494 0.519499 0.785334 0.000000 0.000000 0.000000 1.000000 0.000000 0.000000
33.000000 350.017672 -2.556448 0.531440 0.785182 0.000000 0.000000 0.000000 1.000000 0.000000 0.000000
33.000000 350.027716 -2.532152 0.549625 0.789222 0.000000 0.000000 0.000000 1.000000 0.000000 0.000000
33.000000 350.037831 -2.562226 0.544407 0.779257 0.000000 0.000000 0.000000 1.000000 0.000000 0.000000
33.000000 350.047621 -2.561475 0.551998 0.786056 0.000000 0.000000 0.000000 1.000000 0.000000 0.000000
33.000000 350.057997 -2.621127 0.554071 0.770185 0.000000 0.000000 0.000000 1.000000 0.000000 0.000000
33.000000 350.068109 -2.684010 0.557174 0.766676 0.000000 0.000000 0.000000 1.000000 0.000000 0.000000
33.000000 350.077754 -2.829614 0.555060 0.718311 0.000000 0.000000 0.000000 1.000000 0.000000 0.000000
33.000000 350.087696 -2.768072 0.556025 0.739860 0.000000 0.000000 0.000000 1.000000 0.000000 0.000000
33.000000 350.097721 -2.998829 0.523824 0.694789 0.000000 0.000000 0.000000 1.000000 0.000000 0.000000
33.000000 350.107706 -3.097753 0.513126 0.676485 0.000000 0.000000 0.000000 1.000000 0.000000 0.000000
33.000000 350.117923 -3.010122 0.574367 0.690038 0.000000 0.000000 0.000000 1.000000 0.000000 0.000000
33.000000 350.127671 -3.038696 0.572256 0.659879 0.000000 0.000000 0.000000 1.000000 0.000000 0.000000
33.000000 350.137713 -2.992951 0.559570 0.647958 0.000000 0.000000 0.000000 1.000000 0.000000 0.000000
33.000000 350.147623 -3.062794 0.559947 0.633257 0.000000 0.000000 0.000000 1.000000 0.000000 0.000000
33.000000 350.157730 -3.121481 0.561547 0.607378 0.000000 0.000000 0.000000 1.000000 0.000000 0.000000
33.000000 350.167669 -3.242634 0.571908 0.582062 0.000000 0.000000 0.000000 1.000000 0.000000 0.000000
33.000000 350.177748 -3.266973 0.566699 0.556278 0.000000 0.000000 0.000000 1.000000 0.000000 0.000000
33.000000 350.187648 -3.259406 0.569466 0.541829 0.000000 0.000000 0.000000 1.000000 0.000000 0.000000
33.000000 350.197754 -3.301312 0.563586 0.506319 0.000000 0.000000 0.000000 1.000000 0.000000 0.000000
33.000000 350.207689 -3.321180 0.570319 0.491849 0.000000 0.000000 0.000000 1.000000 0.000000 0.000000
33.000000 350.227730 -3.458039 0.575965 0.427074 0.000000 0.000000 0.000000 1.000000 0.000000 0.000000
33.000000 350.237782 -3.500317 0.572255 0.407403 0.000000 0.000000 0.000000 1.000000 0.000000 0.000000
33.000000 350.247670 -3.531414 0.570977 0.377442 0.000000 0.000000 0.000000 1.000000 0.000000 0.000000
33.000000 350.257936 -3.562570 0.574312 0.342424 0.000000 0.000000 0.000000 1.000000 0.000000 0.000000
33.000000 350.277812 -3.726001 0.593372 0.268382 0.000000 0.000000 0.000000 1.000000 0.000000 0.000000
33.000000 350.287814 -3.729142 0.576953 0.235938 0.000000 0.000000 0.000000 1.000000 0.000000 0.000000
33.000000 350.297915 -3.781944 0.579760 0.200948 0.000000 0.000000 0.000000 1.000000 0.000000 0.000000
33.000000 350.307717 -3.805957 0.580757 0.164819 0.000000 0.000000 0.000000 1.000000 0.000000 0.000000
33.000000 350.337935 -3.995970 0.584019 0.044672 0.000000 0.000000 0.000000 1.000000 0.000000 0.000000
33.000000 350.347839 -3.987717 0.586855 0.008549 0.000000 0.000000 0.000000 1.000000 0.000000 0.000000
33.000000 350.355551 -4.086657 0.591992 -0.024413 0.000000 0.000000 0.000000 1.000000 0.000000 0.000000
33.000000 350.357733 -4.084773 0.589203 -0.035772 0.000000 0.000000 0.000000 1.000000 0.000000 0.000000
33.000000 350.367757 -4.235931 0.582808 -0.131010 0.000000 0.000000 0.000000 1.000000 0.000000 0.000000
33.000000 350.387818 -4.167215 0.593910 -0.035941 0.000000 0.000000 0.000000 1.000000 0.000000 0.000000
33.000000 350.395544 -4.128773 0.594680 -0.008848 0.000000 0.000000 0.000000 1.000000 0.000000 0.000000
33.000000 350.398025 -4.169571 0.591833 0.005871 0.000000 0.000000 0.000000 1.000000 0.000000 0.000000
33.000000 350.407731 -4.256974 0.606882 0.041155 0.000000 0.000000 0.000000 1.000000 0.000000 0.000000
33.000000 350.417916 -4.328830 0.588761 0.048047 0.000000 0.000000 0.000000 1.000000 0.000000 0.000000
