0.000000 0.018988 25.243723 -0.334043 0.508047 0.000000 0.000000 0.000000 1.000000 0.000000 0.000000
0.000000 0.028918 25.049063 -0.353623 0.612992 0.000000 0.000000 0.000000 1.000000 0.000000 0.000000
0.000000 0.038914 25.051037 -0.410851 0.678284 0.000000 0.000000 0.000000 1.000000 0.000000 0.000000
0.000000 0.048934 24.875028 -0.414849 0.806353 0.000000 0.000000 0.000000 1.000000 0.000000 0.000000
0.000000 0.058967 24.767445 -0.437423 0.889457 0.000000 0.000000 0.000000 1.000000 0.000000 0.000000
0.000000 0.068997 24.635229 -0.461184 0.977530 0.000000 0.000000 0.000000 1.000000 0.000000 0.000000
0.000000 0.079249 24.466100 -0.471289 1.066082 0.000000 0.000000 0.000000 1.000000 0.000000 0.000000
0.000000 0.086700 22.826256 -0.276952 1.195638 0.000000 0.000000 0.000000 1.000000 0.000000 0.000000
0.000000 0.088818 24.344376 -0.490162 1.128612 0.000000 0.000000 0.000000 1.000000 0.000000 0.000000
0.000000 0.096862 22.808784 -0.321689 1.309866 0.000000 0.000000 0.000000 1.000000 0.000000 0.000000
0.000000 0.098970 24.161027 -0.500092 1.237875 0.000000 0.000000 0.000000 1.000000 0.000000 0.000000
0.000000 0.106782 22.716622 -0.343739 1.387143 0.000000 0.000000 0.000000 1.000000 0.000000 0.000000
0.000000 0.109423 24.042606 -0.517881 1.316842 0.000000 0.000000 0.000000 1.000000 0.000000 0.000000
0.000000 0.116891 22.609762 -0.367899 1.453236 0.000000 0.000000 0.000000 1.000000 0.000000 0.000000
0.000000 0.119000 23.861060 -0.535212 1.396582 0.000000 0.000000 0.000000 1.000000 0.000000 0.000000
0.000000 0.126886 22.519720 -0.389576 1.529971 0.000000 0.000000 0.000000 1.000000 0.000000 0.000000
0.000000 0.128991 23.705241 -0.544831 1.483907 0.000000 0.000000 0.000000 1.000000 0.000000 0.000000
0.000000 0.136825 22.426040 -0.415480 1.602636 0.000000 0.000000 0.000000 1.000000 0.000000 0.000000
0.000000 0.139038 23.575861 -0.564251 1.557701 0.000000 0.000000 0.000000 1.000000 0.000000 0.000000
0.000000 0.146929 22.313525 -0.430464 1.666915 0.000000 0.000000 0.000000 1.000000 0.000000 0.000000
0.000000 0.148947 23.422709 -0.575068 1.626987 0.000000 0.000000 0.000000 1.000000 0.000000 0.000000
0.000000 0.156770 22.259132 -0.455581 1.750127 0.000000 0.000000 0.000000 1.000000 0.000000 0.000000
0.000000 0.159060 23.360535 -0.597125 1.702955 0.000000 0.000000 0.000000 1.000000 0.000000 0.000000
0.000000 0.166970 22.140755 -0.472668 1.806209 0.000000 0.000000 0.000000 1.000000 0.000000 0.000000
0.000000 0.169006 23.195433 -0.609915 1.766176 0.000000 0.000000 0.000000 1.000000 0.000000 0.000000
0.000000 0.177036 22.073200 -0.499569 1.882541 0.000000 0.000000 0.000000 1.000000 0.000000 0.000000
0.000000 0.178888 23.098839 -0.629883 1.839307 0.000000 0.000000 0.000000 1.000000 0.000000 0.000000
0.000000 0.186739 21.943862 -0.519078 1.937355 0.000000 0.000000 0.000000 1.000000 0.000000 0.000000
0.000000 0.188949 22.887409 -0.640283 1.908784 0.000000 0.000000 0.000000 1.000000 0.000000 0.000000
0.000000 0.196786 21.873400 -0.545275 2.008999 0.000000 0.000000 0.000000 1.000000 0.000000 0.000000
0.000000 0.198935 22.752719 -0.655151 1.978631 0.000000 0.000000 0.000000 1.000000 0.000000 0.000000
0.000000 0.206974 21.786430 -0.567614 2.072058 0.000000 0.000000 0.000000 1.000000 0.000000 0.000000
0.000000 0.209139 22.629421 -0.670678 2.044185 0.000000 0.000000 0.000000 1.000000 0.000000 0.000000
0.000000 0.217054 21.690325 -0.589316 2.133445 0.000000 0.000000 0.000000 1.000000 0.000000 0.000000
0.000000 0.218977 22.481482 -0.684990 2.108470 0.000000 0.000000 0.000000 1.000000 0.000000 0.000000
0.000000 0.226985 21.610752 -0.610371 2.198301 0.000000 0.000000 0.000000 1.000000 0.000000 0.000000
0.000000 0.229187 22.386183 -0.705010 2.173183 0.000000 0.000000 0.000000 1.000000 0.000000 0.000000
0.000000 0.239053 22.202381 -0.716199 2.223862 0.000000 0.000000 0.000000 1.000000 0.000000 0.000000
0.000000 0.248981 22.075325 -0.738632 2.296203 0.000000 0.000000 0.000000 1.000000 0.000000 0.000000
0.000000 0.259004 21.962707 -0.749450 2.352431 0.000000 0.000000 0.000000 1.000000 0.000000 0.000000
0.000000 0.265436 20.312832 -0.607563 2.229286 0.000000 0.000000 0.000000 1.000000 0.000000 0.000000
0.000000 0.268934 21.858367 -0.768549 2.410954 0.000000 0.000000 0.000000 1.000000 0.000000 0.000000
0.000000 0.275472 20.200494 -0.624434 2.283866 0.000000 0.000000 0.000000 1.000000 0.000000 0.000000
0.000000 0.278947 21.717442 -0.777575 2.469015 0.000000 0.000000 0.000000 1.000000 0.000000 0.000000
0.000000 0.285437 20.077930 -0.638710 2.338438 0.000000 0.000000 0.000000 1.000000 0.000000 0.000000
0.000000 0.288923 21.562476 -0.794881 2.527069 0.000000 0.000000 0.000000 1.000000 0.000000 0.000000
0.000000 0.295510 19.958446 -0.654712 2.392214 0.000000 0.000000 0.000000 1.000000 0.000000 0.000000
0.000000 0.299027 21.433375 -0.814031 2.581830 0.000000 0.000000 0.000000 1.000000 0.000000 0.000000
0.000000 0.305438 19.857165 -0.670253 2.445062 0.000000 0.000000 0.000000 1.000000 0.000000 0.000000
0.000000 0.308976 21.342725 -0.830587 2.632242 0.000000 0.000000 0.000000 1.000000 0.000000 0.000000
0.000000 0.315602 19.750572 -0.684236 2.496339 0.000000 0.000000 0.000000 1.000000 0.000000 0.000000
0.000000 0.319026 21.179285 -0.843822 2.685938 0.000000 0.000000 0.000000 1.000000 0.000000 0.000000
0.000000 0.325478 19.615697 -0.699252 2.540693 0.000000 0.000000 0.000000 1.000000 0.000000 0.000000
0.000000 0.328975 21.102799 -0.872883 2.731940 0.000000 0.000000 0.000000 1.000000 0.000000 0.000000
0.000000 0.335767 19.509250 -0.714924 2.598379 0.000000 0.000000 0.000000 1.000000 0.000000 0.000000
0.000000 0.338971 20.922575 -0.874561 2.783262 0.000000 0.000000 0.000000 1.000000 0.000000 0.000000
0.000000 0.345442 19.412257 -0.732055 2.648746 0.000000 0.000000 0.000000 1.000000 0.000000 0.000000
0.000000 0.348987 20.777036 -0.890599 2.829645 0.000000 0.000000 0.000000 1.000000 0.000000 0.000000
0.000000 0.355528 19.310752 -0.742961 2.701240 0.000000 0.000000 0.000000 1.000000 0.000000 0.000000
0.000000 0.358941 20.668035 -0.908685 2.877652 0.000000 0.000000 0.000000 1.000000 0.000000 0.000000
0.000000 0.365424 19.185695 -0.761167 2.737611 0.000000 0.000000 0.000000 1.000000 0.000000 0.000000
0.000000 0.369009 20.547932 -0.921878 2.921442 0.000000 0.000000 0.000000 1.000000 0.000000 0.000000
0.000000 0.375539 19.069982 -0.775525 2.786520 0.000000 0.000000 0.000000 1.000000 0.000000 0.000000
0.000000 0.378975 20.415328 -0.933701 2.968090 0.000000 0.000000 0.000000 1.000000 0.000000 0.000000
0.000000 0.385716 18.956740 -0.788331 2.827339 0.000000 0.000000 0.000000 1.000000 0.000000 0.000000
0.000000 0.389038 20.306759 -0.959567 3.007322 0.000000 0.000000 0.000000 1.000000 0.000000 0.000000
0.000000 0.395735 18.839211 -0.808001 2.871688 0.000000 0.000000 0.000000 1.000000 0.000000 0.000000
0.000000 0.399028 20.177355 -0.963003 3.048910 0.000000 0.000000 0.000000 1.000000 0.000000 0.000000
0.000000 0.405476 18.726781 -0.824836 2.915808 0.000000 0.000000 0.000000 1.000000 0.000000 0.000000
0.000000 0.409092 20.014517 -0.974483 3.092257 0.000000 0.000000 0.000000 1.000000 0.000000 0.000000
0.000000 0.415563 18.602845 -0.836694 2.956642 0.000000 0.000000 0.000000 1.000000 0.000000 0.000000
0.000000 0.419055 19.932514 -0.996911 3.131102 0.000000 0.000000 0.000000 1.000000 0.000000 0.000000
0.000000 0.425741 18.493013 -0.845523 2.994977 0.000000 0.000000 0.000000 1.000000 0.000000 0.000000
0.000000 0.429081 19.762891 -1.008811 3.172984 0.000000 0.000000 0.000000 1.000000 0.000000 0.000000
0.000000 0.435546 18.409706 -0.861169 3.033997 0.000000 0.000000 0.000000 1.000000 0.000000 0.000000
0.000000 0.439192 19.639038 -1.019636 3.207373 0.000000 0.000000 0.000000 1.000000 0.000000 0.000000
0.000000 0.445496 18.290448 -0.883386 3.070325 0.000000 0.000000 0.000000 1.000000 0.000000 0.000000
0.000000 0.449086 19.479632 -1.038437 3.242797 0.000000 0.000000 0.000000 1.000000 0.000000 0.000000
0.000000 0.455486 18.155679 -0.899543 3.113005 0.000000 0.000000 0.000000 1.000000 0.000000 0.000000
0.000000 0.459067 19.416015 -1.060904 3.282194 0.000000 0.000000 0.000000 1.000000 0.000000 0.000000
0.000000 0.465463 18.052334 -0.913816 3.148654 0.000000 0.000000 0.000000 1.000000 0.000000 0.000000
0.000000 0.469059 19.281437 -1.070281 3.311575 0.000000 0.000000 0.000000 1.000000 0.000000 0.000000
0.000000 0.475499 17.933298 -0.928584 3.179048 0.000000 0.000000 0.000000 1.000000 0.000000 0.000000
0.000000 0.479083 19.233956 -1.110284 3.339494 0.000000 0.000000 0.000000 1.000000 0.000000 0.000000
0.000000 0.485437 17.829534 -0.947885 3.213062 0.000000 0.000000 0.000000 1.000000 0.000000 0.000000
0.000000 0.489106 19.052424 -1.115236 3.362729 0.000000 0.000000 0.000000 1.000000 0.000000 0.000000
0.000000 0.495662 17.705160 -0.966715 3.245303 0.000000 0.000000 0.000000 1.000000 0.000000 0.000000
0.000000 0.499125 18.932195 -1.123166 3.395948 0.000000 0.000000 0.000000 1.000000 0.000000 0.000000
0.000000 0.505592 17.607240 -0.981963 3.283637 0.000000 0.000000 0.000000 1.000000 0.000000 0.000000
0.000000 0.509268 18.801543 -1.140031 3.425840 0.000000 0.000000 0.000000 1.000000 0.000000 0.000000
0.000000 0.517037 17.765034 -0.841005 3.397137 0.000000 0.000000 0.000000 1.000000 0.000000 0.000000
0.000000 0.519147 18.607291 -1.140707 3.450883 0.000000 0.000000 0.000000 1.000000 0.000000 0.000000
0.000000 0.525612 17.374727 -1.015686 3.338066 0.000000 0.000000 0.000000 1.000000 0.000000 0.000000
0.000000 0.529104 18.509455 -1.161041 3.473232 0.000000 0.000000 0.000000 1.000000 0.000000 0.000000
0.000000 0.537230 17.529889 -0.858870 3.441515 0.000000 0.000000 0.000000 1.000000 0.000000 0.000000
0.000000 0.539152 18.411975 -1.175165 3.493091 0.000000 0.000000 0.000000 1.000000 0.000000 0.000000
0.000000 0.545511 17.141853 -1.039464 3.390683 0.000000 0.000000 0.000000 1.000000 0.000000 0.000000
0.000000 0.549278 18.283502 -1.189157 3.508107 0.000000 0.000000 0.000000 1.000000 0.000000 0.000000
0.000000 0.555682 17.020142 -1.056011 3.418261 0.000000 0.000000 0.000000 1.000000 0.000000 0.000000
0.000000 0.559179 18.176708 -1.204339 3.524227 0.000000 0.000000 0.000000 1.000000 0.000000 0.000000
0.000000 0.565490 16.919886 -1.072191 3.448648 0.000000 0.000000 0.000000 1.000000 0.000000 0.000000
0.000000 0.569230 17.949611 -1.206538 3.560242 0.000000 0.000000 0.000000 1.000000 0.000000 0.000000
0.000000 0.575851 16.793915 -1.083388 3.466911 0.000000 0.000000 0.000000 1.000000 0.000000 0.000000
0.000000 0.579049 17.978687 -1.233550 3.566692 0.000000 0.000000 0.000000 1.000000 0.000000 0.000000
0.000000 0.585563 16.694426 -1.101759 3.489246 0.000000 0.000000 0.000000 1.000000 0.000000 0.000000
0.000000 0.599073 16.536985 -1.168447 3.571595 0.000000 0.000000 0.000000 1.000000 0.000000 0.000000
0.000000 0.605527 16.457626 -1.127983 3.526494 0.000000 0.000000 0.000000 1.000000 0.000000 0.000000
0.000000 0.615637 16.350753 -1.144930 3.553834 0.000000 0.000000 0.000000 1.000000 0.000000 0.000000
0.000000 0.625543 16.265405 -1.163431 3.573334 0.000000 0.000000 0.000000 1.000000 0.000000 0.000000
0.000000 0.635640 16.160843 -1.178801 3.587700 0.000000 0.000000 0.000000 1.000000 0.000000 0.000000
0.000000 0.639151 17.177540 -1.306371 3.674116 0.000000 0.000000 0.000000 1.000000 0.000000 0.000000
0.000000 0.645551 16.018176 -1.193568 3.599839 0.000000 0.000000 0.000000 1.000000 0.000000 0.000000
0.000000 0.655762 15.932445 -1.209457 3.619627 0.000000 0.000000 0.000000 1.000000 0.000000 0.000000
0.000000 0.659141 16.992501 -1.336281 3.704877 0.000000 0.000000 0.000000 1.000000 0.000000 0.000000
0.000000 0.665551 15.770928 -1.255571 3.672754 0.000000 0.000000 0.000000 1.000000 0.000000 0.000000
0.000000 0.665665 15.808487 -1.217651 3.639842 0.000000 0.000000 0.000000 1.000000 0.000000 0.000000
0.000000 0.669079 16.809661 -1.352510 3.707665 0.000000 0.000000 0.000000 1.000000 0.000000 0.000000
0.000000 0.675662 15.713168 -1.235937 3.642978 0.000000 0.000000 0.000000 1.000000 0.000000 0.000000
0.000000 0.679139 16.653763 -1.353392 3.728632 0.000000 0.000000 0.000000 1.000000 0.000000 0.000000
0.000000 0.685597 15.615982 -1.239327 3.643664 0.000000 0.000000 0.000000 1.000000 0.000000 0.000000
0.000000 0.689079 16.547249 -1.373322 3.744856 0.000000 0.000000 0.000000 1.000000 0.000000 0.000000
0.000000 0.695766 15.474377 -1.270148 3.660976 0.000000 0.000000 0.000000 1.000000 0.000000 0.000000
0.000000 0.699126 16.469632 -1.378444 3.742325 0.000000 0.000000 0.000000 1.000000 0.000000 0.000000
0.000000 0.705695 15.369002 -1.280911 3.670065 0.000000 0.000000 0.000000 1.000000 0.000000 0.000000
0.000000 0.709127 16.349912 -1.393108 3.751896 0.000000 0.000000 0.000000 1.000000 0.000000 0.000000
0.000000 0.715836 15.268061 -1.293027 3.679415 0.000000 0.000000 0.000000 1.000000 0.000000 0.000000
0.000000 0.719132 16.249109 -1.412043 3.752335 0.000000 0.000000 0.000000 1.000000 0.000000 0.000000
0.000000 0.725536 15.145019 -1.310730 3.684279 0.000000 0.000000 0.000000 1.000000 0.000000 0.000000
0.000000 0.729119 16.133367 -1.434781 3.765871 0.000000 0.000000 0.000000 1.000000 0.000000 0.000000
0.000000 0.735505 15.621332 -1.386897 3.788152 0.000000 0.000000 0.000000 1.000000 0.000000 0.000000
0.000000 0.735947 15.048505 -1.316417 3.699579 0.000000 0.000000 0.000000 1.000000 0.000000 0.000000
0.000000 0.739230 16.023649 -1.440066 3.765662 0.000000 0.000000 0.000000 1.000000 0.000000 0.000000
0.000000 0.745553 15.408773 -1.393486 3.792334 0.000000 0.000000 0.000000 1.000000 0.000000 0.000000
0.000000 0.745559 14.921411 -1.339709 3.702256 0.000000 0.000000 0.000000 1.000000 0.000000 0.000000
0.000000 0.749213 15.813074 -1.445909 3.764965 0.000000 0.000000 0.000000 1.000000 0.000000 0.000000
0.000000 0.755486 15.197799 -1.400557 3.796483 0.000000 0.000000 0.000000 1.000000 0.000000 0.000000
0.000000 0.755787 14.817409 -1.358597 3.714073 0.000000 0.000000 0.000000 1.000000 0.000000 0.000000
0.000000 0.759166 15.769891 -1.462914 3.769933 0.000000 0.000000 0.000000 1.000000 0.000000 0.000000
0.000000 0.765668 14.719894 -1.369243 3.718356 0.000000 0.000000 0.000000 1.000000 0.000000 0.000000
0.000000 0.769231 15.626198 -1.469424 3.780140 0.000000 0.000000 0.000000 1.000000 0.000000 0.000000
0.000000 0.775821 14.592026 -1.389353 3.713378 0.000000 0.000000 0.000000 1.000000 0.000000 0.000000
0.000000 0.785557 14.496131 -1.398534 3.712611 0.000000 0.000000 0.000000 1.000000 0.000000 0.000000
0.000000 0.795609 14.387581 -1.412705 3.716586 0.000000 0.000000 0.000000 1.000000 0.000000 0.000000
0.000000 0.799334 15.323176 -1.512596 3.772515 0.000000 0.000000 0.000000 1.000000 0.000000 0.000000
0.000000 0.805624 14.273957 -1.434846 3.722767 0.000000 0.000000 0.000000 1.000000 0.000000 0.000000
0.000000 0.809225 15.230096 -1.535840 3.755093 0.000000 0.000000 0.000000 1.000000 0.000000 0.000000
0.000000 0.815897 14.182269 -1.442303 3.717886 0.000000 0.000000 0.000000 1.000000 0.000000 0.000000
0.000000 0.819181 15.103723 -1.545337 3.763112 0.000000 0.000000 0.000000 1.000000 0.000000 0.000000
0.000000 0.825726 14.063056 -1.459575 3.711442 0.000000 0.000000 0.000000 1.000000 0.000000 0.000000
0.000000 0.835655 13.948418 -1.469944 3.700338 0.000000 0.000000 0.000000 1.000000 0.000000 0.000000
0.000000 0.845558 13.853066 -1.489121 3.695547 0.000000 0.000000 0.000000 1.000000 0.000000 0.000000
0.000000 0.849174 14.747402 -1.575677 3.720602 0.000000 0.000000 0.000000 1.000000 0.000000 0.000000
0.000000 0.855622 13.752340 -1.504547 3.692712 0.000000 0.000000 0.000000 1.000000 0.000000 0.000000
0.000000 0.859172 14.651171 -1.587116 3.727127 0.000000 0.000000 0.000000 1.000000 0.000000 0.000000
0.000000 0.865613 13.691890 -1.523745 3.687175 0.000000 0.000000 0.000000 1.000000 0.000000 0.000000
0.000000 0.869229 14.563436 -1.608353 3.715941 0.000000 0.000000 0.000000 1.000000 0.000000 0.000000
0.000000 0.875695 13.498171 -1.533708 3.676039 0.000000 0.000000 0.000000 1.000000 0.000000 0.000000
0.000000 0.879204 14.422932 -1.621945 3.714022 0.000000 0.000000 0.000000 1.000000 0.000000 0.000000
0.000000 0.885583 13.399840 -1.543695 3.668281 0.000000 0.000000 0.000000 1.000000 0.000000 0.000000
0.000000 0.889230 14.337613 -1.632077 3.709807 0.000000 0.000000 0.000000 1.000000 0.000000 0.000000
0.000000 0.895837 13.298031 -1.562146 3.655200 0.000000 0.000000 0.000000 1.000000 0.000000 0.000000
0.000000 0.899230 14.281738 -1.645727 3.695461 0.000000 0.000000 0.000000 1.000000 0.000000 0.000000
0.000000 0.905607 13.257079 -1.581508 3.655160 0.000000 0.000000 0.000000 1.000000 0.000000 0.000000
0.000000 0.909174 14.059772 -1.643112 3.679800 0.000000 0.000000 0.000000 1.000000 0.000000 0.000000
0.000000 0.915970 13.117302 -1.596619 3.643489 0.000000 0.000000 0.000000 1.000000 0.000000 0.000000
0.000000 0.919221 13.963022 -1.668037 3.674366 0.000000 0.000000 0.000000 1.000000 0.000000 0.000000
0.000000 0.925643 12.990137 -1.610421 3.634767 0.000000 0.000000 0.000000 1.000000 0.000000 0.000000
0.000000 0.929239 13.870237 -1.679923 3.657181 0.000000 0.000000 0.000000 1.000000 0.000000 0.000000
0.000000 0.939216 13.750085 -1.688841 3.636808 0.000000 0.000000 0.000000 1.000000 0.000000 0.000000
0.000000 0.945720 12.755845 -1.638919 3.601400 0.000000 0.000000 0.000000 1.000000 0.000000 0.000000
0.000000 0.949276 13.720320 -1.707846 3.625079 0.000000 0.000000 0.000000 1.000000 0.000000 0.000000
0.000000 0.955686 12.656716 -1.656916 3.596473 0.000000 0.000000 0.000000 1.000000 0.000000 0.000000
0.000000 0.959259 13.576266 -1.718639 3.612088 0.000000 0.000000 0.000000 1.000000 0.000000 0.000000
0.000000 0.965715 12.535892 -1.674925 3.586777 0.000000 0.000000 0.000000 1.000000 0.000000 0.000000
0.000000 0.969280 13.466732 -1.723535 3.589299 0.000000 0.000000 0.000000 1.000000 0.000000 0.000000
0.000000 0.975789 12.435903 -1.687942 3.571365 0.000000 0.000000 0.000000 1.000000 0.000000 0.000000
0.000000 0.979250 13.326132 -1.730061 3.562784 0.000000 0.000000 0.000000 1.000000 0.000000 0.000000
0.000000 0.985813 12.305453 -1.704658 3.554430 0.000000 0.000000 0.000000 1.000000 0.000000 0.000000
0.000000 0.989244 13.256424 -1.748100 3.544994 0.000000 0.000000 0.000000 1.000000 0.000000 0.000000
0.000000 0.995868 12.197428 -1.711443 3.534666 0.000000 0.000000 0.000000 1.000000 0.000000 0.000000
0.000000 0.999227 13.142117 -1.757885 3.526355 0.000000 0.000000 0.000000 1.000000 0.000000 0.000000
0.000000 1.005695 12.067961 -1.737323 3.512794 0.000000 0.000000 0.000000 1.000000 0.000000 0.000000
0.000000 1.009192 13.009504 -1.764112 3.499159 0.000000 0.000000 0.000000 1.000000 0.000000 0.000000
0.000000 1.015850 11.938775 -1.751306 3.494995 0.000000 0.000000 0.000000 1.000000 0.000000 0.000000
0.000000 1.019266 12.981894 -1.791465 3.474907 0.000000 0.000000 0.000000 1.000000 0.000000 0.000000
0.000000 1.025674 11.911768 -1.769630 3.472382 0.000000 0.000000 0.000000 1.000000 0.000000 0.000000
0.000000 1.029252 12.786490 -1.788604 3.445542 0.000000 0.000000 0.000000 1.000000 0.000000 0.000000
0.000000 1.035681 11.762288 -1.779246 3.439832 0.000000 0.000000 0.000000 1.000000 0.000000 0.000000
0.000000 1.039261 12.650637 -1.799800 3.428444 0.000000 0.000000 0.000000 1.000000 0.000000 0.000000
0.000000 1.045822 11.650306 -1.798303 3.424714 0.000000 0.000000 0.000000 1.000000 0.000000 0.000000
0.000000 1.049291 12.596012 -1.811325 3.391049 0.000000 0.000000 0.000000 1.000000 0.000000 0.000000
0.000000 1.055928 11.519354 -1.810483 3.396973 0.000000 0.000000 0.000000 1.000000 0.000000 0.000000
0.000000 1.059291 12.501254 -1.825960 3.367453 0.000000 0.000000 0.000000 1.000000 0.000000 0.000000
0.000000 1.065793 11.426960 -1.827150 3.374910 0.000000 0.000000 0.000000 1.000000 0.000000 0.000000
0.000000 1.069460 12.413324 -1.848018 3.329649 0.000000 0.000000 0.000000 1.000000 0.000000 0.000000
0.000000 1.075790 11.313652 -1.841369 3.342407 0.000000 0.000000 0.000000 1.000000 0.000000 0.000000
0.000000 1.079275 12.258211 -1.848359 3.304677 0.000000 0.000000 0.000000 1.000000 0.000000 0.000000
0.000000 1.089268 12.174292 -1.862212 3.276959 0.000000 0.000000 0.000000 1.000000 0.000000 0.000000
0.000000 1.095753 11.136290 -1.869265 3.284741 0.000000 0.000000 0.000000 1.000000 0.000000 0.000000
0.000000 1.099304 12.077959 -1.879905 3.244985 0.000000 0.000000 0.000000 1.000000 0.000000 0.000000
0.000000 1.105756 10.993358 -1.883330 3.252269 0.000000 0.000000 0.000000 1.000000 0.000000 0.000000
0.000000 1.109274 11.979216 -1.891828 3.207914 0.000000 0.000000 0.000000 1.000000 0.000000 0.000000
0.000000 1.115767 10.876568 -1.907061 3.218777 0.000000 0.000000 0.000000 1.000000 0.000000 0.000000
0.000000 1.119295 11.877092 -1.907566 3.173666 0.000000 0.000000 0.000000 1.000000 0.000000 0.000000
0.000000 1.125708 10.767430 -1.919342 3.189706 0.000000 0.000000 0.000000 1.000000 0.000000 0.000000
0.000000 1.129451 11.727549 -1.905868 3.141645 0.000000 0.000000 0.000000 1.000000 0.000000 0.000000
0.000000 1.135850 10.684247 -1.924825 3.153367 0.000000 0.000000 0.000000 1.000000 0.000000 0.000000
0.000000 1.139349 11.656149 -1.922740 3.104202 0.000000 0.000000 0.000000 1.000000 0.000000 0.000000
0.000000 1.145725 10.553321 -1.952812 3.108437 0.000000 0.000000 0.000000 1.000000 0.000000 0.000000
0.000000 1.149464 11.559589 -1.940726 3.064114 0.000000 0.000000 0.000000 1.000000 0.000000 0.000000
0.000000 1.155795 10.434060 -1.967903 3.080249 0.000000 0.000000 0.000000 1.000000 0.000000 0.000000
0.000000 1.159339 11.452923 -1.945940 3.030968 0.000000 0.000000 0.000000 1.000000 0.000000 0.000000
0.000000 1.165971 10.323885 -1.982964 3.039531 0.000000 0.000000 0.000000 1.000000 0.000000 0.000000
0.000000 1.169440 11.353710 -1.957201 2.990558 0.000000 0.000000 0.000000 1.000000 0.000000 0.000000
0.000000 1.175872 10.206432 -1.998494 3.004790 0.000000 0.000000 0.000000 1.000000 0.000000 0.000000
0.000000 1.179323 11.222050 -1.974191 2.942933 0.000000 0.000000 0.000000 1.000000 0.000000 0.000000
0.000000 1.189474 11.154759 -1.990479 2.914341 0.000000 0.000000 0.000000 1.000000 0.000000 0.000000
0.000000 1.195825 10.006115 -2.026706 2.916965 0.000000 0.000000 0.000000 1.000000 0.000000 0.000000
0.000000 1.199352 11.021013 -1.985623 2.874456 0.000000 0.000000 0.000000 1.000000 0.000000 0.000000
0.000000 1.205713 9.900041 -2.041432 2.884825 0.000000 0.000000 0.000000 1.000000 0.000000 0.000000
0.000000 1.209605 10.951972 -2.004515 2.827904 0.000000 0.000000 0.000000 1.000000 0.000000 0.000000
0.000000 1.215812 9.792857 -2.063657 2.843702 0.000000 0.000000 0.000000 1.000000 0.000000 0.000000
0.000000 1.219431 10.844971 -2.019762 2.785848 0.000000 0.000000 0.000000 1.000000 0.000000 0.000000
0.000000 1.225995 9.661480 -2.078530 2.799204 0.000000 0.000000 0.000000 1.000000 0.000000 0.000000
0.000000 1.229524 10.750442 -2.030120 2.733180 0.000000 0.000000 0.000000 1.000000 0.000000 0.000000
0.000000 1.236012 9.656805 -2.078698 2.753098 0.000000 0.000000 0.000000 1.000000 0.000000 0.000000
0.000000 1.239371 10.648815 -2.044546 2.692589 0.000000 0.000000 0.000000 1.000000 0.000000 0.000000
0.000000 1.245758 9.515123 -2.105725 2.709229 0.000000 0.000000 0.000000 1.000000 0.000000 0.000000
0.000000 1.249517 10.543019 -2.053521 2.647478 0.000000 0.000000 0.000000 1.000000 0.000000 0.000000
0.000000 1.255873 9.419472 -2.122662 2.669566 0.000000 0.000000 0.000000 1.000000 0.000000 0.000000
0.000000 1.259417 10.438901 -2.066419 2.601141 0.000000 0.000000 0.000000 1.000000 0.000000 0.000000
0.000000 1.265844 9.246363 -2.137380 2.615215 0.000000 0.000000 0.000000 1.000000 0.000000 0.000000
0.000000 1.269460 10.337617 -2.072912 2.551878 0.000000 0.000000 0.000000 1.000000 0.000000 0.000000
0.000000 1.275890 9.144472 -2.152513 2.566357 0.000000 0.000000 0.000000 1.000000 0.000000 0.000000
0.000000 1.279407 10.227411 -2.085661 2.499734 0.000000 0.000000 0.000000 1.000000 0.000000 0.000000
0.000000 1.285764 9.095840 -2.160749 2.516790 0.000000 0.000000 0.000000 1.000000 0.000000 0.000000
0.000000 1.289533 10.130190 -2.099296 2.444287 0.000000 0.000000 0.000000 1.000000 0.000000 0.000000
0.000000 1.295965 8.993185 -2.180752 2.466095 0.000000 0.000000 0.000000 1.000000 0.000000 0.000000
0.000000 1.299527 10.006811 -2.105182 2.396205 0.000000 0.000000 0.000000 1.000000 0.000000 0.000000
0.000000 1.305776 8.847717 -2.189798 2.421818 0.000000 0.000000 0.000000 1.000000 0.000000 0.000000
0.000000 1.309544 9.929213 -2.119956 2.350128 0.000000 0.000000 0.000000 1.000000 0.000000 0.000000
0.000000 1.315855 8.723635 -2.209348 2.366977 0.000000 0.000000 0.000000 1.000000 0.000000 0.000000
0.000000 1.319442 9.827307 -2.128783 2.300952 0.000000 0.000000 0.000000 1.000000 0.000000 0.000000
0.000000 1.325858 8.633250 -2.220396 2.317485 0.000000 0.000000 0.000000 1.000000 0.000000 0.000000
0.000000 1.329531 9.675873 -2.125578 2.260574 0.000000 0.000000 0.000000 1.000000 0.000000 0.000000
0.000000 1.336107 8.538417 -2.240007 2.255494 0.000000 0.000000 0.000000 1.000000 0.000000 0.000000
0.000000 1.339454 9.644073 -2.149269 2.193250 0.000000 0.000000 0.000000 1.000000 0.000000 0.000000
0.000000 1.345866 8.412212 -2.258229 2.201310 0.000000 0.000000 0.000000 1.000000 0.000000 0.000000
0.000000 1.349570 9.576607 -2.159062 2.133254 0.000000 0.000000 0.000000 1.000000 0.000000 0.000000
0.000000 1.356001 8.315521 -2.268150 2.147661 0.000000 0.000000 0.000000 1.000000 0.000000 0.000000
0.000000 1.359622 9.473611 -2.172946 2.078674 0.000000 0.000000 0.000000 1.000000 0.000000 0.000000
0.000000 1.365913 8.252781 -2.281784 2.093254 0.000000 0.000000 0.000000 1.000000 0.000000 0.000000
0.000000 1.369621 9.364479 -2.184666 2.024528 0.000000 0.000000 0.000000 1.000000 0.000000 0.000000
0.000000 1.375962 8.136276 -2.295198 2.022637 0.000000 0.000000 0.000000 1.000000 0.000000 0.000000
0.000000 1.379428 9.259419 -2.190022 1.965866 0.000000 0.000000 0.000000 1.000000 0.000000 0.000000
0.000000 1.385806 8.025154 -2.308849 1.965700 0.000000 0.000000 0.000000 1.000000 0.000000 0.000000
0.000000 1.389670 9.174693 -2.203363 1.905180 0.000000 0.000000 0.000000 1.000000 0.000000 0.000000
0.000000 1.395920 7.902341 -2.321144 1.896027 0.000000 0.000000 0.000000 1.000000 0.000000 0.000000
0.000000 1.399475 9.078135 -2.211344 1.846588 0.000000 0.000000 0.000000 1.000000 0.000000 0.000000
0.000000 1.405812 7.825232 -2.338429 1.841979 0.000000 0.000000 0.000000 1.000000 0.000000 0.000000
0.000000 1.409664 8.972185 -2.218401 1.784994 0.000000 0.000000 0.000000 1.000000 0.000000 0.000000
0.000000 1.415980 7.710452 -2.352636 1.772690 0.000000 0.000000 0.000000 1.000000 0.000000 0.000000
0.000000 1.419363 8.878881 -2.235605 1.719845 0.000000 0.000000 0.000000 1.000000 0.000000 0.000000
0.000000 1.425846 7.588990 -2.367273 1.713300 0.000000 0.000000 0.000000 1.000000 0.000000 0.000000
0.000000 1.429539 8.764115 -2.240569 1.663708 0.000000 0.000000 0.000000 1.000000 0.000000 0.000000
0.000000 1.435883 7.500312 -2.380201 1.641044 0.000000 0.000000 0.000000 1.000000 0.000000 0.000000
0.000000 1.439427 8.682593 -2.249511 1.609483 0.000000 0.000000 0.000000 1.000000 0.000000 0.000000
0.000000 1.445936 7.442525 -2.401383 1.588752 0.000000 0.000000 0.000000 1.000000 0.000000 0.000000
0.000000 1.449630 8.583683 -2.255529 1.543645 0.000000 0.000000 0.000000 1.000000 0.000000 0.000000
0.000000 1.455916 7.334417 -2.414299 1.515243 0.000000 0.000000 0.000000 1.000000 0.000000 0.000000
0.000000 1.459417 8.482648 -2.262188 1.480188 0.000000 0.000000 0.000000 1.000000 0.000000 0.000000
0.000000 1.466029 7.246296 -2.426982 1.447781 0.000000 0.000000 0.000000 1.000000 0.000000 0.000000
0.000000 1.469542 8.420710 -2.281767 1.409847 0.000000 0.000000 0.000000 1.000000 0.000000 0.000000
0.000000 1.475937 7.146443 -2.441702 1.378558 0.000000 0.000000 0.000000 1.000000 0.000000 0.000000
0.000000 1.479425 8.286655 -2.286504 1.350428 0.000000 0.000000 0.000000 1.000000 0.000000 0.000000
0.000000 1.485814 7.009777 -2.454100 1.316547 0.000000 0.000000 0.000000 1.000000 0.000000 0.000000
0.000000 1.489609 8.222589 -2.296460 1.280321 0.000000 0.000000 0.000000 1.000000 0.000000 0.000000
0.000000 1.495902 6.916545 -2.465701 1.245440 0.000000 0.000000 0.000000 1.000000 0.000000 0.000000
0.000000 1.499547 8.137418 -2.306570 1.210781 0.000000 0.000000 0.000000 1.000000 0.000000 0.000000
0.000000 1.505971 6.738145 -2.487628 1.169613 0.000000 0.000000 0.000000 1.000000 0.000000 0.000000
0.000000 1.509639 8.049904 -2.319526 1.144279 0.000000 0.000000 0.000000 1.000000 0.000000 0.000000
0.000000 1.515965 6.623811 -2.502473 1.104554 0.000000 0.000000 0.000000 1.000000 0.000000 0.000000
0.000000 1.519713 7.945387 -2.325708 1.078232 0.000000 0.000000 0.000000 1.000000 0.000000 0.000000
0.000000 1.526025 6.590359 -2.517507 1.018180 0.000000 0.000000 0.000000 1.000000 0.000000 0.000000
0.000000 1.529596 7.866740 -2.342870 1.000360 0.000000 0.000000 0.000000 1.000000 0.000000 0.000000
0.000000 1.536125 6.364643 -2.533231 0.934058 0.000000 0.000000 0.000000 1.000000 0.000000 0.000000
0.000000 1.539557 7.756616 -2.343902 0.940474 0.000000 0.000000 0.000000 1.000000 0.000000 0.000000
0.000000 1.545871 6.331800 -2.550714 0.872683 0.000000 0.000000 0.000000 1.000000 0.000000 0.000000
0.000000 1.549595 7.669059 -2.351052 0.864771 0.000000 0.000000 0.000000 1.000000 0.000000 0.000000
0.000000 1.555964 6.198494 -2.563887 0.787866 0.000000 0.000000 0.000000 1.000000 0.000000 0.000000
0.000000 1.559537 7.586119 -2.366150 0.788485 0.000000 0.000000 0.000000 1.000000 0.000000 0.000000
0.000000 1.565876 6.081997 -2.577113 0.704253 0.000000 0.000000 0.000000 1.000000 0.000000 0.000000
0.000000 1.569592 7.492584 -2.371568 0.719370 0.000000 0.000000 0.000000 1.000000 0.000000 0.000000
0.000000 1.575961 5.965658 -2.593749 0.628427 0.000000 0.000000 0.000000 1.000000 0.000000 0.000000
0.000000 1.579523 7.393622 -2.381503 0.645951 0.000000 0.000000 0.000000 1.000000 0.000000 0.000000
0.000000 1.586396 5.900254 -2.610340 0.562485 0.000000 0.000000 0.000000 1.000000 0.000000 0.000000
0.000000 1.589651 7.315472 -2.391069 0.571618 0.000000 0.000000 0.000000 1.000000 0.000000 0.000000
0.000000 1.595981 5.788468 -2.622951 0.472271 0.000000 0.000000 0.000000 1.000000 0.000000 0.000000
0.000000 1.599565 7.222967 -2.399347 0.496488 0.000000 0.000000 0.000000 1.000000 0.000000 0.000000
0.000000 1.605902 5.640891 -2.638122 0.374366 0.000000 0.000000 0.000000 1.000000 0.000000 0.000000
0.000000 1.609688 7.128281 -2.405483 0.421639 0.000000 0.000000 0.000000 1.000000 0.000000 0.000000
0.000000 1.615961 5.546275 -2.654386 0.295235 0.000000 0.000000 0.000000 1.000000 0.000000 0.000000
0.000000 1.619561 7.033593 -2.410369 0.348041 0.000000 0.000000 0.000000 1.000000 0.000000 0.000000
0.000000 1.625950 5.447421 -2.666639 0.215775 0.000000 0.000000 0.000000 1.000000 0.000000 0.000000
0.000000 1.629689 6.919506 -2.416152 0.272997 0.000000 0.000000 0.000000 1.000000 0.000000 0.000000
0.000000 1.636053 5.479567 -2.670359 0.149508 0.000000 0.000000 0.000000 1.000000 0.000000 0.000000
0.000000 1.639627 6.866142 -2.434777 0.188441 0.000000 0.000000 0.000000 1.000000 0.000000 0.000000
0.000000 1.645913 5.255646 -2.696606 0.050041 0.000000 0.000000 0.000000 1.000000 0.000000 0.000000
0.000000 1.649665 6.770006 -2.436930 0.113501 0.000000 0.000000 0.000000 1.000000 0.000000 0.000000
0.000000 1.655985 5.158255 -2.706779 -0.029589 0.000000 0.000000 0.000000 1.000000 0.000000 0.000000
0.000000 1.659535 6.695824 -2.447858 0.030239 0.000000 0.000000 0.000000 1.000000 0.000000 0.000000
0.000000 1.665920 5.195011 -2.720130 -0.023854 0.000000 0.000000 0.000000 1.000000 0.000000 0.000000
0.000000 1.669721 6.631402 -2.447791 0.062181 0.000000 0.000000 0.000000 1.000000 0.000000 0.000000
0.000000 1.675962 5.163421 -2.723676 0.034706 0.000000 0.000000 0.000000 1.000000 0.000000 0.000000
0.000000 1.679595 6.587862 -2.455234 0.112560 0.000000 0.000000 0.000000 1.000000 0.000000 0.000000
0.000000 1.685940 5.016886 -2.724434 0.077989 0.000000 0.000000 0.000000 1.000000 0.000000 0.000000
0.000000 1.689711 6.536561 -2.453768 0.170643 0.000000 0.000000 0.000000 1.000000 0.000000 0.000000
0.000000 1.695961 4.988325 -2.729505 0.135997 0.000000 0.000000 0.000000 1.000000 0.000000 0.000000
0.000000 1.699693 6.485917 -2.458692 0.224174 0.000000 0.000000 0.000000 1.000000 0.000000 0.000000
0.000000 1.705947 4.914065 -2.734262 0.192274 0.000000 0.000000 0.000000 1.000000 0.000000 0.000000
0.000000 1.709660 6.449398 -2.464354 0.273695 0.000000 0.000000 0.000000 1.000000 0.000000 0.000000
0.000000 1.716017 4.840618 -2.742703 0.239369 0.000000 0.000000 0.000000 1.000000 0.000000 0.000000
0.000000 1.719727 6.405650 -2.468296 0.322517 0.000000 0.000000 0.000000 1.000000 0.000000 0.000000
0.000000 1.725942 4.813949 -2.743538 0.299028 0.000000 0.000000 0.000000 1.000000 0.000000 0.000000
0.000000 1.729604 6.357628 -2.477069 0.362109 0.000000 0.000000 0.000000 1.000000 0.000000 0.000000
0.000000 1.739706 6.296831 -2.470193 0.423336 0.000000 0.000000 0.000000 1.000000 0.000000 0.000000
0.000000 1.745939 4.707789 -2.753742 0.406671 0.000000 0.000000 0.000000 1.000000 0.000000 0.000000
0.000000 1.749664 6.253111 -2.473728 0.468980 0.000000 0.000000 0.000000 1.000000 0.000000 0.000000
0.000000 1.756108 4.654857 -2.759911 0.453485 0.000000 0.000000 0.000000 1.000000 0.000000 0.000000
0.000000 1.759575 6.215174 -2.483242 0.514136 0.000000 0.000000 0.000000 1.000000 0.000000 0.000000
0.000000 1.765966 4.614959 -2.762087 0.503874 0.000000 0.000000 0.000000 1.000000 0.000000 0.000000
0.000000 1.769712 6.178339 -2.484526 0.555952 0.000000 0.000000 0.000000 1.000000 0.000000 0.000000
0.000000 1.776013 4.563487 -2.766082 0.549089 0.000000 0.000000 0.000000 1.000000 0.000000 0.000000
0.000000 1.779583 6.176142 -2.497897 0.580281 0.000000 0.000000 0.000000 1.000000 0.000000 0.000000
0.000000 1.786066 4.486122 -2.773258 0.589357 0.000000 0.000000 0.000000 1.000000 0.000000 0.000000
0.000000 1.796213 4.460373 -2.776255 0.633431 0.000000 0.000000 0.000000 1.000000 0.000000 0.000000
0.000000 1.805992 4.474348 -2.778474 0.689816 0.000000 0.000000 0.000000 1.000000 0.000000 0.000000
0.000000 1.809752 5.749522 -2.612295 0.873159 0.000000 0.000000 0.000000 1.000000 0.000000 0.000000
0.000000 1.816308 4.366004 -2.786066 0.732867 0.000000 0.000000 0.000000 1.000000 0.000000 0.000000
0.000000 1.819654 5.705067 -2.617682 0.913103 0.000000 0.000000 0.000000 1.000000 0.000000 0.000000
0.000000 1.825985 4.355599 -2.784688 0.775545 0.000000 0.000000 0.000000 1.000000 0.000000 0.000000
0.000000 1.829706 5.454445 -2.392547 0.887185 0.000000 0.000000 0.000000 1.000000 0.000000 0.000000
0.000000 1.836146 4.289939 -2.783583 0.816518 0.000000 0.000000 0.000000 1.000000 0.000000 0.000000
0.000000 1.839683 5.588579 -2.617614 0.995404 0.000000 0.000000 0.000000 1.000000 0.000000 0.000000
0.000000 1.846147 4.267397 -2.791993 0.865431 0.000000 0.000000 0.000000 1.000000 0.000000 0.000000
0.000000 1.849737 5.548576 -2.623311 1.028628 0.000000 0.000000 0.000000 1.000000 0.000000 0.000000
0.000000 1.856130 4.280606 -2.793234 0.902622 0.000000 0.000000 0.000000 1.000000 0.000000 0.000000
0.000000 1.859700 5.518947 -2.625887 1.058822 0.000000 0.000000 0.000000 1.000000 0.000000 0.000000
0.000000 1.866036 4.241701 -2.798078 0.941076 0.000000 0.000000 0.000000 1.000000 0.000000 0.000000
0.000000 1.869827 5.286844 -2.416187 1.027716 0.000000 0.000000 0.000000 1.000000 0.000000 0.000000
0.000000 1.876111 4.099298 -2.803309 0.965246 0.000000 0.000000 0.000000 1.000000 0.000000 0.000000
0.000000 1.879694 5.431222 -2.634488 1.126802 0.000000 0.000000 0.000000 1.000000 0.000000 0.000000
0.000000 1.886033 4.046017 -2.808065 0.994109 0.000000 0.000000 0.000000 1.000000 0.000000 0.000000
0.000000 1.889754 5.159245 -2.409776 1.089002 0.000000 0.000000 0.000000 1.000000 0.000000 0.000000
0.000000 1.896062 3.977094 -2.815808 1.027374 0.000000 0.000000 0.000000 1.000000 0.000000 0.000000
0.000000 1.899635 5.101359 -2.411478 1.124820 0.000000 0.000000 0.000000 1.000000 0.000000 0.000000
0.000000 1.906048 4.080646 -2.816579 1.072101 0.000000 0.000000 0.000000 1.000000 0.000000 0.000000
0.000000 1.909728 5.310201 -2.649166 1.218583 0.000000 0.000000 0.000000 1.000000 0.000000 0.000000
0.000000 1.916112 3.874546 -2.825825 1.093102 0.000000 0.000000 0.000000 1.000000 0.000000 0.000000
0.000000 1.919666 5.268887 -2.651902 1.248182 0.000000 0.000000 0.000000 1.000000 0.000000 0.000000
0.000000 1.925988 3.950352 -2.829022 1.139263 0.000000 0.000000 0.000000 1.000000 0.000000 0.000000
0.000000 1.929800 5.009841 -2.438390 1.205896 0.000000 0.000000 0.000000 1.000000 0.000000 0.000000
0.000000 1.936140 3.656573 -2.834349 1.146940 0.000000 0.000000 0.000000 1.000000 0.000000 0.000000
0.000000 1.939714 5.166990 -2.660376 1.307144 0.000000 0.000000 0.000000 1.000000 0.000000 0.000000
0.000000 1.946019 3.744650 -2.837935 1.191090 0.000000 0.000000 0.000000 1.000000 0.000000 0.000000
0.000000 1.949907 4.865640 -2.428880 1.270748 0.000000 0.000000 0.000000 1.000000 0.000000 0.000000
0.000000 1.956103 3.674858 -2.841047 1.211927 0.000000 0.000000 0.000000 1.000000 0.000000 0.000000
0.000000 1.959797 4.813716 -2.427407 1.292543 0.000000 0.000000 0.000000 1.000000 0.000000 0.000000
0.000000 1.966033 3.632267 -2.847693 1.238673 0.000000 0.000000 0.000000 1.000000 0.000000 0.000000
0.000000 1.969768 4.825311 -2.444426 1.298436 0.000000 0.000000 0.000000 1.000000 0.000000 0.000000
0.000000 1.976202 3.728689 -2.851005 1.277481 0.000000 0.000000 0.000000 1.000000 0.000000 0.000000
0.000000 1.979865 5.010756 -2.675098 1.402350 0.000000 0.000000 0.000000 1.000000 0.000000 0.000000
0.000000 1.986011 3.575266 -2.858691 1.296726 0.000000 0.000000 0.000000 1.000000 0.000000 0.000000
0.000000 1.989849 4.695722 -2.445349 1.357511 0.000000 0.000000 0.000000 1.000000 0.000000 0.000000
0.000000 1.996252 3.465843 -2.858550 1.303380 0.000000 0.000000 0.000000 1.000000 0.000000 0.000000
0.000000 1.999669 4.911839 -2.681083 1.446054 0.000000 0.000000 0.000000 1.000000 0.000000 0.000000
0.000000 2.006044 3.459738 -2.860955 1.332027 0.000000 0.000000 0.000000 1.000000 0.000000 0.000000
0.000000 2.009786 4.867292 -2.682963 1.465788 0.000000 0.000000 0.000000 1.000000 0.000000 0.000000
0.000000 2.016172 3.345045 -2.866625 1.347654 0.000000 0.000000 0.000000 1.000000 0.000000 0.000000
0.000000 2.019664 4.823266 -2.689195 1.484866 0.000000 0.000000 0.000000 1.000000 0.000000 0.000000
0.000000 2.026123 3.494445 -2.871891 1.389474 0.000000 0.000000 0.000000 1.000000 0.000000 0.000000
0.000000 2.029767 4.779810 -2.692290 1.505326 0.000000 0.000000 0.000000 1.000000 0.000000 0.000000
0.000000 2.036179 3.166712 -2.880057 1.380766 0.000000 0.000000 0.000000 1.000000 0.000000 0.000000
0.000000 2.039771 4.734626 -2.698347 1.521384 0.000000 0.000000 0.000000 1.000000 0.000000 0.000000
0.000000 2.046136 3.252453 -2.888418 1.412646 0.000000 0.000000 0.000000 1.000000 0.000000 0.000000
0.000000 2.049833 4.712493 -2.703404 1.534457 0.000000 0.000000 0.000000 1.000000 0.000000 0.000000
0.000000 2.056193 3.182121 -2.891494 1.424374 0.000000 0.000000 0.000000 1.000000 0.000000 0.000000
0.000000 2.059635 4.659328 -2.706008 1.549824 0.000000 0.000000 0.000000 1.000000 0.000000 0.000000
0.000000 2.066107 3.259381 -2.897766 1.452265 0.000000 0.000000 0.000000 1.000000 0.000000 0.000000
0.000000 2.069828 4.374868 -2.478905 1.483060 0.000000 0.000000 0.000000 1.000000 0.000000 0.000000
0.000000 2.076235 3.098084 -2.902250 1.460411 0.000000 0.000000 0.000000 1.000000 0.000000 0.000000
0.000000 2.079783 4.578540 -2.714422 1.577272 0.000000 0.000000 0.000000 1.000000 0.000000 0.000000
0.000000 2.086070 3.105362 -2.900085 1.473771 0.000000 0.000000 0.000000 1.000000 0.000000 0.000000
0.000000 2.089785 4.251891 -2.475135 1.514981 0.000000 0.000000 0.000000 1.000000 0.000000 0.000000
0.000000 2.096215 2.948273 -2.904115 1.470647 0.000000 0.000000 0.000000 1.000000 0.000000 0.000000
0.000000 2.099742 4.486074 -2.718344 1.597772 0.000000 0.000000 0.000000 1.000000 0.000000 0.000000
0.000000 2.106164 2.929278 -2.920090 1.492793 0.000000 0.000000 0.000000 1.000000 0.000000 0.000000
0.000000 2.109812 4.460081 -2.729371 1.610015 0.000000 0.000000 0.000000 1.000000 0.000000 0.000000
0.000000 2.116412 2.875827 -2.922342 1.504489 0.000000 0.000000 0.000000 1.000000 0.000000 0.000000
0.000000 2.119768 4.090592 -2.474111 1.549615 0.000000 0.000000 0.000000 1.000000 0.000000 0.000000
0.000000 2.126155 2.828568 -2.922159 1.509058 0.000000 0.000000 0.000000 1.000000 0.000000 0.000000
0.000000 2.129798 4.046562 -2.475627 1.552800 0.000000 0.000000 0.000000 1.000000 0.000000 0.000000
0.000000 2.136221 2.810747 -2.927135 1.518558 0.000000 0.000000 0.000000 1.000000 0.000000 0.000000
0.000000 2.139918 4.325238 -2.735729 1.632178 0.000000 0.000000 0.000000 1.000000 0.000000 0.000000
0.000000 2.146114 2.711937 -2.942198 1.514103 0.000000 0.000000 0.000000 1.000000 0.000000 0.000000
0.000000 2.149810 4.293632 -2.747113 1.638358 0.000000 0.000000 0.000000 1.000000 0.000000 0.000000
0.000000 2.156459 2.631847 -2.945107 1.523795 0.000000 0.000000 0.000000 1.000000 0.000000 0.000000
0.000000 2.159813 3.901531 -2.480638 1.572722 0.000000 0.000000 0.000000 1.000000 0.000000 0.000000
0.000000 2.166358 2.638456 -2.946541 1.532867 0.000000 0.000000 0.000000 1.000000 0.000000 0.000000
0.000000 2.170021 4.219762 -2.750953 1.638362 0.000000 0.000000 0.000000 1.000000 0.000000 0.000000
0.000000 2.176344 2.522076 -2.955969 1.531619 0.000000 0.000000 0.000000 1.000000 0.000000 0.000000
0.000000 2.179820 4.170236 -2.756227 1.649261 0.000000 0.000000 0.000000 1.000000 0.000000 0.000000
0.000000 2.186153 2.511113 -2.955227 1.526876 0.000000 0.000000 0.000000 1.000000 0.000000 0.000000
0.000000 2.190043 4.125806 -2.758323 1.646997 0.000000 0.000000 0.000000 1.000000 0.000000 0.000000
0.000000 2.196404 2.523967 -2.954332 1.533583 0.000000 0.000000 0.000000 1.000000 0.000000 0.000000
0.000000 2.199845 4.079572 -2.758361 1.646060 0.000000 0.000000 0.000000 1.000000 0.000000 0.000000
0.000000 2.206333 2.404761 -2.970279 1.533088 0.000000 0.000000 0.000000 1.000000 0.000000 0.000000
0.000000 2.209844 4.052908 -2.767166 1.645655 0.000000 0.000000 0.000000 1.000000 0.000000 0.000000
0.000000 2.216311 2.289317 -2.973098 1.522845 0.000000 0.000000 0.000000 1.000000 0.000000 0.000000
0.000000 2.219840 4.007041 -2.770582 1.642437 0.000000 0.000000 0.000000 1.000000 0.000000 0.000000
0.000000 2.226596 2.299356 -2.975366 1.529504 0.000000 0.000000 0.000000 1.000000 0.000000 0.000000
0.000000 2.229882 3.606303 -2.497901 1.571952 0.000000 0.000000 0.000000 1.000000 0.000000 0.000000
0.000000 2.236299 2.262404 -2.981108 1.522331 0.000000 0.000000 0.000000 1.000000 0.000000 0.000000
0.000000 2.239849 3.922748 -2.777796 1.636469 0.000000 0.000000 0.000000 1.000000 0.000000 0.000000
0.000000 2.246154 2.210996 -2.982289 1.513029 0.000000 0.000000 0.000000 1.000000 0.000000 0.000000
0.000000 2.249924 3.879944 -2.778486 1.631715 0.000000 0.000000 0.000000 1.000000 0.000000 0.000000
0.000000 2.256278 2.194066 -2.985575 1.514634 0.000000 0.000000 0.000000 1.000000 0.000000 0.000000
0.000000 2.259827 3.500505 -2.507946 1.553044 0.000000 0.000000 0.000000 1.000000 0.000000 0.000000
0.000000 2.266170 2.123188 -2.993377 1.502550 0.000000 0.000000 0.000000 1.000000 0.000000 0.000000
0.000000 2.269976 3.800537 -2.786823 1.617827 0.000000 0.000000 0.000000 1.000000 0.000000 0.000000
0.000000 2.276269 2.041767 -3.011192 1.495624 0.000000 0.000000 0.000000 1.000000 0.000000 0.000000
0.000000 2.279894 3.409042 -2.512451 1.540543 0.000000 0.000000 0.000000 1.000000 0.000000 0.000000
0.000000 2.286226 1.823011 -3.012795 1.462148 0.000000 0.000000 0.000000 1.000000 0.000000 0.000000
0.000000 2.289848 3.737414 -2.799409 1.595577 0.000000 0.000000 0.000000 1.000000 0.000000 0.000000
0.000000 2.296397 1.953378 -3.011015 1.470104 0.000000 0.000000 0.000000 1.000000 0.000000 0.000000
0.000000 2.299955 3.682292 -2.801116 1.587291 0.000000 0.000000 0.000000 1.000000 0.000000 0.000000
0.000000 2.306215 2.085529 -3.012891 1.477992 0.000000 0.000000 0.000000 1.000000 0.000000 0.000000
0.000000 2.309937 3.352584 -2.540228 1.499276 0.000000 0.000000 0.000000 1.000000 0.000000 0.000000
0.000000 2.316285 1.819339 -3.023312 1.449398 0.000000 0.000000 0.000000 1.000000 0.000000 0.000000
0.000000 2.319925 3.607161 -2.808186 1.564696 0.000000 0.000000 0.000000 1.000000 0.000000 0.000000
0.000000 2.326279 1.848453 -3.022854 1.429715 0.000000 0.000000 0.000000 1.000000 0.000000 0.000000
0.000000 2.330089 3.222648 -2.526542 1.474418 0.000000 0.000000 0.000000 1.000000 0.000000 0.000000
0.000000 2.336493 1.750320 -3.029072 1.416656 0.000000 0.000000 0.000000 1.000000 0.000000 0.000000
0.000000 2.339818 3.156298 -2.523136 1.469408 0.000000 0.000000 0.000000 1.000000 0.000000 0.000000
0.000000 2.346341 1.632482 -3.043477 1.379698 0.000000 0.000000 0.000000 1.000000 0.000000 0.000000
0.000000 2.349903 3.504685 -2.822800 1.518771 0.000000 0.000000 0.000000 1.000000 0.000000 0.000000
0.000000 2.356293 1.681886 -3.040260 1.381190 0.000000 0.000000 0.000000 1.000000 0.000000 0.000000
0.000000 2.359811 3.093174 -2.531603 1.437033 0.000000 0.000000 0.000000 1.000000 0.000000 0.000000
0.000000 2.366240 1.597035 -3.043483 1.357426 0.000000 0.000000 0.000000 1.000000 0.000000 0.000000
0.000000 2.369905 3.028019 -2.531025 1.420636 0.000000 0.000000 0.000000 1.000000 0.000000 0.000000
0.000000 2.376230 1.460419 -3.048679 1.328595 0.000000 0.000000 0.000000 1.000000 0.000000 0.000000
0.000000 2.379832 2.968625 -2.517430 1.406152 0.000000 0.000000 0.000000 1.000000 0.000000 0.000000
0.000000 2.386447 1.524332 -3.046341 1.310053 0.000000 0.000000 0.000000 1.000000 0.000000 0.000000
0.000000 2.389914 2.972038 -2.533309 1.375454 0.000000 0.000000 0.000000 1.000000 0.000000 0.000000
0.000000 2.396528 1.451806 -3.054824 1.292493 0.000000 0.000000 0.000000 1.000000 0.000000 0.000000
0.000000 2.399834 2.922818 -2.533066 1.361657 0.000000 0.000000 0.000000 1.000000 0.000000 0.000000
0.000000 2.406213 1.352123 -3.054660 1.262093 0.000000 0.000000 0.000000 1.000000 0.000000 0.000000
0.000000 2.409931 3.243093 -2.832964 1.402771 0.000000 0.000000 0.000000 1.000000 0.000000 0.000000
0.000000 2.416541 1.269271 -3.068096 1.235021 0.000000 0.000000 0.000000 1.000000 0.000000 0.000000
0.000000 2.419813 3.205520 -2.841412 1.382838 0.000000 0.000000 0.000000 1.000000 0.000000 0.000000
0.000000 2.426253 1.141078 -3.069737 1.196297 0.000000 0.000000 0.000000 1.000000 0.000000 0.000000
0.000000 2.429932 2.752108 -2.516448 1.300912 0.000000 0.000000 0.000000 1.000000 0.000000 0.000000
0.000000 2.436385 1.156654 -3.079639 1.168770 0.000000 0.000000 0.000000 1.000000 0.000000 0.000000
0.000000 2.439864 3.129242 -2.850205 1.331189 0.000000 0.000000 0.000000 1.000000 0.000000 0.000000
0.000000 2.446325 1.137295 -3.078972 1.151671 0.000000 0.000000 0.000000 1.000000 0.000000 0.000000
0.000000 2.449938 3.081745 -2.849836 1.306701 0.000000 0.000000 0.000000 1.000000 0.000000 0.000000
0.000000 2.456588 1.068907 -3.084798 1.124773 0.000000 0.000000 0.000000 1.000000 0.000000 0.000000
0.000000 2.459863 2.664073 -2.533653 1.225103 0.000000 0.000000 0.000000 1.000000 0.000000 0.000000
0.000000 2.466296 1.037734 -3.088247 1.094366 0.000000 0.000000 0.000000 1.000000 0.000000 0.000000
0.000000 2.469929 3.003386 -2.856209 1.253119 0.000000 0.000000 0.000000 1.000000 0.000000 0.000000
0.000000 2.476530 1.019683 -3.091468 1.057608 0.000000 0.000000 0.000000 1.000000 0.000000 0.000000
0.000000 2.479958 2.960980 -2.857672 1.229330 0.000000 0.000000 0.000000 1.000000 0.000000 0.000000
0.000000 2.486237 0.943403 -3.101565 1.023934 0.000000 0.000000 0.000000 1.000000 0.000000 0.000000
0.000000 2.489981 2.567802 -2.542565 1.132630 0.000000 0.000000 0.000000 1.000000 0.000000 0.000000
0.000000 2.496501 0.834465 -3.106825 0.982123 0.000000 0.000000 0.000000 1.000000 0.000000 0.000000
0.000000 2.499853 2.881603 -2.867625 1.156930 0.000000 0.000000 0.000000 1.000000 0.000000 0.000000
0.000000 2.506390 1.045668 -3.103598 0.979143 0.000000 0.000000 0.000000 1.000000 0.000000 0.000000
0.000000 2.509956 2.842565 -2.869634 1.130703 0.000000 0.000000 0.000000 1.000000 0.000000 0.000000
0.000000 2.516562 0.965570 -3.108791 0.936319 0.000000 0.000000 0.000000 1.000000 0.000000 0.000000
0.000000 2.519889 2.502685 -2.573208 1.029882 0.000000 0.000000 0.000000 1.000000 0.000000 0.000000
0.000000 2.526313 0.727764 -3.116391 0.893055 0.000000 0.000000 0.000000 1.000000 0.000000 0.000000
0.000000 2.529996 2.765985 -2.874415 1.070556 0.000000 0.000000 0.000000 1.000000 0.000000 0.000000
0.000000 2.536389 0.650758 -3.126854 0.851233 0.000000 0.000000 0.000000 1.000000 0.000000 0.000000
0.000000 2.539964 2.360009 -2.546926 0.986230 0.000000 0.000000 0.000000 1.000000 0.000000 0.000000
0.000000 2.546466 0.559784 -3.132241 0.799101 0.000000 0.000000 0.000000 1.000000 0.000000 0.000000
0.000000 2.549976 2.705007 -2.886015 0.989858 0.000000 0.000000 0.000000 1.000000 0.000000 0.000000
0.000000 2.556377 0.500435 -3.135974 0.757762 0.000000 0.000000 0.000000 1.000000 0.000000 0.000000
0.000000 2.560026 2.664047 -2.888568 0.957892 0.000000 0.000000 0.000000 1.000000 0.000000 0.000000
0.000000 2.566306 0.412877 -3.144312 0.711300 0.000000 0.000000 0.000000 1.000000 0.000000 0.000000
0.000000 2.570014 2.238169 -2.539809 0.880445 0.000000 0.000000 0.000000 1.000000 0.000000 0.000000
0.000000 2.579906 2.580183 -2.896875 0.887998 0.000000 0.000000 0.000000 1.000000 0.000000 0.000000
0.000000 2.586318 0.442002 -3.149818 0.649657 0.000000 0.000000 0.000000 1.000000 0.000000 0.000000
0.000000 2.590203 2.552333 -2.898391 0.849256 0.000000 0.000000 0.000000 1.000000 0.000000 0.000000
0.000000 2.596420 0.307850 -3.162004 0.592244 0.000000 0.000000 0.000000 1.000000 0.000000 0.000000
0.000000 2.606331 0.250558 -3.160626 0.534102 0.000000 0.000000 0.000000 1.000000 0.000000 0.000000
0.000000 2.616365 0.175982 -3.171152 0.482453 0.000000 0.000000 0.000000 1.000000 0.000000 0.000000
0.000000 2.626319 0.292231 -3.174011 0.442464 0.000000 0.000000 0.000000 1.000000 0.000000 0.000000
0.000000 2.636414 0.179978 -3.176175 0.399653 0.000000 0.000000 0.000000 1.000000 0.000000 0.000000
0.000000 2.646516 0.273270 -3.175457 0.370562 0.000000 0.000000 0.000000 1.000000 0.000000 0.000000
0.000000 2.656407 0.048740 -3.181169 0.296808 0.000000 0.000000 0.000000 1.000000 0.000000 0.000000
0.000000 2.666292 0.037693 -3.184740 0.276512 0.000000 0.000000 0.000000 1.000000 0.000000 0.000000
0.000000 2.666350 0.183541 -3.182843 0.278359 0.000000 0.000000 0.000000 1.000000 0.000000 0.000000
0.000000 2.676504 -0.123332 -3.198574 0.185114 0.000000 0.000000 0.000000 1.000000 0.000000 0.000000
0.000000 2.686453 -0.146662 -3.204484 0.139086 0.000000 0.000000 0.000000 1.000000 0.000000 0.000000
0.000000 2.696526 -0.044946 -3.208731 0.106303 0.000000 0.000000 0.000000 1.000000 0.000000 0.000000
0.000000 2.706332 -0.268819 -3.217132 0.021762 0.000000 0.000000 0.000000 1.000000 0.000000 0.000000
0.000000 2.716467 -0.102345 -3.216510 -0.008673 0.000000 0.000000 0.000000 1.000000 0.000000 0.000000
0.000000 2.726403 -0.450961 -3.232873 -0.099120 0.000000 0.000000 0.000000 1.000000 0.000000 0.000000
0.000000 2.736441 -0.371724 -3.234288 -0.044365 0.000000 0.000000 0.000000 1.000000 0.000000 0.000000
0.000000 2.746353 -0.472219 -3.233255 -0.030161 0.000000 0.000000 0.000000 1.000000 0.000000 0.000000
0.000000 2.746494 -0.489412 -3.237384 -0.007692 0.000000 0.000000 0.000000 1.000000 0.000000 0.000000
0.000000 2.756447 -0.537547 -3.235460 0.011192 0.000000 0.000000 0.000000 1.000000 0.000000 0.000000
0.000000 2.756449 -0.574596 -3.245581 0.035782 0.000000 0.000000 0.000000 1.000000 0.000000 0.000000
0.000000 2.766399 -0.393027 -3.245867 0.092613 0.000000 0.000000 0.000000 1.000000 0.000000 0.000000
0.000000 2.776492 -0.587134 -3.254895 0.115476 0.000000 0.000000 0.000000 1.000000 0.000000 0.000000
0.000000 2.786320 -0.610612 -3.261441 0.125418 0.000000 0.000000 0.000000 1.000000 0.000000 0.000000
0.000000 2.786371 -0.682475 -3.259118 0.139203 0.000000 0.000000 0.000000 1.000000 0.000000 0.000000
0.000000 2.796444 -0.702414 -3.260978 0.176857 0.000000 0.000000 0.000000 1.000000 0.000000 0.000000
0.000000 2.817712 -0.600211 -3.280219 0.253141 0.000000 0.000000 0.000000 1.000000 0.000000 0.000000
0.000000 2.826467 -0.826256 -3.290378 0.273285 0.000000 0.000000 0.000000 1.000000 0.000000 0.000000
0.000000 2.836558 -0.873173 -3.305467 0.288499 0.000000 0.000000 0.000000 1.000000 0.000000 0.000000
0.000000 2.846416 -0.744268 -3.300185 0.320035 0.000000 0.000000 0.000000 1.000000 0.000000 0.000000
0.000000 2.846488 -1.085650 -3.300895 0.304913 0.000000 0.000000 0.000000 1.000000 0.000000 0.000000
0.000000 2.856462 -0.934851 -3.295318 0.337884 0.000000 0.000000 0.000000 1.000000 0.000000 0.000000
0.000000 2.856556 -0.957270 -3.301041 0.350386 0.000000 0.000000 0.000000 1.000000 0.000000 0.000000
0.000000 2.866420 -0.761215 -3.306229 0.408773 0.000000 0.000000 0.000000 1.000000 0.000000 0.000000
0.000000 2.876413 -0.787651 -3.313159 0.423503 0.000000 0.000000 0.000000 1.000000 0.000000 0.000000
0.000000 2.876586 -1.026635 -3.315207 0.412781 0.000000 0.000000 0.000000 1.000000 0.000000 0.000000
0.000000 2.886346 -1.082712 -3.331445 0.420901 0.000000 0.000000 0.000000 1.000000 0.000000 0.000000
0.000000 2.886418 -1.114630 -3.331091 0.422153 0.000000 0.000000 0.000000 1.000000 0.000000 0.000000
0.000000 2.896497 -0.920872 -3.328073 0.479040 0.000000 0.000000 0.000000 1.000000 0.000000 0.000000
0.000000 2.906688 -0.859112 -3.331201 0.516552 0.000000 0.000000 0.000000 1.000000 0.000000 0.000000
0.000000 2.916485 -0.895158 -3.341565 0.525047 0.000000 0.000000 0.000000 1.000000 0.000000 0.000000
0.000000 2.916608 -1.233415 -3.346262 0.501288 0.000000 0.000000 0.000000 1.000000 0.000000 0.000000
0.000000 2.926421 -1.279578 -3.359641 0.506400 0.000000 0.000000 0.000000 1.000000 0.000000 0.000000
0.000000 2.936531 -1.311200 -3.360185 0.533341 0.000000 0.000000 0.000000 1.000000 0.000000 0.000000
0.000000 2.946422 -1.338488 -3.367344 0.541195 0.000000 0.000000 0.000000 1.000000 0.000000 0.000000
0.000000 2.956559 -1.380870 -3.374781 0.572137 0.000000 0.000000 0.000000 1.000000 0.000000 0.000000
0.000000 2.966500 -1.257532 -3.376234 0.610474 0.000000 0.000000 0.000000 1.000000 0.000000 0.000000
0.000000 2.976506 -1.468021 -3.388352 0.602366 0.000000 0.000000 0.000000 1.000000 0.000000 0.000000
0.000000 2.986472 -1.528591 -3.397204 0.613080 0.000000 0.000000 0.000000 1.000000 0.000000 0.000000
0.000000 2.996559 -1.517272 -3.399403 0.632247 0.000000 0.000000 0.000000 1.000000 0.000000 0.000000
0.000000 3.006440 -1.541322 -3.405496 0.640027 0.000000 0.000000 0.000000 1.000000 0.000000 0.000000
0.000000 3.006494 -1.638553 -3.404322 0.644186 0.000000 0.000000 0.000000 1.000000 0.000000 0.000000
0.000000 3.016819 -1.660731 -3.412712 0.651501 0.000000 0.000000 0.000000 1.000000 0.000000 0.000000
0.000000 3.026380 -1.674241 -3.414556 0.664973 0.000000 0.000000 0.000000 1.000000 0.000000 0.000000
0.000000 3.026484 -1.746707 -3.420094 0.642764 0.000000 0.000000 0.000000 1.000000 0.000000 0.000000
0.000000 3.036556 -1.697292 -3.420003 0.685058 0.000000 0.000000 0.000000 1.000000 0.000000 0.000000
0.000000 3.046526 -1.635376 -3.428076 0.682493 0.000000 0.000000 0.000000 1.000000 0.000000 0.000000
0.000000 3.056814 -1.829821 -3.440618 0.679831 0.000000 0.000000 0.000000 1.000000 0.000000 0.000000
0.000000 3.066428 -1.855486 -3.447497 0.684753 0.000000 0.000000 0.000000 1.000000 0.000000 0.000000
0.000000 3.066473 -1.928957 -3.447778 0.682684 0.000000 0.000000 0.000000 1.000000 0.000000 0.000000
0.000000 3.076596 -1.975280 -3.451315 0.677897 0.000000 0.000000 0.000000 1.000000 0.000000 0.000000
0.000000 3.086502 -1.999596 -3.460396 0.667958 0.000000 0.000000 0.000000 1.000000 0.000000 0.000000
0.000000 3.086566 -2.075168 -3.461911 0.660597 0.000000 0.000000 0.000000 1.000000 0.000000 0.000000
0.000000 3.096665 -2.020287 -3.461107 0.687621 0.000000 0.000000 0.000000 1.000000 0.000000 0.000000
0.000000 3.106533 -2.080792 -3.468411 0.687766 0.000000 0.000000 0.000000 1.000000 0.000000 0.000000
0.000000 3.116506 -2.122625 -3.481005 0.687106 0.000000 0.000000 0.000000 1.000000 0.000000 0.000000
0.000000 3.116623 -2.035740 -3.483057 0.680593 0.000000 0.000000 0.000000 1.000000 0.000000 0.000000
0.000000 3.126426 -2.067550 -3.492733 0.679154 0.000000 0.000000 0.000000 1.000000 0.000000 0.000000
0.000000 3.126559 -2.250536 -3.494117 0.670299 0.000000 0.000000 0.000000 1.000000 0.000000 0.000000
0.000000 3.136505 -2.266161 -3.498652 0.670659 0.000000 0.000000 0.000000 1.000000 0.000000 0.000000
0.000000 3.136605 -2.214831 -3.498161 0.673519 0.000000 0.000000 0.000000 1.000000 0.000000 0.000000
0.000000 3.146520 -2.222316 -3.501145 0.669625 0.000000 0.000000 0.000000 1.000000 0.000000 0.000000
0.000000 3.146551 -2.184033 -3.501275 0.669872 0.000000 0.000000 0.000000 1.000000 0.000000 0.000000
0.000000 3.156628 -2.210872 -3.501405 0.659711 0.000000 0.000000 0.000000 1.000000 0.000000 0.000000
0.000000 3.166547 -2.356609 -3.506266 0.654055 0.000000 0.000000 0.000000 1.000000 0.000000 0.000000
0.000000 3.176479 -2.343714 -3.500258 0.665515 0.000000 0.000000 0.000000 1.000000 0.000000 0.000000
0.000000 3.176587 -2.345797 -3.497833 0.675278 0.000000 0.000000 0.000000 1.000000 0.000000 0.000000
0.000000 3.186676 -2.511551 -3.532044 0.628974 0.000000 0.000000 0.000000 1.000000 0.000000 0.000000
0.000000 3.196634 -2.506967 -3.534149 0.621888 0.000000 0.000000 0.000000 1.000000 0.000000 0.000000
0.000000 3.206486 -2.498528 -3.532256 0.618830 0.000000 0.000000 0.000000 1.000000 0.000000 0.000000
0.000000 3.206561 -2.517846 -3.533445 0.613729 0.000000 0.000000 0.000000 1.000000 0.000000 0.000000
0.000000 3.216761 -2.887822 -3.551613 0.564212 0.000000 0.000000 0.000000 1.000000 0.000000 0.000000
0.000000 3.236652 -2.891221 -3.564244 0.542972 0.000000 0.000000 0.000000 1.000000 0.000000 0.000000
0.000000 3.246581 -2.903122 -3.568380 0.539744 0.000000 0.000000 0.000000 1.000000 0.000000 0.000000
0.000000 3.246583 -2.727672 -3.564892 0.556254 0.000000 0.000000 0.000000 1.000000 0.000000 0.000000
0.000000 3.256825 -2.743898 -3.566025 0.536712 0.000000 0.000000 0.000000 1.000000 0.000000 0.000000
0.000000 3.266584 -3.098805 -3.578085 0.483994 0.000000 0.000000 0.000000 1.000000 0.000000 0.000000
0.000000 3.266671 -3.110303 -3.583857 0.473167 0.000000 0.000000 0.000000 1.000000 0.000000 0.000000
0.000000 3.286592 -2.943785 -3.590382 0.462566 0.000000 0.000000 0.000000 1.000000 0.000000 0.000000
0.000000 3.296654 -3.040712 -3.606573 0.440163 0.000000 0.000000 0.000000 1.000000 0.000000 0.000000
0.000000 3.306581 -3.053874 -3.610310 0.426704 0.000000 0.000000 0.000000 1.000000 0.000000 0.000000
0.000000 3.306675 -3.033760 -3.607215 0.415522 0.000000 0.000000 0.000000 1.000000 0.000000 0.000000
0.000000 3.316810 -2.955002 -3.606766 0.395013 0.000000 0.000000 0.000000 1.000000 0.000000 0.000000
0.000000 3.326637 -2.952025 -3.606517 0.395990 0.000000 0.000000 0.000000 1.000000 0.000000 0.000000
0.000000 3.326838 -2.958924 -3.608482 0.396072 0.000000 0.000000 0.000000 1.000000 0.000000 0.000000
0.000000 3.336684 -3.214724 -3.632240 0.319258 0.000000 0.000000 0.000000 1.000000 0.000000 0.000000
0.000000 3.346771 -2.923839 -3.623547 0.335068 0.000000 0.000000 0.000000 1.000000 0.000000 0.000000
0.000000 3.356694 -3.014335 -3.627396 0.318968 0.000000 0.000000 0.000000 1.000000 0.000000 0.000000
0.000000 3.356759 -3.017132 -3.630266 0.310175 0.000000 0.000000 0.000000 1.000000 0.000000 0.000000
0.000000 3.366697 -2.992714 -3.633741 0.288348 0.000000 0.000000 0.000000 1.000000 0.000000 0.000000
0.000000 3.376695 -2.960202 -3.624737 0.286773 0.000000 0.000000 0.000000 1.000000 0.000000 0.000000
0.000000 3.406723 -3.213209 -3.657708 0.145728 0.000000 0.000000 0.000000 1.000000 0.000000 0.000000
0.000000 3.416624 -3.237852 -3.667375 0.134035 0.000000 0.000000 0.000000 1.000000 0.000000 0.000000
0.000000 3.416773 -3.248226 -3.670947 0.119901 0.000000 0.000000 0.000000 1.000000 0.000000 0.000000
0.000000 3.426680 -3.180236 -3.652063 0.117447 0.000000 0.000000 0.000000 1.000000 0.000000 0.000000
0.000000 3.426806 -3.630095 -3.669335 0.040373 0.000000 0.000000 0.000000 1.000000 0.000000 0.000000
0.000000 3.436682 -3.667689 -3.687043 0.009383 0.000000 0.000000 0.000000 1.000000 0.000000 0.000000
0.000000 3.436785 -3.827990 -3.697452 -0.035693 0.000000 0.000000 0.000000 1.000000 0.000000 0.000000
0.000000 3.446630 -3.810989 -3.696165 -0.050689 0.000000 0.000000 0.000000 1.000000 0.000000 0.000000
0.000000 3.446669 -3.291549 -3.684061 0.007644 0.000000 0.000000 0.000000 1.000000 0.000000 0.000000
0.000000 3.456629 -3.284004 -3.685365 -0.008122 0.000000 0.000000 0.000000 1.000000 0.000000 0.000000
0.000000 3.456766 -3.507046 -3.697207 -0.059961 0.000000 0.000000 0.000000 1.000000 0.000000 0.000000
0.000000 3.466650 -3.699588 -3.703735 -0.094350 0.000000 0.000000 0.000000 1.000000 0.000000 0.000000
0.000000 3.486700 -3.802187 -3.722184 -0.103798 0.000000 0.000000 0.000000 1.000000 0.000000 0.000000
0.000000 3.516722 -3.652083 -3.720916 0.026178 0.000000 0.000000 0.000000 1.000000 0.000000 0.000000
0.000000 3.536732 -3.920067 -3.713379 0.055412 0.000000 0.000000 0.000000 1.000000 0.000000 0.000000
0.000000 3.546764 -3.682968 -3.704649 0.108824 0.000000 0.000000 0.000000 1.000000 0.000000 0.000000
0.000000 3.556667 -3.749489 -3.721091 0.118016 0.000000 0.000000 0.000000 1.000000 0.000000 0.000000
0.000000 3.556930 -3.725691 -3.716276 0.135991 0.000000 0.000000 0.000000 1.000000 0.000000 0.000000
0.000000 3.566659 -3.742233 -3.718231 0.146904 0.000000 0.000000 0.000000 1.000000 0.000000 0.000000
0.000000 3.576798 -4.175107 -3.743106 0.125628 0.000000 0.000000 0.000000 1.000000 0.000000 0.000000
0.000000 3.586727 -4.046369 -3.728284 0.177989 0.000000 0.000000 0.000000 1.000000 0.000000 0.000000
0.000000 3.606739 -4.054467 -3.746112 0.208774 0.000000 0.000000 0.000000 1.000000 0.000000 0.000000
0.000000 3.616772 -3.964962 -3.740312 0.243565 0.000000 0.000000 0.000000 1.000000 0.000000 0.000000
0.000000 3.626668 -4.099218 -3.779521 0.237810 0.000000 0.000000 0.000000 1.000000 0.000000 0.000000
0.000000 3.646755 -4.303471 -3.776789 0.264872 0.000000 0.000000 0.000000 1.000000 0.000000 0.000000
0.000000 3.656754 -4.340685 -3.786700 0.266621 0.000000 0.000000 0.000000 1.000000 0.000000 0.000000
0.000000 3.656813 -4.548814 -3.790274 0.250811 0.000000 0.000000 0.000000 1.000000 0.000000 0.000000
0.000000 3.666723 -4.566824 -3.794300 0.254717 0.000000 0.000000 0.000000 1.000000 0.000000 0.000000
0.000000 3.666764 -4.577275 -3.790312 0.269879 0.000000 0.000000 0.000000 1.000000 0.000000 0.000000
0.000000 3.686755 -4.668993 -3.794510 0.283075 0.000000 0.000000 0.000000 1.000000 0.000000 0.000000
0.000000 3.696851 -4.641127 -3.793586 0.289613 0.000000 0.000000 0.000000 1.000000 0.000000 0.000000
0.000000 3.716776 -4.682678 -3.796266 0.304073 0.000000 0.000000 0.000000 1.000000 0.000000 0.000000
0.000000 3.716849 -4.722067 -3.807311 0.303912 0.000000 0.000000 0.000000 1.000000 0.000000 0.000000
0.000000 3.726806 -4.795724 -3.818051 0.312132 0.000000 0.000000 0.000000 1.000000 0.000000 0.000000
0.000000 3.736991 -4.793979 -3.811377 0.301631 0.000000 0.000000 0.000000 1.000000 0.000000 0.000000
0.000000 3.746823 -4.943380 -3.814898 0.287715 0.000000 0.000000 0.000000 1.000000 0.000000 0.000000
0.000000 3.746839 -5.025105 -3.837705 0.286926 0.000000 0.000000 0.000000 1.000000 0.000000 0.000000
0.000000 3.757038 -4.974986 -3.831226 0.299986 0.000000 0.000000 0.000000 1.000000 0.000000 0.000000
0.000000 3.766988 -4.852386 -3.830619 0.307196 0.000000 0.000000 0.000000 1.000000 0.000000 0.000000
0.000000 3.806863 -5.107802 -3.872734 0.282783 0.000000 0.000000 0.000000 1.000000 0.000000 0.000000
0.000000 3.816785 -5.133373 -3.880454 0.280142 0.000000 0.000000 0.000000 1.000000 0.000000 0.000000
0.000000 3.816849 -5.248090 -3.884571 0.264705 0.000000 0.000000 0.000000 1.000000 0.000000 0.000000
0.000000 3.826780 -5.164527 -3.860495 0.268734 0.000000 0.000000 0.000000 1.000000 0.000000 0.000000
0.000000 3.827165 -5.214287 -3.862358 0.261586 0.000000 0.000000 0.000000 1.000000 0.000000 0.000000
0.000000 3.836743 -5.204075 -3.857792 0.268946 0.000000 0.000000 0.000000 1.000000 0.000000 0.000000
0.000000 3.836812 -5.127235 -3.852695 0.288827 0.000000 0.000000 0.000000 1.000000 0.000000 0.000000
0.000000 3.846869 -4.974645 -3.856513 0.289615 0.000000 0.000000 0.000000 1.000000 0.000000 0.000000
0.000000 3.856826 -4.982135 -3.861645 0.276525 0.000000 0.000000 0.000000 1.000000 0.000000 0.000000
0.000000 3.856854 -5.250074 -3.870956 0.241063 0.000000 0.000000 0.000000 1.000000 0.000000 0.000000
0.000000 3.866753 -5.265367 -3.874868 0.242494 0.000000 0.000000 0.000000 1.000000 0.000000 0.000000
0.000000 3.866864 -5.381294 -3.878951 0.226961 0.000000 0.000000 0.000000 1.000000 0.000000 0.000000
0.000000 3.877152 -5.353191 -3.869626 0.230660 0.000000 0.000000 0.000000 1.000000 0.000000 0.000000
0.000000 3.897087 -5.393316 -3.892776 0.190537 0.000000 0.000000 0.000000 1.000000 0.000000 0.000000
0.000000 3.906816 -5.394318 -3.894635 0.183266 0.000000 0.000000 0.000000 1.000000 0.000000 0.000000
0.000000 3.907227 -5.532287 -3.900784 0.159171 0.000000 0.000000 0.000000 1.000000 0.000000 0.000000
0.000000 3.916994 -5.619985 -3.910429 0.142845 0.000000 0.000000 0.000000 1.000000 0.000000 0.000000
0.000000 3.946901 -5.930921 -3.947710 0.056555 0.000000 0.000000 0.000000 1.000000 0.000000 0.000000
0.000000 3.957018 -5.838423 -3.925112 0.043801 0.000000 0.000000 0.000000 1.000000 0.000000 0.000000
0.000000 3.966907 -5.940043 -3.956015 0.012672 0.000000 0.000000 0.000000 1.000000 0.000000 0.000000
0.000000 3.996898 -5.973041 -3.957185 -0.054965 0.000000 0.000000 0.000000 1.000000 0.000000 0.000000
0.000000 4.006886 -5.883209 -3.931856 -0.051337 0.000000 0.000000 0.000000 1.000000 0.000000 0.000000
0.000000 4.017144 -6.019556 -3.957837 -0.109848 0.000000 0.000000 0.000000 1.000000 0.000000 0.000000
0.000000 4.026995 -6.148090 -3.963835 -0.133625 0.000000 0.000000 0.000000 1.000000 0.000000 0.000000
0.000000 4.036941 -6.179789 -3.974302 -0.141965 0.000000 0.000000 0.000000 1.000000 0.000000 0.000000
0.000000 4.056990 -6.035986 -3.968179 -0.084896 0.000000 0.000000 0.000000 1.000000 0.000000 0.000000
0.000000 4.066910 -6.255321 -3.969825 -0.085441 0.000000 0.000000 0.000000 1.000000 0.000000 0.000000
0.000000 4.066926 -6.111914 -3.972851 -0.066962 0.000000 0.000000 0.000000 1.000000 0.000000 0.000000
0.000000 4.086954 -6.357358 -3.994700 -0.029531 0.000000 0.000000 0.000000 1.000000 0.000000 0.000000
0.000000 4.096950 -6.292808 -3.972023 -0.007653 0.000000 0.000000 0.000000 1.000000 0.000000 0.000000
0.000000 4.096959 -6.250489 -3.966337 0.014572 0.000000 0.000000 0.000000 1.000000 0.000000 0.000000
0.000000 4.106989 -6.355338 -3.975539 0.029126 0.000000 0.000000 0.000000 1.000000 0.000000 0.000000
0.000000 4.147269 -6.379194 -4.004720 0.080286 0.000000 0.000000 0.000000 1.000000 0.000000 0.000000
0.000000 4.157027 -6.289205 -3.972887 0.111577 0.000000 0.000000 0.000000 1.000000 0.000000 0.000000
0.000000 4.166963 -6.642310 -4.012727 0.091338 0.000000 0.000000 0.000000 1.000000 0.000000 0.000000
0.000000 4.177169 -6.705028 -4.012091 0.087636 0.000000 0.000000 0.000000 1.000000 0.000000 0.000000
0.000000 4.186980 -6.634729 -4.008384 0.102179 0.000000 0.000000 0.000000 1.000000 0.000000 0.000000
0.000000 4.187027 -6.669363 -4.015350 0.113841 0.000000 0.000000 0.000000 1.000000 0.000000 0.000000
0.000000 4.196998 -6.708907 -4.013656 0.123094 0.000000 0.000000 0.000000 1.000000 0.000000 0.000000
0.000000 4.197008 -6.724877 -4.017678 0.124707 0.000000 0.000000 0.000000 1.000000 0.000000 0.000000
0.000000 4.217062 -6.817630 -4.001918 0.131375 0.000000 0.000000 0.000000 1.000000 0.000000 0.000000
0.000000 4.227038 -6.842046 -4.030097 0.133040 0.000000 0.000000 0.000000 1.000000 0.000000 0.000000
0.000000 4.237220 -6.911242 -4.033196 0.134940 0.000000 0.000000 0.000000 1.000000 0.000000 0.000000
0.000000 4.257185 -6.887001 -4.017914 0.151200 0.000000 0.000000 0.000000 1.000000 0.000000 0.000000
0.000000 4.267030 -6.867189 -4.006402 0.149063 0.000000 0.000000 0.000000 1.000000 0.000000 0.000000
0.000000 4.277193 -6.946479 -4.023183 0.139702 0.000000 0.000000 0.000000 1.000000 0.000000 0.000000
0.000000 4.287002 -6.971722 -4.042113 0.129943 0.000000 0.000000 0.000000 1.000000 0.000000 0.000000
0.000000 4.287028 -6.912277 -4.019325 0.160919 0.000000 0.000000 0.000000 1.000000 0.000000 0.000000
0.000000 4.297096 -7.089902 -4.052030 0.129253 0.000000 0.000000 0.000000 1.000000 0.000000 0.000000
0.000000 4.307033 -7.096693 -4.052382 0.127938 0.000000 0.000000 0.000000 1.000000 0.000000 0.000000
0.000000 4.307056 -7.153211 -4.068765 0.122523 0.000000 0.000000 0.000000 1.000000 0.000000 0.000000
0.000000 4.357086 -7.377612 -4.063550 0.062476 0.000000 0.000000 0.000000 1.000000 0.000000 0.000000
0.000000 4.366989 -7.383370 -4.065806 0.059057 0.000000 0.000000 0.000000 1.000000 0.000000 0.000000
0.000000 4.367189 -7.280829 -4.065555 0.056368 0.000000 0.000000 0.000000 1.000000 0.000000 0.000000
0.000000 4.377224 -7.318751 -4.064568 0.052272 0.000000 0.000000 0.000000 1.000000 0.000000 0.000000
0.000000 4.397281 -7.307473 -4.073781 0.027706 0.000000 0.000000 0.000000 1.000000 0.000000 0.000000
0.000000 4.417128 -7.575636 -4.101343 -0.022397 0.000000 0.000000 0.000000 1.000000 0.000000 0.000000
0.000000 4.417196 -7.519796 -4.085406 -0.017402 0.000000 0.000000 0.000000 1.000000 0.000000 0.000000
0.000000 4.427061 -7.604781 -4.089957 -0.034354 0.000000 0.000000 0.000000 1.000000 0.000000 0.000000
0.000000 4.427125 -7.662047 -4.108060 -0.047567 0.000000 0.000000 0.000000 1.000000 0.000000 0.000000
0.000000 4.437063 -7.845235 -4.117752 -0.083184 0.000000 0.000000 0.000000 1.000000 0.000000 0.000000
0.000000 4.447303 -7.618514 -4.080593 -0.075438 0.000000 0.000000 0.000000 1.000000 0.000000 0.000000
0.000000 4.477410 -7.828024 -4.113939 -0.129633 0.000000 0.000000 0.000000 1.000000 0.000000 0.000000
0.000000 4.487055 -7.872917 -4.123532 -0.117948 0.000000 0.000000 0.000000 1.000000 0.000000 0.000000
0.000000 4.517081 -7.794663 -4.093025 -0.059890 0.000000 0.000000 0.000000 1.000000 0.000000 0.000000
0.000000 4.517108 -7.934391 -4.130812 -0.063432 0.000000 0.000000 0.000000 1.000000 0.000000 0.000000
0.000000 4.527166 -8.085856 -4.112972 -0.069973 0.000000 0.000000 0.000000 1.000000 0.000000 0.000000
0.000000 4.537186 -7.988352 -4.106934 -0.032483 0.000000 0.000000 0.000000 1.000000 0.000000 0.000000
0.000000 4.557124 -7.900616 -4.093955 0.011077 0.000000 0.000000 0.000000 1.000000 0.000000 0.000000
0.000000 4.567122 -8.107110 -4.151803 -0.004276 0.000000 0.000000 0.000000 1.000000 0.000000 0.000000
0.000000 4.567175 -8.068643 -4.148142 0.010633 0.000000 0.000000 0.000000 1.000000 0.000000 0.000000
0.000000 4.597109 -8.047989 -4.111428 0.041742 0.000000 0.000000 0.000000 1.000000 0.000000 0.000000
0.000000 4.597132 -8.076805 -4.119986 0.037240 0.000000 0.000000 0.000000 1.000000 0.000000 0.000000
0.000000 4.607177 -8.115129 -4.159343 0.032932 0.000000 0.000000 0.000000 1.000000 0.000000 0.000000
0.000000 4.617203 -8.372420 -4.167319 0.025075 0.000000 0.000000 0.000000 1.000000 0.000000 0.000000
0.000000 4.627185 -8.246417 -4.148044 0.043882 0.000000 0.000000 0.000000 1.000000 0.000000 0.000000
0.000000 4.657487 -8.178064 -4.133921 0.060962 0.000000 0.000000 0.000000 1.000000 0.000000 0.000000
0.000000 4.667194 -8.135063 -4.120361 0.070857 0.000000 0.000000 0.000000 1.000000 0.000000 0.000000
0.000000 4.667368 -8.358327 -4.126969 0.050467 0.000000 0.000000 0.000000 1.000000 0.000000 0.000000
0.000000 4.677319 -8.362233 -4.128280 0.049180 0.000000 0.000000 0.000000 1.000000 0.000000 0.000000
0.000000 4.677658 -8.371074 -4.127649 0.052239 0.000000 0.000000 0.000000 1.000000 0.000000 0.000000
0.000000 4.687231 -8.364986 -4.127486 0.045629 0.000000 0.000000 0.000000 1.000000 0.000000 0.000000
0.000000 4.707421 -8.257043 -4.126309 0.054529 0.000000 0.000000 0.000000 1.000000 0.000000 0.000000
0.000000 4.717204 -8.454282 -4.186460 0.015523 0.000000 0.000000 0.000000 1.000000 0.000000 0.000000
0.000000 4.717339 -8.682203 -4.197267 -0.021851 0.000000 0.000000 0.000000 1.000000 0.000000 0.000000
0.000000 4.727223 -8.488476 -4.141170 0.003702 0.000000 0.000000 0.000000 1.000000 0.000000 0.000000
0.000000 4.727365 -8.532269 -4.142187 0.001125 0.000000 0.000000 0.000000 1.000000 0.000000 0.000000
0.000000 4.737206 -8.612829 -4.165158 -0.007943 0.000000 0.000000 0.000000 1.000000 0.000000 0.000000
0.000000 4.747501 -8.673187 -4.207194 -0.025845 0.000000 0.000000 0.000000 1.000000 0.000000 0.000000
0.000000 4.757298 -8.614610 -4.191117 -0.022383 0.000000 0.000000 0.000000 1.000000 0.000000 0.000000
0.000000 4.757357 -8.833408 -4.198301 -0.043291 0.000000 0.000000 0.000000 1.000000 0.000000 0.000000
0.000000 4.767195 -8.684071 -4.154975 -0.022191 0.000000 0.000000 0.000000 1.000000 0.000000 0.000000
0.000000 4.787466 -8.946486 -4.204816 -0.086791 0.000000 0.000000 0.000000 1.000000 0.000000 0.000000
0.000000 4.797238 -8.920634 -4.198731 -0.090205 0.000000 0.000000 0.000000 1.000000 0.000000 0.000000
0.000000 4.797330 -8.930406 -4.199899 -0.095383 0.000000 0.000000 0.000000 1.000000 0.000000 0.000000
0.000000 4.817189 -8.886024 -4.195489 -0.115692 0.000000 0.000000 0.000000 1.000000 0.000000 0.000000
0.000000 4.817282 -8.999253 -4.203111 -0.145253 0.000000 0.000000 0.000000 1.000000 0.000000 0.000000
0.000000 4.827151 -8.926614 -4.181868 -0.133861 0.000000 0.000000 0.000000 1.000000 0.000000 0.000000
0.000000 4.827595 -8.779830 -4.178573 -0.125262 0.000000 0.000000 0.000000 1.000000 0.000000 0.000000
0.000000 4.837180 -8.951247 -4.226197 -0.140284 0.000000 0.000000 0.000000 1.000000 0.000000 0.000000
0.000000 4.847485 -9.142910 -4.229340 -0.118701 0.000000 0.000000 0.000000 1.000000 0.000000 0.000000
0.000000 4.857170 -9.004204 -4.207327 -0.077414 0.000000 0.000000 0.000000 1.000000 0.000000 0.000000
0.000000 4.857446 -9.012284 -4.209294 -0.086326 0.000000 0.000000 0.000000 1.000000 0.000000 0.000000
0.000000 4.867175 -9.172452 -4.253040 -0.096800 0.000000 0.000000 0.000000 1.000000 0.000000 0.000000
0.000000 4.887471 -9.164757 -4.225358 -0.068002 0.000000 0.000000 0.000000 1.000000 0.000000 0.000000
0.000000 4.897367 -9.209303 -4.235055 -0.058958 0.000000 0.000000 0.000000 1.000000 0.000000 0.000000
0.000000 4.897390 -9.242152 -4.232913 -0.046678 0.000000 0.000000 0.000000 1.000000 0.000000 0.000000
0.000000 4.907169 -9.229904 -4.229083 -0.043410 0.000000 0.000000 0.000000 1.000000 0.000000 0.000000
0.000000 4.907446 -9.243614 -4.227975 -0.036744 0.000000 0.000000 0.000000 1.000000 0.000000 0.000000
0.000000 4.917161 -9.414141 -4.270633 -0.074525 0.000000 0.000000 0.000000 1.000000 0.000000 0.000000
0.000000 4.917445 -9.314146 -4.267838 -0.068308 0.000000 0.000000 0.000000 1.000000 0.000000 0.000000
0.000000 4.927232 -9.138764 -4.219188 -0.000352 0.000000 0.000000 0.000000 1.000000 0.000000 0.000000
0.000000 4.927762 -9.302381 -4.228933 -0.037427 0.000000 0.000000 0.000000 1.000000 0.000000 0.000000
0.000000 4.937238 -9.464663 -4.275071 -0.057560 0.000000 0.000000 0.000000 1.000000 0.000000 0.000000
