30.000000 315.983069 25.424123 -0.208052 0.402156 0.000000 0.000000 0.000000 1.000000 0.000000 0.000000
30.000000 316.003184 25.061132 -0.188751 0.582422 0.000000 0.000000 0.000000 1.000000 0.000000 0.000000
30.000000 316.013108 25.149606 -0.182584 0.649338 0.000000 0.000000 0.000000 1.000000 0.000000 0.000000
30.000000 316.023122 24.956637 -0.156178 0.762934 0.000000 0.000000 0.000000 1.000000 0.000000 0.000000
30.000000 316.033197 24.787355 -0.137245 0.861233 0.000000 0.000000 0.000000 1.000000 0.000000 0.000000
30.000000 316.043078 24.595905 -0.098551 0.941449 0.000000 0.000000 0.000000 1.000000 0.000000 0.000000
30.000000 316.053145 24.411372 -0.083343 1.039264 0.000000 0.000000 0.000000 1.000000 0.000000 0.000000
30.000000 316.063169 24.338378 -0.058374 1.097406 0.000000 0.000000 0.000000 1.000000 0.000000 0.000000
30.000000 316.063314 22.764847 0.129573 1.190405 0.000000 0.000000 0.000000 1.000000 0.000000 0.000000
30.000000 316.073121 24.211831 -0.038405 1.167313 0.000000 0.000000 0.000000 1.000000 0.000000 0.000000
30.000000 316.073350 22.647520 0.156369 1.257612 0.000000 0.000000 0.000000 1.000000 0.000000 0.000000
30.000000 316.083119 24.070870 -0.010642 1.254688 0.000000 0.000000 0.000000 1.000000 0.000000 0.000000
30.000000 316.083311 22.554141 0.171254 1.334779 0.000000 0.000000 0.000000 1.000000 0.000000 0.000000
30.000000 316.093360 22.656472 -0.028649 1.505418 0.000000 0.000000 0.000000 1.000000 0.000000 0.000000
30.000000 316.093441 22.450996 0.189035 1.405887 0.000000 0.000000 0.000000 1.000000 0.000000 0.000000
30.000000 316.103183 23.777908 0.034641 1.425559 0.000000 0.000000 0.000000 1.000000 0.000000 0.000000
30.000000 316.103346 22.430751 0.176764 1.512581 0.000000 0.000000 0.000000 1.000000 0.000000 0.000000
30.000000 316.113178 23.610963 0.067590 1.485812 0.000000 0.000000 0.000000 1.000000 0.000000 0.000000
30.000000 316.113366 22.238676 0.217964 1.546969 0.000000 0.000000 0.000000 1.000000 0.000000 0.000000
30.000000 316.123171 23.511218 0.087943 1.555550 0.000000 0.000000 0.000000 1.000000 0.000000 0.000000
30.000000 316.123410 22.142997 0.238126 1.617797 0.000000 0.000000 0.000000 1.000000 0.000000 0.000000
30.000000 316.133343 23.365013 0.109965 1.626846 0.000000 0.000000 0.000000 1.000000 0.000000 0.000000
30.000000 316.133382 22.021887 0.258206 1.678820 0.000000 0.000000 0.000000 1.000000 0.000000 0.000000
30.000000 316.143162 23.235489 0.136779 1.689684 0.000000 0.000000 0.000000 1.000000 0.000000 0.000000
30.000000 316.143372 21.913597 0.277310 1.741674 0.000000 0.000000 0.000000 1.000000 0.000000 0.000000
30.000000 316.151268 21.460321 0.235988 1.820332 0.000000 0.000000 0.000000 1.000000 0.000000 0.000000
30.000000 316.153199 21.698154 0.499669 1.803550 0.000000 0.000000 0.000000 1.000000 0.000000 0.000000
30.000000 316.153422 21.822585 0.280316 1.811352 0.000000 0.000000 0.000000 1.000000 0.000000 0.000000
30.000000 316.161752 21.348343 0.257918 1.879558 0.000000 0.000000 0.000000 1.000000 0.000000 0.000000
30.000000 316.163199 21.602288 0.531137 1.863178 0.000000 0.000000 0.000000 1.000000 0.000000 0.000000
30.000000 316.163398 21.712142 0.307373 1.870545 0.000000 0.000000 0.000000 1.000000 0.000000 0.000000
30.000000 316.171268 21.238682 0.276953 1.937752 0.000000 0.000000 0.000000 1.000000 0.000000 0.000000
30.000000 316.173162 21.500664 0.551866 1.921521 0.000000 0.000000 0.000000 1.000000 0.000000 0.000000
30.000000 316.173401 21.603979 0.329978 1.929714 0.000000 0.000000 0.000000 1.000000 0.000000 0.000000
30.000000 316.181438 21.127150 0.302002 2.002632 0.000000 0.000000 0.000000 1.000000 0.000000 0.000000
30.000000 316.183176 21.380462 0.563196 1.985720 0.000000 0.000000 0.000000 1.000000 0.000000 0.000000
30.000000 316.183416 21.514238 0.337712 1.994112 0.000000 0.000000 0.000000 1.000000 0.000000 0.000000
30.000000 316.191482 21.022008 0.325726 2.058900 0.000000 0.000000 0.000000 1.000000 0.000000 0.000000
30.000000 316.193217 21.271713 0.581261 2.037860 0.000000 0.000000 0.000000 1.000000 0.000000 0.000000
30.000000 316.193390 21.393455 0.357149 2.049234 0.000000 0.000000 0.000000 1.000000 0.000000 0.000000
30.000000 316.201421 20.897277 0.344108 2.116852 0.000000 0.000000 0.000000 1.000000 0.000000 0.000000
30.000000 316.203232 21.132053 0.582079 2.095675 0.000000 0.000000 0.000000 1.000000 0.000000 0.000000
30.000000 316.203430 21.292510 0.368516 2.112421 0.000000 0.000000 0.000000 1.000000 0.000000 0.000000
30.000000 316.211462 20.770609 0.364707 2.167310 0.000000 0.000000 0.000000 1.000000 0.000000 0.000000
30.000000 316.213194 21.039297 0.624703 2.149232 0.000000 0.000000 0.000000 1.000000 0.000000 0.000000
30.000000 316.213432 21.173858 0.403591 2.162901 0.000000 0.000000 0.000000 1.000000 0.000000 0.000000
30.000000 316.221359 20.654663 0.381247 2.224558 0.000000 0.000000 0.000000 1.000000 0.000000 0.000000
30.000000 316.223166 20.923621 0.636489 2.206984 0.000000 0.000000 0.000000 1.000000 0.000000 0.000000
30.000000 316.223426 21.097505 0.402529 2.221332 0.000000 0.000000 0.000000 1.000000 0.000000 0.000000
30.000000 316.231353 20.546134 0.398961 2.282341 0.000000 0.000000 0.000000 1.000000 0.000000 0.000000
30.000000 316.233254 20.814092 0.649722 2.259561 0.000000 0.000000 0.000000 1.000000 0.000000 0.000000
30.000000 316.233603 20.978372 0.421195 2.269373 0.000000 0.000000 0.000000 1.000000 0.000000 0.000000
30.000000 316.241474 20.425447 0.409922 2.336183 0.000000 0.000000 0.000000 1.000000 0.000000 0.000000
30.000000 316.243207 20.716374 0.671693 2.317518 0.000000 0.000000 0.000000 1.000000 0.000000 0.000000
30.000000 316.243371 20.862134 0.455437 2.328276 0.000000 0.000000 0.000000 1.000000 0.000000 0.000000
30.000000 316.251318 20.305793 0.434292 2.382457 0.000000 0.000000 0.000000 1.000000 0.000000 0.000000
30.000000 316.253239 20.571255 0.674795 2.356449 0.000000 0.000000 0.000000 1.000000 0.000000 0.000000
30.000000 316.253659 20.739669 0.459949 2.367385 0.000000 0.000000 0.000000 1.000000 0.000000 0.000000
30.000000 316.261428 20.189904 0.458716 2.426054 0.000000 0.000000 0.000000 1.000000 0.000000 0.000000
30.000000 316.263238 20.478587 0.709569 2.410114 0.000000 0.000000 0.000000 1.000000 0.000000 0.000000
30.000000 316.263606 20.657251 0.478553 2.429271 0.000000 0.000000 0.000000 1.000000 0.000000 0.000000
30.000000 316.271634 20.087480 0.481869 2.480628 0.000000 0.000000 0.000000 1.000000 0.000000 0.000000
30.000000 316.273199 20.367904 0.722724 2.462567 0.000000 0.000000 0.000000 1.000000 0.000000 0.000000
30.000000 316.273662 20.565568 0.497840 2.481486 0.000000 0.000000 0.000000 1.000000 0.000000 0.000000
30.000000 316.281415 19.965275 0.500902 2.528090 0.000000 0.000000 0.000000 1.000000 0.000000 0.000000
30.000000 316.283248 20.257750 0.745522 2.510018 0.000000 0.000000 0.000000 1.000000 0.000000 0.000000
30.000000 316.283478 20.477803 0.504089 2.524174 0.000000 0.000000 0.000000 1.000000 0.000000 0.000000
30.000000 316.291369 19.825804 0.504726 2.567463 0.000000 0.000000 0.000000 1.000000 0.000000 0.000000
30.000000 316.293228 20.141356 0.759129 2.555667 0.000000 0.000000 0.000000 1.000000 0.000000 0.000000
30.000000 316.293659 20.369098 0.522026 2.573141 0.000000 0.000000 0.000000 1.000000 0.000000 0.000000
30.000000 316.301421 19.725417 0.536742 2.620004 0.000000 0.000000 0.000000 1.000000 0.000000 0.000000
30.000000 316.303241 20.012815 0.771130 2.597285 0.000000 0.000000 0.000000 1.000000 0.000000 0.000000
30.000000 316.303487 20.240443 0.539054 2.612813 0.000000 0.000000 0.000000 1.000000 0.000000 0.000000
30.000000 316.311658 19.586764 0.554316 2.659090 0.000000 0.000000 0.000000 1.000000 0.000000 0.000000
30.000000 316.313300 19.895276 0.796603 2.643072 0.000000 0.000000 0.000000 1.000000 0.000000 0.000000
30.000000 316.313751 20.163997 0.554106 2.659442 0.000000 0.000000 0.000000 1.000000 0.000000 0.000000
30.000000 316.321341 19.484006 0.577265 2.699449 0.000000 0.000000 0.000000 1.000000 0.000000 0.000000
30.000000 316.323239 19.798852 0.821927 2.683301 0.000000 0.000000 0.000000 1.000000 0.000000 0.000000
30.000000 316.323500 20.083259 0.566220 2.705615 0.000000 0.000000 0.000000 1.000000 0.000000 0.000000
30.000000 316.331362 19.368598 0.589761 2.749336 0.000000 0.000000 0.000000 1.000000 0.000000 0.000000
30.000000 316.333198 19.689151 0.829983 2.736400 0.000000 0.000000 0.000000 1.000000 0.000000 0.000000
30.000000 316.333461 19.953561 0.596890 2.753849 0.000000 0.000000 0.000000 1.000000 0.000000 0.000000
30.000000 316.341478 19.255360 0.610733 2.790528 0.000000 0.000000 0.000000 1.000000 0.000000 0.000000
30.000000 316.343258 19.580510 0.851035 2.776972 0.000000 0.000000 0.000000 1.000000 0.000000 0.000000
30.000000 316.343526 19.893653 0.592615 2.794350 0.000000 0.000000 0.000000 1.000000 0.000000 0.000000
30.000000 316.351354 19.148103 0.634216 2.831570 0.000000 0.000000 0.000000 1.000000 0.000000 0.000000
30.000000 316.353392 19.444635 0.856017 2.808942 0.000000 0.000000 0.000000 1.000000 0.000000 0.000000
30.000000 316.353523 19.714789 0.635569 2.830061 0.000000 0.000000 0.000000 1.000000 0.000000 0.000000
30.000000 316.361411 19.004238 0.651115 2.872817 0.000000 0.000000 0.000000 1.000000 0.000000 0.000000
30.000000 316.363416 19.331902 0.883653 2.861214 0.000000 0.000000 0.000000 1.000000 0.000000 0.000000
30.000000 316.363456 19.713963 0.616102 2.876704 0.000000 0.000000 0.000000 1.000000 0.000000 0.000000
30.000000 316.373338 20.185389 0.644307 2.926027 0.000000 0.000000 0.000000 1.000000 0.000000 0.000000
30.000000 316.373668 19.518746 0.675354 2.911089 0.000000 0.000000 0.000000 1.000000 0.000000 0.000000
30.000000 316.381528 18.790646 0.685731 2.944192 0.000000 0.000000 0.000000 1.000000 0.000000 0.000000
30.000000 316.383200 19.140077 0.923977 2.933556 0.000000 0.000000 0.000000 1.000000 0.000000 0.000000
30.000000 316.383455 19.499882 0.658952 2.949740 0.000000 0.000000 0.000000 1.000000 0.000000 0.000000
30.000000 316.391361 18.655544 0.695149 2.975282 0.000000 0.000000 0.000000 1.000000 0.000000 0.000000
30.000000 316.393266 19.019885 0.936900 2.969414 0.000000 0.000000 0.000000 1.000000 0.000000 0.000000
30.000000 316.393523 19.418272 0.668575 2.986206 0.000000 0.000000 0.000000 1.000000 0.000000 0.000000
30.000000 316.401655 18.563955 0.728753 3.015163 0.000000 0.000000 0.000000 1.000000 0.000000 0.000000
30.000000 316.403251 18.876003 0.938243 3.003835 0.000000 0.000000 0.000000 1.000000 0.000000 0.000000
30.000000 316.403478 19.310735 0.668822 3.024392 0.000000 0.000000 0.000000 1.000000 0.000000 0.000000
30.000000 316.411404 18.429507 0.742067 3.050800 0.000000 0.000000 0.000000 1.000000 0.000000 0.000000
30.000000 316.413264 18.793766 0.980257 3.036389 0.000000 0.000000 0.000000 1.000000 0.000000 0.000000
30.000000 316.413551 19.163691 0.715580 3.056468 0.000000 0.000000 0.000000 1.000000 0.000000 0.000000
30.000000 316.421396 18.311328 0.764521 3.085161 0.000000 0.000000 0.000000 1.000000 0.000000 0.000000
30.000000 316.423274 18.666554 0.993045 3.071978 0.000000 0.000000 0.000000 1.000000 0.000000 0.000000
30.000000 316.423450 19.105042 0.718421 3.089283 0.000000 0.000000 0.000000 1.000000 0.000000 0.000000
30.000000 316.431386 18.202459 0.780693 3.116225 0.000000 0.000000 0.000000 1.000000 0.000000 0.000000
30.000000 316.433352 18.568311 1.009294 3.106521 0.000000 0.000000 0.000000 1.000000 0.000000 0.000000
30.000000 316.433536 18.922892 0.770157 3.125360 0.000000 0.000000 0.000000 1.000000 0.000000 0.000000
30.000000 316.441444 18.069562 0.790723 3.149886 0.000000 0.000000 0.000000 1.000000 0.000000 0.000000
30.000000 316.443312 18.446624 1.022309 3.139133 0.000000 0.000000 0.000000 1.000000 0.000000 0.000000
30.000000 316.443439 18.863290 0.761519 3.154018 0.000000 0.000000 0.000000 1.000000 0.000000 0.000000
30.000000 316.451660 17.976990 0.818092 3.182530 0.000000 0.000000 0.000000 1.000000 0.000000 0.000000
30.000000 316.453325 18.357248 1.050104 3.167674 0.000000 0.000000 0.000000 1.000000 0.000000 0.000000
30.000000 316.453543 18.681992 0.822578 3.187342 0.000000 0.000000 0.000000 1.000000 0.000000 0.000000
30.000000 316.461512 17.842963 0.842357 3.207971 0.000000 0.000000 0.000000 1.000000 0.000000 0.000000
30.000000 316.463314 18.208689 1.064102 3.192606 0.000000 0.000000 0.000000 1.000000 0.000000 0.000000
30.000000 316.463515 18.595322 0.823464 3.214681 0.000000 0.000000 0.000000 1.000000 0.000000 0.000000
30.000000 316.471431 17.735664 0.858514 3.231103 0.000000 0.000000 0.000000 1.000000 0.000000 0.000000
30.000000 316.473289 18.111571 1.081358 3.220312 0.000000 0.000000 0.000000 1.000000 0.000000 0.000000
30.000000 316.473644 18.590018 0.801880 3.240712 0.000000 0.000000 0.000000 1.000000 0.000000 0.000000
30.000000 316.481607 17.631979 0.876274 3.266414 0.000000 0.000000 0.000000 1.000000 0.000000 0.000000
30.000000 316.483303 18.002997 1.093336 3.252998 0.000000 0.000000 0.000000 1.000000 0.000000 0.000000
30.000000 316.483574 18.482823 0.820985 3.269352 0.000000 0.000000 0.000000 1.000000 0.000000 0.000000
30.000000 316.491520 17.506029 0.893598 3.290920 0.000000 0.000000 0.000000 1.000000 0.000000 0.000000
30.000000 316.493262 17.881717 1.110735 3.274244 0.000000 0.000000 0.000000 1.000000 0.000000 0.000000
30.000000 316.493546 18.210430 0.903552 3.295511 0.000000 0.000000 0.000000 1.000000 0.000000 0.000000
30.000000 316.501633 17.379379 0.907080 3.312832 0.000000 0.000000 0.000000 1.000000 0.000000 0.000000
30.000000 316.503348 17.767829 1.129192 3.292440 0.000000 0.000000 0.000000 1.000000 0.000000 0.000000
30.000000 316.503496 18.105224 0.901391 3.312130 0.000000 0.000000 0.000000 1.000000 0.000000 0.000000
30.000000 316.511473 17.253507 0.922247 3.334572 0.000000 0.000000 0.000000 1.000000 0.000000 0.000000
30.000000 316.513309 17.661387 1.147306 3.326866 0.000000 0.000000 0.000000 1.000000 0.000000 0.000000
30.000000 316.513537 18.174507 0.863074 3.346280 0.000000 0.000000 0.000000 1.000000 0.000000 0.000000
30.000000 316.521504 17.109593 0.942866 3.357745 0.000000 0.000000 0.000000 1.000000 0.000000 0.000000
30.000000 316.523281 17.528075 1.169689 3.351461 0.000000 0.000000 0.000000 1.000000 0.000000 0.000000
30.000000 316.523545 18.084440 0.881111 3.370415 0.000000 0.000000 0.000000 1.000000 0.000000 0.000000
30.000000 316.531485 17.014665 0.953263 3.377911 0.000000 0.000000 0.000000 1.000000 0.000000 0.000000
30.000000 316.533353 17.438904 1.178842 3.375303 0.000000 0.000000 0.000000 1.000000 0.000000 0.000000
30.000000 316.533630 18.002744 0.889555 3.395286 0.000000 0.000000 0.000000 1.000000 0.000000 0.000000
30.000000 316.541795 16.889050 0.969077 3.404297 0.000000 0.000000 0.000000 1.000000 0.000000 0.000000
30.000000 316.543304 17.324594 1.197741 3.396999 0.000000 0.000000 0.000000 1.000000 0.000000 0.000000
30.000000 316.543569 17.857050 0.913695 3.413716 0.000000 0.000000 0.000000 1.000000 0.000000 0.000000
30.000000 316.551555 16.784102 0.986508 3.418888 0.000000 0.000000 0.000000 1.000000 0.000000 0.000000
30.000000 316.553346 17.223663 1.213205 3.416575 0.000000 0.000000 0.000000 1.000000 0.000000 0.000000
30.000000 316.553587 17.790741 0.921130 3.436093 0.000000 0.000000 0.000000 1.000000 0.000000 0.000000
30.000000 316.561588 16.656764 1.013614 3.432238 0.000000 0.000000 0.000000 1.000000 0.000000 0.000000
30.000000 316.563374 17.091115 1.238078 3.424873 0.000000 0.000000 0.000000 1.000000 0.000000 0.000000
30.000000 316.563568 17.647320 0.950591 3.448632 0.000000 0.000000 0.000000 1.000000 0.000000 0.000000
30.000000 316.571491 16.562783 1.033569 3.448339 0.000000 0.000000 0.000000 1.000000 0.000000 0.000000
30.000000 316.573367 16.992947 1.252314 3.444241 0.000000 0.000000 0.000000 1.000000 0.000000 0.000000
30.000000 316.573563 17.566556 0.956952 3.469746 0.000000 0.000000 0.000000 1.000000 0.000000 0.000000
30.000000 316.581568 16.449621 1.050326 3.468563 0.000000 0.000000 0.000000 1.000000 0.000000 0.000000
30.000000 316.583342 16.894141 1.269987 3.467027 0.000000 0.000000 0.000000 1.000000 0.000000 0.000000
30.000000 316.583476 17.502332 0.970347 3.482492 0.000000 0.000000 0.000000 1.000000 0.000000 0.000000
30.000000 316.591642 16.307789 1.066004 3.475729 0.000000 0.000000 0.000000 1.000000 0.000000 0.000000
30.000000 316.593357 16.765193 1.285712 3.479706 0.000000 0.000000 0.000000 1.000000 0.000000 0.000000
30.000000 316.593543 17.363210 0.995079 3.492781 0.000000 0.000000 0.000000 1.000000 0.000000 0.000000
30.000000 316.601621 16.200014 1.079569 3.487313 0.000000 0.000000 0.000000 1.000000 0.000000 0.000000
30.000000 316.603338 16.668015 1.299624 3.499373 0.000000 0.000000 0.000000 1.000000 0.000000 0.000000
30.000000 316.603460 17.315641 0.994445 3.517458 0.000000 0.000000 0.000000 1.000000 0.000000 0.000000
30.000000 316.608533 16.667615 1.066695 3.519735 0.000000 0.000000 0.000000 1.000000 0.000000 0.000000
30.000000 316.611535 16.059544 1.099578 3.505837 0.000000 0.000000 0.000000 1.000000 0.000000 0.000000
30.000000 316.613438 16.535248 1.323921 3.509130 0.000000 0.000000 0.000000 1.000000 0.000000 0.000000
30.000000 316.613620 17.194440 1.017283 3.526053 0.000000 0.000000 0.000000 1.000000 0.000000 0.000000
30.000000 316.621650 15.938927 1.115200 3.516471 0.000000 0.000000 0.000000 1.000000 0.000000 0.000000
30.000000 316.623404 16.417343 1.338394 3.517626 0.000000 0.000000 0.000000 1.000000 0.000000 0.000000
30.000000 316.631511 15.843145 1.130792 3.533358 0.000000 0.000000 0.000000 1.000000 0.000000 0.000000
30.000000 316.633417 16.321136 1.352457 3.531367 0.000000 0.000000 0.000000 1.000000 0.000000 0.000000
30.000000 316.633680 16.909598 1.074214 3.546758 0.000000 0.000000 0.000000 1.000000 0.000000 0.000000
30.000000 316.641659 15.732676 1.153867 3.538892 0.000000 0.000000 0.000000 1.000000 0.000000 0.000000
30.000000 316.643396 16.217279 1.373664 3.541578 0.000000 0.000000 0.000000 1.000000 0.000000 0.000000
30.000000 316.643629 16.886754 1.069324 3.552523 0.000000 0.000000 0.000000 1.000000 0.000000 0.000000
30.000000 316.651533 15.594264 1.169367 3.546428 0.000000 0.000000 0.000000 1.000000 0.000000 0.000000
30.000000 316.653436 16.074525 1.385775 3.546733 0.000000 0.000000 0.000000 1.000000 0.000000 0.000000
30.000000 316.653696 16.687700 1.099892 3.561300 0.000000 0.000000 0.000000 1.000000 0.000000 0.000000
30.000000 316.661651 15.433048 1.181055 3.557690 0.000000 0.000000 0.000000 1.000000 0.000000 0.000000
30.000000 316.663387 15.972830 1.417246 3.564447 0.000000 0.000000 0.000000 1.000000 0.000000 0.000000
30.000000 316.671766 15.340863 1.204181 3.562708 0.000000 0.000000 0.000000 1.000000 0.000000 0.000000
30.000000 316.673423 15.863289 1.433015 3.566752 0.000000 0.000000 0.000000 1.000000 0.000000 0.000000
30.000000 316.673628 16.623680 1.109405 3.576963 0.000000 0.000000 0.000000 1.000000 0.000000 0.000000
30.000000 316.681634 15.276881 1.229021 3.569467 0.000000 0.000000 0.000000 1.000000 0.000000 0.000000
30.000000 316.683549 15.392184 1.308691 3.503197 0.000000 0.000000 0.000000 1.000000 0.000000 0.000000
30.000000 316.683580 16.523957 1.125576 3.586542 0.000000 0.000000 0.000000 1.000000 0.000000 0.000000
30.000000 316.691551 15.120192 1.236044 3.566947 0.000000 0.000000 0.000000 1.000000 0.000000 0.000000
30.000000 316.693430 15.665321 1.465354 3.579763 0.000000 0.000000 0.000000 1.000000 0.000000 0.000000
30.000000 316.693618 16.341133 1.164141 3.593241 0.000000 0.000000 0.000000 1.000000 0.000000 0.000000
30.000000 316.702159 15.016607 1.251245 3.577303 0.000000 0.000000 0.000000 1.000000 0.000000 0.000000
30.000000 316.703523 15.547432 1.474541 3.582534 0.000000 0.000000 0.000000 1.000000 0.000000 0.000000
30.000000 316.703628 16.193087 1.190657 3.590753 0.000000 0.000000 0.000000 1.000000 0.000000 0.000000
30.000000 316.711639 14.897471 1.281933 3.580906 0.000000 0.000000 0.000000 1.000000 0.000000 0.000000
30.000000 316.713653 15.428499 1.503900 3.587162 0.000000 0.000000 0.000000 1.000000 0.000000 0.000000
30.000000 316.713670 16.200844 1.181323 3.594948 0.000000 0.000000 0.000000 1.000000 0.000000 0.000000
30.000000 316.721599 14.782684 1.292394 3.580718 0.000000 0.000000 0.000000 1.000000 0.000000 0.000000
30.000000 316.723403 15.333957 1.522416 3.584613 0.000000 0.000000 0.000000 1.000000 0.000000 0.000000
30.000000 316.723589 15.976987 1.231842 3.601643 0.000000 0.000000 0.000000 1.000000 0.000000 0.000000
30.000000 316.731536 14.725918 1.321554 3.586528 0.000000 0.000000 0.000000 1.000000 0.000000 0.000000
30.000000 316.733390 15.261465 1.541424 3.594624 0.000000 0.000000 0.000000 1.000000 0.000000 0.000000
30.000000 316.741648 14.523073 1.312619 3.590271 0.000000 0.000000 0.000000 1.000000 0.000000 0.000000
30.000000 316.743408 15.130734 1.556155 3.597234 0.000000 0.000000 0.000000 1.000000 0.000000 0.000000
30.000000 316.743625 15.788459 1.266784 3.602907 0.000000 0.000000 0.000000 1.000000 0.000000 0.000000
30.000000 316.751606 14.431795 1.343493 3.587885 0.000000 0.000000 0.000000 1.000000 0.000000 0.000000
30.000000 316.753393 15.016701 1.577235 3.594926 0.000000 0.000000 0.000000 1.000000 0.000000 0.000000
30.000000 316.753737 15.623288 1.301462 3.607738 0.000000 0.000000 0.000000 1.000000 0.000000 0.000000
30.000000 316.763383 15.519643 1.420958 3.597762 0.000000 0.000000 0.000000 1.000000 0.000000 0.000000
30.000000 316.763615 15.506469 1.320559 3.594910 0.000000 0.000000 0.000000 1.000000 0.000000 0.000000
30.000000 316.771517 14.234488 1.394950 3.581543 0.000000 0.000000 0.000000 1.000000 0.000000 0.000000
30.000000 316.773416 14.797171 1.619388 3.585228 0.000000 0.000000 0.000000 1.000000 0.000000 0.000000
30.000000 316.773841 15.398972 1.343554 3.601699 0.000000 0.000000 0.000000 1.000000 0.000000 0.000000
30.000000 316.781623 14.130267 1.406850 3.582173 0.000000 0.000000 0.000000 1.000000 0.000000 0.000000
30.000000 316.783433 14.691400 1.627778 3.584429 0.000000 0.000000 0.000000 1.000000 0.000000 0.000000
30.000000 316.783724 15.273381 1.358289 3.596283 0.000000 0.000000 0.000000 1.000000 0.000000 0.000000
30.000000 316.791544 14.025758 1.429464 3.580163 0.000000 0.000000 0.000000 1.000000 0.000000 0.000000
30.000000 316.793445 14.590487 1.650363 3.583752 0.000000 0.000000 0.000000 1.000000 0.000000 0.000000
30.000000 316.793710 15.135133 1.386868 3.601994 0.000000 0.000000 0.000000 1.000000 0.000000 0.000000
30.000000 316.801791 13.955596 1.460111 3.581209 0.000000 0.000000 0.000000 1.000000 0.000000 0.000000
30.000000 316.803495 14.484467 1.668113 3.578795 0.000000 0.000000 0.000000 1.000000 0.000000 0.000000
30.000000 316.811604 13.844602 1.484495 3.557802 0.000000 0.000000 0.000000 1.000000 0.000000 0.000000
30.000000 316.813478 14.374537 1.696735 3.555466 0.000000 0.000000 0.000000 1.000000 0.000000 0.000000
30.000000 316.813764 14.948103 1.422319 3.579521 0.000000 0.000000 0.000000 1.000000 0.000000 0.000000
30.000000 316.821660 13.679862 1.482866 3.560422 0.000000 0.000000 0.000000 1.000000 0.000000 0.000000
30.000000 316.823548 14.272088 1.711827 3.557525 0.000000 0.000000 0.000000 1.000000 0.000000 0.000000
30.000000 316.831614 13.585861 1.502185 3.555539 0.000000 0.000000 0.000000 1.000000 0.000000 0.000000
30.000000 316.833616 14.165501 1.724931 3.553165 0.000000 0.000000 0.000000 1.000000 0.000000 0.000000
30.000000 316.841727 13.499287 1.523170 3.545679 0.000000 0.000000 0.000000 1.000000 0.000000 0.000000
30.000000 316.843489 14.055949 1.738613 3.540283 0.000000 0.000000 0.000000 1.000000 0.000000 0.000000
30.000000 316.843660 14.492161 1.514677 3.556311 0.000000 0.000000 0.000000 1.000000 0.000000 0.000000
30.000000 316.851611 13.375236 1.539361 3.533855 0.000000 0.000000 0.000000 1.000000 0.000000 0.000000
30.000000 316.853649 13.955105 1.758681 3.533107 0.000000 0.000000 0.000000 1.000000 0.000000 0.000000
30.000000 316.853758 14.421163 1.521636 3.547118 0.000000 0.000000 0.000000 1.000000 0.000000 0.000000
30.000000 316.861696 13.299272 1.578063 3.514935 0.000000 0.000000 0.000000 1.000000 0.000000 0.000000
30.000000 316.863502 13.780896 1.769796 3.510923 0.000000 0.000000 0.000000 1.000000 0.000000 0.000000
30.000000 316.863705 14.259897 1.545500 3.533702 0.000000 0.000000 0.000000 1.000000 0.000000 0.000000
30.000000 316.871573 13.153788 1.588205 3.504376 0.000000 0.000000 0.000000 1.000000 0.000000 0.000000
30.000000 316.873755 13.300955 1.681234 3.460812 0.000000 0.000000 0.000000 1.000000 0.000000 0.000000
30.000000 316.873806 14.236106 1.557288 3.520129 0.000000 0.000000 0.000000 1.000000 0.000000 0.000000
30.000000 316.881668 13.077112 1.602931 3.495014 0.000000 0.000000 0.000000 1.000000 0.000000 0.000000
30.000000 316.883663 13.636741 1.813010 3.494053 0.000000 0.000000 0.000000 1.000000 0.000000 0.000000
30.000000 316.883755 14.028673 1.605917 3.508567 0.000000 0.000000 0.000000 1.000000 0.000000 0.000000
30.000000 316.891591 12.879529 1.601005 3.482831 0.000000 0.000000 0.000000 1.000000 0.000000 0.000000
30.000000 316.893807 13.527400 1.839448 3.480777 0.000000 0.000000 0.000000 1.000000 0.000000 0.000000
30.000000 316.893890 13.989707 1.604442 3.486611 0.000000 0.000000 0.000000 1.000000 0.000000 0.000000
30.000000 316.902085 12.836081 1.632148 3.468045 0.000000 0.000000 0.000000 1.000000 0.000000 0.000000
30.000000 316.903585 13.425322 1.850008 3.466694 0.000000 0.000000 0.000000 1.000000 0.000000 0.000000
30.000000 316.903793 13.808762 1.642721 3.478044 0.000000 0.000000 0.000000 1.000000 0.000000 0.000000
30.000000 316.911604 12.764364 1.666951 3.448610 0.000000 0.000000 0.000000 1.000000 0.000000 0.000000
30.000000 316.913876 13.314361 1.871207 3.448456 0.000000 0.000000 0.000000 1.000000 0.000000 0.000000
30.000000 316.913918 13.764922 1.641033 3.458692 0.000000 0.000000 0.000000 1.000000 0.000000 0.000000
30.000000 316.921709 12.602457 1.681807 3.430505 0.000000 0.000000 0.000000 1.000000 0.000000 0.000000
30.000000 316.923515 13.206164 1.905210 3.430761 0.000000 0.000000 0.000000 1.000000 0.000000 0.000000
30.000000 316.923676 13.641456 1.672170 3.444379 0.000000 0.000000 0.000000 1.000000 0.000000 0.000000
30.000000 316.931651 12.537577 1.700189 3.416326 0.000000 0.000000 0.000000 1.000000 0.000000 0.000000
30.000000 316.933804 13.098916 1.906839 3.415986 0.000000 0.000000 0.000000 1.000000 0.000000 0.000000
30.000000 316.941763 12.451235 1.715705 3.393951 0.000000 0.000000 0.000000 1.000000 0.000000 0.000000
30.000000 316.943550 13.019021 1.926121 3.392822 0.000000 0.000000 0.000000 1.000000 0.000000 0.000000
30.000000 316.944020 13.346025 1.731459 3.407454 0.000000 0.000000 0.000000 1.000000 0.000000 0.000000
30.000000 316.951715 12.311488 1.729923 3.376366 0.000000 0.000000 0.000000 1.000000 0.000000 0.000000
30.000000 316.953770 12.915114 1.943777 3.398675 0.000000 0.000000 0.000000 1.000000 0.000000 0.000000
30.000000 316.953933 13.507466 1.670116 3.414205 0.000000 0.000000 0.000000 1.000000 0.000000 0.000000
30.000000 316.961753 12.183877 1.753411 3.349862 0.000000 0.000000 0.000000 1.000000 0.000000 0.000000
30.000000 316.963480 12.753923 1.968719 3.346563 0.000000 0.000000 0.000000 1.000000 0.000000 0.000000
30.000000 316.963932 13.090762 1.770648 3.361519 0.000000 0.000000 0.000000 1.000000 0.000000 0.000000
30.000000 316.971689 12.077273 1.774558 3.327267 0.000000 0.000000 0.000000 1.000000 0.000000 0.000000
30.000000 316.973831 12.246029 1.881522 3.294388 0.000000 0.000000 0.000000 1.000000 0.000000 0.000000
30.000000 316.973855 12.984494 1.800292 3.343010 0.000000 0.000000 0.000000 1.000000 0.000000 0.000000
30.000000 316.981740 12.024576 1.795342 3.308502 0.000000 0.000000 0.000000 1.000000 0.000000 0.000000
30.000000 316.983575 12.574848 2.001012 3.303832 0.000000 0.000000 0.000000 1.000000 0.000000 0.000000
30.000000 316.983929 12.805281 1.833440 3.318172 0.000000 0.000000 0.000000 1.000000 0.000000 0.000000
30.000000 316.991640 11.885834 1.804625 3.288757 0.000000 0.000000 0.000000 1.000000 0.000000 0.000000
30.000000 316.993673 12.459048 2.018860 3.281822 0.000000 0.000000 0.000000 1.000000 0.000000 0.000000
30.000000 316.993862 12.781118 1.817316 3.288303 0.000000 0.000000 0.000000 1.000000 0.000000 0.000000
30.000000 317.001766 11.751065 1.819456 3.262886 0.000000 0.000000 0.000000 1.000000 0.000000 0.000000
30.000000 317.003519 12.344294 2.041859 3.257977 0.000000 0.000000 0.000000 1.000000 0.000000 0.000000
30.000000 317.003731 12.650901 1.840641 3.268794 0.000000 0.000000 0.000000 1.000000 0.000000 0.000000
30.000000 317.011872 11.705127 1.843303 3.235666 0.000000 0.000000 0.000000 1.000000 0.000000 0.000000
30.000000 317.013655 12.281006 2.054711 3.249006 0.000000 0.000000 0.000000 1.000000 0.000000 0.000000
30.000000 317.013843 12.769616 1.796241 3.262377 0.000000 0.000000 0.000000 1.000000 0.000000 0.000000
30.000000 317.021756 11.620735 1.868462 3.200880 0.000000 0.000000 0.000000 1.000000 0.000000 0.000000
30.000000 317.023539 12.144953 2.076147 3.197207 0.000000 0.000000 0.000000 1.000000 0.000000 0.000000
30.000000 317.023728 12.420865 1.885593 3.215492 0.000000 0.000000 0.000000 1.000000 0.000000 0.000000
30.000000 317.031705 11.491658 1.877922 3.183395 0.000000 0.000000 0.000000 1.000000 0.000000 0.000000
30.000000 317.033647 12.042572 2.090411 3.175848 0.000000 0.000000 0.000000 1.000000 0.000000 0.000000
30.000000 317.033871 12.266465 1.919878 3.185516 0.000000 0.000000 0.000000 1.000000 0.000000 0.000000
30.000000 317.041780 11.420475 1.902676 3.150113 0.000000 0.000000 0.000000 1.000000 0.000000 0.000000
30.000000 317.043583 11.936137 2.100746 3.145584 0.000000 0.000000 0.000000 1.000000 0.000000 0.000000
30.000000 317.043689 12.119036 1.948659 3.156167 0.000000 0.000000 0.000000 1.000000 0.000000 0.000000
30.000000 317.051708 11.298002 1.922480 3.123915 0.000000 0.000000 0.000000 1.000000 0.000000 0.000000
30.000000 317.053644 11.811724 2.120958 3.123478 0.000000 0.000000 0.000000 1.000000 0.000000 0.000000
30.000000 317.053857 12.012459 1.969856 3.133923 0.000000 0.000000 0.000000 1.000000 0.000000 0.000000
30.000000 317.061776 11.201212 1.939226 3.091438 0.000000 0.000000 0.000000 1.000000 0.000000 0.000000
30.000000 317.063530 11.721562 2.146030 3.086105 0.000000 0.000000 0.000000 1.000000 0.000000 0.000000
30.000000 317.063725 11.870835 2.003698 3.098747 0.000000 0.000000 0.000000 1.000000 0.000000 0.000000
30.000000 317.071694 11.132540 1.971042 3.058405 0.000000 0.000000 0.000000 1.000000 0.000000 0.000000
30.000000 317.073827 11.615381 2.171748 3.050192 0.000000 0.000000 0.000000 1.000000 0.000000 0.000000
30.000000 317.073955 11.810210 1.999404 3.064041 0.000000 0.000000 0.000000 1.000000 0.000000 0.000000
30.000000 317.081725 11.019452 1.977121 3.024692 0.000000 0.000000 0.000000 1.000000 0.000000 0.000000
30.000000 317.083641 11.517216 2.179462 3.017419 0.000000 0.000000 0.000000 1.000000 0.000000 0.000000
30.000000 317.083840 11.675165 2.022115 3.028751 0.000000 0.000000 0.000000 1.000000 0.000000 0.000000
30.000000 317.091726 10.935639 2.001606 2.996451 0.000000 0.000000 0.000000 1.000000 0.000000 0.000000
30.000000 317.093685 11.389015 2.192737 2.985530 0.000000 0.000000 0.000000 1.000000 0.000000 0.000000
30.000000 317.093987 11.552953 2.045029 2.989685 0.000000 0.000000 0.000000 1.000000 0.000000 0.000000
30.000000 317.101784 10.851115 2.025628 2.961520 0.000000 0.000000 0.000000 1.000000 0.000000 0.000000
30.000000 317.103759 10.815292 2.103535 2.923091 0.000000 0.000000 0.000000 1.000000 0.000000 0.000000
30.000000 317.103842 11.479376 2.052402 2.966179 0.000000 0.000000 0.000000 1.000000 0.000000 0.000000
30.000000 317.111751 10.755894 2.046819 2.923610 0.000000 0.000000 0.000000 1.000000 0.000000 0.000000
30.000000 317.113756 11.181384 2.242074 2.917296 0.000000 0.000000 0.000000 1.000000 0.000000 0.000000
30.000000 317.113972 11.311503 2.104812 2.931312 0.000000 0.000000 0.000000 1.000000 0.000000 0.000000
30.000000 317.121820 10.702678 2.071858 2.886694 0.000000 0.000000 0.000000 1.000000 0.000000 0.000000
30.000000 317.123615 11.077976 2.256590 2.878369 0.000000 0.000000 0.000000 1.000000 0.000000 0.000000
30.000000 317.123994 11.212070 2.118011 2.892234 0.000000 0.000000 0.000000 1.000000 0.000000 0.000000
30.000000 317.131782 10.584587 2.079896 2.853928 0.000000 0.000000 0.000000 1.000000 0.000000 0.000000
30.000000 317.133789 10.985865 2.266983 2.846535 0.000000 0.000000 0.000000 1.000000 0.000000 0.000000
30.000000 317.134075 11.148687 2.107317 2.855805 0.000000 0.000000 0.000000 1.000000 0.000000 0.000000
30.000000 317.141775 10.518645 2.106705 2.813937 0.000000 0.000000 0.000000 1.000000 0.000000 0.000000
30.000000 317.143601 10.851359 2.277503 2.804357 0.000000 0.000000 0.000000 1.000000 0.000000 0.000000
30.000000 317.143867 10.869251 2.175803 2.826569 0.000000 0.000000 0.000000 1.000000 0.000000 0.000000
30.000000 317.151738 10.435550 2.122967 2.778411 0.000000 0.000000 0.000000 1.000000 0.000000 0.000000
30.000000 317.153697 10.749549 2.293410 2.768190 0.000000 0.000000 0.000000 1.000000 0.000000 0.000000
30.000000 317.153858 10.830196 2.176035 2.782009 0.000000 0.000000 0.000000 1.000000 0.000000 0.000000
30.000000 317.161775 10.334569 2.146353 2.736620 0.000000 0.000000 0.000000 1.000000 0.000000 0.000000
30.000000 317.163631 10.652594 2.328630 2.723930 0.000000 0.000000 0.000000 1.000000 0.000000 0.000000
30.000000 317.163835 10.775544 2.182651 2.734567 0.000000 0.000000 0.000000 1.000000 0.000000 0.000000
30.000000 317.171742 10.241731 2.161070 2.695962 0.000000 0.000000 0.000000 1.000000 0.000000 0.000000
30.000000 317.173742 10.549201 2.344855 2.684841 0.000000 0.000000 0.000000 1.000000 0.000000 0.000000
30.000000 317.173970 10.671938 2.199726 2.695718 0.000000 0.000000 0.000000 1.000000 0.000000 0.000000
30.000000 317.181770 10.115286 2.169767 2.656275 0.000000 0.000000 0.000000 1.000000 0.000000 0.000000
30.000000 317.183610 10.453371 2.359070 2.644616 0.000000 0.000000 0.000000 1.000000 0.000000 0.000000
30.000000 317.183947 10.539408 2.227400 2.652005 0.000000 0.000000 0.000000 1.000000 0.000000 0.000000
30.000000 317.191756 10.053631 2.192520 2.610027 0.000000 0.000000 0.000000 1.000000 0.000000 0.000000
30.000000 317.193767 10.322771 2.364626 2.599346 0.000000 0.000000 0.000000 1.000000 0.000000 0.000000
30.000000 317.193918 10.423191 2.236036 2.607115 0.000000 0.000000 0.000000 1.000000 0.000000 0.000000
30.000000 317.201893 9.960199 2.224196 2.564111 0.000000 0.000000 0.000000 1.000000 0.000000 0.000000
30.000000 317.203625 10.217750 2.401395 2.558023 0.000000 0.000000 0.000000 1.000000 0.000000 0.000000
30.000000 317.203850 10.348151 2.252434 2.568268 0.000000 0.000000 0.000000 1.000000 0.000000 0.000000
30.000000 317.211742 9.916355 2.250652 2.519555 0.000000 0.000000 0.000000 1.000000 0.000000 0.000000
30.000000 317.213719 10.083524 2.417663 2.506616 0.000000 0.000000 0.000000 1.000000 0.000000 0.000000
30.000000 317.213928 10.200787 2.279441 2.517459 0.000000 0.000000 0.000000 1.000000 0.000000 0.000000
30.000000 317.221783 9.858484 2.270236 2.473320 0.000000 0.000000 0.000000 1.000000 0.000000 0.000000
30.000000 317.223613 10.025493 2.433730 2.461682 0.000000 0.000000 0.000000 1.000000 0.000000 0.000000
30.000000 317.223893 10.152934 2.285294 2.470557 0.000000 0.000000 0.000000 1.000000 0.000000 0.000000
30.000000 317.231724 9.692684 2.269739 2.430772 0.000000 0.000000 0.000000 1.000000 0.000000 0.000000
30.000000 317.233768 9.938466 2.445732 2.421720 0.000000 0.000000 0.000000 1.000000 0.000000 0.000000
30.000000 317.233951 10.013947 2.314641 2.428445 0.000000 0.000000 0.000000 1.000000 0.000000 0.000000
30.000000 317.241829 9.568753 2.279494 2.375625 0.000000 0.000000 0.000000 1.000000 0.000000 0.000000
30.000000 317.243649 9.840233 2.465283 2.377100 0.000000 0.000000 0.000000 1.000000 0.000000 0.000000
30.000000 317.243884 9.968912 2.322123 2.378589 0.000000 0.000000 0.000000 1.000000 0.000000 0.000000
30.000000 317.251802 9.588790 2.331036 2.323007 0.000000 0.000000 0.000000 1.000000 0.000000 0.000000
30.000000 317.253717 9.745850 2.491408 2.322616 0.000000 0.000000 0.000000 1.000000 0.000000 0.000000
30.000000 317.253983 9.840440 2.362063 2.333841 0.000000 0.000000 0.000000 1.000000 0.000000 0.000000
30.000000 317.261865 9.494081 2.345698 2.287981 0.000000 0.000000 0.000000 1.000000 0.000000 0.000000
30.000000 317.263655 9.632420 2.507610 2.282165 0.000000 0.000000 0.000000 1.000000 0.000000 0.000000
30.000000 317.263938 9.788804 2.351856 2.281057 0.000000 0.000000 0.000000 1.000000 0.000000 0.000000
30.000000 317.271754 9.416408 2.365553 2.233728 0.000000 0.000000 0.000000 1.000000 0.000000 0.000000
30.000000 317.273858 9.545522 2.522034 2.227261 0.000000 0.000000 0.000000 1.000000 0.000000 0.000000
30.000000 317.273976 9.691410 2.369688 2.224470 0.000000 0.000000 0.000000 1.000000 0.000000 0.000000
30.000000 317.281779 9.320696 2.378841 2.177860 0.000000 0.000000 0.000000 1.000000 0.000000 0.000000
30.000000 317.283621 9.444286 2.540383 2.176107 0.000000 0.000000 0.000000 1.000000 0.000000 0.000000
30.000000 317.283849 9.540890 2.410876 2.181096 0.000000 0.000000 0.000000 1.000000 0.000000 0.000000
30.000000 317.291995 9.271665 2.405642 2.135101 0.000000 0.000000 0.000000 1.000000 0.000000 0.000000
30.000000 317.293782 9.341942 2.555240 2.129565 0.000000 0.000000 0.000000 1.000000 0.000000 0.000000
30.000000 317.293976 9.475871 2.417413 2.126788 0.000000 0.000000 0.000000 1.000000 0.000000 0.000000
30.000000 317.301877 9.284647 2.450177 2.074889 0.000000 0.000000 0.000000 1.000000 0.000000 0.000000
30.000000 317.303627 9.234451 2.583839 2.065757 0.000000 0.000000 0.000000 1.000000 0.000000 0.000000
30.000000 317.303888 9.393793 2.416231 2.071085 0.000000 0.000000 0.000000 1.000000 0.000000 0.000000
30.000000 317.311837 9.161965 2.458220 2.027628 0.000000 0.000000 0.000000 1.000000 0.000000 0.000000
30.000000 317.313776 9.134581 2.593032 2.016083 0.000000 0.000000 0.000000 1.000000 0.000000 0.000000
30.000000 317.313969 9.277086 2.440529 2.014461 0.000000 0.000000 0.000000 1.000000 0.000000 0.000000
30.000000 317.321846 9.071514 2.473276 1.975327 0.000000 0.000000 0.000000 1.000000 0.000000 0.000000
30.000000 317.323684 9.041096 2.609633 1.964045 0.000000 0.000000 0.000000 1.000000 0.000000 0.000000
30.000000 317.323938 9.167619 2.467224 1.961674 0.000000 0.000000 0.000000 1.000000 0.000000 0.000000
30.000000 317.331792 9.037011 2.500714 1.919200 0.000000 0.000000 0.000000 1.000000 0.000000 0.000000
30.000000 317.333809 8.962475 2.629817 1.907538 0.000000 0.000000 0.000000 1.000000 0.000000 0.000000
30.000000 317.334001 9.067452 2.487993 1.912562 0.000000 0.000000 0.000000 1.000000 0.000000 0.000000
30.000000 317.341835 8.925678 2.516617 1.860704 0.000000 0.000000 0.000000 1.000000 0.000000 0.000000
30.000000 317.343721 8.844364 2.645788 1.853108 0.000000 0.000000 0.000000 1.000000 0.000000 0.000000
30.000000 317.343980 8.991998 2.484648 1.853014 0.000000 0.000000 0.000000 1.000000 0.000000 0.000000
30.000000 317.351877 8.899163 2.550716 1.803360 0.000000 0.000000 0.000000 1.000000 0.000000 0.000000
30.000000 317.353781 8.744931 2.669550 1.789177 0.000000 0.000000 0.000000 1.000000 0.000000 0.000000
30.000000 317.353999 8.847338 2.528355 1.795666 0.000000 0.000000 0.000000 1.000000 0.000000 0.000000
30.000000 317.361881 8.789981 2.556873 1.740538 0.000000 0.000000 0.000000 1.000000 0.000000 0.000000
30.000000 317.363697 8.650906 2.677527 1.729154 0.000000 0.000000 0.000000 1.000000 0.000000 0.000000
30.000000 317.363966 8.783688 2.522105 1.729501 0.000000 0.000000 0.000000 1.000000 0.000000 0.000000
30.000000 317.371829 8.649301 2.565033 1.685235 0.000000 0.000000 0.000000 1.000000 0.000000 0.000000
30.000000 317.373853 8.555002 2.699422 1.682208 0.000000 0.000000 0.000000 1.000000 0.000000 0.000000
30.000000 317.374021 8.729612 2.528561 1.673066 0.000000 0.000000 0.000000 1.000000 0.000000 0.000000
30.000000 317.381857 8.635466 2.603158 1.628829 0.000000 0.000000 0.000000 1.000000 0.000000 0.000000
30.000000 317.383720 8.482365 2.718974 1.621772 0.000000 0.000000 0.000000 1.000000 0.000000 0.000000
30.000000 317.383922 8.612545 2.555594 1.624843 0.000000 0.000000 0.000000 1.000000 0.000000 0.000000
30.000000 317.391886 8.556874 2.622077 1.571713 0.000000 0.000000 0.000000 1.000000 0.000000 0.000000
30.000000 317.393746 8.376928 2.740310 1.561078 0.000000 0.000000 0.000000 1.000000 0.000000 0.000000
30.000000 317.394043 8.482477 2.587181 1.565983 0.000000 0.000000 0.000000 1.000000 0.000000 0.000000
30.000000 317.401858 8.478956 2.641114 1.509527 0.000000 0.000000 0.000000 1.000000 0.000000 0.000000
30.000000 317.403675 8.270317 2.758983 1.498815 0.000000 0.000000 0.000000 1.000000 0.000000 0.000000
30.000000 317.403947 8.433348 2.586531 1.491133 0.000000 0.000000 0.000000 1.000000 0.000000 0.000000
30.000000 317.411850 8.426335 2.666912 1.441046 0.000000 0.000000 0.000000 1.000000 0.000000 0.000000
30.000000 317.413784 8.195460 2.772549 1.433293 0.000000 0.000000 0.000000 1.000000 0.000000 0.000000
30.000000 317.414012 8.328844 2.604659 1.436831 0.000000 0.000000 0.000000 1.000000 0.000000 0.000000
30.000000 317.421861 8.306418 2.683353 1.386362 0.000000 0.000000 0.000000 1.000000 0.000000 0.000000
30.000000 317.423956 8.078014 2.796869 1.378668 0.000000 0.000000 0.000000 1.000000 0.000000 0.000000
30.000000 317.424014 8.238510 2.620149 1.372123 0.000000 0.000000 0.000000 1.000000 0.000000 0.000000
30.000000 317.431925 8.204975 2.690294 1.328176 0.000000 0.000000 0.000000 1.000000 0.000000 0.000000
30.000000 317.433842 7.986476 2.809672 1.317443 0.000000 0.000000 0.000000 1.000000 0.000000 0.000000
30.000000 317.433961 8.089347 2.659422 1.317281 0.000000 0.000000 0.000000 1.000000 0.000000 0.000000
30.000000 317.441899 8.130981 2.712350 1.263421 0.000000 0.000000 0.000000 1.000000 0.000000 0.000000
30.000000 317.443784 7.878313 2.817281 1.252221 0.000000 0.000000 0.000000 1.000000 0.000000 0.000000
30.000000 317.443979 8.008940 2.660303 1.247230 0.000000 0.000000 0.000000 1.000000 0.000000 0.000000
30.000000 317.451794 8.017285 2.733343 1.211153 0.000000 0.000000 0.000000 1.000000 0.000000 0.000000
30.000000 317.453791 7.766810 2.854253 1.202926 0.000000 0.000000 0.000000 1.000000 0.000000 0.000000
30.000000 317.454010 7.943666 2.669214 1.186197 0.000000 0.000000 0.000000 1.000000 0.000000 0.000000
30.000000 317.461885 7.983439 2.734603 1.124973 0.000000 0.000000 0.000000 1.000000 0.000000 0.000000
30.000000 317.463894 7.764810 2.839457 1.114768 0.000000 0.000000 0.000000 1.000000 0.000000 0.000000
30.000000 317.463938 7.877620 2.677376 1.111433 0.000000 0.000000 0.000000 1.000000 0.000000 0.000000
30.000000 317.474003 7.745121 2.571549 1.087013 0.000000 0.000000 0.000000 1.000000 0.000000 0.000000
30.000000 317.474166 7.756586 2.699550 1.052112 0.000000 0.000000 0.000000 1.000000 0.000000 0.000000
30.000000 317.483923 8.154394 2.681778 0.861512 0.000000 0.000000 0.000000 1.000000 0.000000 0.000000
30.000000 317.483962 7.659798 2.712665 0.984414 0.000000 0.000000 0.000000 1.000000 0.000000 0.000000
30.000000 317.493910 8.053411 2.700170 0.790671 0.000000 0.000000 0.000000 1.000000 0.000000 0.000000
30.000000 317.494088 7.557228 2.733530 0.914187 0.000000 0.000000 0.000000 1.000000 0.000000 0.000000
30.000000 317.503831 7.974666 2.717135 0.719947 0.000000 0.000000 0.000000 1.000000 0.000000 0.000000
30.000000 317.503937 7.468759 2.758923 0.848467 0.000000 0.000000 0.000000 1.000000 0.000000 0.000000
30.000000 317.513902 7.883175 2.731149 0.646189 0.000000 0.000000 0.000000 1.000000 0.000000 0.000000
30.000000 317.514057 7.384391 2.759821 0.775780 0.000000 0.000000 0.000000 1.000000 0.000000 0.000000
30.000000 317.523929 7.784887 2.748399 0.576477 0.000000 0.000000 0.000000 1.000000 0.000000 0.000000
30.000000 317.524048 7.325112 2.766035 0.697356 0.000000 0.000000 0.000000 1.000000 0.000000 0.000000
30.000000 317.533885 7.713238 2.761484 0.498630 0.000000 0.000000 0.000000 1.000000 0.000000 0.000000
30.000000 317.534067 7.230972 2.786187 0.630041 0.000000 0.000000 0.000000 1.000000 0.000000 0.000000
30.000000 317.543937 7.622403 2.778557 0.420928 0.000000 0.000000 0.000000 1.000000 0.000000 0.000000
30.000000 317.544004 7.128406 2.815772 0.554175 0.000000 0.000000 0.000000 1.000000 0.000000 0.000000
30.000000 317.553919 7.539293 2.790531 0.347498 0.000000 0.000000 0.000000 1.000000 0.000000 0.000000
30.000000 317.554108 7.069666 2.808562 0.476379 0.000000 0.000000 0.000000 1.000000 0.000000 0.000000
30.000000 317.563870 7.452607 2.805506 0.270620 0.000000 0.000000 0.000000 1.000000 0.000000 0.000000
30.000000 317.563998 6.955093 2.830266 0.411218 0.000000 0.000000 0.000000 1.000000 0.000000 0.000000
30.000000 317.573899 7.368997 2.817541 0.187884 0.000000 0.000000 0.000000 1.000000 0.000000 0.000000
30.000000 317.573989 6.868181 2.845811 0.333768 0.000000 0.000000 0.000000 1.000000 0.000000 0.000000
30.000000 317.583776 7.279170 2.834546 0.108287 0.000000 0.000000 0.000000 1.000000 0.000000 0.000000
30.000000 317.583991 6.796189 2.860379 0.254765 0.000000 0.000000 0.000000 1.000000 0.000000 0.000000
30.000000 317.593982 7.215232 2.841233 0.022737 0.000000 0.000000 0.000000 1.000000 0.000000 0.000000
30.000000 317.594034 6.704896 2.877344 0.175853 0.000000 0.000000 0.000000 1.000000 0.000000 0.000000
30.000000 317.604042 6.608819 2.894909 0.154759 0.000000 0.000000 0.000000 1.000000 0.000000 0.000000
30.000000 317.614192 6.578462 2.893437 0.204718 0.000000 0.000000 0.000000 1.000000 0.000000 0.000000
30.000000 317.624168 6.513831 2.911358 0.265049 0.000000 0.000000 0.000000 1.000000 0.000000 0.000000
30.000000 317.634255 6.450086 2.920282 0.323584 0.000000 0.000000 0.000000 1.000000 0.000000 0.000000
30.000000 317.644162 6.320384 2.955722 0.399458 0.000000 0.000000 0.000000 1.000000 0.000000 0.000000
30.000000 317.654157 6.363028 2.927148 0.424451 0.000000 0.000000 0.000000 1.000000 0.000000 0.000000
30.000000 317.663998 6.320351 2.938602 0.472984 0.000000 0.000000 0.000000 1.000000 0.000000 0.000000
30.000000 317.674136 6.257650 2.944433 0.528248 0.000000 0.000000 0.000000 1.000000 0.000000 0.000000
30.000000 317.683990 6.214688 2.946991 0.571972 0.000000 0.000000 0.000000 1.000000 0.000000 0.000000
30.000000 317.694096 6.152948 2.958555 0.618074 0.000000 0.000000 0.000000 1.000000 0.000000 0.000000
30.000000 317.704198 6.087440 2.971457 0.678341 0.000000 0.000000 0.000000 1.000000 0.000000 0.000000
30.000000 317.714245 6.035705 2.986030 0.722561 0.000000 0.000000 0.000000 1.000000 0.000000 0.000000
30.000000 317.724164 6.007294 2.981038 0.759344 0.000000 0.000000 0.000000 1.000000 0.000000 0.000000
30.000000 317.734172 5.974293 2.971403 0.799570 0.000000 0.000000 0.000000 1.000000 0.000000 0.000000
30.000000 317.744173 5.921365 3.005714 0.845259 0.000000 0.000000 0.000000 1.000000 0.000000 0.000000
30.000000 317.754325 5.819217 3.019149 0.887923 0.000000 0.000000 0.000000 1.000000 0.000000 0.000000
30.000000 317.764056 5.846678 3.000240 0.907518 0.000000 0.000000 0.000000 1.000000 0.000000 0.000000
30.000000 317.783993 5.737869 3.027009 0.988796 0.000000 0.000000 0.000000 1.000000 0.000000 0.000000
30.000000 317.794120 5.691883 3.017626 1.028961 0.000000 0.000000 0.000000 1.000000 0.000000 0.000000
30.000000 317.804152 5.651004 3.025022 1.058670 0.000000 0.000000 0.000000 1.000000 0.000000 0.000000
30.000000 317.814314 5.568911 3.039551 1.104110 0.000000 0.000000 0.000000 1.000000 0.000000 0.000000
30.000000 317.824134 5.557080 3.041154 1.124973 0.000000 0.000000 0.000000 1.000000 0.000000 0.000000
30.000000 317.834243 5.481966 3.058971 1.165060 0.000000 0.000000 0.000000 1.000000 0.000000 0.000000
30.000000 317.844188 5.426794 3.068320 1.191119 0.000000 0.000000 0.000000 1.000000 0.000000 0.000000
30.000000 317.854213 5.387241 3.071244 1.223257 0.000000 0.000000 0.000000 1.000000 0.000000 0.000000
30.000000 317.864134 5.350654 3.073690 1.248357 0.000000 0.000000 0.000000 1.000000 0.000000 0.000000
30.000000 317.874450 5.308025 3.073465 1.279825 0.000000 0.000000 0.000000 1.000000 0.000000 0.000000
30.000000 317.884198 5.222396 3.096986 1.313360 0.000000 0.000000 0.000000 1.000000 0.000000 0.000000
30.000000 317.894115 5.128334 3.120784 1.344481 0.000000 0.000000 0.000000 1.000000 0.000000 0.000000
30.000000 317.904238 5.099889 3.111198 1.365836 0.000000 0.000000 0.000000 1.000000 0.000000 0.000000
30.000000 317.914477 5.107135 3.104678 1.378611 0.000000 0.000000 0.000000 1.000000 0.000000 0.000000
30.000000 317.924267 5.038558 3.118539 1.409393 0.000000 0.000000 0.000000 1.000000 0.000000 0.000000
30.000000 317.934427 4.965736 3.131402 1.437527 0.000000 0.000000 0.000000 1.000000 0.000000 0.000000
30.000000 317.944331 4.925092 3.132662 1.454200 0.000000 0.000000 0.000000 1.000000 0.000000 0.000000
30.000000 317.954563 4.875482 3.141191 1.476580 0.000000 0.000000 0.000000 1.000000 0.000000 0.000000
30.000000 317.964526 4.821596 3.151640 1.495035 0.000000 0.000000 0.000000 1.000000 0.000000 0.000000
30.000000 317.974290 4.718367 3.205784 1.520071 0.000000 0.000000 0.000000 1.000000 0.000000 0.000000
30.000000 317.984070 4.710867 3.171237 1.531962 0.000000 0.000000 0.000000 1.000000 0.000000 0.000000
30.000000 317.994210 4.646356 3.196368 1.550905 0.000000 0.000000 0.000000 1.000000 0.000000 0.000000
30.000000 318.004126 4.624659 3.182629 1.560493 0.000000 0.000000 0.000000 1.000000 0.000000 0.000000
30.000000 318.014224 4.647323 3.156550 1.554535 0.000000 0.000000 0.000000 1.000000 0.000000 0.000000
30.000000 318.024260 4.532322 3.195000 1.582595 0.000000 0.000000 0.000000 1.000000 0.000000 0.000000
30.000000 318.034269 4.483592 3.201191 1.595448 0.000000 0.000000 0.000000 1.000000 0.000000 0.000000
30.000000 318.044210 4.448251 3.196110 1.597715 0.000000 0.000000 0.000000 1.000000 0.000000 0.000000
30.000000 318.054362 4.382260 3.218541 1.611883 0.000000 0.000000 0.000000 1.000000 0.000000 0.000000
30.000000 318.064324 4.329548 3.231764 1.618823 0.000000 0.000000 0.000000 1.000000 0.000000 0.000000
30.000000 318.074369 4.276024 3.242785 1.629417 0.000000 0.000000 0.000000 1.000000 0.000000 0.000000
30.000000 318.084505 4.256267 3.220982 1.636365 0.000000 0.000000 0.000000 1.000000 0.000000 0.000000
30.000000 318.094389 4.196844 3.227309 1.638104 0.000000 0.000000 0.000000 1.000000 0.000000 0.000000
30.000000 318.104237 4.152010 3.230472 1.650057 0.000000 0.000000 0.000000 1.000000 0.000000 0.000000
30.000000 318.114622 4.130029 3.230410 1.643682 0.000000 0.000000 0.000000 1.000000 0.000000 0.000000
30.000000 318.124316 4.084139 3.234400 1.646126 0.000000 0.000000 0.000000 1.000000 0.000000 0.000000
30.000000 318.134335 3.970678 3.284327 1.660661 0.000000 0.000000 0.000000 1.000000 0.000000 0.000000
30.000000 318.144288 3.967144 3.249215 1.647380 0.000000 0.000000 0.000000 1.000000 0.000000 0.000000
30.000000 318.154357 3.942383 3.248673 1.643060 0.000000 0.000000 0.000000 1.000000 0.000000 0.000000
30.000000 318.164203 3.834391 3.304662 1.651246 0.000000 0.000000 0.000000 1.000000 0.000000 0.000000
30.000000 318.174339 3.797215 3.301413 1.647798 0.000000 0.000000 0.000000 1.000000 0.000000 0.000000
30.000000 318.184234 3.786043 3.285128 1.637171 0.000000 0.000000 0.000000 1.000000 0.000000 0.000000
30.000000 318.194335 3.686682 3.316814 1.639585 0.000000 0.000000 0.000000 1.000000 0.000000 0.000000
30.000000 318.204490 3.696237 3.290693 1.620755 0.000000 0.000000 0.000000 1.000000 0.000000 0.000000
30.000000 318.214411 3.629763 3.321132 1.620864 0.000000 0.000000 0.000000 1.000000 0.000000 0.000000
30.000000 318.224355 3.612099 3.304889 1.607325 0.000000 0.000000 0.000000 1.000000 0.000000 0.000000
30.000000 318.234394 3.559831 3.315194 1.598590 0.000000 0.000000 0.000000 1.000000 0.000000 0.000000
30.000000 318.244286 3.508120 3.321258 1.586382 0.000000 0.000000 0.000000 1.000000 0.000000 0.000000
30.000000 318.254398 3.471924 3.325181 1.575245 0.000000 0.000000 0.000000 1.000000 0.000000 0.000000
30.000000 318.264239 3.465459 3.307812 1.556166 0.000000 0.000000 0.000000 1.000000 0.000000 0.000000
30.000000 318.274414 3.416549 3.312596 1.540085 0.000000 0.000000 0.000000 1.000000 0.000000 0.000000
30.000000 318.284484 3.377473 3.321726 1.523780 0.000000 0.000000 0.000000 1.000000 0.000000 0.000000
30.000000 318.294352 3.290561 3.357395 1.517770 0.000000 0.000000 0.000000 1.000000 0.000000 0.000000
30.000000 318.304534 3.288216 3.338442 1.490556 0.000000 0.000000 0.000000 1.000000 0.000000 0.000000
30.000000 318.314394 3.198825 3.367365 1.482288 0.000000 0.000000 0.000000 1.000000 0.000000 0.000000
30.000000 318.324217 3.167599 3.364936 1.460452 0.000000 0.000000 0.000000 1.000000 0.000000 0.000000
30.000000 318.334341 3.148331 3.347167 1.436259 0.000000 0.000000 0.000000 1.000000 0.000000 0.000000
30.000000 318.344307 3.111625 3.357561 1.410684 0.000000 0.000000 0.000000 1.000000 0.000000 0.000000
30.000000 318.354619 3.057394 3.373860 1.394730 0.000000 0.000000 0.000000 1.000000 0.000000 0.000000
30.000000 318.364300 2.990982 3.388452 1.373321 0.000000 0.000000 0.000000 1.000000 0.000000 0.000000
30.000000 318.374430 2.964550 3.385927 1.348908 0.000000 0.000000 0.000000 1.000000 0.000000 0.000000
30.000000 318.384469 2.937128 3.383288 1.321470 0.000000 0.000000 0.000000 1.000000 0.000000 0.000000
30.000000 318.394312 2.879501 3.395115 1.290837 0.000000 0.000000 0.000000 1.000000 0.000000 0.000000
30.000000 318.404310 2.842326 3.403744 1.264897 0.000000 0.000000 0.000000 1.000000 0.000000 0.000000
30.000000 318.414546 2.819725 3.405218 1.228603 0.000000 0.000000 0.000000 1.000000 0.000000 0.000000
30.000000 318.424276 2.769507 3.407430 1.209273 0.000000 0.000000 0.000000 1.000000 0.000000 0.000000
30.000000 318.434478 2.743594 3.408422 1.166437 0.000000 0.000000 0.000000 1.000000 0.000000 0.000000
30.000000 318.444358 2.616383 3.468861 1.162858 0.000000 0.000000 0.000000 1.000000 0.000000 0.000000
30.000000 318.454407 2.634405 3.429933 1.111456 0.000000 0.000000 0.000000 1.000000 0.000000 0.000000
30.000000 318.464425 2.649930 3.409751 1.055762 0.000000 0.000000 0.000000 1.000000 0.000000 0.000000
30.000000 318.474477 2.583880 3.428985 1.037463 0.000000 0.000000 0.000000 1.000000 0.000000 0.000000
30.000000 318.484489 2.509110 3.445156 1.012469 0.000000 0.000000 0.000000 1.000000 0.000000 0.000000
30.000000 318.494428 2.491116 3.430454 0.966373 0.000000 0.000000 0.000000 1.000000 0.000000 0.000000
30.000000 318.504362 2.461866 3.443216 0.928811 0.000000 0.000000 0.000000 1.000000 0.000000 0.000000
30.000000 318.514524 2.419255 3.437192 0.890744 0.000000 0.000000 0.000000 1.000000 0.000000 0.000000
30.000000 318.524456 2.342810 3.482121 0.867456 0.000000 0.000000 0.000000 1.000000 0.000000 0.000000
30.000000 318.534318 2.321353 3.461426 0.829577 0.000000 0.000000 0.000000 1.000000 0.000000 0.000000
