20.000000 180.835028 25.194581 -0.274088 0.472066 0.000000 0.000000 0.000000 1.000000 0.000000 0.000000
20.000000 180.845094 25.145268 -0.327801 0.533712 0.000000 0.000000 0.000000 1.000000 0.000000 0.000000
20.000000 180.854950 25.029308 -0.354987 0.645466 0.000000 0.000000 0.000000 1.000000 0.000000 0.000000
20.000000 180.865067 24.933999 -0.385102 0.743951 0.000000 0.000000 0.000000 1.000000 0.000000 0.000000
20.000000 180.875044 24.769269 -0.402253 0.841262 0.000000 0.000000 0.000000 1.000000 0.000000 0.000000
20.000000 180.885109 24.701172 -0.418087 0.923686 0.000000 0.000000 0.000000 1.000000 0.000000 0.000000
20.000000 180.894964 24.554473 -0.431099 1.009740 0.000000 0.000000 0.000000 1.000000 0.000000 0.000000
20.000000 180.905031 24.406720 -0.442627 1.093423 0.000000 0.000000 0.000000 1.000000 0.000000 0.000000
20.000000 180.914446 22.879649 -0.275385 1.259291 0.000000 0.000000 0.000000 1.000000 0.000000 0.000000
20.000000 180.914964 24.259611 -0.455268 1.181303 0.000000 0.000000 0.000000 1.000000 0.000000 0.000000
20.000000 180.924555 22.799213 -0.301177 1.344160 0.000000 0.000000 0.000000 1.000000 0.000000 0.000000
20.000000 180.925027 24.089492 -0.462842 1.275556 0.000000 0.000000 0.000000 1.000000 0.000000 0.000000
20.000000 180.934537 22.689374 -0.326164 1.414209 0.000000 0.000000 0.000000 1.000000 0.000000 0.000000
20.000000 180.935117 23.830863 -0.466762 1.366673 0.000000 0.000000 0.000000 1.000000 0.000000 0.000000
20.000000 180.944568 22.581635 -0.334363 1.486011 0.000000 0.000000 0.000000 1.000000 0.000000 0.000000
20.000000 180.944988 23.775658 -0.485095 1.433111 0.000000 0.000000 0.000000 1.000000 0.000000 0.000000
20.000000 180.954458 22.480672 -0.351452 1.557815 0.000000 0.000000 0.000000 1.000000 0.000000 0.000000
20.000000 180.954965 23.602513 -0.490363 1.514275 0.000000 0.000000 0.000000 1.000000 0.000000 0.000000
20.000000 180.964666 22.395031 -0.372790 1.630450 0.000000 0.000000 0.000000 1.000000 0.000000 0.000000
20.000000 180.964984 23.489176 -0.509312 1.585355 0.000000 0.000000 0.000000 1.000000 0.000000 0.000000
20.000000 180.974536 22.277844 -0.385370 1.690583 0.000000 0.000000 0.000000 1.000000 0.000000 0.000000
20.000000 180.975018 23.354142 -0.521354 1.651332 0.000000 0.000000 0.000000 1.000000 0.000000 0.000000
20.000000 180.984680 22.203084 -0.409014 1.767324 0.000000 0.000000 0.000000 1.000000 0.000000 0.000000
20.000000 180.984984 23.212871 -0.536026 1.733469 0.000000 0.000000 0.000000 1.000000 0.000000 0.000000
20.000000 180.994524 22.130829 -0.433565 1.844284 0.000000 0.000000 0.000000 1.000000 0.000000 0.000000
20.000000 180.995016 23.060972 -0.538502 1.807199 0.000000 0.000000 0.000000 1.000000 0.000000 0.000000
20.000000 181.004605 22.012762 -0.451248 1.905709 0.000000 0.000000 0.000000 1.000000 0.000000 0.000000
20.000000 181.005029 22.927612 -0.560987 1.876291 0.000000 0.000000 0.000000 1.000000 0.000000 0.000000
20.000000 181.014612 21.913371 -0.468125 1.970473 0.000000 0.000000 0.000000 1.000000 0.000000 0.000000
20.000000 181.015031 22.777606 -0.569005 1.942598 0.000000 0.000000 0.000000 1.000000 0.000000 0.000000
20.000000 181.024625 21.816581 -0.486501 2.034113 0.000000 0.000000 0.000000 1.000000 0.000000 0.000000
20.000000 181.025063 22.641528 -0.583639 2.010224 0.000000 0.000000 0.000000 1.000000 0.000000 0.000000
20.000000 181.034652 21.746288 -0.516494 2.104533 0.000000 0.000000 0.000000 1.000000 0.000000 0.000000
20.000000 181.035070 22.445556 -0.595901 2.083549 0.000000 0.000000 0.000000 1.000000 0.000000 0.000000
20.000000 181.044595 21.646160 -0.525899 2.164389 0.000000 0.000000 0.000000 1.000000 0.000000 0.000000
20.000000 181.045076 22.411811 -0.614282 2.143710 0.000000 0.000000 0.000000 1.000000 0.000000 0.000000
20.000000 181.055051 22.254647 -0.626601 2.203197 0.000000 0.000000 0.000000 1.000000 0.000000 0.000000
20.000000 181.065112 22.146729 -0.638047 2.263393 0.000000 0.000000 0.000000 1.000000 0.000000 0.000000
20.000000 181.071043 20.476848 -0.493420 2.130790 0.000000 0.000000 0.000000 1.000000 0.000000 0.000000
20.000000 181.075319 22.003069 -0.651047 2.315786 0.000000 0.000000 0.000000 1.000000 0.000000 0.000000
20.000000 181.081149 20.356979 -0.507965 2.189710 0.000000 0.000000 0.000000 1.000000 0.000000 0.000000
20.000000 181.085155 21.854257 -0.661021 2.386134 0.000000 0.000000 0.000000 1.000000 0.000000 0.000000
20.000000 181.091180 20.249031 -0.518815 2.252176 0.000000 0.000000 0.000000 1.000000 0.000000 0.000000
20.000000 181.095093 21.698609 -0.665032 2.445071 0.000000 0.000000 0.000000 1.000000 0.000000 0.000000
20.000000 181.101142 20.135171 -0.531779 2.308929 0.000000 0.000000 0.000000 1.000000 0.000000 0.000000
20.000000 181.105085 21.614647 -0.683215 2.502636 0.000000 0.000000 0.000000 1.000000 0.000000 0.000000
20.000000 181.111166 20.023519 -0.542344 2.365093 0.000000 0.000000 0.000000 1.000000 0.000000 0.000000
20.000000 181.115126 21.464425 -0.700890 2.555836 0.000000 0.000000 0.000000 1.000000 0.000000 0.000000
20.000000 181.121358 19.907081 -0.559594 2.418469 0.000000 0.000000 0.000000 1.000000 0.000000 0.000000
20.000000 181.125064 21.302677 -0.717951 2.603130 0.000000 0.000000 0.000000 1.000000 0.000000 0.000000
20.000000 181.131158 19.788184 -0.570857 2.470751 0.000000 0.000000 0.000000 1.000000 0.000000 0.000000
20.000000 181.135156 21.191151 -0.722646 2.667837 0.000000 0.000000 0.000000 1.000000 0.000000 0.000000
20.000000 181.141324 19.681125 -0.576419 2.526816 0.000000 0.000000 0.000000 1.000000 0.000000 0.000000
20.000000 181.145096 21.078273 -0.733418 2.715562 0.000000 0.000000 0.000000 1.000000 0.000000 0.000000
20.000000 181.151181 19.541550 -0.595408 2.573263 0.000000 0.000000 0.000000 1.000000 0.000000 0.000000
20.000000 181.155128 20.906726 -0.747668 2.767417 0.000000 0.000000 0.000000 1.000000 0.000000 0.000000
20.000000 181.161211 19.444722 -0.605756 2.623040 0.000000 0.000000 0.000000 1.000000 0.000000 0.000000
20.000000 181.165065 20.739819 -0.754145 2.815712 0.000000 0.000000 0.000000 1.000000 0.000000 0.000000
20.000000 181.171140 19.333673 -0.619719 2.684833 0.000000 0.000000 0.000000 1.000000 0.000000 0.000000
20.000000 181.175098 20.657769 -0.769558 2.864538 0.000000 0.000000 0.000000 1.000000 0.000000 0.000000
20.000000 181.181403 19.221296 -0.637348 2.728592 0.000000 0.000000 0.000000 1.000000 0.000000 0.000000
20.000000 181.185111 20.532304 -0.778153 2.913064 0.000000 0.000000 0.000000 1.000000 0.000000 0.000000
20.000000 181.191444 19.092464 -0.642787 2.768608 0.000000 0.000000 0.000000 1.000000 0.000000 0.000000
20.000000 181.195105 20.384021 -0.791381 2.956206 0.000000 0.000000 0.000000 1.000000 0.000000 0.000000
20.000000 181.201464 18.986756 -0.656306 2.815089 0.000000 0.000000 0.000000 1.000000 0.000000 0.000000
20.000000 181.205080 20.247994 -0.795353 3.004501 0.000000 0.000000 0.000000 1.000000 0.000000 0.000000
20.000000 181.211213 18.865107 -0.668150 2.859006 0.000000 0.000000 0.000000 1.000000 0.000000 0.000000
20.000000 181.215190 20.140291 -0.814356 3.044943 0.000000 0.000000 0.000000 1.000000 0.000000 0.000000
20.000000 181.221288 18.762220 -0.683470 2.915932 0.000000 0.000000 0.000000 1.000000 0.000000 0.000000
20.000000 181.225124 20.004393 -0.830106 3.085366 0.000000 0.000000 0.000000 1.000000 0.000000 0.000000
20.000000 181.231151 18.645098 -0.692300 2.943247 0.000000 0.000000 0.000000 1.000000 0.000000 0.000000
20.000000 181.235166 19.871734 -0.831905 3.128348 0.000000 0.000000 0.000000 1.000000 0.000000 0.000000
20.000000 181.241332 18.536250 -0.706332 2.987818 0.000000 0.000000 0.000000 1.000000 0.000000 0.000000
20.000000 181.245194 19.748218 -0.848950 3.168444 0.000000 0.000000 0.000000 1.000000 0.000000 0.000000
20.000000 181.251129 18.409566 -0.716348 3.024640 0.000000 0.000000 0.000000 1.000000 0.000000 0.000000
20.000000 181.255178 19.659663 -0.868414 3.204811 0.000000 0.000000 0.000000 1.000000 0.000000 0.000000
20.000000 181.261281 18.309713 -0.730251 3.066042 0.000000 0.000000 0.000000 1.000000 0.000000 0.000000
20.000000 181.265185 19.495320 -0.877980 3.242830 0.000000 0.000000 0.000000 1.000000 0.000000 0.000000
20.000000 181.271323 18.203106 -0.741833 3.109951 0.000000 0.000000 0.000000 1.000000 0.000000 0.000000
20.000000 181.275243 19.341318 -0.890630 3.286830 0.000000 0.000000 0.000000 1.000000 0.000000 0.000000
20.000000 181.281276 18.089403 -0.754142 3.146821 0.000000 0.000000 0.000000 1.000000 0.000000 0.000000
20.000000 181.285130 19.202031 -0.898460 3.318746 0.000000 0.000000 0.000000 1.000000 0.000000 0.000000
20.000000 181.295114 19.181547 -0.929570 3.340685 0.000000 0.000000 0.000000 1.000000 0.000000 0.000000
20.000000 181.301308 17.840619 -0.781153 3.217166 0.000000 0.000000 0.000000 1.000000 0.000000 0.000000
20.000000 181.305155 19.021071 -0.938215 3.376398 0.000000 0.000000 0.000000 1.000000 0.000000 0.000000
20.000000 181.311397 17.738934 -0.792456 3.250274 0.000000 0.000000 0.000000 1.000000 0.000000 0.000000
20.000000 181.315118 18.892513 -0.948125 3.413125 0.000000 0.000000 0.000000 1.000000 0.000000 0.000000
20.000000 181.321245 17.624776 -0.807924 3.282176 0.000000 0.000000 0.000000 1.000000 0.000000 0.000000
20.000000 181.325101 18.749664 -0.953306 3.436335 0.000000 0.000000 0.000000 1.000000 0.000000 0.000000
20.000000 181.331329 17.511222 -0.820872 3.318003 0.000000 0.000000 0.000000 1.000000 0.000000 0.000000
20.000000 181.335119 18.674357 -0.976435 3.459698 0.000000 0.000000 0.000000 1.000000 0.000000 0.000000
20.000000 181.341160 17.377695 -0.832108 3.344984 0.000000 0.000000 0.000000 1.000000 0.000000 0.000000
20.000000 181.345165 18.516168 -0.976678 3.478249 0.000000 0.000000 0.000000 1.000000 0.000000 0.000000
20.000000 181.351193 17.272124 -0.844967 3.390095 0.000000 0.000000 0.000000 1.000000 0.000000 0.000000
20.000000 181.355140 18.390621 -0.984265 3.498528 0.000000 0.000000 0.000000 1.000000 0.000000 0.000000
20.000000 181.361314 17.168022 -0.857680 3.408823 0.000000 0.000000 0.000000 1.000000 0.000000 0.000000
20.000000 181.365148 18.189192 -0.997598 3.524101 0.000000 0.000000 0.000000 1.000000 0.000000 0.000000
20.000000 181.371272 17.059433 -0.863794 3.434219 0.000000 0.000000 0.000000 1.000000 0.000000 0.000000
20.000000 181.375130 18.195039 -1.023315 3.551463 0.000000 0.000000 0.000000 1.000000 0.000000 0.000000
20.000000 181.381321 16.943275 -0.878037 3.460964 0.000000 0.000000 0.000000 1.000000 0.000000 0.000000
20.000000 181.385147 17.907172 -1.013106 3.569585 0.000000 0.000000 0.000000 1.000000 0.000000 0.000000
20.000000 181.391289 16.822025 -0.889311 3.478837 0.000000 0.000000 0.000000 1.000000 0.000000 0.000000
20.000000 181.395177 17.832432 -1.015634 3.584935 0.000000 0.000000 0.000000 1.000000 0.000000 0.000000
20.000000 181.401366 16.703701 -0.903538 3.507121 0.000000 0.000000 0.000000 1.000000 0.000000 0.000000
20.000000 181.405250 17.684721 -1.011597 3.611707 0.000000 0.000000 0.000000 1.000000 0.000000 0.000000
20.000000 181.411333 16.613002 -0.918126 3.537195 0.000000 0.000000 0.000000 1.000000 0.000000 0.000000
20.000000 181.415338 17.608695 -1.035595 3.631590 0.000000 0.000000 0.000000 1.000000 0.000000 0.000000
20.000000 181.421468 16.488347 -0.930732 3.562472 0.000000 0.000000 0.000000 1.000000 0.000000 0.000000
20.000000 181.425197 17.419477 -1.050755 3.670004 0.000000 0.000000 0.000000 1.000000 0.000000 0.000000
20.000000 181.431326 16.386064 -0.945876 3.582019 0.000000 0.000000 0.000000 1.000000 0.000000 0.000000
20.000000 181.435161 17.446680 -1.081112 3.657918 0.000000 0.000000 0.000000 1.000000 0.000000 0.000000
20.000000 181.441247 16.306015 -0.957716 3.606537 0.000000 0.000000 0.000000 1.000000 0.000000 0.000000
20.000000 181.451420 16.135370 -0.961779 3.614115 0.000000 0.000000 0.000000 1.000000 0.000000 0.000000
20.000000 181.461426 16.046342 -0.979149 3.634276 0.000000 0.000000 0.000000 1.000000 0.000000 0.000000
20.000000 181.465198 17.000736 -1.091015 3.720091 0.000000 0.000000 0.000000 1.000000 0.000000 0.000000
20.000000 181.470823 15.898175 -1.025653 3.690814 0.000000 0.000000 0.000000 1.000000 0.000000 0.000000
20.000000 181.471354 15.923252 -0.991480 3.649027 0.000000 0.000000 0.000000 1.000000 0.000000 0.000000
20.000000 181.481274 15.815045 -0.998219 3.652658 0.000000 0.000000 0.000000 1.000000 0.000000 0.000000
20.000000 181.485288 16.776664 -1.103185 3.743910 0.000000 0.000000 0.000000 1.000000 0.000000 0.000000
20.000000 181.491281 15.694128 -1.011122 3.684483 0.000000 0.000000 0.000000 1.000000 0.000000 0.000000
20.000000 181.500843 15.920363 -0.845412 3.736350 0.000000 0.000000 0.000000 1.000000 0.000000 0.000000
20.000000 181.501512 15.578981 -1.025138 3.702913 0.000000 0.000000 0.000000 1.000000 0.000000 0.000000
20.000000 181.505217 16.529315 -1.122101 3.770968 0.000000 0.000000 0.000000 1.000000 0.000000 0.000000
20.000000 181.514673 16.384129 -1.129441 3.789007 0.000000 0.000000 0.000000 1.000000 0.000000 0.000000
20.000000 181.521342 15.371398 -1.047856 3.712370 0.000000 0.000000 0.000000 1.000000 0.000000 0.000000
20.000000 181.525282 16.299834 -1.153796 3.791612 0.000000 0.000000 0.000000 1.000000 0.000000 0.000000
20.000000 181.531527 15.245250 -1.060653 3.720174 0.000000 0.000000 0.000000 1.000000 0.000000 0.000000
20.000000 181.535192 16.159181 -1.173823 3.806217 0.000000 0.000000 0.000000 1.000000 0.000000 0.000000
20.000000 181.541374 15.134926 -1.068905 3.723513 0.000000 0.000000 0.000000 1.000000 0.000000 0.000000
20.000000 181.545249 16.116352 -1.187114 3.806004 0.000000 0.000000 0.000000 1.000000 0.000000 0.000000
20.000000 181.551590 14.986314 -1.081534 3.732399 0.000000 0.000000 0.000000 1.000000 0.000000 0.000000
20.000000 181.555261 15.979941 -1.191266 3.799064 0.000000 0.000000 0.000000 1.000000 0.000000 0.000000
20.000000 181.561457 14.895059 -1.094987 3.763141 0.000000 0.000000 0.000000 1.000000 0.000000 0.000000
20.000000 181.571549 14.814812 -1.107006 3.753614 0.000000 0.000000 0.000000 1.000000 0.000000 0.000000
20.000000 181.581541 14.684544 -1.120287 3.772408 0.000000 0.000000 0.000000 1.000000 0.000000 0.000000
20.000000 181.585476 15.609861 -1.222800 3.808407 0.000000 0.000000 0.000000 1.000000 0.000000 0.000000
20.000000 181.591433 14.596401 -1.120503 3.765702 0.000000 0.000000 0.000000 1.000000 0.000000 0.000000
20.000000 181.595406 15.520225 -1.231658 3.811382 0.000000 0.000000 0.000000 1.000000 0.000000 0.000000
20.000000 181.601368 14.493218 -1.138130 3.756790 0.000000 0.000000 0.000000 1.000000 0.000000 0.000000
20.000000 181.605244 15.378720 -1.235014 3.808698 0.000000 0.000000 0.000000 1.000000 0.000000 0.000000
20.000000 181.611372 14.362371 -1.149443 3.787166 0.000000 0.000000 0.000000 1.000000 0.000000 0.000000
20.000000 181.615343 15.277410 -1.250054 3.813791 0.000000 0.000000 0.000000 1.000000 0.000000 0.000000
20.000000 181.621341 14.297039 -1.167095 3.764801 0.000000 0.000000 0.000000 1.000000 0.000000 0.000000
20.000000 181.625473 15.159881 -1.260998 3.815098 0.000000 0.000000 0.000000 1.000000 0.000000 0.000000
20.000000 181.631364 14.177816 -1.178342 3.765978 0.000000 0.000000 0.000000 1.000000 0.000000 0.000000
20.000000 181.635350 14.929795 -1.257019 3.802801 0.000000 0.000000 0.000000 1.000000 0.000000 0.000000
20.000000 181.641329 14.007811 -1.187121 3.767542 0.000000 0.000000 0.000000 1.000000 0.000000 0.000000
20.000000 181.645549 14.908002 -1.278756 3.804308 0.000000 0.000000 0.000000 1.000000 0.000000 0.000000
20.000000 181.651427 13.918217 -1.201596 3.797807 0.000000 0.000000 0.000000 1.000000 0.000000 0.000000
20.000000 181.655568 14.827379 -1.297012 3.794972 0.000000 0.000000 0.000000 1.000000 0.000000 0.000000
20.000000 181.661379 13.826704 -1.216052 3.786414 0.000000 0.000000 0.000000 1.000000 0.000000 0.000000
20.000000 181.665453 14.661180 -1.294039 3.777556 0.000000 0.000000 0.000000 1.000000 0.000000 0.000000
20.000000 181.671354 13.724153 -1.229712 3.745398 0.000000 0.000000 0.000000 1.000000 0.000000 0.000000
20.000000 181.675325 14.597878 -1.315315 3.776491 0.000000 0.000000 0.000000 1.000000 0.000000 0.000000
20.000000 181.681361 13.616143 -1.241741 3.747475 0.000000 0.000000 0.000000 1.000000 0.000000 0.000000
20.000000 181.691312 13.505568 -1.254309 3.742156 0.000000 0.000000 0.000000 1.000000 0.000000 0.000000
20.000000 181.695262 14.343573 -1.321624 3.756027 0.000000 0.000000 0.000000 1.000000 0.000000 0.000000
20.000000 181.701386 13.378908 -1.265957 3.724109 0.000000 0.000000 0.000000 1.000000 0.000000 0.000000
20.000000 181.705438 14.215098 -1.328974 3.755739 0.000000 0.000000 0.000000 1.000000 0.000000 0.000000
20.000000 181.711391 13.272515 -1.276812 3.719419 0.000000 0.000000 0.000000 1.000000 0.000000 0.000000
20.000000 181.715303 14.076395 -1.345933 3.746567 0.000000 0.000000 0.000000 1.000000 0.000000 0.000000
20.000000 181.721358 13.148945 -1.286877 3.706946 0.000000 0.000000 0.000000 1.000000 0.000000 0.000000
20.000000 181.725408 14.009717 -1.362271 3.734361 0.000000 0.000000 0.000000 1.000000 0.000000 0.000000
20.000000 181.731461 13.040893 -1.296943 3.696906 0.000000 0.000000 0.000000 1.000000 0.000000 0.000000
20.000000 181.735322 13.911594 -1.378585 3.720422 0.000000 0.000000 0.000000 1.000000 0.000000 0.000000
20.000000 181.741387 12.909641 -1.311915 3.689201 0.000000 0.000000 0.000000 1.000000 0.000000 0.000000
20.000000 181.745561 13.808736 -1.388922 3.709685 0.000000 0.000000 0.000000 1.000000 0.000000 0.000000
20.000000 181.751438 12.830814 -1.325279 3.675894 0.000000 0.000000 0.000000 1.000000 0.000000 0.000000
20.000000 181.755468 13.696329 -1.390188 3.691570 0.000000 0.000000 0.000000 1.000000 0.000000 0.000000
20.000000 181.761285 12.734598 -1.336265 3.664900 0.000000 0.000000 0.000000 1.000000 0.000000 0.000000
20.000000 181.765526 13.539205 -1.400232 3.685912 0.000000 0.000000 0.000000 1.000000 0.000000 0.000000
20.000000 181.775429 13.629666 -1.425431 3.636945 0.000000 0.000000 0.000000 1.000000 0.000000 0.000000
20.000000 181.781451 12.481439 -1.359020 3.637883 0.000000 0.000000 0.000000 1.000000 0.000000 0.000000
20.000000 181.785043 13.320224 -1.410801 3.701664 0.000000 0.000000 0.000000 1.000000 0.000000 0.000000
20.000000 181.785574 13.383119 -1.425215 3.649078 0.000000 0.000000 0.000000 1.000000 0.000000 0.000000
20.000000 181.791486 12.351374 -1.371918 3.631071 0.000000 0.000000 0.000000 1.000000 0.000000 0.000000
20.000000 181.795444 13.278017 -1.427490 3.620875 0.000000 0.000000 0.000000 1.000000 0.000000 0.000000
20.000000 181.801510 12.242330 -1.382516 3.615343 0.000000 0.000000 0.000000 1.000000 0.000000 0.000000
20.000000 181.805538 13.159902 -1.438498 3.612559 0.000000 0.000000 0.000000 1.000000 0.000000 0.000000
20.000000 181.811425 12.185265 -1.400438 3.601798 0.000000 0.000000 0.000000 1.000000 0.000000 0.000000
20.000000 181.815509 13.065294 -1.449603 3.587041 0.000000 0.000000 0.000000 1.000000 0.000000 0.000000
20.000000 181.821479 12.056167 -1.415123 3.583860 0.000000 0.000000 0.000000 1.000000 0.000000 0.000000
20.000000 181.825422 12.900761 -1.448739 3.563113 0.000000 0.000000 0.000000 1.000000 0.000000 0.000000
20.000000 181.831398 11.933357 -1.426091 3.564010 0.000000 0.000000 0.000000 1.000000 0.000000 0.000000
20.000000 181.835518 12.830349 -1.457629 3.543194 0.000000 0.000000 0.000000 1.000000 0.000000 0.000000
20.000000 181.841427 11.823342 -1.431791 3.533320 0.000000 0.000000 0.000000 1.000000 0.000000 0.000000
20.000000 181.845600 12.715256 -1.460435 3.515488 0.000000 0.000000 0.000000 1.000000 0.000000 0.000000
20.000000 181.851557 11.706165 -1.447172 3.519515 0.000000 0.000000 0.000000 1.000000 0.000000 0.000000
20.000000 181.855471 12.606788 -1.476263 3.490704 0.000000 0.000000 0.000000 1.000000 0.000000 0.000000
20.000000 181.861479 11.630230 -1.464331 3.501316 0.000000 0.000000 0.000000 1.000000 0.000000 0.000000
20.000000 181.865532 12.515547 -1.489817 3.468024 0.000000 0.000000 0.000000 1.000000 0.000000 0.000000
20.000000 181.871528 11.525919 -1.475578 3.471592 0.000000 0.000000 0.000000 1.000000 0.000000 0.000000
20.000000 181.875451 12.368281 -1.492146 3.438208 0.000000 0.000000 0.000000 1.000000 0.000000 0.000000
20.000000 181.881483 11.413730 -1.484440 3.446301 0.000000 0.000000 0.000000 1.000000 0.000000 0.000000
20.000000 181.885545 12.274721 -1.501338 3.412829 0.000000 0.000000 0.000000 1.000000 0.000000 0.000000
20.000000 181.891617 11.287814 -1.495920 3.419986 0.000000 0.000000 0.000000 1.000000 0.000000 0.000000
20.000000 181.895437 12.184456 -1.512842 3.380210 0.000000 0.000000 0.000000 1.000000 0.000000 0.000000
20.000000 181.901542 11.139963 -1.505521 3.391121 0.000000 0.000000 0.000000 1.000000 0.000000 0.000000
20.000000 181.905562 12.093559 -1.529479 3.347742 0.000000 0.000000 0.000000 1.000000 0.000000 0.000000
20.000000 181.911562 11.096859 -1.526289 3.367989 0.000000 0.000000 0.000000 1.000000 0.000000 0.000000
20.000000 181.915592 11.973987 -1.530819 3.314704 0.000000 0.000000 0.000000 1.000000 0.000000 0.000000
20.000000 181.921518 10.990403 -1.541439 3.339429 0.000000 0.000000 0.000000 1.000000 0.000000 0.000000
20.000000 181.925538 11.803737 -1.530825 3.283860 0.000000 0.000000 0.000000 1.000000 0.000000 0.000000
20.000000 181.931665 10.873640 -1.549357 3.309685 0.000000 0.000000 0.000000 1.000000 0.000000 0.000000
20.000000 181.935472 11.774825 -1.554849 3.253760 0.000000 0.000000 0.000000 1.000000 0.000000 0.000000
20.000000 181.945567 11.669176 -1.561052 3.213563 0.000000 0.000000 0.000000 1.000000 0.000000 0.000000
20.000000 181.951590 10.612334 -1.570332 3.240313 0.000000 0.000000 0.000000 1.000000 0.000000 0.000000
20.000000 181.955485 11.571574 -1.573410 3.181463 0.000000 0.000000 0.000000 1.000000 0.000000 0.000000
20.000000 181.961698 10.549860 -1.587140 3.207967 0.000000 0.000000 0.000000 1.000000 0.000000 0.000000
20.000000 181.965573 11.429910 -1.576314 3.144786 0.000000 0.000000 0.000000 1.000000 0.000000 0.000000
20.000000 181.971466 10.463860 -1.589183 3.174449 0.000000 0.000000 0.000000 1.000000 0.000000 0.000000
20.000000 181.975465 11.325543 -1.578296 3.112222 0.000000 0.000000 0.000000 1.000000 0.000000 0.000000
20.000000 181.981685 10.361508 -1.603746 3.134229 0.000000 0.000000 0.000000 1.000000 0.000000 0.000000
20.000000 181.985554 11.258590 -1.598289 3.070407 0.000000 0.000000 0.000000 1.000000 0.000000 0.000000
20.000000 181.991439 10.207639 -1.614571 3.082840 0.000000 0.000000 0.000000 1.000000 0.000000 0.000000
20.000000 181.995454 11.154333 -1.605224 3.033576 0.000000 0.000000 0.000000 1.000000 0.000000 0.000000
20.000000 182.001475 10.123268 -1.635194 3.064003 0.000000 0.000000 0.000000 1.000000 0.000000 0.000000
20.000000 182.005594 11.073220 -1.617696 2.987105 0.000000 0.000000 0.000000 1.000000 0.000000 0.000000
20.000000 182.011452 10.031431 -1.640993 3.026614 0.000000 0.000000 0.000000 1.000000 0.000000 0.000000
20.000000 182.015504 10.929706 -1.622415 2.952094 0.000000 0.000000 0.000000 1.000000 0.000000 0.000000
20.000000 182.021566 9.918304 -1.654317 2.988667 0.000000 0.000000 0.000000 1.000000 0.000000 0.000000
20.000000 182.025528 10.833403 -1.627298 2.904548 0.000000 0.000000 0.000000 1.000000 0.000000 0.000000
20.000000 182.031406 9.791772 -1.669640 2.944010 0.000000 0.000000 0.000000 1.000000 0.000000 0.000000
20.000000 182.035455 10.735900 -1.636200 2.864312 0.000000 0.000000 0.000000 1.000000 0.000000 0.000000
20.000000 182.041492 9.692016 -1.669806 2.901927 0.000000 0.000000 0.000000 1.000000 0.000000 0.000000
20.000000 182.045586 10.644966 -1.646967 2.821626 0.000000 0.000000 0.000000 1.000000 0.000000 0.000000
20.000000 182.051517 9.529754 -1.689764 2.842317 0.000000 0.000000 0.000000 1.000000 0.000000 0.000000
20.000000 182.055463 10.523264 -1.651584 2.782568 0.000000 0.000000 0.000000 1.000000 0.000000 0.000000
20.000000 182.061584 9.479396 -1.705075 2.813804 0.000000 0.000000 0.000000 1.000000 0.000000 0.000000
20.000000 182.065536 10.434234 -1.665642 2.735029 0.000000 0.000000 0.000000 1.000000 0.000000 0.000000
20.000000 182.071667 9.358570 -1.715798 2.765309 0.000000 0.000000 0.000000 1.000000 0.000000 0.000000
20.000000 182.075508 10.336941 -1.675544 2.681718 0.000000 0.000000 0.000000 1.000000 0.000000 0.000000
20.000000 182.081663 9.284624 -1.722143 2.719595 0.000000 0.000000 0.000000 1.000000 0.000000 0.000000
20.000000 182.085665 10.230626 -1.685157 2.638246 0.000000 0.000000 0.000000 1.000000 0.000000 0.000000
20.000000 182.091818 9.097902 -1.737865 2.679819 0.000000 0.000000 0.000000 1.000000 0.000000 0.000000
20.000000 182.095557 10.145909 -1.693329 2.584596 0.000000 0.000000 0.000000 1.000000 0.000000 0.000000
20.000000 182.101585 9.024248 -1.740418 2.611646 0.000000 0.000000 0.000000 1.000000 0.000000 0.000000
20.000000 182.105614 10.044255 -1.702789 2.534543 0.000000 0.000000 0.000000 1.000000 0.000000 0.000000
20.000000 182.111624 8.876409 -1.762783 2.588821 0.000000 0.000000 0.000000 1.000000 0.000000 0.000000
20.000000 182.115523 9.957159 -1.715531 2.487519 0.000000 0.000000 0.000000 1.000000 0.000000 0.000000
20.000000 182.121593 8.776490 -1.762695 2.521403 0.000000 0.000000 0.000000 1.000000 0.000000 0.000000
20.000000 182.125589 9.837349 -1.721730 2.439595 0.000000 0.000000 0.000000 1.000000 0.000000 0.000000
20.000000 182.131802 8.724205 -1.777166 2.471068 0.000000 0.000000 0.000000 1.000000 0.000000 0.000000
20.000000 182.135549 9.744424 -1.730907 2.386831 0.000000 0.000000 0.000000 1.000000 0.000000 0.000000
20.000000 182.141633 8.602618 -1.788541 2.410191 0.000000 0.000000 0.000000 1.000000 0.000000 0.000000
20.000000 182.145623 9.636408 -1.734186 2.333763 0.000000 0.000000 0.000000 1.000000 0.000000 0.000000
20.000000 182.151647 8.448438 -1.810650 2.353838 0.000000 0.000000 0.000000 1.000000 0.000000 0.000000
20.000000 182.155593 9.537533 -1.736582 2.284855 0.000000 0.000000 0.000000 1.000000 0.000000 0.000000
20.000000 182.161596 8.435557 -1.817435 2.315944 0.000000 0.000000 0.000000 1.000000 0.000000 0.000000
20.000000 182.165614 9.424477 -1.744038 2.235262 0.000000 0.000000 0.000000 1.000000 0.000000 0.000000
20.000000 182.171641 8.334949 -1.815290 2.272952 0.000000 0.000000 0.000000 1.000000 0.000000 0.000000
20.000000 182.175563 9.320080 -1.749702 2.174025 0.000000 0.000000 0.000000 1.000000 0.000000 0.000000
20.000000 182.181609 8.165630 -1.845490 2.204061 0.000000 0.000000 0.000000 1.000000 0.000000 0.000000
20.000000 182.185721 9.248199 -1.765442 2.117959 0.000000 0.000000 0.000000 1.000000 0.000000 0.000000
20.000000 182.191805 8.135967 -1.829472 2.144076 0.000000 0.000000 0.000000 1.000000 0.000000 0.000000
20.000000 182.195632 9.129954 -1.764656 2.066055 0.000000 0.000000 0.000000 1.000000 0.000000 0.000000
20.000000 182.201618 7.948656 -1.847123 2.078876 0.000000 0.000000 0.000000 1.000000 0.000000 0.000000
20.000000 182.205685 9.057571 -1.782080 2.004894 0.000000 0.000000 0.000000 1.000000 0.000000 0.000000
20.000000 182.211779 7.952655 -1.890555 2.034376 0.000000 0.000000 0.000000 1.000000 0.000000 0.000000
20.000000 182.215750 8.941137 -1.779809 1.944353 0.000000 0.000000 0.000000 1.000000 0.000000 0.000000
20.000000 182.221747 7.810158 -1.896234 1.965071 0.000000 0.000000 0.000000 1.000000 0.000000 0.000000
20.000000 182.225854 8.842125 -1.789817 1.885890 0.000000 0.000000 0.000000 1.000000 0.000000 0.000000
20.000000 182.231921 7.698558 -1.909555 1.899982 0.000000 0.000000 0.000000 1.000000 0.000000 0.000000
20.000000 182.235665 8.741927 -1.796355 1.829466 0.000000 0.000000 0.000000 1.000000 0.000000 0.000000
20.000000 182.245758 8.657820 -1.808801 1.755719 0.000000 0.000000 0.000000 1.000000 0.000000 0.000000
20.000000 182.251803 7.354350 -1.935223 1.759924 0.000000 0.000000 0.000000 1.000000 0.000000 0.000000
20.000000 182.255625 8.574740 -1.822651 1.695457 0.000000 0.000000 0.000000 1.000000 0.000000 0.000000
20.000000 182.261730 7.298907 -1.944989 1.700214 0.000000 0.000000 0.000000 1.000000 0.000000 0.000000
20.000000 182.265784 8.468655 -1.819478 1.645746 0.000000 0.000000 0.000000 1.000000 0.000000 0.000000
20.000000 182.271915 7.157130 -1.955507 1.628170 0.000000 0.000000 0.000000 1.000000 0.000000 0.000000
20.000000 182.275621 8.339269 -1.828735 1.589370 0.000000 0.000000 0.000000 1.000000 0.000000 0.000000
20.000000 182.281596 7.221130 -1.969845 1.583937 0.000000 0.000000 0.000000 1.000000 0.000000 0.000000
20.000000 182.285750 8.249607 -1.831737 1.518608 0.000000 0.000000 0.000000 1.000000 0.000000 0.000000
20.000000 182.291607 6.924774 -1.971975 1.482826 0.000000 0.000000 0.000000 1.000000 0.000000 0.000000
20.000000 182.295681 8.187791 -1.840377 1.451949 0.000000 0.000000 0.000000 1.000000 0.000000 0.000000
20.000000 182.301746 6.805940 -1.991684 1.424195 0.000000 0.000000 0.000000 1.000000 0.000000 0.000000
20.000000 182.305695 8.100042 -1.848853 1.386379 0.000000 0.000000 0.000000 1.000000 0.000000 0.000000
20.000000 182.311659 6.867460 -2.005347 1.369222 0.000000 0.000000 0.000000 1.000000 0.000000 0.000000
20.000000 182.315688 8.011538 -1.861307 1.319969 0.000000 0.000000 0.000000 1.000000 0.000000 0.000000
20.000000 182.321723 6.779923 -2.011702 1.305151 0.000000 0.000000 0.000000 1.000000 0.000000 0.000000
20.000000 182.325891 7.870253 -1.852883 1.261833 0.000000 0.000000 0.000000 1.000000 0.000000 0.000000
20.000000 182.331836 6.704779 -2.023453 1.242483 0.000000 0.000000 0.000000 1.000000 0.000000 0.000000
20.000000 182.335663 7.816916 -1.868049 1.189240 0.000000 0.000000 0.000000 1.000000 0.000000 0.000000
20.000000 182.341784 6.402138 -2.033660 1.146294 0.000000 0.000000 0.000000 1.000000 0.000000 0.000000
20.000000 182.345786 7.726970 -1.880102 1.120685 0.000000 0.000000 0.000000 1.000000 0.000000 0.000000
20.000000 182.351814 6.187451 -2.043346 1.070678 0.000000 0.000000 0.000000 1.000000 0.000000 0.000000
20.000000 182.355664 7.634214 -1.880023 1.043861 0.000000 0.000000 0.000000 1.000000 0.000000 0.000000
20.000000 182.361794 6.303711 -2.064064 1.010956 0.000000 0.000000 0.000000 1.000000 0.000000 0.000000
20.000000 182.365843 7.530054 -1.886263 0.976238 0.000000 0.000000 0.000000 1.000000 0.000000 0.000000
20.000000 182.371863 6.220718 -2.074995 0.934588 0.000000 0.000000 0.000000 1.000000 0.000000 0.000000
20.000000 182.375730 7.419781 -1.893880 0.911148 0.000000 0.000000 0.000000 1.000000 0.000000 0.000000
20.000000 182.381774 6.137894 -2.072476 0.878415 0.000000 0.000000 0.000000 1.000000 0.000000 0.000000
20.000000 182.385840 7.345661 -1.898820 0.838558 0.000000 0.000000 0.000000 1.000000 0.000000 0.000000
20.000000 182.391821 5.993960 -2.077880 0.791660 0.000000 0.000000 0.000000 1.000000 0.000000 0.000000
20.000000 182.395745 7.256910 -1.908105 0.764040 0.000000 0.000000 0.000000 1.000000 0.000000 0.000000
20.000000 182.401688 5.776464 -2.107119 0.690837 0.000000 0.000000 0.000000 1.000000 0.000000 0.000000
20.000000 182.405877 7.178174 -1.919374 0.688845 0.000000 0.000000 0.000000 1.000000 0.000000 0.000000
20.000000 182.411803 5.745467 -2.117577 0.615954 0.000000 0.000000 0.000000 1.000000 0.000000 0.000000
20.000000 182.415581 7.080778 -1.924023 0.617083 0.000000 0.000000 0.000000 1.000000 0.000000 0.000000
20.000000 182.422463 5.711524 -2.115660 0.554164 0.000000 0.000000 0.000000 1.000000 0.000000 0.000000
20.000000 182.425756 6.979702 -1.930227 0.545611 0.000000 0.000000 0.000000 1.000000 0.000000 0.000000
20.000000 182.432058 5.432641 -2.125057 0.444958 0.000000 0.000000 0.000000 1.000000 0.000000 0.000000
20.000000 182.435628 6.908391 -1.940529 0.463005 0.000000 0.000000 0.000000 1.000000 0.000000 0.000000
20.000000 182.441788 5.342469 -2.155539 0.362483 0.000000 0.000000 0.000000 1.000000 0.000000 0.000000
20.000000 182.445750 6.805686 -1.944321 0.391123 0.000000 0.000000 0.000000 1.000000 0.000000 0.000000
20.000000 182.451968 5.269520 -2.164406 0.281043 0.000000 0.000000 0.000000 1.000000 0.000000 0.000000
20.000000 182.455612 6.731912 -1.953013 0.309964 0.000000 0.000000 0.000000 1.000000 0.000000 0.000000
20.000000 182.461777 5.212501 -2.154993 0.209982 0.000000 0.000000 0.000000 1.000000 0.000000 0.000000
20.000000 182.465733 6.638851 -1.957481 0.232274 0.000000 0.000000 0.000000 1.000000 0.000000 0.000000
20.000000 182.471888 5.016728 -2.174256 0.097202 0.000000 0.000000 0.000000 1.000000 0.000000 0.000000
20.000000 182.475640 6.547634 -1.964583 0.154858 0.000000 0.000000 0.000000 1.000000 0.000000 0.000000
20.000000 182.481741 4.956238 -2.176977 0.029282 0.000000 0.000000 0.000000 1.000000 0.000000 0.000000
20.000000 182.485788 6.455078 -1.967116 0.075476 0.000000 0.000000 0.000000 1.000000 0.000000 0.000000
20.000000 182.491947 4.880980 -2.194888 -0.052069 0.000000 0.000000 0.000000 1.000000 0.000000 0.000000
20.000000 182.495632 6.389566 -1.972438 0.022777 0.000000 0.000000 0.000000 1.000000 0.000000 0.000000
20.000000 182.501719 4.772922 -2.209240 -0.023922 0.000000 0.000000 0.000000 1.000000 0.000000 0.000000
20.000000 182.505715 6.339300 -1.981315 0.081706 0.000000 0.000000 0.000000 1.000000 0.000000 0.000000
20.000000 182.511894 4.959100 -2.220200 0.073720 0.000000 0.000000 0.000000 1.000000 0.000000 0.000000
20.000000 182.515662 6.271252 -1.983240 0.145209 0.000000 0.000000 0.000000 1.000000 0.000000 0.000000
20.000000 182.521733 4.883753 -2.233889 0.125832 0.000000 0.000000 0.000000 1.000000 0.000000 0.000000
20.000000 182.525762 6.241341 -1.994460 0.195463 0.000000 0.000000 0.000000 1.000000 0.000000 0.000000
20.000000 182.531841 4.759517 -2.241889 0.172660 0.000000 0.000000 0.000000 1.000000 0.000000 0.000000
20.000000 182.535676 6.187700 -1.998264 0.255424 0.000000 0.000000 0.000000 1.000000 0.000000 0.000000
20.000000 182.541801 4.588353 -2.256664 0.217528 0.000000 0.000000 0.000000 1.000000 0.000000 0.000000
20.000000 182.545722 6.160348 -2.010344 0.306532 0.000000 0.000000 0.000000 1.000000 0.000000 0.000000
20.000000 182.551919 4.498285 -2.256575 0.268313 0.000000 0.000000 0.000000 1.000000 0.000000 0.000000
20.000000 182.555630 6.095268 -2.013174 0.363580 0.000000 0.000000 0.000000 1.000000 0.000000 0.000000
20.000000 182.561678 4.634590 -2.268450 0.362173 0.000000 0.000000 0.000000 1.000000 0.000000 0.000000
20.000000 182.565753 6.056596 -2.020900 0.412526 0.000000 0.000000 0.000000 1.000000 0.000000 0.000000
20.000000 182.571941 4.598237 -2.270950 0.418108 0.000000 0.000000 0.000000 1.000000 0.000000 0.000000
20.000000 182.575871 6.001767 -2.027386 0.460969 0.000000 0.000000 0.000000 1.000000 0.000000 0.000000
20.000000 182.581927 4.626214 -2.253529 0.492908 0.000000 0.000000 0.000000 1.000000 0.000000 0.000000
20.000000 182.585751 5.959754 -2.034593 0.516405 0.000000 0.000000 0.000000 1.000000 0.000000 0.000000
20.000000 182.591902 4.267444 -2.290016 0.485262 0.000000 0.000000 0.000000 1.000000 0.000000 0.000000
20.000000 182.595848 5.919642 -2.042889 0.561521 0.000000 0.000000 0.000000 1.000000 0.000000 0.000000
20.000000 182.601877 4.371037 -2.278842 0.567632 0.000000 0.000000 0.000000 1.000000 0.000000 0.000000
20.000000 182.605990 5.872200 -2.051091 0.609138 0.000000 0.000000 0.000000 1.000000 0.000000 0.000000
20.000000 182.611943 4.432707 -2.306733 0.634701 0.000000 0.000000 0.000000 1.000000 0.000000 0.000000
20.000000 182.615740 5.823988 -2.055356 0.657258 0.000000 0.000000 0.000000 1.000000 0.000000 0.000000
20.000000 182.621822 3.970268 -2.314783 0.633360 0.000000 0.000000 0.000000 1.000000 0.000000 0.000000
20.000000 182.626054 5.776682 -2.058971 0.705825 0.000000 0.000000 0.000000 1.000000 0.000000 0.000000
20.000000 182.631950 4.319612 -2.317394 0.734359 0.000000 0.000000 0.000000 1.000000 0.000000 0.000000
20.000000 182.635928 5.740474 -2.074346 0.746678 0.000000 0.000000 0.000000 1.000000 0.000000 0.000000
20.000000 182.646048 5.699340 -2.079036 0.787586 0.000000 0.000000 0.000000 1.000000 0.000000 0.000000
20.000000 182.651922 4.044322 -2.334511 0.793614 0.000000 0.000000 0.000000 1.000000 0.000000 0.000000
20.000000 182.655912 5.674828 -2.088809 0.816569 0.000000 0.000000 0.000000 1.000000 0.000000 0.000000
20.000000 182.661895 4.258666 -2.345690 0.877144 0.000000 0.000000 0.000000 1.000000 0.000000 0.000000
20.000000 182.671960 4.160576 -2.357967 0.911780 0.000000 0.000000 0.000000 1.000000 0.000000 0.000000
20.000000 182.682034 4.141494 -2.346754 0.964411 0.000000 0.000000 0.000000 1.000000 0.000000 0.000000
20.000000 182.691963 3.927644 -2.357928 0.971440 0.000000 0.000000 0.000000 1.000000 0.000000 0.000000
20.000000 182.701883 3.760833 -2.374307 0.992968 0.000000 0.000000 0.000000 1.000000 0.000000 0.000000
20.000000 182.711999 4.013686 -2.389719 1.080133 0.000000 0.000000 0.000000 1.000000 0.000000 0.000000
20.000000 182.721886 3.979442 -2.368936 1.123711 0.000000 0.000000 0.000000 1.000000 0.000000 0.000000
20.000000 182.732099 3.832506 -2.402292 1.150599 0.000000 0.000000 0.000000 1.000000 0.000000 0.000000
20.000000 182.741852 3.587597 -2.390770 1.172742 0.000000 0.000000 0.000000 1.000000 0.000000 0.000000
20.000000 182.745979 4.894334 -2.244525 1.325332 0.000000 0.000000 0.000000 1.000000 0.000000 0.000000
20.000000 182.752003 3.570418 -2.406298 1.204044 0.000000 0.000000 0.000000 1.000000 0.000000 0.000000
20.000000 182.755928 4.857413 -2.257094 1.360484 0.000000 0.000000 0.000000 1.000000 0.000000 0.000000
20.000000 182.761975 3.727265 -2.424218 1.261926 0.000000 0.000000 0.000000 1.000000 0.000000 0.000000
20.000000 182.766005 4.833058 -2.267714 1.387306 0.000000 0.000000 0.000000 1.000000 0.000000 0.000000
20.000000 182.771871 3.675493 -2.427493 1.289903 0.000000 0.000000 0.000000 1.000000 0.000000 0.000000
20.000000 182.775998 4.792004 -2.272935 1.412888 0.000000 0.000000 0.000000 1.000000 0.000000 0.000000
20.000000 182.782189 3.481439 -2.410197 1.319496 0.000000 0.000000 0.000000 1.000000 0.000000 0.000000
20.000000 182.786001 4.683966 -2.267124 1.459796 0.000000 0.000000 0.000000 1.000000 0.000000 0.000000
20.000000 182.792061 3.410135 -2.446009 1.336501 0.000000 0.000000 0.000000 1.000000 0.000000 0.000000
20.000000 182.795759 4.699137 -2.289466 1.477873 0.000000 0.000000 0.000000 1.000000 0.000000 0.000000
20.000000 182.802020 3.274432 -2.450847 1.365162 0.000000 0.000000 0.000000 1.000000 0.000000 0.000000
20.000000 182.806071 4.639251 -2.292907 1.506132 0.000000 0.000000 0.000000 1.000000 0.000000 0.000000
20.000000 182.812051 3.536724 -2.448126 1.422198 0.000000 0.000000 0.000000 1.000000 0.000000 0.000000
20.000000 182.815830 4.584685 -2.292296 1.531047 0.000000 0.000000 0.000000 1.000000 0.000000 0.000000
20.000000 182.821983 3.585081 -2.444657 1.459834 0.000000 0.000000 0.000000 1.000000 0.000000 0.000000
20.000000 182.826071 4.526903 -2.293758 1.557045 0.000000 0.000000 0.000000 1.000000 0.000000 0.000000
20.000000 182.832351 3.137626 -2.479310 1.445216 0.000000 0.000000 0.000000 1.000000 0.000000 0.000000
20.000000 182.835931 4.517221 -2.316450 1.577780 0.000000 0.000000 0.000000 1.000000 0.000000 0.000000
20.000000 182.842016 3.123689 -2.456163 1.475797 0.000000 0.000000 0.000000 1.000000 0.000000 0.000000
20.000000 182.845999 4.415283 -2.304479 1.611313 0.000000 0.000000 0.000000 1.000000 0.000000 0.000000
20.000000 182.852028 3.056616 -2.478617 1.521183 0.000000 0.000000 0.000000 1.000000 0.000000 0.000000
20.000000 182.855938 4.402031 -2.318698 1.628017 0.000000 0.000000 0.000000 1.000000 0.000000 0.000000
20.000000 182.862004 2.756249 -2.493805 1.508850 0.000000 0.000000 0.000000 1.000000 0.000000 0.000000
20.000000 182.865948 4.367041 -2.331485 1.649298 0.000000 0.000000 0.000000 1.000000 0.000000 0.000000
20.000000 182.872010 3.016889 -2.494463 1.546504 0.000000 0.000000 0.000000 1.000000 0.000000 0.000000
20.000000 182.875877 4.324917 -2.334356 1.668197 0.000000 0.000000 0.000000 1.000000 0.000000 0.000000
20.000000 182.882030 2.975755 -2.498480 1.568446 0.000000 0.000000 0.000000 1.000000 0.000000 0.000000
20.000000 182.885943 4.279062 -2.339671 1.686198 0.000000 0.000000 0.000000 1.000000 0.000000 0.000000
20.000000 182.892030 2.904178 -2.510347 1.580624 0.000000 0.000000 0.000000 1.000000 0.000000 0.000000
20.000000 182.896008 4.244648 -2.350089 1.703170 0.000000 0.000000 0.000000 1.000000 0.000000 0.000000
20.000000 182.901958 2.892259 -2.530127 1.632162 0.000000 0.000000 0.000000 1.000000 0.000000 0.000000
20.000000 182.906076 4.228200 -2.362357 1.714298 0.000000 0.000000 0.000000 1.000000 0.000000 0.000000
20.000000 182.912086 2.950698 -2.525081 1.634626 0.000000 0.000000 0.000000 1.000000 0.000000 0.000000
20.000000 182.916070 4.059251 -2.336243 1.751875 0.000000 0.000000 0.000000 1.000000 0.000000 0.000000
20.000000 182.921874 2.797637 -2.551912 1.642743 0.000000 0.000000 0.000000 1.000000 0.000000 0.000000
20.000000 182.925996 4.109483 -2.371744 1.751824 0.000000 0.000000 0.000000 1.000000 0.000000 0.000000
20.000000 182.932050 2.753715 -2.559143 1.656591 0.000000 0.000000 0.000000 1.000000 0.000000 0.000000
20.000000 182.935822 4.113127 -2.388818 1.758091 0.000000 0.000000 0.000000 1.000000 0.000000 0.000000
20.000000 182.942039 2.707217 -2.559241 1.669229 0.000000 0.000000 0.000000 1.000000 0.000000 0.000000
20.000000 182.946077 4.045381 -2.390549 1.772974 0.000000 0.000000 0.000000 1.000000 0.000000 0.000000
20.000000 182.952103 2.603862 -2.570393 1.676482 0.000000 0.000000 0.000000 1.000000 0.000000 0.000000
20.000000 182.956031 4.017054 -2.399259 1.783240 0.000000 0.000000 0.000000 1.000000 0.000000 0.000000
20.000000 182.962037 2.648208 -2.566016 1.695233 0.000000 0.000000 0.000000 1.000000 0.000000 0.000000
20.000000 182.965958 3.959527 -2.398568 1.792738 0.000000 0.000000 0.000000 1.000000 0.000000 0.000000
20.000000 182.972046 2.589029 -2.575635 1.698816 0.000000 0.000000 0.000000 1.000000 0.000000 0.000000
20.000000 182.976015 3.936575 -2.407547 1.797222 0.000000 0.000000 0.000000 1.000000 0.000000 0.000000
20.000000 182.982049 2.504553 -2.601968 1.711064 0.000000 0.000000 0.000000 1.000000 0.000000 0.000000
20.000000 182.986063 3.926854 -2.426293 1.804931 0.000000 0.000000 0.000000 1.000000 0.000000 0.000000
20.000000 182.992190 2.455728 -2.585723 1.725832 0.000000 0.000000 0.000000 1.000000 0.000000 0.000000
20.000000 182.995972 3.831819 -2.415800 1.818938 0.000000 0.000000 0.000000 1.000000 0.000000 0.000000
20.000000 183.002004 2.320982 -2.612147 1.710435 0.000000 0.000000 0.000000 1.000000 0.000000 0.000000
20.000000 183.006038 3.845526 -2.437751 1.814049 0.000000 0.000000 0.000000 1.000000 0.000000 0.000000
20.000000 183.012074 2.386899 -2.616034 1.737260 0.000000 0.000000 0.000000 1.000000 0.000000 0.000000
20.000000 183.016031 3.777747 -2.440290 1.824877 0.000000 0.000000 0.000000 1.000000 0.000000 0.000000
20.000000 183.022092 2.328298 -2.614344 1.737115 0.000000 0.000000 0.000000 1.000000 0.000000 0.000000
20.000000 183.026105 3.724743 -2.441202 1.833265 0.000000 0.000000 0.000000 1.000000 0.000000 0.000000
20.000000 183.032125 2.180906 -2.633557 1.732927 0.000000 0.000000 0.000000 1.000000 0.000000 0.000000
20.000000 183.036055 3.700867 -2.456037 1.833244 0.000000 0.000000 0.000000 1.000000 0.000000 0.000000
20.000000 183.041953 2.112470 -2.635743 1.725230 0.000000 0.000000 0.000000 1.000000 0.000000 0.000000
20.000000 183.046093 3.653461 -2.459613 1.834760 0.000000 0.000000 0.000000 1.000000 0.000000 0.000000
20.000000 183.052093 1.875131 -2.649304 1.752194 0.000000 0.000000 0.000000 1.000000 0.000000 0.000000
20.000000 183.056030 3.610485 -2.465165 1.838394 0.000000 0.000000 0.000000 1.000000 0.000000 0.000000
20.000000 183.061944 2.028163 -2.663461 1.737917 0.000000 0.000000 0.000000 1.000000 0.000000 0.000000
20.000000 183.066225 3.597077 -2.480298 1.836984 0.000000 0.000000 0.000000 1.000000 0.000000 0.000000
20.000000 183.072147 1.763022 -2.663843 1.712165 0.000000 0.000000 0.000000 1.000000 0.000000 0.000000
20.000000 183.076116 3.553519 -2.481891 1.831614 0.000000 0.000000 0.000000 1.000000 0.000000 0.000000
20.000000 183.082265 1.961760 -2.671608 1.741138 0.000000 0.000000 0.000000 1.000000 0.000000 0.000000
20.000000 183.086057 3.495836 -2.488752 1.833220 0.000000 0.000000 0.000000 1.000000 0.000000 0.000000
20.000000 183.096145 3.479144 -2.503122 1.824731 0.000000 0.000000 0.000000 1.000000 0.000000 0.000000
20.000000 183.102038 1.834609 -2.699038 1.715730 0.000000 0.000000 0.000000 1.000000 0.000000 0.000000
20.000000 183.106147 3.449931 -2.510485 1.816463 0.000000 0.000000 0.000000 1.000000 0.000000 0.000000
20.000000 183.112309 1.502720 -2.712455 1.689906 0.000000 0.000000 0.000000 1.000000 0.000000 0.000000
20.000000 183.116102 3.423137 -2.521633 1.810309 0.000000 0.000000 0.000000 1.000000 0.000000 0.000000
20.000000 183.122097 1.520749 -2.706460 1.699552 0.000000 0.000000 0.000000 1.000000 0.000000 0.000000
20.000000 183.126377 3.340073 -2.515625 1.814734 0.000000 0.000000 0.000000 1.000000 0.000000 0.000000
20.000000 183.132310 1.399646 -2.720214 1.685826 0.000000 0.000000 0.000000 1.000000 0.000000 0.000000
20.000000 183.136017 3.311473 -2.527609 1.804844 0.000000 0.000000 0.000000 1.000000 0.000000 0.000000
20.000000 183.142041 1.552780 -2.725539 1.685473 0.000000 0.000000 0.000000 1.000000 0.000000 0.000000
20.000000 183.146049 3.270994 -2.532596 1.795669 0.000000 0.000000 0.000000 1.000000 0.000000 0.000000
20.000000 183.152153 1.426217 -2.731103 1.688493 0.000000 0.000000 0.000000 1.000000 0.000000 0.000000
20.000000 183.155989 3.231744 -2.537738 1.783783 0.000000 0.000000 0.000000 1.000000 0.000000 0.000000
20.000000 183.162131 1.709911 -2.741038 1.690669 0.000000 0.000000 0.000000 1.000000 0.000000 0.000000
20.000000 183.166243 3.201024 -2.547205 1.774625 0.000000 0.000000 0.000000 1.000000 0.000000 0.000000
20.000000 183.172092 1.672620 -2.749244 1.676627 0.000000 0.000000 0.000000 1.000000 0.000000 0.000000
20.000000 183.176012 3.158831 -2.555721 1.762078 0.000000 0.000000 0.000000 1.000000 0.000000 0.000000
20.000000 183.186106 2.825889 -2.299461 1.674680 0.000000 0.000000 0.000000 1.000000 0.000000 0.000000
20.000000 183.195964 3.073975 -2.564222 1.735444 0.000000 0.000000 0.000000 1.000000 0.000000 0.000000
20.000000 183.202040 1.178845 -2.774579 1.617661 0.000000 0.000000 0.000000 1.000000 0.000000 0.000000
20.000000 183.206062 3.018274 -2.570886 1.733015 0.000000 0.000000 0.000000 1.000000 0.000000 0.000000
20.000000 183.211864 2.606945 -2.261238 1.668362 0.000000 0.000000 0.000000 1.000000 0.000000 0.000000
20.000000 183.212291 1.035419 -2.787389 1.584601 0.000000 0.000000 0.000000 1.000000 0.000000 0.000000
20.000000 183.216004 3.014807 -2.582834 1.704875 0.000000 0.000000 0.000000 1.000000 0.000000 0.000000
20.000000 183.226014 2.482387 -2.266727 1.650972 0.000000 0.000000 0.000000 1.000000 0.000000 0.000000
20.000000 183.232122 1.322026 -2.804510 1.583810 0.000000 0.000000 0.000000 1.000000 0.000000 0.000000
20.000000 183.236160 2.924435 -2.599000 1.678709 0.000000 0.000000 0.000000 1.000000 0.000000 0.000000
20.000000 183.242047 1.208301 -2.807629 1.551708 0.000000 0.000000 0.000000 1.000000 0.000000 0.000000
20.000000 183.246097 2.872980 -2.600050 1.660016 0.000000 0.000000 0.000000 1.000000 0.000000 0.000000
20.000000 183.252174 1.115185 -2.801501 1.530454 0.000000 0.000000 0.000000 1.000000 0.000000 0.000000
20.000000 183.256079 2.813825 -2.597489 1.642827 0.000000 0.000000 0.000000 1.000000 0.000000 0.000000
20.000000 183.262185 0.962711 -2.817044 1.491448 0.000000 0.000000 0.000000 1.000000 0.000000 0.000000
20.000000 183.266265 2.795620 -2.609496 1.613942 0.000000 0.000000 0.000000 1.000000 0.000000 0.000000
20.000000 183.272166 0.889872 -2.830439 1.469536 0.000000 0.000000 0.000000 1.000000 0.000000 0.000000
20.000000 183.276091 2.759393 -2.619047 1.597755 0.000000 0.000000 0.000000 1.000000 0.000000 0.000000
20.000000 183.282058 1.006136 -2.842551 1.449771 0.000000 0.000000 0.000000 1.000000 0.000000 0.000000
20.000000 183.286278 2.741193 -2.630287 1.566995 0.000000 0.000000 0.000000 1.000000 0.000000 0.000000
20.000000 183.292212 0.783158 -2.868438 1.418320 0.000000 0.000000 0.000000 1.000000 0.000000 0.000000
20.000000 183.296079 2.718601 -2.647534 1.544312 0.000000 0.000000 0.000000 1.000000 0.000000 0.000000
20.000000 183.302091 0.791574 -2.864647 1.400805 0.000000 0.000000 0.000000 1.000000 0.000000 0.000000
20.000000 183.306074 2.645004 -2.644046 1.532636 0.000000 0.000000 0.000000 1.000000 0.000000 0.000000
20.000000 183.312158 0.676265 -2.858643 1.355209 0.000000 0.000000 0.000000 1.000000 0.000000 0.000000
20.000000 183.315930 2.606030 -2.643618 1.494931 0.000000 0.000000 0.000000 1.000000 0.000000 0.000000
20.000000 183.322069 0.621335 -2.884650 1.336125 0.000000 0.000000 0.000000 1.000000 0.000000 0.000000
20.000000 183.326285 2.566378 -2.661930 1.477795 0.000000 0.000000 0.000000 1.000000 0.000000 0.000000
20.000000 183.332198 0.745668 -2.886775 1.306563 0.000000 0.000000 0.000000 1.000000 0.000000 0.000000
20.000000 183.336000 2.536133 -2.665832 1.445326 0.000000 0.000000 0.000000 1.000000 0.000000 0.000000
20.000000 183.342218 0.247770 -2.920802 1.232236 0.000000 0.000000 0.000000 1.000000 0.000000 0.000000
20.000000 183.346201 2.089093 -2.327301 1.356474 0.000000 0.000000 0.000000 1.000000 0.000000 0.000000
20.000000 183.352149 0.470861 -2.910288 1.236049 0.000000 0.000000 0.000000 1.000000 0.000000 0.000000
20.000000 183.356064 2.462764 -2.679771 1.390922 0.000000 0.000000 0.000000 1.000000 0.000000 0.000000
20.000000 183.362245 0.700613 -2.916214 1.226488 0.000000 0.000000 0.000000 1.000000 0.000000 0.000000
20.000000 183.366213 2.420939 -2.689394 1.357102 0.000000 0.000000 0.000000 1.000000 0.000000 0.000000
20.000000 183.372205 0.470348 -2.931356 1.176975 0.000000 0.000000 0.000000 1.000000 0.000000 0.000000
20.000000 183.375959 2.384134 -2.696282 1.327683 0.000000 0.000000 0.000000 1.000000 0.000000 0.000000
20.000000 183.382178 0.420894 -2.940030 1.139239 0.000000 0.000000 0.000000 1.000000 0.000000 0.000000
20.000000 183.386183 2.354611 -2.704898 1.295641 0.000000 0.000000 0.000000 1.000000 0.000000 0.000000
20.000000 183.392226 0.190212 -2.954105 1.081860 0.000000 0.000000 0.000000 1.000000 0.000000 0.000000
20.000000 183.396061 2.318173 -2.711441 1.262183 0.000000 0.000000 0.000000 1.000000 0.000000 0.000000
20.000000 183.402150 0.265415 -2.951933 1.057017 0.000000 0.000000 0.000000 1.000000 0.000000 0.000000
20.000000 183.406240 2.273850 -2.713633 1.226766 0.000000 0.000000 0.000000 1.000000 0.000000 0.000000
20.000000 183.412234 0.176269 -2.964110 1.008527 0.000000 0.000000 0.000000 1.000000 0.000000 0.000000
20.000000 183.416147 2.257164 -2.722952 1.183114 0.000000 0.000000 0.000000 1.000000 0.000000 0.000000
20.000000 183.422171 0.152664 -2.968688 0.980538 0.000000 0.000000 0.000000 1.000000 0.000000 0.000000
20.000000 183.426404 2.193075 -2.724932 1.162478 0.000000 0.000000 0.000000 1.000000 0.000000 0.000000
20.000000 183.432208 0.007347 -2.989523 0.920766 0.000000 0.000000 0.000000 1.000000 0.000000 0.000000
20.000000 183.436178 2.186804 -2.740608 1.111688 0.000000 0.000000 0.000000 1.000000 0.000000 0.000000
20.000000 183.442199 -0.064367 -2.992983 0.881304 0.000000 0.000000 0.000000 1.000000 0.000000 0.000000
20.000000 183.446128 2.134246 -2.743946 1.077872 0.000000 0.000000 0.000000 1.000000 0.000000 0.000000
20.000000 183.456122 2.109507 -2.747586 1.044147 0.000000 0.000000 0.000000 1.000000 0.000000 0.000000
20.000000 183.462183 0.107191 -2.982647 0.800187 0.000000 0.000000 0.000000 1.000000 0.000000 0.000000
20.000000 183.472308 0.060360 -2.994572 0.765178 0.000000 0.000000 0.000000 1.000000 0.000000 0.000000
20.000000 183.482179 -0.114021 -3.016014 0.706556 0.000000 0.000000 0.000000 1.000000 0.000000 0.000000
20.000000 183.492303 -0.252094 -3.026952 0.644927 0.000000 0.000000 0.000000 1.000000 0.000000 0.000000
20.000000 183.502214 -0.302097 -3.030748 0.602206 0.000000 0.000000 0.000000 1.000000 0.000000 0.000000
20.000000 183.521870 -0.446400 -3.048425 0.512506 0.000000 0.000000 0.000000 1.000000 0.000000 0.000000
20.000000 183.522296 -0.421945 -3.041791 0.491215 0.000000 0.000000 0.000000 1.000000 0.000000 0.000000
20.000000 183.541945 -0.797511 -3.076207 0.380319 0.000000 0.000000 0.000000 1.000000 0.000000 0.000000
20.000000 183.542401 -0.766306 -3.068197 0.364320 0.000000 0.000000 0.000000 1.000000 0.000000 0.000000
20.000000 183.551892 -0.535636 -3.068339 0.369676 0.000000 0.000000 0.000000 1.000000 0.000000 0.000000
20.000000 183.552225 -0.593191 -3.088600 0.332861 0.000000 0.000000 0.000000 1.000000 0.000000 0.000000
20.000000 183.561797 -0.677808 -3.095593 0.289118 0.000000 0.000000 0.000000 1.000000 0.000000 0.000000
20.000000 183.562109 -0.650208 -3.088199 0.276974 0.000000 0.000000 0.000000 1.000000 0.000000 0.000000
20.000000 183.581689 -0.772542 -3.111221 0.180380 0.000000 0.000000 0.000000 1.000000 0.000000 0.000000
20.000000 183.582165 -0.744485 -3.103611 0.170331 0.000000 0.000000 0.000000 1.000000 0.000000 0.000000
20.000000 183.592051 -0.831472 -3.112223 0.122250 0.000000 0.000000 0.000000 1.000000 0.000000 0.000000
20.000000 183.592277 -0.829068 -3.114023 0.100339 0.000000 0.000000 0.000000 1.000000 0.000000 0.000000
20.000000 183.602099 -0.891726 -3.120731 0.065941 0.000000 0.000000 0.000000 1.000000 0.000000 0.000000
20.000000 183.602214 -0.861458 -3.114692 0.041575 0.000000 0.000000 0.000000 1.000000 0.000000 0.000000
20.000000 183.611974 -0.934330 -3.119728 0.013247 0.000000 0.000000 0.000000 1.000000 0.000000 0.000000
20.000000 183.612289 -1.035748 -3.154975 -0.025466 0.000000 0.000000 0.000000 1.000000 0.000000 0.000000
20.000000 183.621832 -0.867285 -3.158490 -0.033772 0.000000 0.000000 0.000000 1.000000 0.000000 0.000000
20.000000 183.622115 -0.758342 -3.126998 -0.044577 0.000000 0.000000 0.000000 1.000000 0.000000 0.000000
20.000000 183.631957 -0.928937 -3.128674 -0.061504 0.000000 0.000000 0.000000 1.000000 0.000000 0.000000
20.000000 183.632301 -0.980920 -3.142662 -0.048959 0.000000 0.000000 0.000000 1.000000 0.000000 0.000000
20.000000 183.642618 -1.049612 -3.169609 -0.015342 0.000000 0.000000 0.000000 1.000000 0.000000 0.000000
20.000000 183.652256 -1.200379 -3.180018 0.019480 0.000000 0.000000 0.000000 1.000000 0.000000 0.000000
20.000000 183.661932 -1.204243 -3.176050 0.040029 0.000000 0.000000 0.000000 1.000000 0.000000 0.000000
20.000000 183.662173 -1.287532 -3.199085 0.052645 0.000000 0.000000 0.000000 1.000000 0.000000 0.000000
20.000000 183.672047 -1.237863 -3.193549 0.082548 0.000000 0.000000 0.000000 1.000000 0.000000 0.000000
20.000000 183.672342 -1.156779 -3.164102 0.120869 0.000000 0.000000 0.000000 1.000000 0.000000 0.000000
20.000000 183.681943 -1.210820 -3.158531 0.146978 0.000000 0.000000 0.000000 1.000000 0.000000 0.000000
20.000000 183.682245 -1.250333 -3.169024 0.157568 0.000000 0.000000 0.000000 1.000000 0.000000 0.000000
20.000000 183.692019 -1.217013 -3.167200 0.168629 0.000000 0.000000 0.000000 1.000000 0.000000 0.000000
20.000000 183.692341 -1.429419 -3.231422 0.160493 0.000000 0.000000 0.000000 1.000000 0.000000 0.000000
20.000000 183.711927 -1.146449 -3.216450 0.271014 0.000000 0.000000 0.000000 1.000000 0.000000 0.000000
20.000000 183.712340 -1.172781 -3.222934 0.283514 0.000000 0.000000 0.000000 1.000000 0.000000 0.000000
20.000000 183.721916 -1.175099 -3.220306 0.297780 0.000000 0.000000 0.000000 1.000000 0.000000 0.000000
20.000000 183.722193 -1.132414 -3.203297 0.330619 0.000000 0.000000 0.000000 1.000000 0.000000 0.000000
20.000000 183.731846 -1.191216 -3.199882 0.345907 0.000000 0.000000 0.000000 1.000000 0.000000 0.000000
20.000000 183.732316 -1.352854 -3.248835 0.343107 0.000000 0.000000 0.000000 1.000000 0.000000 0.000000
20.000000 183.741844 -1.554377 -3.247734 0.341576 0.000000 0.000000 0.000000 1.000000 0.000000 0.000000
20.000000 183.742218 -1.605777 -3.261175 0.353861 0.000000 0.000000 0.000000 1.000000 0.000000 0.000000
20.000000 183.751853 -1.617683 -3.256812 0.374949 0.000000 0.000000 0.000000 1.000000 0.000000 0.000000
20.000000 183.752341 -1.657179 -3.266495 0.388881 0.000000 0.000000 0.000000 1.000000 0.000000 0.000000
20.000000 183.761849 -1.308549 -3.257766 0.442033 0.000000 0.000000 0.000000 1.000000 0.000000 0.000000
20.000000 183.762372 -1.221264 -3.227191 0.474069 0.000000 0.000000 0.000000 1.000000 0.000000 0.000000
20.000000 183.772115 -1.327470 -3.224423 0.484736 0.000000 0.000000 0.000000 1.000000 0.000000 0.000000
20.000000 183.772323 -1.451926 -3.262942 0.477255 0.000000 0.000000 0.000000 1.000000 0.000000 0.000000
20.000000 183.781978 -1.596941 -3.264675 0.464656 0.000000 0.000000 0.000000 1.000000 0.000000 0.000000
20.000000 183.782535 -1.663507 -3.282537 0.476476 0.000000 0.000000 0.000000 1.000000 0.000000 0.000000
20.000000 183.792083 -1.877776 -3.286406 0.451667 0.000000 0.000000 0.000000 1.000000 0.000000 0.000000
20.000000 183.792332 -1.886721 -3.285670 0.468435 0.000000 0.000000 0.000000 1.000000 0.000000 0.000000
20.000000 183.812065 -1.716282 -3.298490 0.548395 0.000000 0.000000 0.000000 1.000000 0.000000 0.000000
20.000000 183.812278 -1.634158 -3.269340 0.577088 0.000000 0.000000 0.000000 1.000000 0.000000 0.000000
20.000000 183.821973 -1.818690 -3.267468 0.577538 0.000000 0.000000 0.000000 1.000000 0.000000 0.000000
20.000000 183.822191 -1.962119 -3.310797 0.570647 0.000000 0.000000 0.000000 1.000000 0.000000 0.000000
20.000000 183.841949 -1.950961 -3.303495 0.610281 0.000000 0.000000 0.000000 1.000000 0.000000 0.000000
20.000000 183.842290 -2.038654 -3.328198 0.615688 0.000000 0.000000 0.000000 1.000000 0.000000 0.000000
20.000000 183.851901 -2.140930 -3.327421 0.614979 0.000000 0.000000 0.000000 1.000000 0.000000 0.000000
20.000000 183.852366 -2.187492 -3.339154 0.624115 0.000000 0.000000 0.000000 1.000000 0.000000 0.000000
20.000000 183.861935 -1.855250 -3.329289 0.674350 0.000000 0.000000 0.000000 1.000000 0.000000 0.000000
20.000000 183.862283 -1.893151 -3.339983 0.677033 0.000000 0.000000 0.000000 1.000000 0.000000 0.000000
20.000000 183.871854 -1.973194 -3.338869 0.679142 0.000000 0.000000 0.000000 1.000000 0.000000 0.000000
20.000000 183.872396 -1.938557 -3.325818 0.694957 0.000000 0.000000 0.000000 1.000000 0.000000 0.000000
20.000000 183.881804 -1.926993 -3.322033 0.710855 0.000000 0.000000 0.000000 1.000000 0.000000 0.000000
20.000000 183.882331 -2.019812 -3.348757 0.714301 0.000000 0.000000 0.000000 1.000000 0.000000 0.000000
20.000000 183.891830 -2.285852 -3.352372 0.691397 0.000000 0.000000 0.000000 1.000000 0.000000 0.000000
20.000000 183.892352 -2.325666 -3.362549 0.698142 0.000000 0.000000 0.000000 1.000000 0.000000 0.000000
20.000000 183.901826 -2.241182 -3.354951 0.731139 0.000000 0.000000 0.000000 1.000000 0.000000 0.000000
20.000000 183.902333 -2.285341 -3.367766 0.732051 0.000000 0.000000 0.000000 1.000000 0.000000 0.000000
20.000000 183.911883 -2.118387 -3.363899 0.752438 0.000000 0.000000 0.000000 1.000000 0.000000 0.000000
20.000000 183.912429 -2.158892 -3.373896 0.762695 0.000000 0.000000 0.000000 1.000000 0.000000 0.000000
20.000000 183.921934 -2.230877 -3.374061 0.759918 0.000000 0.000000 0.000000 1.000000 0.000000 0.000000
20.000000 183.922306 -2.244159 -3.376646 0.766397 0.000000 0.000000 0.000000 1.000000 0.000000 0.000000
20.000000 183.932018 -2.190240 -3.373964 0.778154 0.000000 0.000000 0.000000 1.000000 0.000000 0.000000
20.000000 183.932476 -2.253981 -3.392863 0.776689 0.000000 0.000000 0.000000 1.000000 0.000000 0.000000
20.000000 183.941911 -2.515436 -3.396822 0.753807 0.000000 0.000000 0.000000 1.000000 0.000000 0.000000
20.000000 183.942321 -2.529270 -3.399219 0.761284 0.000000 0.000000 0.000000 1.000000 0.000000 0.000000
20.000000 183.952018 -2.541764 -3.396640 0.770357 0.000000 0.000000 0.000000 1.000000 0.000000 0.000000
20.000000 183.952429 -2.580934 -3.407585 0.772149 0.000000 0.000000 0.000000 1.000000 0.000000 0.000000
20.000000 183.961973 -2.596969 -3.405429 0.779826 0.000000 0.000000 0.000000 1.000000 0.000000 0.000000
20.000000 183.962456 -2.514063 -3.423099 0.786865 0.000000 0.000000 0.000000 1.000000 0.000000 0.000000
20.000000 183.972038 -2.697507 -3.421697 0.785814 0.000000 0.000000 0.000000 1.000000 0.000000 0.000000
20.000000 183.972484 -2.740691 -3.434159 0.785792 0.000000 0.000000 0.000000 1.000000 0.000000 0.000000
20.000000 183.981925 -2.492993 -3.428890 0.812213 0.000000 0.000000 0.000000 1.000000 0.000000 0.000000
20.000000 183.982385 -2.503230 -3.431600 0.813430 0.000000 0.000000 0.000000 1.000000 0.000000 0.000000
20.000000 183.992102 -2.644860 -3.432937 0.804584 0.000000 0.000000 0.000000 1.000000 0.000000 0.000000
20.000000 183.992513 -2.666606 -3.438584 0.807582 0.000000 0.000000 0.000000 1.000000 0.000000 0.000000
20.000000 184.002151 -2.864962 -3.443053 0.785523 0.000000 0.000000 0.000000 1.000000 0.000000 0.000000
20.000000 184.002434 -2.940905 -3.465676 0.781568 0.000000 0.000000 0.000000 1.000000 0.000000 0.000000
20.000000 184.012169 -2.931307 -3.462754 0.792344 0.000000 0.000000 0.000000 1.000000 0.000000 0.000000
20.000000 184.012490 -2.738971 -3.456855 0.802692 0.000000 0.000000 0.000000 1.000000 0.000000 0.000000
20.000000 184.022072 -2.905211 -3.455233 0.803038 0.000000 0.000000 0.000000 1.000000 0.000000 0.000000
20.000000 184.022578 -2.964216 -3.473495 0.797089 0.000000 0.000000 0.000000 1.000000 0.000000 0.000000
20.000000 184.032058 -2.991297 -3.472900 0.798687 0.000000 0.000000 0.000000 1.000000 0.000000 0.000000
20.000000 184.032656 -2.947895 -3.458596 0.807131 0.000000 0.000000 0.000000 1.000000 0.000000 0.000000
20.000000 184.041978 -2.796164 -3.393418 0.802112 0.000000 0.000000 0.000000 1.000000 0.000000 0.000000
20.000000 184.042597 -3.064879 -3.472775 0.793076 0.000000 0.000000 0.000000 1.000000 0.000000 0.000000
20.000000 184.052048 -2.929344 -3.470939 0.803453 0.000000 0.000000 0.000000 1.000000 0.000000 0.000000
20.000000 184.052489 -3.003928 -3.490703 0.809655 0.000000 0.000000 0.000000 1.000000 0.000000 0.000000
20.000000 184.061929 -3.151342 -3.490324 0.806138 0.000000 0.000000 0.000000 1.000000 0.000000 0.000000
20.000000 184.062441 -3.119235 -3.483376 0.796152 0.000000 0.000000 0.000000 1.000000 0.000000 0.000000
20.000000 184.071987 -2.922049 -3.419558 0.802465 0.000000 0.000000 0.000000 1.000000 0.000000 0.000000
20.000000 184.072506 -3.167573 -3.493369 0.787990 0.000000 0.000000 0.000000 1.000000 0.000000 0.000000
20.000000 184.082075 -2.972596 -3.490639 0.802485 0.000000 0.000000 0.000000 1.000000 0.000000 0.000000
20.000000 184.082506 -3.024598 -3.506991 0.796197 0.000000 0.000000 0.000000 1.000000 0.000000 0.000000
20.000000 184.102116 -3.147251 -3.469584 0.744562 0.000000 0.000000 0.000000 1.000000 0.000000 0.000000
20.000000 184.102570 -3.388161 -3.539831 0.734815 0.000000 0.000000 0.000000 1.000000 0.000000 0.000000
20.000000 184.112296 -3.373652 -3.534470 0.752442 0.000000 0.000000 0.000000 1.000000 0.000000 0.000000
20.000000 184.112569 -3.376476 -3.536840 0.745931 0.000000 0.000000 0.000000 1.000000 0.000000 0.000000
20.000000 184.122220 -3.191470 -3.469967 0.757054 0.000000 0.000000 0.000000 1.000000 0.000000 0.000000
20.000000 184.122473 -3.186519 -3.469781 0.751230 0.000000 0.000000 0.000000 1.000000 0.000000 0.000000
20.000000 184.132245 -3.205518 -3.538785 0.757009 0.000000 0.000000 0.000000 1.000000 0.000000 0.000000
20.000000 184.132493 -3.234430 -3.548031 0.752792 0.000000 0.000000 0.000000 1.000000 0.000000 0.000000
20.000000 184.142024 -3.617266 -3.558647 0.705989 0.000000 0.000000 0.000000 1.000000 0.000000 0.000000
20.000000 184.142616 -3.548089 -3.538257 0.709719 0.000000 0.000000 0.000000 1.000000 0.000000 0.000000
20.000000 184.152089 -3.497149 -3.539389 0.707376 0.000000 0.000000 0.000000 1.000000 0.000000 0.000000
20.000000 184.162436 -3.554692 -3.554165 0.695366 0.000000 0.000000 0.000000 1.000000 0.000000 0.000000
20.000000 184.181944 -3.416781 -3.562190 0.685201 0.000000 0.000000 0.000000 1.000000 0.000000 0.000000
20.000000 184.182437 -3.480737 -3.584961 0.666386 0.000000 0.000000 0.000000 1.000000 0.000000 0.000000
20.000000 184.192130 -3.837054 -3.595316 0.621326 0.000000 0.000000 0.000000 1.000000 0.000000 0.000000
20.000000 184.192463 -3.886661 -3.611743 0.611117 0.000000 0.000000 0.000000 1.000000 0.000000 0.000000
20.000000 184.201946 -3.915970 -3.617139 0.592115 0.000000 0.000000 0.000000 1.000000 0.000000 0.000000
20.000000 184.202553 -3.892188 -3.613347 0.581204 0.000000 0.000000 0.000000 1.000000 0.000000 0.000000
20.000000 184.212019 -3.633121 -3.607756 0.607184 0.000000 0.000000 0.000000 1.000000 0.000000 0.000000
20.000000 184.212634 -3.591448 -3.596291 0.606056 0.000000 0.000000 0.000000 1.000000 0.000000 0.000000
20.000000 184.222057 -3.617485 -3.599618 0.593965 0.000000 0.000000 0.000000 1.000000 0.000000 0.000000
20.000000 184.222519 -3.622369 -3.602944 0.586226 0.000000 0.000000 0.000000 1.000000 0.000000 0.000000
20.000000 184.232050 -3.627668 -3.605491 0.577449 0.000000 0.000000 0.000000 1.000000 0.000000 0.000000
20.000000 184.232657 -3.619339 -3.605302 0.568918 0.000000 0.000000 0.000000 1.000000 0.000000 0.000000
20.000000 184.241981 -3.949986 -3.620543 0.508317 0.000000 0.000000 0.000000 1.000000 0.000000 0.000000
20.000000 184.242584 -3.948356 -3.623550 0.495662 0.000000 0.000000 0.000000 1.000000 0.000000 0.000000
20.000000 184.252096 -3.960519 -3.625745 0.488061 0.000000 0.000000 0.000000 1.000000 0.000000 0.000000
20.000000 184.252651 -3.973511 -3.632521 0.476025 0.000000 0.000000 0.000000 1.000000 0.000000 0.000000
20.000000 184.262029 -3.771532 -3.628875 0.494278 0.000000 0.000000 0.000000 1.000000 0.000000 0.000000
20.000000 184.262555 -3.826587 -3.648823 0.476426 0.000000 0.000000 0.000000 1.000000 0.000000 0.000000
20.000000 184.272098 -3.901861 -3.653987 0.456655 0.000000 0.000000 0.000000 1.000000 0.000000 0.000000
20.000000 184.272654 -3.870327 -3.647663 0.446737 0.000000 0.000000 0.000000 1.000000 0.000000 0.000000
20.000000 184.282232 -3.678645 -3.583906 0.448749 0.000000 0.000000 0.000000 1.000000 0.000000 0.000000
20.000000 184.282504 -3.857696 -3.638750 0.429601 0.000000 0.000000 0.000000 1.000000 0.000000 0.000000
20.000000 184.292139 -4.127361 -3.647995 0.390018 0.000000 0.000000 0.000000 1.000000 0.000000 0.000000
20.000000 184.292653 -4.130766 -3.653263 0.372750 0.000000 0.000000 0.000000 1.000000 0.000000 0.000000
20.000000 184.302102 -4.217401 -3.661940 0.339846 0.000000 0.000000 0.000000 1.000000 0.000000 0.000000
20.000000 184.302521 -4.173615 -3.651611 0.333322 0.000000 0.000000 0.000000 1.000000 0.000000 0.000000
20.000000 184.312175 -3.917813 -3.648390 0.352454 0.000000 0.000000 0.000000 1.000000 0.000000 0.000000
20.000000 184.312666 -3.885049 -3.642413 0.340512 0.000000 0.000000 0.000000 1.000000 0.000000 0.000000
20.000000 184.322056 -3.938149 -3.646818 0.323614 0.000000 0.000000 0.000000 1.000000 0.000000 0.000000
20.000000 184.322466 -4.086112 -3.695000 0.296027 0.000000 0.000000 0.000000 1.000000 0.000000 0.000000
20.000000 184.332251 -4.167386 -3.700421 0.275041 0.000000 0.000000 0.000000 1.000000 0.000000 0.000000
20.000000 184.332628 -4.079514 -3.676993 0.271360 0.000000 0.000000 0.000000 1.000000 0.000000 0.000000
20.000000 184.342091 -4.417946 -3.690609 0.213863 0.000000 0.000000 0.000000 1.000000 0.000000 0.000000
20.000000 184.342694 -4.425558 -3.698051 0.192548 0.000000 0.000000 0.000000 1.000000 0.000000 0.000000
20.000000 184.352163 -4.759112 -3.711785 0.133792 0.000000 0.000000 0.000000 1.000000 0.000000 0.000000
20.000000 184.352695 -4.727431 -3.705593 0.123853 0.000000 0.000000 0.000000 1.000000 0.000000 0.000000
20.000000 184.362108 -4.319619 -3.700142 0.154347 0.000000 0.000000 0.000000 1.000000 0.000000 0.000000
20.000000 184.362526 -4.436254 -3.741186 0.119561 0.000000 0.000000 0.000000 1.000000 0.000000 0.000000
20.000000 184.372221 -4.370697 -3.743066 0.114074 0.000000 0.000000 0.000000 1.000000 0.000000 0.000000
20.000000 184.372687 -4.292767 -3.720452 0.118522 0.000000 0.000000 0.000000 1.000000 0.000000 0.000000
20.000000 184.382884 -4.364479 -3.720966 0.074903 0.000000 0.000000 0.000000 1.000000 0.000000 0.000000
20.000000 184.432178 -4.532832 -3.763645 -0.097498 0.000000 0.000000 0.000000 1.000000 0.000000 0.000000
20.000000 184.432703 -4.570682 -3.771293 -0.085371 0.000000 0.000000 0.000000 1.000000 0.000000 0.000000
20.000000 184.462157 -4.732795 -3.802718 -0.008736 0.000000 0.000000 0.000000 1.000000 0.000000 0.000000
20.000000 184.462561 -4.740261 -3.802306 0.002409 0.000000 0.000000 0.000000 1.000000 0.000000 0.000000
20.000000 184.472192 -4.744346 -3.798948 0.016858 0.000000 0.000000 0.000000 1.000000 0.000000 0.000000
20.000000 184.472719 -4.817777 -3.815600 0.032992 0.000000 0.000000 0.000000 1.000000 0.000000 0.000000
20.000000 184.482089 -4.969565 -3.817806 0.023034 0.000000 0.000000 0.000000 1.000000 0.000000 0.000000
20.000000 184.482627 -5.126139 -3.821329 0.032740 0.000000 0.000000 0.000000 1.000000 0.000000 0.000000
20.000000 184.492474 -5.135667 -3.821167 0.033501 0.000000 0.000000 0.000000 1.000000 0.000000 0.000000
20.000000 184.492681 -5.095641 -3.804730 0.056810 0.000000 0.000000 0.000000 1.000000 0.000000 0.000000
20.000000 184.502097 -5.069736 -3.798254 0.083601 0.000000 0.000000 0.000000 1.000000 0.000000 0.000000
20.000000 184.502506 -5.259808 -3.852249 0.076674 0.000000 0.000000 0.000000 1.000000 0.000000 0.000000
20.000000 184.512157 -5.288236 -3.848948 0.091031 0.000000 0.000000 0.000000 1.000000 0.000000 0.000000
20.000000 184.512755 -5.127417 -3.831021 0.103597 0.000000 0.000000 0.000000 1.000000 0.000000 0.000000
20.000000 184.522099 -4.943612 -3.818438 0.154351 0.000000 0.000000 0.000000 1.000000 0.000000 0.000000
20.000000 184.522705 -4.912853 -3.803121 0.183498 0.000000 0.000000 0.000000 1.000000 0.000000 0.000000
20.000000 184.532176 -4.956669 -3.800323 0.194022 0.000000 0.000000 0.000000 1.000000 0.000000 0.000000
20.000000 184.532751 -5.140314 -3.853909 0.181810 0.000000 0.000000 0.000000 1.000000 0.000000 0.000000
20.000000 184.552243 -5.368504 -3.853977 0.192583 0.000000 0.000000 0.000000 1.000000 0.000000 0.000000
20.000000 184.552760 -5.410692 -3.863340 0.201843 0.000000 0.000000 0.000000 1.000000 0.000000 0.000000
20.000000 184.562109 -5.275667 -3.857479 0.224462 0.000000 0.000000 0.000000 1.000000 0.000000 0.000000
20.000000 184.562681 -5.485985 -3.873596 0.218004 0.000000 0.000000 0.000000 1.000000 0.000000 0.000000
20.000000 184.572202 -5.242355 -3.864072 0.254569 0.000000 0.000000 0.000000 1.000000 0.000000 0.000000
20.000000 184.572711 -5.261670 -3.867818 0.261125 0.000000 0.000000 0.000000 1.000000 0.000000 0.000000
20.000000 184.582146 -5.270225 -3.863744 0.277472 0.000000 0.000000 0.000000 1.000000 0.000000 0.000000
20.000000 184.582714 -5.351191 -3.884984 0.282469 0.000000 0.000000 0.000000 1.000000 0.000000 0.000000
20.000000 184.592198 -5.499890 -3.889971 0.263846 0.000000 0.000000 0.000000 1.000000 0.000000 0.000000
20.000000 184.592729 -5.499439 -3.886727 0.276211 0.000000 0.000000 0.000000 1.000000 0.000000 0.000000
20.000000 184.602786 -5.542811 -3.896653 0.302937 0.000000 0.000000 0.000000 1.000000 0.000000 0.000000
20.000000 184.612817 -5.401003 -3.884759 0.330020 0.000000 0.000000 0.000000 1.000000 0.000000 0.000000
20.000000 184.632230 -5.433603 -3.874475 0.362960 0.000000 0.000000 0.000000 1.000000 0.000000 0.000000
20.000000 184.632843 -5.479711 -3.888009 0.359451 0.000000 0.000000 0.000000 1.000000 0.000000 0.000000
20.000000 184.642193 -5.849369 -3.898377 0.322174 0.000000 0.000000 0.000000 1.000000 0.000000 0.000000
20.000000 184.642825 -5.989257 -3.937479 0.318300 0.000000 0.000000 0.000000 1.000000 0.000000 0.000000
20.000000 184.652238 -5.818863 -3.929425 0.347748 0.000000 0.000000 0.000000 1.000000 0.000000 0.000000
20.000000 184.652850 -5.850679 -3.936193 0.355781 0.000000 0.000000 0.000000 1.000000 0.000000 0.000000
20.000000 184.662458 -5.905468 -3.936149 0.356482 0.000000 0.000000 0.000000 1.000000 0.000000 0.000000
20.000000 184.662650 -5.834777 -3.915246 0.363043 0.000000 0.000000 0.000000 1.000000 0.000000 0.000000
20.000000 184.692319 -6.067524 -3.967158 0.360846 0.000000 0.000000 0.000000 1.000000 0.000000 0.000000
20.000000 184.692666 -6.040866 -3.959702 0.361730 0.000000 0.000000 0.000000 1.000000 0.000000 0.000000
20.000000 184.702315 -6.063968 -3.956854 0.386627 0.000000 0.000000 0.000000 1.000000 0.000000 0.000000
20.000000 184.702629 -5.969950 -3.930012 0.392032 0.000000 0.000000 0.000000 1.000000 0.000000 0.000000
20.000000 184.712343 -5.967377 -3.925684 0.408206 0.000000 0.000000 0.000000 1.000000 0.000000 0.000000
20.000000 184.712789 -5.987879 -3.930208 0.412637 0.000000 0.000000 0.000000 1.000000 0.000000 0.000000
20.000000 184.732609 -6.178840 -3.960801 0.382426 0.000000 0.000000 0.000000 1.000000 0.000000 0.000000
20.000000 184.732768 -6.145270 -3.948010 0.397379 0.000000 0.000000 0.000000 1.000000 0.000000 0.000000
20.000000 184.742364 -6.139069 -3.951339 0.385639 0.000000 0.000000 0.000000 1.000000 0.000000 0.000000
20.000000 184.742660 -6.177989 -3.962733 0.382206 0.000000 0.000000 0.000000 1.000000 0.000000 0.000000
20.000000 184.752259 -6.080493 -3.955339 0.408023 0.000000 0.000000 0.000000 1.000000 0.000000 0.000000
20.000000 184.752728 -6.044984 -3.947781 0.399325 0.000000 0.000000 0.000000 1.000000 0.000000 0.000000
20.000000 184.762307 -6.211083 -3.952207 0.384817 0.000000 0.000000 0.000000 1.000000 0.000000 0.000000
20.000000 184.762696 -6.321899 -3.982482 0.384446 0.000000 0.000000 0.000000 1.000000 0.000000 0.000000
20.000000 184.802357 -6.400869 -3.990282 0.366189 0.000000 0.000000 0.000000 1.000000 0.000000 0.000000
20.000000 184.802899 -6.409724 -3.993592 0.362488 0.000000 0.000000 0.000000 1.000000 0.000000 0.000000
20.000000 184.812485 -6.131162 -3.985337 0.389840 0.000000 0.000000 0.000000 1.000000 0.000000 0.000000
20.000000 184.813011 -6.179282 -4.001954 0.375717 0.000000 0.000000 0.000000 1.000000 0.000000 0.000000
20.000000 184.822361 -6.472328 -4.010577 0.348126 0.000000 0.000000 0.000000 1.000000 0.000000 0.000000
20.000000 184.822703 -6.491811 -4.015203 0.351016 0.000000 0.000000 0.000000 1.000000 0.000000 0.000000
20.000000 184.872496 -6.445251 -4.040014 0.299345 0.000000 0.000000 0.000000 1.000000 0.000000 0.000000
20.000000 184.872812 -6.477023 -4.051216 0.288422 0.000000 0.000000 0.000000 1.000000 0.000000 0.000000
20.000000 184.882376 -6.493266 -4.055158 0.273110 0.000000 0.000000 0.000000 1.000000 0.000000 0.000000
20.000000 184.882757 -6.516395 -4.062774 0.267617 0.000000 0.000000 0.000000 1.000000 0.000000 0.000000
20.000000 184.892521 -6.868870 -4.077580 0.218035 0.000000 0.000000 0.000000 1.000000 0.000000 0.000000
20.000000 184.892873 -6.858646 -4.076255 0.212212 0.000000 0.000000 0.000000 1.000000 0.000000 0.000000
20.000000 184.912394 -6.668325 -4.064721 0.212680 0.000000 0.000000 0.000000 1.000000 0.000000 0.000000
20.000000 184.913018 -6.657505 -4.063358 0.206096 0.000000 0.000000 0.000000 1.000000 0.000000 0.000000
20.000000 184.932535 -6.921148 -4.076923 0.158471 0.000000 0.000000 0.000000 1.000000 0.000000 0.000000
20.000000 184.932822 -6.929208 -4.081996 0.145924 0.000000 0.000000 0.000000 1.000000 0.000000 0.000000
20.000000 184.942397 -6.966426 -4.086233 0.129516 0.000000 0.000000 0.000000 1.000000 0.000000 0.000000
20.000000 184.942773 -6.965348 -4.089171 0.115436 0.000000 0.000000 0.000000 1.000000 0.000000 0.000000
20.000000 184.952394 -7.006191 -4.094836 0.093183 0.000000 0.000000 0.000000 1.000000 0.000000 0.000000
20.000000 184.952846 -7.047200 -4.107718 0.085315 0.000000 0.000000 0.000000 1.000000 0.000000 0.000000
20.000000 184.962636 -7.263310 -4.116803 0.054615 0.000000 0.000000 0.000000 1.000000 0.000000 0.000000
20.000000 184.962960 -7.255352 -4.117370 0.043086 0.000000 0.000000 0.000000 1.000000 0.000000 0.000000
20.000000 184.972629 -7.241773 -4.121315 0.026702 0.000000 0.000000 0.000000 1.000000 0.000000 0.000000
20.000000 184.972809 -7.259100 -4.129389 0.012392 0.000000 0.000000 0.000000 1.000000 0.000000 0.000000
