26.000000 244.303868 25.477083 -0.269949 0.373166 0.000000 0.000000 0.000000 1.000000 0.000000 0.000000
26.000000 244.313827 25.358283 -0.248907 0.447849 0.000000 0.000000 0.000000 1.000000 0.000000 0.000000
26.000000 244.323890 25.415488 -0.293676 0.510933 0.000000 0.000000 0.000000 1.000000 0.000000 0.000000
26.000000 244.333933 25.169674 -0.283720 0.650832 0.000000 0.000000 0.000000 1.000000 0.000000 0.000000
26.000000 244.343940 24.882577 -0.280680 0.758898 0.000000 0.000000 0.000000 1.000000 0.000000 0.000000
26.000000 244.353800 24.829107 -0.283875 0.832885 0.000000 0.000000 0.000000 1.000000 0.000000 0.000000
26.000000 244.363839 24.672060 -0.278305 0.922653 0.000000 0.000000 0.000000 1.000000 0.000000 0.000000
26.000000 244.373779 24.482716 -0.272815 1.010791 0.000000 0.000000 0.000000 1.000000 0.000000 0.000000
26.000000 244.383911 24.306303 -0.262945 1.085773 0.000000 0.000000 0.000000 1.000000 0.000000 0.000000
26.000000 244.392892 22.815869 -0.086975 1.211769 0.000000 0.000000 0.000000 1.000000 0.000000 0.000000
26.000000 244.393752 24.368726 -0.291304 1.144412 0.000000 0.000000 0.000000 1.000000 0.000000 0.000000
26.000000 244.402927 22.770073 -0.107691 1.310125 0.000000 0.000000 0.000000 1.000000 0.000000 0.000000
26.000000 244.403842 24.079578 -0.262983 1.255761 0.000000 0.000000 0.000000 1.000000 0.000000 0.000000
26.000000 244.412899 22.652578 -0.116245 1.382002 0.000000 0.000000 0.000000 1.000000 0.000000 0.000000
26.000000 244.413813 23.873529 -0.255464 1.340540 0.000000 0.000000 0.000000 1.000000 0.000000 0.000000
26.000000 244.422927 22.554610 -0.121935 1.458886 0.000000 0.000000 0.000000 1.000000 0.000000 0.000000
26.000000 244.423856 23.783072 -0.267050 1.415869 0.000000 0.000000 0.000000 1.000000 0.000000 0.000000
26.000000 244.432949 22.459278 -0.121698 1.523174 0.000000 0.000000 0.000000 1.000000 0.000000 0.000000
26.000000 244.433790 23.689269 -0.272704 1.481680 0.000000 0.000000 0.000000 1.000000 0.000000 0.000000
26.000000 244.443025 22.322551 -0.128067 1.582087 0.000000 0.000000 0.000000 1.000000 0.000000 0.000000
26.000000 244.443866 23.443070 -0.257939 1.552273 0.000000 0.000000 0.000000 1.000000 0.000000 0.000000
26.000000 244.452914 22.250143 -0.128939 1.659277 0.000000 0.000000 0.000000 1.000000 0.000000 0.000000
26.000000 244.453823 23.346689 -0.246165 1.627526 0.000000 0.000000 0.000000 1.000000 0.000000 0.000000
26.000000 244.462995 22.158603 -0.137646 1.730182 0.000000 0.000000 0.000000 1.000000 0.000000 0.000000
26.000000 244.463915 23.206353 -0.244802 1.700793 0.000000 0.000000 0.000000 1.000000 0.000000 0.000000
26.000000 244.472949 22.044313 -0.136384 1.793157 0.000000 0.000000 0.000000 1.000000 0.000000 0.000000
26.000000 244.473822 23.057828 -0.241613 1.770646 0.000000 0.000000 0.000000 1.000000 0.000000 0.000000
26.000000 244.482992 21.959742 -0.145378 1.860782 0.000000 0.000000 0.000000 1.000000 0.000000 0.000000
26.000000 244.483884 22.941287 -0.241832 1.837266 0.000000 0.000000 0.000000 1.000000 0.000000 0.000000
26.000000 244.492917 21.852520 -0.148631 1.922751 0.000000 0.000000 0.000000 1.000000 0.000000 0.000000
26.000000 244.493817 22.768720 -0.236100 1.905973 0.000000 0.000000 0.000000 1.000000 0.000000 0.000000
26.000000 244.502974 21.766240 -0.151846 1.987248 0.000000 0.000000 0.000000 1.000000 0.000000 0.000000
26.000000 244.503879 22.808484 -0.269553 1.948749 0.000000 0.000000 0.000000 1.000000 0.000000 0.000000
26.000000 244.504791 21.021969 -0.170627 2.003145 0.000000 0.000000 0.000000 1.000000 0.000000 0.000000
26.000000 244.512933 21.671580 -0.157682 2.047909 0.000000 0.000000 0.000000 1.000000 0.000000 0.000000
26.000000 244.513944 22.545737 -0.235660 2.029892 0.000000 0.000000 0.000000 1.000000 0.000000 0.000000
26.000000 244.518516 20.877815 -0.121418 1.900631 0.000000 0.000000 0.000000 1.000000 0.000000 0.000000
26.000000 244.523096 21.572419 -0.162840 2.110138 0.000000 0.000000 0.000000 1.000000 0.000000 0.000000
26.000000 244.524012 22.383975 -0.231169 2.095176 0.000000 0.000000 0.000000 1.000000 0.000000 0.000000
26.000000 244.528454 20.742037 -0.119241 1.957387 0.000000 0.000000 0.000000 1.000000 0.000000 0.000000
26.000000 244.532953 21.470601 -0.169624 2.165547 0.000000 0.000000 0.000000 1.000000 0.000000 0.000000
26.000000 244.533903 22.256011 -0.234636 2.154273 0.000000 0.000000 0.000000 1.000000 0.000000 0.000000
26.000000 244.538510 20.622411 -0.114564 2.009818 0.000000 0.000000 0.000000 1.000000 0.000000 0.000000
26.000000 244.542994 21.313404 -0.168159 2.204955 0.000000 0.000000 0.000000 1.000000 0.000000 0.000000
26.000000 244.543947 22.042676 -0.234634 2.207078 0.000000 0.000000 0.000000 1.000000 0.000000 0.000000
26.000000 244.548505 20.498991 -0.112117 2.065571 0.000000 0.000000 0.000000 1.000000 0.000000 0.000000
26.000000 244.552921 21.286668 -0.180383 2.280234 0.000000 0.000000 0.000000 1.000000 0.000000 0.000000
26.000000 244.553908 22.062180 -0.250243 2.263550 0.000000 0.000000 0.000000 1.000000 0.000000 0.000000
26.000000 244.558569 20.392332 -0.111347 2.130248 0.000000 0.000000 0.000000 1.000000 0.000000 0.000000
26.000000 244.564074 21.821830 -0.222595 2.332095 0.000000 0.000000 0.000000 1.000000 0.000000 0.000000
26.000000 244.564826 20.346623 -0.139225 2.349975 0.000000 0.000000 0.000000 1.000000 0.000000 0.000000
26.000000 244.574104 21.705788 -0.223202 2.389440 0.000000 0.000000 0.000000 1.000000 0.000000 0.000000
26.000000 244.578361 20.163636 -0.103538 2.244262 0.000000 0.000000 0.000000 1.000000 0.000000 0.000000
26.000000 244.583949 21.588086 -0.220044 2.442553 0.000000 0.000000 0.000000 1.000000 0.000000 0.000000
26.000000 244.584845 20.104930 -0.140032 2.452393 0.000000 0.000000 0.000000 1.000000 0.000000 0.000000
26.000000 244.593890 21.345708 -0.217271 2.492507 0.000000 0.000000 0.000000 1.000000 0.000000 0.000000
26.000000 244.598431 19.932448 -0.093227 2.342179 0.000000 0.000000 0.000000 1.000000 0.000000 0.000000
26.000000 244.603977 21.316219 -0.221447 2.546783 0.000000 0.000000 0.000000 1.000000 0.000000 0.000000
26.000000 244.608820 19.810732 -0.095076 2.400463 0.000000 0.000000 0.000000 1.000000 0.000000 0.000000
26.000000 244.613882 21.154843 -0.208224 2.595920 0.000000 0.000000 0.000000 1.000000 0.000000 0.000000
26.000000 244.614841 19.779915 -0.137789 2.598415 0.000000 0.000000 0.000000 1.000000 0.000000 0.000000
26.000000 244.624065 21.031364 -0.209482 2.647212 0.000000 0.000000 0.000000 1.000000 0.000000 0.000000
26.000000 244.628360 19.552201 -0.096277 2.499085 0.000000 0.000000 0.000000 1.000000 0.000000 0.000000
26.000000 244.633933 20.896361 -0.206365 2.694954 0.000000 0.000000 0.000000 1.000000 0.000000 0.000000
26.000000 244.638459 19.451980 -0.104592 2.539669 0.000000 0.000000 0.000000 1.000000 0.000000 0.000000
26.000000 244.643955 20.689908 -0.204574 2.744794 0.000000 0.000000 0.000000 1.000000 0.000000 0.000000
26.000000 244.654094 20.648676 -0.200018 2.790946 0.000000 0.000000 0.000000 1.000000 0.000000 0.000000
26.000000 244.658584 19.259990 -0.096462 2.648775 0.000000 0.000000 0.000000 1.000000 0.000000 0.000000
26.000000 244.664189 20.502284 -0.200520 2.834874 0.000000 0.000000 0.000000 1.000000 0.000000 0.000000
26.000000 244.668351 19.113595 -0.085017 2.683606 0.000000 0.000000 0.000000 1.000000 0.000000 0.000000
26.000000 244.673819 20.382837 -0.198605 2.882575 0.000000 0.000000 0.000000 1.000000 0.000000 0.000000
26.000000 244.678403 19.002609 -0.088465 2.735676 0.000000 0.000000 0.000000 1.000000 0.000000 0.000000
26.000000 244.684005 20.254050 -0.195801 2.922049 0.000000 0.000000 0.000000 1.000000 0.000000 0.000000
26.000000 244.688328 18.891029 -0.086164 2.775234 0.000000 0.000000 0.000000 1.000000 0.000000 0.000000
26.000000 244.693899 20.078208 -0.196823 2.959389 0.000000 0.000000 0.000000 1.000000 0.000000 0.000000
26.000000 244.698440 18.783080 -0.087015 2.817940 0.000000 0.000000 0.000000 1.000000 0.000000 0.000000
26.000000 244.703894 19.991678 -0.194975 3.007234 0.000000 0.000000 0.000000 1.000000 0.000000 0.000000
26.000000 244.708343 18.660062 -0.079182 2.863916 0.000000 0.000000 0.000000 1.000000 0.000000 0.000000
26.000000 244.713863 19.878287 -0.191605 3.043988 0.000000 0.000000 0.000000 1.000000 0.000000 0.000000
26.000000 244.714908 18.539153 -0.135212 3.022883 0.000000 0.000000 0.000000 1.000000 0.000000 0.000000
26.000000 244.723970 19.746283 -0.186413 3.083351 0.000000 0.000000 0.000000 1.000000 0.000000 0.000000
26.000000 244.724963 18.395401 -0.131149 3.062942 0.000000 0.000000 0.000000 1.000000 0.000000 0.000000
26.000000 244.733914 19.619003 -0.187635 3.114942 0.000000 0.000000 0.000000 1.000000 0.000000 0.000000
26.000000 244.734961 18.332622 -0.132821 3.085822 0.000000 0.000000 0.000000 1.000000 0.000000 0.000000
26.000000 244.744052 19.391269 -0.180103 3.151092 0.000000 0.000000 0.000000 1.000000 0.000000 0.000000
26.000000 244.748400 18.197701 -0.072697 3.000504 0.000000 0.000000 0.000000 1.000000 0.000000 0.000000
26.000000 244.753937 19.415161 -0.200162 3.180565 0.000000 0.000000 0.000000 1.000000 0.000000 0.000000
26.000000 244.758497 18.086745 -0.076105 3.046983 0.000000 0.000000 0.000000 1.000000 0.000000 0.000000
26.000000 244.764017 19.227569 -0.178717 3.218630 0.000000 0.000000 0.000000 1.000000 0.000000 0.000000
26.000000 244.768402 17.973013 -0.081165 3.076753 0.000000 0.000000 0.000000 1.000000 0.000000 0.000000
26.000000 244.773993 19.104273 -0.180879 3.251759 0.000000 0.000000 0.000000 1.000000 0.000000 0.000000
26.000000 244.774978 17.860998 -0.133197 3.223702 0.000000 0.000000 0.000000 1.000000 0.000000 0.000000
26.000000 244.784157 19.005230 -0.188249 3.281073 0.000000 0.000000 0.000000 1.000000 0.000000 0.000000
26.000000 244.788528 17.728258 -0.064335 3.143665 0.000000 0.000000 0.000000 1.000000 0.000000 0.000000
26.000000 244.793992 18.807030 -0.177059 3.306086 0.000000 0.000000 0.000000 1.000000 0.000000 0.000000
26.000000 244.794976 17.611543 -0.130228 3.278393 0.000000 0.000000 0.000000 1.000000 0.000000 0.000000
26.000000 244.804123 18.752855 -0.180490 3.347198 0.000000 0.000000 0.000000 1.000000 0.000000 0.000000
26.000000 244.808457 17.533076 -0.069761 3.216319 0.000000 0.000000 0.000000 1.000000 0.000000 0.000000
26.000000 244.814010 18.607780 -0.177170 3.369724 0.000000 0.000000 0.000000 1.000000 0.000000 0.000000
26.000000 244.814906 17.371271 -0.133464 3.333501 0.000000 0.000000 0.000000 1.000000 0.000000 0.000000
26.000000 244.824090 18.455708 -0.174181 3.397488 0.000000 0.000000 0.000000 1.000000 0.000000 0.000000
26.000000 244.828450 17.331530 -0.067666 3.276167 0.000000 0.000000 0.000000 1.000000 0.000000 0.000000
26.000000 244.833999 18.325320 -0.171406 3.420022 0.000000 0.000000 0.000000 1.000000 0.000000 0.000000
26.000000 244.838723 17.209839 -0.067959 3.300510 0.000000 0.000000 0.000000 1.000000 0.000000 0.000000
26.000000 244.844147 18.197603 -0.169663 3.444448 0.000000 0.000000 0.000000 1.000000 0.000000 0.000000
26.000000 244.845081 17.056833 -0.129296 3.401703 0.000000 0.000000 0.000000 1.000000 0.000000 0.000000
26.000000 244.853965 18.069808 -0.166254 3.463506 0.000000 0.000000 0.000000 1.000000 0.000000 0.000000
26.000000 244.854949 16.948446 -0.129967 3.429221 0.000000 0.000000 0.000000 1.000000 0.000000 0.000000
26.000000 244.863999 17.976376 -0.170011 3.480026 0.000000 0.000000 0.000000 1.000000 0.000000 0.000000
26.000000 244.865007 16.817817 -0.135149 3.447645 0.000000 0.000000 0.000000 1.000000 0.000000 0.000000
26.000000 244.873936 17.789984 -0.156230 3.498782 0.000000 0.000000 0.000000 1.000000 0.000000 0.000000
26.000000 244.875035 16.648551 -0.122917 3.461742 0.000000 0.000000 0.000000 1.000000 0.000000 0.000000
26.000000 244.884098 17.737019 -0.168477 3.518944 0.000000 0.000000 0.000000 1.000000 0.000000 0.000000
26.000000 244.888413 16.663190 -0.061117 3.414512 0.000000 0.000000 0.000000 1.000000 0.000000 0.000000
26.000000 244.893929 17.584892 -0.164586 3.537705 0.000000 0.000000 0.000000 1.000000 0.000000 0.000000
26.000000 244.894988 16.463192 -0.132627 3.497568 0.000000 0.000000 0.000000 1.000000 0.000000 0.000000
26.000000 244.904085 17.439057 -0.159423 3.550518 0.000000 0.000000 0.000000 1.000000 0.000000 0.000000
26.000000 244.905076 16.335706 -0.129023 3.515203 0.000000 0.000000 0.000000 1.000000 0.000000 0.000000
26.000000 244.914089 17.361432 -0.157575 3.556483 0.000000 0.000000 0.000000 1.000000 0.000000 0.000000
26.000000 244.914929 16.254096 -0.130113 3.531914 0.000000 0.000000 0.000000 1.000000 0.000000 0.000000
26.000000 244.923186 17.405674 -0.240509 3.568582 0.000000 0.000000 0.000000 1.000000 0.000000 0.000000
26.000000 244.924114 17.237330 -0.154956 3.566836 0.000000 0.000000 0.000000 1.000000 0.000000 0.000000
26.000000 244.928714 16.150618 -0.058214 3.496132 0.000000 0.000000 0.000000 1.000000 0.000000 0.000000
26.000000 244.933986 16.725688 -0.156066 3.592185 0.000000 0.000000 0.000000 1.000000 0.000000 0.000000
26.000000 244.935018 16.017480 -0.119607 3.551576 0.000000 0.000000 0.000000 1.000000 0.000000 0.000000
26.000000 244.943144 17.065192 -0.228779 3.593675 0.000000 0.000000 0.000000 1.000000 0.000000 0.000000
26.000000 244.944041 16.900050 -0.151179 3.592935 0.000000 0.000000 0.000000 1.000000 0.000000 0.000000
26.000000 244.944992 15.884060 -0.126636 3.569892 0.000000 0.000000 0.000000 1.000000 0.000000 0.000000
26.000000 244.953041 17.030828 -0.241618 3.613706 0.000000 0.000000 0.000000 1.000000 0.000000 0.000000
26.000000 244.954012 16.803889 -0.147054 3.611444 0.000000 0.000000 0.000000 1.000000 0.000000 0.000000
26.000000 244.958649 15.836649 -0.062927 3.537784 0.000000 0.000000 0.000000 1.000000 0.000000 0.000000
26.000000 244.963132 16.941959 -0.241656 3.626794 0.000000 0.000000 0.000000 1.000000 0.000000 0.000000
26.000000 244.964037 16.747267 -0.156584 3.621477 0.000000 0.000000 0.000000 1.000000 0.000000 0.000000
26.000000 244.968734 15.722462 -0.061329 3.553763 0.000000 0.000000 0.000000 1.000000 0.000000 0.000000
26.000000 244.973142 16.814196 -0.233946 3.637396 0.000000 0.000000 0.000000 1.000000 0.000000 0.000000
26.000000 244.974085 16.667964 -0.162244 3.633127 0.000000 0.000000 0.000000 1.000000 0.000000 0.000000
26.000000 244.978638 15.632726 -0.063924 3.574584 0.000000 0.000000 0.000000 1.000000 0.000000 0.000000
26.000000 244.983202 16.642299 -0.219780 3.654657 0.000000 0.000000 0.000000 1.000000 0.000000 0.000000
26.000000 244.984094 16.493841 -0.145955 3.645206 0.000000 0.000000 0.000000 1.000000 0.000000 0.000000
26.000000 244.988497 15.488664 -0.052444 3.577082 0.000000 0.000000 0.000000 1.000000 0.000000 0.000000
26.000000 244.993120 16.318398 -0.173437 3.642864 0.000000 0.000000 0.000000 1.000000 0.000000 0.000000
26.000000 244.994044 16.294673 -0.138505 3.639732 0.000000 0.000000 0.000000 1.000000 0.000000 0.000000
26.000000 244.994989 15.289550 -0.115917 3.628467 0.000000 0.000000 0.000000 1.000000 0.000000 0.000000
26.000000 245.003179 16.316822 -0.192792 3.655780 0.000000 0.000000 0.000000 1.000000 0.000000 0.000000
26.000000 245.004154 16.268366 -0.149837 3.646032 0.000000 0.000000 0.000000 1.000000 0.000000 0.000000
26.000000 245.008668 15.314635 -0.058284 3.603960 0.000000 0.000000 0.000000 1.000000 0.000000 0.000000
26.000000 245.013131 16.258950 -0.201167 3.671156 0.000000 0.000000 0.000000 1.000000 0.000000 0.000000
26.000000 245.014053 16.157558 -0.144252 3.659643 0.000000 0.000000 0.000000 1.000000 0.000000 0.000000
26.000000 245.018796 15.150957 -0.054037 3.608036 0.000000 0.000000 0.000000 1.000000 0.000000 0.000000
26.000000 245.023196 16.146525 -0.204657 3.675178 0.000000 0.000000 0.000000 1.000000 0.000000 0.000000
26.000000 245.024075 16.033392 -0.144227 3.665690 0.000000 0.000000 0.000000 1.000000 0.000000 0.000000
26.000000 245.028676 15.032819 -0.055361 3.607436 0.000000 0.000000 0.000000 1.000000 0.000000 0.000000
26.000000 245.033146 16.071113 -0.212615 3.683410 0.000000 0.000000 0.000000 1.000000 0.000000 0.000000
26.000000 245.034021 15.887207 -0.128686 3.671460 0.000000 0.000000 0.000000 1.000000 0.000000 0.000000
26.000000 245.043195 15.834051 -0.188320 3.689569 0.000000 0.000000 0.000000 1.000000 0.000000 0.000000
26.000000 245.044067 15.773954 -0.142473 3.671248 0.000000 0.000000 0.000000 1.000000 0.000000 0.000000
26.000000 245.048506 14.797289 -0.043903 3.621268 0.000000 0.000000 0.000000 1.000000 0.000000 0.000000
26.000000 245.053142 15.780095 -0.184849 3.687161 0.000000 0.000000 0.000000 1.000000 0.000000 0.000000
26.000000 245.054090 15.743234 -0.144553 3.665053 0.000000 0.000000 0.000000 1.000000 0.000000 0.000000
26.000000 245.055032 14.633739 -0.124069 3.656248 0.000000 0.000000 0.000000 1.000000 0.000000 0.000000
26.000000 245.063226 15.689763 -0.193131 3.689913 0.000000 0.000000 0.000000 1.000000 0.000000 0.000000
26.000000 245.064098 15.606819 -0.137718 3.664126 0.000000 0.000000 0.000000 1.000000 0.000000 0.000000
26.000000 245.068524 14.645581 -0.058380 3.636354 0.000000 0.000000 0.000000 1.000000 0.000000 0.000000
26.000000 245.073204 15.538795 -0.184071 3.688960 0.000000 0.000000 0.000000 1.000000 0.000000 0.000000
26.000000 245.073986 15.450985 -0.128988 3.666283 0.000000 0.000000 0.000000 1.000000 0.000000 0.000000
26.000000 245.078623 14.476344 -0.055657 3.627856 0.000000 0.000000 0.000000 1.000000 0.000000 0.000000
26.000000 245.083242 15.472678 -0.197676 3.690252 0.000000 0.000000 0.000000 1.000000 0.000000 0.000000
26.000000 245.084128 15.324896 -0.122260 3.664580 0.000000 0.000000 0.000000 1.000000 0.000000 0.000000
26.000000 245.088651 14.303931 -0.044817 3.634684 0.000000 0.000000 0.000000 1.000000 0.000000 0.000000
26.000000 245.093179 15.331194 -0.186745 3.686301 0.000000 0.000000 0.000000 1.000000 0.000000 0.000000
26.000000 245.094037 15.235358 -0.125304 3.659693 0.000000 0.000000 0.000000 1.000000 0.000000 0.000000
26.000000 245.095056 14.107954 -0.106890 3.655746 0.000000 0.000000 0.000000 1.000000 0.000000 0.000000
26.000000 245.103281 15.131634 -0.153745 3.698144 0.000000 0.000000 0.000000 1.000000 0.000000 0.000000
26.000000 245.104189 15.118411 -0.125821 3.664926 0.000000 0.000000 0.000000 1.000000 0.000000 0.000000
26.000000 245.108498 14.163167 -0.040678 3.636039 0.000000 0.000000 0.000000 1.000000 0.000000 0.000000
26.000000 245.113288 15.085115 -0.169817 3.694864 0.000000 0.000000 0.000000 1.000000 0.000000 0.000000
26.000000 245.114134 15.024118 -0.124874 3.662171 0.000000 0.000000 0.000000 1.000000 0.000000 0.000000
26.000000 245.118632 14.026076 -0.032142 3.636979 0.000000 0.000000 0.000000 1.000000 0.000000 0.000000
26.000000 245.124089 14.886985 -0.119321 3.661632 0.000000 0.000000 0.000000 1.000000 0.000000 0.000000
26.000000 245.128663 13.959406 -0.036248 3.634419 0.000000 0.000000 0.000000 1.000000 0.000000 0.000000
26.000000 245.134013 14.764600 -0.120344 3.661482 0.000000 0.000000 0.000000 1.000000 0.000000 0.000000
26.000000 245.135031 13.712746 -0.100440 3.639907 0.000000 0.000000 0.000000 1.000000 0.000000 0.000000
26.000000 245.144053 14.592918 -0.104698 3.647810 0.000000 0.000000 0.000000 1.000000 0.000000 0.000000
26.000000 245.148679 13.683084 -0.041434 3.625859 0.000000 0.000000 0.000000 1.000000 0.000000 0.000000
26.000000 245.154108 14.512640 -0.112864 3.649455 0.000000 0.000000 0.000000 1.000000 0.000000 0.000000
26.000000 245.158764 13.581541 -0.051253 3.615624 0.000000 0.000000 0.000000 1.000000 0.000000 0.000000
26.000000 245.164181 14.417073 -0.110095 3.641546 0.000000 0.000000 0.000000 1.000000 0.000000 0.000000
26.000000 245.168687 13.518625 -0.042230 3.609762 0.000000 0.000000 0.000000 1.000000 0.000000 0.000000
26.000000 245.174146 14.322555 -0.106399 3.633934 0.000000 0.000000 0.000000 1.000000 0.000000 0.000000
26.000000 245.175109 13.338809 -0.082960 3.606714 0.000000 0.000000 0.000000 1.000000 0.000000 0.000000
26.000000 245.184257 14.187828 -0.106801 3.622628 0.000000 0.000000 0.000000 1.000000 0.000000 0.000000
26.000000 245.188629 13.264650 -0.039966 3.585125 0.000000 0.000000 0.000000 1.000000 0.000000 0.000000
26.000000 245.194154 14.016745 -0.103752 3.608862 0.000000 0.000000 0.000000 1.000000 0.000000 0.000000
26.000000 245.195111 13.133302 -0.084305 3.590050 0.000000 0.000000 0.000000 1.000000 0.000000 0.000000
26.000000 245.198781 13.203016 -0.036621 3.580134 0.000000 0.000000 0.000000 1.000000 0.000000 0.000000
26.000000 245.204181 13.983609 -0.101780 3.591762 0.000000 0.000000 0.000000 1.000000 0.000000 0.000000
26.000000 245.208528 13.100803 -0.045805 3.570153 0.000000 0.000000 0.000000 1.000000 0.000000 0.000000
26.000000 245.214147 13.888788 -0.101882 3.578080 0.000000 0.000000 0.000000 1.000000 0.000000 0.000000
26.000000 245.218816 12.923159 -0.036231 3.559265 0.000000 0.000000 0.000000 1.000000 0.000000 0.000000
26.000000 245.224275 13.745802 -0.096355 3.561018 0.000000 0.000000 0.000000 1.000000 0.000000 0.000000
26.000000 245.228716 12.891266 -0.047395 3.544371 0.000000 0.000000 0.000000 1.000000 0.000000 0.000000
26.000000 245.234174 13.633508 -0.098905 3.543185 0.000000 0.000000 0.000000 1.000000 0.000000 0.000000
26.000000 245.235086 12.679555 -0.078117 3.532696 0.000000 0.000000 0.000000 1.000000 0.000000 0.000000
26.000000 245.244226 13.574977 -0.105425 3.518373 0.000000 0.000000 0.000000 1.000000 0.000000 0.000000
26.000000 245.248582 12.613200 -0.028875 3.508164 0.000000 0.000000 0.000000 1.000000 0.000000 0.000000
26.000000 245.254190 12.952952 -0.089679 3.514997 0.000000 0.000000 0.000000 1.000000 0.000000 0.000000
26.000000 245.255190 12.399851 -0.073869 3.506662 0.000000 0.000000 0.000000 1.000000 0.000000 0.000000
26.000000 245.264557 13.342895 -0.095473 3.490547 0.000000 0.000000 0.000000 1.000000 0.000000 0.000000
26.000000 245.268732 12.409013 -0.033966 3.482375 0.000000 0.000000 0.000000 1.000000 0.000000 0.000000
26.000000 245.274204 13.245883 -0.092650 3.487194 0.000000 0.000000 0.000000 1.000000 0.000000 0.000000
26.000000 245.278780 12.353379 -0.033658 3.464553 0.000000 0.000000 0.000000 1.000000 0.000000 0.000000
26.000000 245.284192 13.140199 -0.093762 3.460719 0.000000 0.000000 0.000000 1.000000 0.000000 0.000000
26.000000 245.288718 12.164430 -0.022503 3.434960 0.000000 0.000000 0.000000 1.000000 0.000000 0.000000
26.000000 245.294060 13.005246 -0.086317 3.422034 0.000000 0.000000 0.000000 1.000000 0.000000 0.000000
26.000000 245.295166 11.996418 -0.067803 3.426029 0.000000 0.000000 0.000000 1.000000 0.000000 0.000000
26.000000 245.304276 12.886761 -0.082273 3.413889 0.000000 0.000000 0.000000 1.000000 0.000000 0.000000
26.000000 245.308728 11.998925 -0.043158 3.392516 0.000000 0.000000 0.000000 1.000000 0.000000 0.000000
26.000000 245.314119 12.780280 -0.081845 3.368565 0.000000 0.000000 0.000000 1.000000 0.000000 0.000000
26.000000 245.318834 11.855127 -0.021845 3.379164 0.000000 0.000000 0.000000 1.000000 0.000000 0.000000
26.000000 245.324255 12.698527 -0.089009 3.347320 0.000000 0.000000 0.000000 1.000000 0.000000 0.000000
26.000000 245.328722 11.684297 -0.036172 3.352060 0.000000 0.000000 0.000000 1.000000 0.000000 0.000000
26.000000 245.334086 12.586157 -0.088866 3.318093 0.000000 0.000000 0.000000 1.000000 0.000000 0.000000
26.000000 245.344236 12.459710 -0.083664 3.283211 0.000000 0.000000 0.000000 1.000000 0.000000 0.000000
26.000000 245.348703 11.505941 -0.033956 3.307965 0.000000 0.000000 0.000000 1.000000 0.000000 0.000000
26.000000 245.354138 12.373947 -0.084634 3.261796 0.000000 0.000000 0.000000 1.000000 0.000000 0.000000
26.000000 245.355130 11.302931 -0.063982 3.278155 0.000000 0.000000 0.000000 1.000000 0.000000 0.000000
26.000000 245.364274 12.238618 -0.078652 3.235373 0.000000 0.000000 0.000000 1.000000 0.000000 0.000000
26.000000 245.365162 11.230958 -0.057041 3.249424 0.000000 0.000000 0.000000 1.000000 0.000000 0.000000
26.000000 245.374136 12.140094 -0.074825 3.198932 0.000000 0.000000 0.000000 1.000000 0.000000 0.000000
26.000000 245.375160 11.236727 -0.057546 3.218535 0.000000 0.000000 0.000000 1.000000 0.000000 0.000000
26.000000 245.384322 12.014233 -0.074469 3.171285 0.000000 0.000000 0.000000 1.000000 0.000000 0.000000
26.000000 245.385182 11.108263 -0.054479 3.187168 0.000000 0.000000 0.000000 1.000000 0.000000 0.000000
26.000000 245.394162 11.930510 -0.075612 3.134497 0.000000 0.000000 0.000000 1.000000 0.000000 0.000000
26.000000 245.395158 10.917737 -0.053757 3.160713 0.000000 0.000000 0.000000 1.000000 0.000000 0.000000
26.000000 245.404229 11.824663 -0.072326 3.100970 0.000000 0.000000 0.000000 1.000000 0.000000 0.000000
26.000000 245.408681 10.819341 -0.023304 3.126682 0.000000 0.000000 0.000000 1.000000 0.000000 0.000000
26.000000 245.414305 11.702742 -0.073688 3.067825 0.000000 0.000000 0.000000 1.000000 0.000000 0.000000
26.000000 245.415195 10.701874 -0.049876 3.095870 0.000000 0.000000 0.000000 1.000000 0.000000 0.000000
26.000000 245.424287 11.595102 -0.066800 3.034532 0.000000 0.000000 0.000000 1.000000 0.000000 0.000000
26.000000 245.428674 10.609878 -0.018466 3.059092 0.000000 0.000000 0.000000 1.000000 0.000000 0.000000
26.000000 245.434182 11.464192 -0.065610 3.001322 0.000000 0.000000 0.000000 1.000000 0.000000 0.000000
26.000000 245.435199 10.579084 -0.042632 3.022132 0.000000 0.000000 0.000000 1.000000 0.000000 0.000000
26.000000 245.444249 11.381904 -0.081418 2.955154 0.000000 0.000000 0.000000 1.000000 0.000000 0.000000
26.000000 245.448636 10.419449 -0.021889 2.985987 0.000000 0.000000 0.000000 1.000000 0.000000 0.000000
26.000000 245.454202 11.293492 -0.068596 2.919480 0.000000 0.000000 0.000000 1.000000 0.000000 0.000000
26.000000 245.455220 10.291891 -0.043863 2.958579 0.000000 0.000000 0.000000 1.000000 0.000000 0.000000
26.000000 245.464303 11.194002 -0.066203 2.881580 0.000000 0.000000 0.000000 1.000000 0.000000 0.000000
26.000000 245.465185 10.260333 -0.041536 2.914168 0.000000 0.000000 0.000000 1.000000 0.000000 0.000000
26.000000 245.474143 11.067792 -0.063609 2.843851 0.000000 0.000000 0.000000 1.000000 0.000000 0.000000
26.000000 245.475254 10.163151 -0.038440 2.879857 0.000000 0.000000 0.000000 1.000000 0.000000 0.000000
26.000000 245.484237 10.999184 -0.070908 2.799650 0.000000 0.000000 0.000000 1.000000 0.000000 0.000000
26.000000 245.488707 9.990682 -0.027622 2.825484 0.000000 0.000000 0.000000 1.000000 0.000000 0.000000
26.000000 245.494220 10.875692 -0.065850 2.756103 0.000000 0.000000 0.000000 1.000000 0.000000 0.000000
26.000000 245.495233 9.941875 -0.035910 2.794632 0.000000 0.000000 0.000000 1.000000 0.000000 0.000000
26.000000 245.504274 10.753268 -0.059126 2.711364 0.000000 0.000000 0.000000 1.000000 0.000000 0.000000
26.000000 245.505330 9.833739 -0.034891 2.753504 0.000000 0.000000 0.000000 1.000000 0.000000 0.000000
26.000000 245.514315 10.654968 -0.056124 2.666645 0.000000 0.000000 0.000000 1.000000 0.000000 0.000000
26.000000 245.515223 9.755833 -0.029424 2.713989 0.000000 0.000000 0.000000 1.000000 0.000000 0.000000
26.000000 245.524371 10.564807 -0.063503 2.618804 0.000000 0.000000 0.000000 1.000000 0.000000 0.000000
26.000000 245.528681 9.482983 -0.034194 2.654995 0.000000 0.000000 0.000000 1.000000 0.000000 0.000000
26.000000 245.534225 10.475166 -0.066229 2.565717 0.000000 0.000000 0.000000 1.000000 0.000000 0.000000
26.000000 245.535234 9.513214 -0.036128 2.618370 0.000000 0.000000 0.000000 1.000000 0.000000 0.000000
26.000000 245.544253 10.403469 -0.079764 2.507018 0.000000 0.000000 0.000000 1.000000 0.000000 0.000000
26.000000 245.548672 9.372331 -0.026396 2.577528 0.000000 0.000000 0.000000 1.000000 0.000000 0.000000
26.000000 245.554258 10.355122 -0.100442 2.449926 0.000000 0.000000 0.000000 1.000000 0.000000 0.000000
26.000000 245.555200 9.158179 -0.064173 2.527997 0.000000 0.000000 0.000000 1.000000 0.000000 0.000000
26.000000 245.564300 10.257462 -0.100886 2.402257 0.000000 0.000000 0.000000 1.000000 0.000000 0.000000
26.000000 245.565352 9.060138 -0.062947 2.483834 0.000000 0.000000 0.000000 1.000000 0.000000 0.000000
26.000000 245.578807 9.001505 -0.019917 2.432446 0.000000 0.000000 0.000000 1.000000 0.000000 0.000000
26.000000 245.584350 9.963735 -0.065408 2.335967 0.000000 0.000000 0.000000 1.000000 0.000000 0.000000
26.000000 245.588783 8.829114 -0.036562 2.364772 0.000000 0.000000 0.000000 1.000000 0.000000 0.000000
26.000000 245.594306 9.871694 -0.065135 2.278541 0.000000 0.000000 0.000000 1.000000 0.000000 0.000000
26.000000 245.598827 8.715958 -0.015337 2.327131 0.000000 0.000000 0.000000 1.000000 0.000000 0.000000
26.000000 245.604315 9.737776 -0.045490 2.232011 0.000000 0.000000 0.000000 1.000000 0.000000 0.000000
26.000000 245.608943 8.698292 -0.033050 2.280765 0.000000 0.000000 0.000000 1.000000 0.000000 0.000000
26.000000 245.614462 9.643808 -0.047380 2.179205 0.000000 0.000000 0.000000 1.000000 0.000000 0.000000
26.000000 245.615257 8.789558 -0.009363 2.250998 0.000000 0.000000 0.000000 1.000000 0.000000 0.000000
26.000000 245.624462 9.528299 -0.041567 2.129068 0.000000 0.000000 0.000000 1.000000 0.000000 0.000000
26.000000 245.628832 8.479426 -0.021947 2.168656 0.000000 0.000000 0.000000 1.000000 0.000000 0.000000
26.000000 245.634233 9.447109 -0.042758 2.076033 0.000000 0.000000 0.000000 1.000000 0.000000 0.000000
26.000000 245.635439 8.602552 -0.001652 2.147382 0.000000 0.000000 0.000000 1.000000 0.000000 0.000000
26.000000 245.644455 9.357800 -0.044166 2.016904 0.000000 0.000000 0.000000 1.000000 0.000000 0.000000
26.000000 245.648865 8.224588 -0.046426 2.056040 0.000000 0.000000 0.000000 1.000000 0.000000 0.000000
26.000000 245.654280 9.257006 -0.036703 1.960361 0.000000 0.000000 0.000000 1.000000 0.000000 0.000000
26.000000 245.655427 8.435084 0.006003 2.033634 0.000000 0.000000 0.000000 1.000000 0.000000 0.000000
26.000000 245.664340 9.172312 -0.038973 1.897890 0.000000 0.000000 0.000000 1.000000 0.000000 0.000000
26.000000 245.668870 7.958809 -0.044163 1.928666 0.000000 0.000000 0.000000 1.000000 0.000000 0.000000
26.000000 245.674314 9.047673 -0.034009 1.841504 0.000000 0.000000 0.000000 1.000000 0.000000 0.000000
26.000000 245.678977 8.052303 -0.037779 1.892680 0.000000 0.000000 0.000000 1.000000 0.000000 0.000000
26.000000 245.684401 8.927435 -0.020787 1.789174 0.000000 0.000000 0.000000 1.000000 0.000000 0.000000
26.000000 245.688876 7.783748 -0.041255 1.789230 0.000000 0.000000 0.000000 1.000000 0.000000 0.000000
26.000000 245.694308 8.839835 -0.025856 1.726463 0.000000 0.000000 0.000000 1.000000 0.000000 0.000000
26.000000 245.698917 7.654060 -0.041926 1.743657 0.000000 0.000000 0.000000 1.000000 0.000000 0.000000
26.000000 245.704355 8.783948 -0.044994 1.654486 0.000000 0.000000 0.000000 1.000000 0.000000 0.000000
26.000000 245.708767 7.537397 -0.045796 1.681152 0.000000 0.000000 0.000000 1.000000 0.000000 0.000000
26.000000 245.714307 8.672013 -0.029379 1.607166 0.000000 0.000000 0.000000 1.000000 0.000000 0.000000
26.000000 245.715401 7.963922 0.019849 1.686124 0.000000 0.000000 0.000000 1.000000 0.000000 0.000000
26.000000 245.724377 8.544907 -0.022167 1.549464 0.000000 0.000000 0.000000 1.000000 0.000000 0.000000
26.000000 245.728883 7.376003 -0.030033 1.558913 0.000000 0.000000 0.000000 1.000000 0.000000 0.000000
26.000000 245.734355 8.448888 -0.016806 1.491365 0.000000 0.000000 0.000000 1.000000 0.000000 0.000000
26.000000 245.738957 7.263831 -0.029408 1.496118 0.000000 0.000000 0.000000 1.000000 0.000000 0.000000
26.000000 245.744427 8.332438 -0.017352 1.427912 0.000000 0.000000 0.000000 1.000000 0.000000 0.000000
26.000000 245.748906 7.092771 -0.049819 1.415151 0.000000 0.000000 0.000000 1.000000 0.000000 0.000000
26.000000 245.754302 8.274152 -0.018740 1.354929 0.000000 0.000000 0.000000 1.000000 0.000000 0.000000
26.000000 245.758927 6.995136 -0.048228 1.356639 0.000000 0.000000 0.000000 1.000000 0.000000 0.000000
26.000000 245.764389 8.170202 -0.017894 1.295574 0.000000 0.000000 0.000000 1.000000 0.000000 0.000000
26.000000 245.774352 8.079633 -0.017907 1.224914 0.000000 0.000000 0.000000 1.000000 0.000000 0.000000
26.000000 245.778991 6.792658 -0.043771 1.234478 0.000000 0.000000 0.000000 1.000000 0.000000 0.000000
26.000000 245.784470 7.978864 -0.017787 1.165331 0.000000 0.000000 0.000000 1.000000 0.000000 0.000000
26.000000 245.788898 6.647150 -0.048817 1.154561 0.000000 0.000000 0.000000 1.000000 0.000000 0.000000
26.000000 245.794389 7.852316 -0.012008 1.105135 0.000000 0.000000 0.000000 1.000000 0.000000 0.000000
26.000000 245.799011 6.607205 -0.042355 1.090869 0.000000 0.000000 0.000000 1.000000 0.000000 0.000000
26.000000 245.804449 7.793299 -0.007182 1.031142 0.000000 0.000000 0.000000 1.000000 0.000000 0.000000
26.000000 245.808913 6.584262 -0.058375 1.030153 0.000000 0.000000 0.000000 1.000000 0.000000 0.000000
26.000000 245.814350 7.697250 -0.005139 0.958884 0.000000 0.000000 0.000000 1.000000 0.000000 0.000000
26.000000 245.815412 7.051174 0.073782 1.059321 0.000000 0.000000 0.000000 1.000000 0.000000 0.000000
26.000000 245.824482 7.606899 -0.004666 0.887547 0.000000 0.000000 0.000000 1.000000 0.000000 0.000000
26.000000 245.829001 6.268864 -0.050242 0.866725 0.000000 0.000000 0.000000 1.000000 0.000000 0.000000
26.000000 245.834328 7.494668 -0.002119 0.820687 0.000000 0.000000 0.000000 1.000000 0.000000 0.000000
26.000000 245.839014 6.175661 -0.054404 0.792608 0.000000 0.000000 0.000000 1.000000 0.000000 0.000000
26.000000 245.844427 7.404076 -0.001384 0.749193 0.000000 0.000000 0.000000 1.000000 0.000000 0.000000
26.000000 245.849067 6.077162 -0.049074 0.721370 0.000000 0.000000 0.000000 1.000000 0.000000 0.000000
26.000000 245.854353 7.314073 0.002742 0.675038 0.000000 0.000000 0.000000 1.000000 0.000000 0.000000
26.000000 245.855402 6.744142 0.078523 0.775859 0.000000 0.000000 0.000000 1.000000 0.000000 0.000000
26.000000 245.864440 7.220450 0.004230 0.603942 0.000000 0.000000 0.000000 1.000000 0.000000 0.000000
26.000000 245.869054 5.878347 -0.029643 0.568994 0.000000 0.000000 0.000000 1.000000 0.000000 0.000000
26.000000 245.874354 7.128334 0.006115 0.528216 0.000000 0.000000 0.000000 1.000000 0.000000 0.000000
26.000000 245.875391 6.562793 0.088861 0.639416 0.000000 0.000000 0.000000 1.000000 0.000000 0.000000
26.000000 245.884540 7.038938 0.006115 0.449723 0.000000 0.000000 0.000000 1.000000 0.000000 0.000000
26.000000 245.889087 5.587892 -0.042372 0.392502 0.000000 0.000000 0.000000 1.000000 0.000000 0.000000
26.000000 245.894610 6.938836 0.007733 0.378216 0.000000 0.000000 0.000000 1.000000 0.000000 0.000000
26.000000 245.895434 6.415429 0.104500 0.484670 0.000000 0.000000 0.000000 1.000000 0.000000 0.000000
26.000000 245.904669 6.852487 0.012521 0.305005 0.000000 0.000000 0.000000 1.000000 0.000000 0.000000
26.000000 245.909207 5.394812 -0.047817 0.226719 0.000000 0.000000 0.000000 1.000000 0.000000 0.000000
26.000000 245.914630 6.761310 0.015710 0.228431 0.000000 0.000000 0.000000 1.000000 0.000000 0.000000
26.000000 245.915444 6.316764 0.096428 0.323498 0.000000 0.000000 0.000000 1.000000 0.000000 0.000000
26.000000 245.924733 6.669505 0.016991 0.151394 0.000000 0.000000 0.000000 1.000000 0.000000 0.000000
26.000000 245.928930 5.127420 -0.043821 0.048870 0.000000 0.000000 0.000000 1.000000 0.000000 0.000000
26.000000 245.934608 6.599516 0.012133 0.068946 0.000000 0.000000 0.000000 1.000000 0.000000 0.000000
26.000000 245.935428 6.097854 0.110332 0.191320 0.000000 0.000000 0.000000 1.000000 0.000000 0.000000
26.000000 245.944741 6.524390 0.016995 0.010225 0.000000 0.000000 0.000000 1.000000 0.000000 0.000000
26.000000 245.954586 6.463651 0.018082 0.068464 0.000000 0.000000 0.000000 1.000000 0.000000 0.000000
26.000000 245.955455 5.990428 0.108772 0.192213 0.000000 0.000000 0.000000 1.000000 0.000000 0.000000
26.000000 245.964695 6.401932 0.021000 0.131338 0.000000 0.000000 0.000000 1.000000 0.000000 0.000000
26.000000 245.969068 5.044878 -0.059621 0.099896 0.000000 0.000000 0.000000 1.000000 0.000000 0.000000
26.000000 245.974662 6.368059 0.018308 0.178692 0.000000 0.000000 0.000000 1.000000 0.000000 0.000000
26.000000 245.975527 5.850029 0.116799 0.304923 0.000000 0.000000 0.000000 1.000000 0.000000 0.000000
26.000000 245.984532 6.307003 0.021535 0.234302 0.000000 0.000000 0.000000 1.000000 0.000000 0.000000
26.000000 245.988986 4.833669 -0.037346 0.201117 0.000000 0.000000 0.000000 1.000000 0.000000 0.000000
26.000000 245.994550 6.271413 0.018449 0.277143 0.000000 0.000000 0.000000 1.000000 0.000000 0.000000
26.000000 245.995482 5.748880 0.106685 0.401417 0.000000 0.000000 0.000000 1.000000 0.000000 0.000000
26.000000 246.004601 6.217699 0.023795 0.329297 0.000000 0.000000 0.000000 1.000000 0.000000 0.000000
26.000000 246.008978 4.798143 -0.041692 0.321473 0.000000 0.000000 0.000000 1.000000 0.000000 0.000000
26.000000 246.014502 6.158991 0.027042 0.380621 0.000000 0.000000 0.000000 1.000000 0.000000 0.000000
26.000000 246.015510 5.637502 0.114389 0.504439 0.000000 0.000000 0.000000 1.000000 0.000000 0.000000
26.000000 246.024539 6.118749 0.025914 0.424561 0.000000 0.000000 0.000000 1.000000 0.000000 0.000000
26.000000 246.028988 4.655975 -0.005868 0.431878 0.000000 0.000000 0.000000 1.000000 0.000000 0.000000
26.000000 246.034467 6.070510 0.028497 0.468804 0.000000 0.000000 0.000000 1.000000 0.000000 0.000000
26.000000 246.039228 4.643913 -0.006996 0.485659 0.000000 0.000000 0.000000 1.000000 0.000000 0.000000
26.000000 246.044527 6.028011 0.027886 0.512373 0.000000 0.000000 0.000000 1.000000 0.000000 0.000000
26.000000 246.049124 4.511824 -0.018995 0.512865 0.000000 0.000000 0.000000 1.000000 0.000000 0.000000
26.000000 246.054484 5.980305 0.027977 0.554825 0.000000 0.000000 0.000000 1.000000 0.000000 0.000000
26.000000 246.055506 5.371143 0.127281 0.691735 0.000000 0.000000 0.000000 1.000000 0.000000 0.000000
26.000000 246.064504 5.927864 0.030313 0.598614 0.000000 0.000000 0.000000 1.000000 0.000000 0.000000
26.000000 246.069152 4.549629 -0.020195 0.626761 0.000000 0.000000 0.000000 1.000000 0.000000 0.000000
26.000000 246.074409 5.875391 0.030347 0.640776 0.000000 0.000000 0.000000 1.000000 0.000000 0.000000
26.000000 246.075544 5.267338 0.125553 0.771632 0.000000 0.000000 0.000000 1.000000 0.000000 0.000000
26.000000 246.084587 5.834976 0.035347 0.676410 0.000000 0.000000 0.000000 1.000000 0.000000 0.000000
26.000000 246.088926 4.347500 -0.008706 0.706562 0.000000 0.000000 0.000000 1.000000 0.000000 0.000000
26.000000 246.094476 5.777084 0.035145 0.722101 0.000000 0.000000 0.000000 1.000000 0.000000 0.000000
26.000000 246.095471 5.193583 0.108380 0.852503 0.000000 0.000000 0.000000 1.000000 0.000000 0.000000
26.000000 246.104790 5.731826 0.032843 0.757346 0.000000 0.000000 0.000000 1.000000 0.000000 0.000000
26.000000 246.109162 4.280856 -0.004523 0.790044 0.000000 0.000000 0.000000 1.000000 0.000000 0.000000
26.000000 246.114616 5.695592 0.033151 0.791281 0.000000 0.000000 0.000000 1.000000 0.000000 0.000000
26.000000 246.115514 5.071325 0.113765 0.925119 0.000000 0.000000 0.000000 1.000000 0.000000 0.000000
26.000000 246.124533 5.646314 0.034760 0.826355 0.000000 0.000000 0.000000 1.000000 0.000000 0.000000
26.000000 246.125576 4.971721 0.134739 0.968235 0.000000 0.000000 0.000000 1.000000 0.000000 0.000000
26.000000 246.134463 5.580443 0.040755 0.867310 0.000000 0.000000 0.000000 1.000000 0.000000 0.000000
26.000000 246.139000 4.056491 -0.009017 0.884335 0.000000 0.000000 0.000000 1.000000 0.000000 0.000000
26.000000 246.144591 5.537523 0.044830 0.905166 0.000000 0.000000 0.000000 1.000000 0.000000 0.000000
26.000000 246.149006 4.136352 -0.009774 0.942124 0.000000 0.000000 0.000000 1.000000 0.000000 0.000000
26.000000 246.154461 5.483717 0.042311 0.934390 0.000000 0.000000 0.000000 1.000000 0.000000 0.000000
26.000000 246.159065 4.151011 -0.004564 0.992051 0.000000 0.000000 0.000000 1.000000 0.000000 0.000000
26.000000 246.164606 5.453238 0.044226 0.963208 0.000000 0.000000 0.000000 1.000000 0.000000 0.000000
26.000000 246.169121 4.052753 -0.010013 1.002638 0.000000 0.000000 0.000000 1.000000 0.000000 0.000000
26.000000 246.174515 5.406450 0.041455 0.993511 0.000000 0.000000 0.000000 1.000000 0.000000 0.000000
26.000000 246.179138 3.662142 0.017268 0.995327 0.000000 0.000000 0.000000 1.000000 0.000000 0.000000
26.000000 246.184590 5.359155 0.045404 1.020182 0.000000 0.000000 0.000000 1.000000 0.000000 0.000000
26.000000 246.188931 3.892018 0.016769 1.069677 0.000000 0.000000 0.000000 1.000000 0.000000 0.000000
26.000000 246.194513 5.323108 0.037466 1.044103 0.000000 0.000000 0.000000 1.000000 0.000000 0.000000
26.000000 246.195544 4.671945 0.106759 1.176522 0.000000 0.000000 0.000000 1.000000 0.000000 0.000000
26.000000 246.204569 5.261278 0.047855 1.079159 0.000000 0.000000 0.000000 1.000000 0.000000 0.000000
26.000000 246.208963 3.851118 0.007241 1.138224 0.000000 0.000000 0.000000 1.000000 0.000000 0.000000
26.000000 246.214485 5.214550 0.049103 1.103754 0.000000 0.000000 0.000000 1.000000 0.000000 0.000000
26.000000 246.219128 3.733430 -0.004789 1.157182 0.000000 0.000000 0.000000 1.000000 0.000000 0.000000
26.000000 246.224658 5.160830 0.051936 1.131298 0.000000 0.000000 0.000000 1.000000 0.000000 0.000000
26.000000 246.229101 3.675943 0.020520 1.189951 0.000000 0.000000 0.000000 1.000000 0.000000 0.000000
26.000000 246.234571 5.124624 0.050751 1.154187 0.000000 0.000000 0.000000 1.000000 0.000000 0.000000
26.000000 246.239381 3.602532 0.028078 1.216935 0.000000 0.000000 0.000000 1.000000 0.000000 0.000000
26.000000 246.244548 5.071411 0.054238 1.177250 0.000000 0.000000 0.000000 1.000000 0.000000 0.000000
26.000000 246.249095 3.575149 0.005907 1.239004 0.000000 0.000000 0.000000 1.000000 0.000000 0.000000
26.000000 246.254523 5.024525 0.056978 1.197707 0.000000 0.000000 0.000000 1.000000 0.000000 0.000000
26.000000 246.255597 4.284188 0.147792 1.343793 0.000000 0.000000 0.000000 1.000000 0.000000 0.000000
26.000000 246.264749 4.973417 0.060444 1.220687 0.000000 0.000000 0.000000 1.000000 0.000000 0.000000
26.000000 246.269102 3.575090 0.019682 1.303150 0.000000 0.000000 0.000000 1.000000 0.000000 0.000000
26.000000 246.274516 4.929668 0.061659 1.239223 0.000000 0.000000 0.000000 1.000000 0.000000 0.000000
26.000000 246.279276 3.314240 0.030667 1.307641 0.000000 0.000000 0.000000 1.000000 0.000000 0.000000
26.000000 246.284621 4.884304 0.062056 1.258884 0.000000 0.000000 0.000000 1.000000 0.000000 0.000000
26.000000 246.289096 3.311788 0.023317 1.338433 0.000000 0.000000 0.000000 1.000000 0.000000 0.000000
26.000000 246.294770 4.847395 0.056790 1.266759 0.000000 0.000000 0.000000 1.000000 0.000000 0.000000
26.000000 246.295589 4.094083 0.133817 1.417148 0.000000 0.000000 0.000000 1.000000 0.000000 0.000000
26.000000 246.304767 4.795113 0.063321 1.291178 0.000000 0.000000 0.000000 1.000000 0.000000 0.000000
26.000000 246.309094 3.316663 0.014695 1.379539 0.000000 0.000000 0.000000 1.000000 0.000000 0.000000
26.000000 246.314611 4.743040 0.066254 1.306128 0.000000 0.000000 0.000000 1.000000 0.000000 0.000000
26.000000 246.319219 3.295199 0.019696 1.400776 0.000000 0.000000 0.000000 1.000000 0.000000 0.000000
26.000000 246.324667 4.699644 0.066133 1.320019 0.000000 0.000000 0.000000 1.000000 0.000000 0.000000
26.000000 246.329077 3.124961 0.036741 1.404311 0.000000 0.000000 0.000000 1.000000 0.000000 0.000000
26.000000 246.334541 4.650915 0.071158 1.329145 0.000000 0.000000 0.000000 1.000000 0.000000 0.000000
26.000000 246.335578 3.781989 0.141550 1.518535 0.000000 0.000000 0.000000 1.000000 0.000000 0.000000
26.000000 246.344840 4.575401 0.072692 1.357189 0.000000 0.000000 0.000000 1.000000 0.000000 0.000000
26.000000 246.349078 2.986530 0.030017 1.430631 0.000000 0.000000 0.000000 1.000000 0.000000 0.000000
26.000000 246.354790 4.562795 0.068210 1.356710 0.000000 0.000000 0.000000 1.000000 0.000000 0.000000
26.000000 246.359170 3.069619 0.042869 1.451552 0.000000 0.000000 0.000000 1.000000 0.000000 0.000000
26.000000 246.364672 4.519165 0.069363 1.365492 0.000000 0.000000 0.000000 1.000000 0.000000 0.000000
26.000000 246.369048 2.969451 0.036093 1.460807 0.000000 0.000000 0.000000 1.000000 0.000000 0.000000
26.000000 246.374763 4.450639 0.083660 1.380303 0.000000 0.000000 0.000000 1.000000 0.000000 0.000000
26.000000 246.375630 3.678519 0.169595 1.533088 0.000000 0.000000 0.000000 1.000000 0.000000 0.000000
26.000000 246.384893 4.398860 0.081576 1.390493 0.000000 0.000000 0.000000 1.000000 0.000000 0.000000
26.000000 246.389088 2.768017 0.042704 1.477690 0.000000 0.000000 0.000000 1.000000 0.000000 0.000000
26.000000 246.394632 4.380591 0.072725 1.388312 0.000000 0.000000 0.000000 1.000000 0.000000 0.000000
26.000000 246.395614 3.575919 0.160728 1.549621 0.000000 0.000000 0.000000 1.000000 0.000000 0.000000
26.000000 246.404885 4.328937 0.079266 1.398504 0.000000 0.000000 0.000000 1.000000 0.000000 0.000000
26.000000 246.409094 2.842653 0.043347 1.514821 0.000000 0.000000 0.000000 1.000000 0.000000 0.000000
26.000000 246.414856 4.274662 0.083359 1.404845 0.000000 0.000000 0.000000 1.000000 0.000000 0.000000
26.000000 246.419203 2.673497 0.039246 1.506525 0.000000 0.000000 0.000000 1.000000 0.000000 0.000000
26.000000 246.424883 4.227797 0.087373 1.410284 0.000000 0.000000 0.000000 1.000000 0.000000 0.000000
26.000000 246.429142 2.611915 0.048142 1.503701 0.000000 0.000000 0.000000 1.000000 0.000000 0.000000
26.000000 246.434844 4.173050 0.086185 1.413370 0.000000 0.000000 0.000000 1.000000 0.000000 0.000000
26.000000 246.439208 2.406887 0.059954 1.494900 0.000000 0.000000 0.000000 1.000000 0.000000 0.000000
26.000000 246.444960 4.148250 0.084900 1.412062 0.000000 0.000000 0.000000 1.000000 0.000000 0.000000
26.000000 246.449094 2.522554 0.060985 1.515609 0.000000 0.000000 0.000000 1.000000 0.000000 0.000000
26.000000 246.454861 4.090733 0.092572 1.414209 0.000000 0.000000 0.000000 1.000000 0.000000 0.000000
26.000000 246.455633 3.295014 0.177183 1.578711 0.000000 0.000000 0.000000 1.000000 0.000000 0.000000
26.000000 246.464912 4.035372 0.096872 1.419524 0.000000 0.000000 0.000000 1.000000 0.000000 0.000000
26.000000 246.469103 2.394565 0.049744 1.519065 0.000000 0.000000 0.000000 1.000000 0.000000 0.000000
26.000000 246.474830 3.997521 0.095628 1.414913 0.000000 0.000000 0.000000 1.000000 0.000000 0.000000
26.000000 246.475664 3.232779 0.190529 1.569858 0.000000 0.000000 0.000000 1.000000 0.000000 0.000000
26.000000 246.484974 3.955084 0.100246 1.411169 0.000000 0.000000 0.000000 1.000000 0.000000 0.000000
26.000000 246.489117 2.278454 0.061617 1.504768 0.000000 0.000000 0.000000 1.000000 0.000000 0.000000
26.000000 246.494783 3.912359 0.097532 1.407854 0.000000 0.000000 0.000000 1.000000 0.000000 0.000000
26.000000 246.499172 2.215273 0.047166 1.503553 0.000000 0.000000 0.000000 1.000000 0.000000 0.000000
26.000000 246.504918 3.855035 0.101969 1.407859 0.000000 0.000000 0.000000 1.000000 0.000000 0.000000
26.000000 246.509155 2.254688 0.073814 1.507721 0.000000 0.000000 0.000000 1.000000 0.000000 0.000000
26.000000 246.514694 3.816827 0.101353 1.400046 0.000000 0.000000 0.000000 1.000000 0.000000 0.000000
26.000000 246.519186 2.118685 0.056718 1.495779 0.000000 0.000000 0.000000 1.000000 0.000000 0.000000
26.000000 246.524730 3.766289 0.106346 1.398068 0.000000 0.000000 0.000000 1.000000 0.000000 0.000000
26.000000 246.529095 2.057072 0.066783 1.485896 0.000000 0.000000 0.000000 1.000000 0.000000 0.000000
26.000000 246.534690 3.701425 0.106809 1.390486 0.000000 0.000000 0.000000 1.000000 0.000000 0.000000
26.000000 246.539215 2.029566 0.086787 1.490432 0.000000 0.000000 0.000000 1.000000 0.000000 0.000000
26.000000 246.544714 3.673002 0.110971 1.382318 0.000000 0.000000 0.000000 1.000000 0.000000 0.000000
26.000000 246.549192 1.995153 0.069193 1.483551 0.000000 0.000000 0.000000 1.000000 0.000000 0.000000
26.000000 246.554639 3.637743 0.108462 1.368348 0.000000 0.000000 0.000000 1.000000 0.000000 0.000000
26.000000 246.559178 1.863598 0.062904 1.456633 0.000000 0.000000 0.000000 1.000000 0.000000 0.000000
26.000000 246.564690 3.586992 0.113628 1.361961 0.000000 0.000000 0.000000 1.000000 0.000000 0.000000
26.000000 246.569136 1.788391 0.080946 1.450055 0.000000 0.000000 0.000000 1.000000 0.000000 0.000000
26.000000 246.574693 3.537536 0.118209 1.353077 0.000000 0.000000 0.000000 1.000000 0.000000 0.000000
26.000000 246.579249 1.775034 0.076760 1.444194 0.000000 0.000000 0.000000 1.000000 0.000000 0.000000
26.000000 246.584767 3.490341 0.118369 1.338323 0.000000 0.000000 0.000000 1.000000 0.000000 0.000000
26.000000 246.589206 1.750313 0.080864 1.424280 0.000000 0.000000 0.000000 1.000000 0.000000 0.000000
26.000000 246.594703 3.457027 0.115987 1.323179 0.000000 0.000000 0.000000 1.000000 0.000000 0.000000
26.000000 246.595747 2.674945 0.218501 1.505458 0.000000 0.000000 0.000000 1.000000 0.000000 0.000000
26.000000 246.604714 3.405240 0.123684 1.312321 0.000000 0.000000 0.000000 1.000000 0.000000 0.000000
26.000000 246.605840 2.637608 0.230760 1.489586 0.000000 0.000000 0.000000 1.000000 0.000000 0.000000
26.000000 246.609225 1.571396 0.089628 1.394580 0.000000 0.000000 0.000000 1.000000 0.000000 0.000000
26.000000 246.614678 3.360305 0.122057 1.295550 0.000000 0.000000 0.000000 1.000000 0.000000 0.000000
26.000000 246.616018 2.597918 0.228066 1.476627 0.000000 0.000000 0.000000 1.000000 0.000000 0.000000
26.000000 246.619241 1.586341 0.098842 1.389080 0.000000 0.000000 0.000000 1.000000 0.000000 0.000000
26.000000 246.624758 3.321646 0.122646 1.279741 0.000000 0.000000 0.000000 1.000000 0.000000 0.000000
26.000000 246.625824 2.582002 0.233522 1.455457 0.000000 0.000000 0.000000 1.000000 0.000000 0.000000
26.000000 246.629209 1.568988 0.107952 1.370014 0.000000 0.000000 0.000000 1.000000 0.000000 0.000000
26.000000 246.634745 3.265914 0.127223 1.260687 0.000000 0.000000 0.000000 1.000000 0.000000 0.000000
26.000000 246.635714 2.533169 0.240090 1.439925 0.000000 0.000000 0.000000 1.000000 0.000000 0.000000
26.000000 246.639256 1.476426 0.108198 1.346198 0.000000 0.000000 0.000000 1.000000 0.000000 0.000000
26.000000 246.644862 3.227221 0.127722 1.244054 0.000000 0.000000 0.000000 1.000000 0.000000 0.000000
26.000000 246.646053 2.460887 0.241761 1.433329 0.000000 0.000000 0.000000 1.000000 0.000000 0.000000
26.000000 246.649223 1.407279 0.114705 1.334299 0.000000 0.000000 0.000000 1.000000 0.000000 0.000000
26.000000 246.654711 3.188093 0.128035 1.223127 0.000000 0.000000 0.000000 1.000000 0.000000 0.000000
26.000000 246.655999 2.441470 0.243556 1.409357 0.000000 0.000000 0.000000 1.000000 0.000000 0.000000
26.000000 246.659270 1.344821 0.107838 1.304478 0.000000 0.000000 0.000000 1.000000 0.000000 0.000000
26.000000 246.664857 3.146451 0.127584 1.203021 0.000000 0.000000 0.000000 1.000000 0.000000 0.000000
26.000000 246.665893 2.430207 0.241905 1.382748 0.000000 0.000000 0.000000 1.000000 0.000000 0.000000
26.000000 246.669273 1.351363 0.105483 1.289610 0.000000 0.000000 0.000000 1.000000 0.000000 0.000000
26.000000 246.674756 3.085731 0.137480 1.188200 0.000000 0.000000 0.000000 1.000000 0.000000 0.000000
26.000000 246.675818 2.430373 0.249003 1.350306 0.000000 0.000000 0.000000 1.000000 0.000000 0.000000
26.000000 246.679313 1.278314 0.090573 1.252444 0.000000 0.000000 0.000000 1.000000 0.000000 0.000000
26.000000 246.684833 3.046494 0.136715 1.161740 0.000000 0.000000 0.000000 1.000000 0.000000 0.000000
26.000000 246.685816 2.377749 0.251081 1.335431 0.000000 0.000000 0.000000 1.000000 0.000000 0.000000
26.000000 246.689187 1.210988 0.095479 1.229081 0.000000 0.000000 0.000000 1.000000 0.000000 0.000000
26.000000 246.694733 3.007944 0.137379 1.139090 0.000000 0.000000 0.000000 1.000000 0.000000 0.000000
26.000000 246.695999 2.302666 0.250757 1.327704 0.000000 0.000000 0.000000 1.000000 0.000000 0.000000
26.000000 246.699247 1.156790 0.103999 1.212730 0.000000 0.000000 0.000000 1.000000 0.000000 0.000000
26.000000 246.704837 2.963091 0.139048 1.116347 0.000000 0.000000 0.000000 1.000000 0.000000 0.000000
26.000000 246.705963 2.286446 0.257046 1.295837 0.000000 0.000000 0.000000 1.000000 0.000000 0.000000
26.000000 246.709291 1.071258 0.097893 1.174130 0.000000 0.000000 0.000000 1.000000 0.000000 0.000000
26.000000 246.714770 2.907787 0.146359 1.091436 0.000000 0.000000 0.000000 1.000000 0.000000 0.000000
26.000000 246.716302 2.259675 0.267981 1.264452 0.000000 0.000000 0.000000 1.000000 0.000000 0.000000
26.000000 246.719270 1.057176 0.113130 1.153381 0.000000 0.000000 0.000000 1.000000 0.000000 0.000000
26.000000 246.724967 2.878095 0.142770 1.058332 0.000000 0.000000 0.000000 1.000000 0.000000 0.000000
26.000000 246.725986 2.244683 0.263886 1.233221 0.000000 0.000000 0.000000 1.000000 0.000000 0.000000
26.000000 246.729253 1.011158 0.101272 1.116471 0.000000 0.000000 0.000000 1.000000 0.000000 0.000000
26.000000 246.734911 2.822333 0.144886 1.034108 0.000000 0.000000 0.000000 1.000000 0.000000 0.000000
26.000000 246.735774 2.208791 0.276659 1.201691 0.000000 0.000000 0.000000 1.000000 0.000000 0.000000
26.000000 246.739267 0.918405 0.111707 1.078809 0.000000 0.000000 0.000000 1.000000 0.000000 0.000000
26.000000 246.744835 2.793382 0.145453 1.006384 0.000000 0.000000 0.000000 1.000000 0.000000 0.000000
26.000000 246.746016 2.153817 0.272107 1.185963 0.000000 0.000000 0.000000 1.000000 0.000000 0.000000
26.000000 246.749249 0.810336 0.094041 1.045947 0.000000 0.000000 0.000000 1.000000 0.000000 0.000000
26.000000 246.754793 2.738569 0.150478 0.980866 0.000000 0.000000 0.000000 1.000000 0.000000 0.000000
26.000000 246.755745 2.115753 0.277395 1.161049 0.000000 0.000000 0.000000 1.000000 0.000000 0.000000
26.000000 246.759243 0.854632 0.118920 1.032686 0.000000 0.000000 0.000000 1.000000 0.000000 0.000000
26.000000 246.764818 2.699910 0.152974 0.949344 0.000000 0.000000 0.000000 1.000000 0.000000 0.000000
26.000000 246.766053 2.114787 0.288145 1.120354 0.000000 0.000000 0.000000 1.000000 0.000000 0.000000
26.000000 246.769255 0.727486 0.106293 0.984446 0.000000 0.000000 0.000000 1.000000 0.000000 0.000000
26.000000 246.774789 2.665991 0.154756 0.915633 0.000000 0.000000 0.000000 1.000000 0.000000 0.000000
26.000000 246.775865 2.089533 0.292414 1.087751 0.000000 0.000000 0.000000 1.000000 0.000000 0.000000
26.000000 246.779318 0.689091 0.111341 0.947225 0.000000 0.000000 0.000000 1.000000 0.000000 0.000000
26.000000 246.784824 2.620516 0.159325 0.881055 0.000000 0.000000 0.000000 1.000000 0.000000 0.000000
26.000000 246.785992 1.998443 0.277505 1.079153 0.000000 0.000000 0.000000 1.000000 0.000000 0.000000
26.000000 246.789302 0.693263 0.104955 0.934479 0.000000 0.000000 0.000000 1.000000 0.000000 0.000000
26.000000 246.794824 2.596658 0.159630 0.844273 0.000000 0.000000 0.000000 1.000000 0.000000 0.000000
26.000000 246.795850 2.014686 0.287407 1.028743 0.000000 0.000000 0.000000 1.000000 0.000000 0.000000
26.000000 246.799390 0.637177 0.102869 0.889618 0.000000 0.000000 0.000000 1.000000 0.000000 0.000000
26.000000 246.805922 1.965971 0.291189 0.998544 0.000000 0.000000 0.000000 1.000000 0.000000 0.000000
26.000000 246.809449 0.637282 0.123915 0.856466 0.000000 0.000000 0.000000 1.000000 0.000000 0.000000
26.000000 246.816037 1.941937 0.301256 0.959246 0.000000 0.000000 0.000000 1.000000 0.000000 0.000000
26.000000 246.819424 0.511546 0.116483 0.807297 0.000000 0.000000 0.000000 1.000000 0.000000 0.000000
26.000000 246.839329 0.210507 0.102579 0.704720 0.000000 0.000000 0.000000 1.000000 0.000000 0.000000
26.000000 246.849348 0.304947 0.114088 0.684229 0.000000 0.000000 0.000000 1.000000 0.000000 0.000000
26.000000 246.859373 0.127482 0.103537 0.614579 0.000000 0.000000 0.000000 1.000000 0.000000 0.000000
26.000000 246.869294 0.243772 0.131136 0.602970 0.000000 0.000000 0.000000 1.000000 0.000000 0.000000
26.000000 246.879447 0.151870 0.134369 0.538473 0.000000 0.000000 0.000000 1.000000 0.000000 0.000000
26.000000 246.889323 -0.079431 0.130011 0.459515 0.000000 0.000000 0.000000 1.000000 0.000000 0.000000
26.000000 246.899361 0.039436 0.133376 0.449120 0.000000 0.000000 0.000000 1.000000 0.000000 0.000000
26.000000 246.909337 -0.107321 0.106719 0.385751 0.000000 0.000000 0.000000 1.000000 0.000000 0.000000
26.000000 246.919405 -0.082431 0.129916 0.355161 0.000000 0.000000 0.000000 1.000000 0.000000 0.000000
26.000000 246.939387 -0.184836 0.128103 0.258676 0.000000 0.000000 0.000000 1.000000 0.000000 0.000000
26.000000 246.949321 -0.375448 0.113831 0.185624 0.000000 0.000000 0.000000 1.000000 0.000000 0.000000
26.000000 246.959333 -0.392272 0.131988 0.126130 0.000000 0.000000 0.000000 1.000000 0.000000 0.000000
26.000000 246.969376 -0.471139 0.126373 0.075688 0.000000 0.000000 0.000000 1.000000 0.000000 0.000000
26.000000 246.979378 -0.541641 0.120252 0.029420 0.000000 0.000000 0.000000 1.000000 0.000000 0.000000
26.000000 246.989520 -0.503339 0.134969 -0.031343 0.000000 0.000000 0.000000 1.000000 0.000000 0.000000
26.000000 246.999621 -0.666734 0.135789 -0.069009 0.000000 0.000000 0.000000 1.000000 0.000000 0.000000
26.000000 247.009570 -0.693294 0.137553 -0.019017 0.000000 0.000000 0.000000 1.000000 0.000000 0.000000
26.000000 247.019384 -0.790125 0.126870 0.012054 0.000000 0.000000 0.000000 1.000000 0.000000 0.000000
26.000000 247.029422 -0.906878 0.119511 0.046317 0.000000 0.000000 0.000000 1.000000 0.000000 0.000000
26.000000 247.039449 -0.807835 0.133986 0.108058 0.000000 0.000000 0.000000 1.000000 0.000000 0.000000
26.000000 247.049529 -0.972684 0.122287 0.119206 0.000000 0.000000 0.000000 1.000000 0.000000 0.000000
26.000000 247.069544 -1.015226 0.119086 0.183606 0.000000 0.000000 0.000000 1.000000 0.000000 0.000000
26.000000 247.079538 -1.066937 0.123919 0.220832 0.000000 0.000000 0.000000 1.000000 0.000000 0.000000
26.000000 247.085969 -1.057606 0.128300 0.234237 0.000000 0.000000 0.000000 1.000000 0.000000 0.000000
26.000000 247.089557 -1.012258 0.144181 0.254437 0.000000 0.000000 0.000000 1.000000 0.000000 0.000000
26.000000 247.099540 -1.166987 0.150411 0.290316 0.000000 0.000000 0.000000 1.000000 0.000000 0.000000
26.000000 247.109422 -1.188351 0.147242 0.316278 0.000000 0.000000 0.000000 1.000000 0.000000 0.000000
26.000000 247.119437 -1.290514 0.141423 0.336627 0.000000 0.000000 0.000000 1.000000 0.000000 0.000000
26.000000 247.129404 -1.247915 0.145479 0.376875 0.000000 0.000000 0.000000 1.000000 0.000000 0.000000
26.000000 247.139420 -1.268584 0.140625 0.407068 0.000000 0.000000 0.000000 1.000000 0.000000 0.000000
26.000000 247.146015 -1.263545 0.143414 0.417275 0.000000 0.000000 0.000000 1.000000 0.000000 0.000000
26.000000 247.149467 -1.373710 0.130741 0.429402 0.000000 0.000000 0.000000 1.000000 0.000000 0.000000
26.000000 247.169549 -1.448967 0.128313 0.482883 0.000000 0.000000 0.000000 1.000000 0.000000 0.000000
26.000000 247.179500 -1.469890 0.166796 0.516380 0.000000 0.000000 0.000000 1.000000 0.000000 0.000000
26.000000 247.189479 -1.495978 0.161870 0.536900 0.000000 0.000000 0.000000 1.000000 0.000000 0.000000
26.000000 247.199481 -1.625573 0.127502 0.547302 0.000000 0.000000 0.000000 1.000000 0.000000 0.000000
26.000000 247.209644 -1.533420 0.153178 0.570523 0.000000 0.000000 0.000000 1.000000 0.000000 0.000000
26.000000 247.219590 -1.644144 0.143006 0.585611 0.000000 0.000000 0.000000 1.000000 0.000000 0.000000
26.000000 247.229444 -1.769527 0.147603 0.587540 0.000000 0.000000 0.000000 1.000000 0.000000 0.000000
26.000000 247.239527 -1.760180 0.140429 0.622644 0.000000 0.000000 0.000000 1.000000 0.000000 0.000000
26.000000 247.249416 -1.761282 0.148455 0.633735 0.000000 0.000000 0.000000 1.000000 0.000000 0.000000
26.000000 247.259450 -1.764460 0.160418 0.655187 0.000000 0.000000 0.000000 1.000000 0.000000 0.000000
26.000000 247.269498 -1.843426 0.152784 0.662727 0.000000 0.000000 0.000000 1.000000 0.000000 0.000000
26.000000 247.279485 -1.931573 0.158861 0.686771 0.000000 0.000000 0.000000 1.000000 0.000000 0.000000
26.000000 247.289538 -2.011047 0.156376 0.658517 0.000000 0.000000 0.000000 1.000000 0.000000 0.000000
26.000000 247.299530 -2.043460 0.148281 0.691494 0.000000 0.000000 0.000000 1.000000 0.000000 0.000000
26.000000 247.309498 -2.022378 0.155740 0.703812 0.000000 0.000000 0.000000 1.000000 0.000000 0.000000
26.000000 247.319532 -2.140104 0.148044 0.698345 0.000000 0.000000 0.000000 1.000000 0.000000 0.000000
26.000000 247.329495 -2.194397 0.157186 0.710763 0.000000 0.000000 0.000000 1.000000 0.000000 0.000000
26.000000 247.339494 -2.331770 0.159988 0.687237 0.000000 0.000000 0.000000 1.000000 0.000000 0.000000
26.000000 247.349497 -2.230507 0.163771 0.715092 0.000000 0.000000 0.000000 1.000000 0.000000 0.000000
26.000000 247.359588 -2.305499 0.157766 0.719678 0.000000 0.000000 0.000000 1.000000 0.000000 0.000000
26.000000 247.369454 -2.330823 0.154421 0.720315 0.000000 0.000000 0.000000 1.000000 0.000000 0.000000
26.000000 247.379554 -2.260905 0.174565 0.729434 0.000000 0.000000 0.000000 1.000000 0.000000 0.000000
26.000000 247.389482 -2.513653 0.167109 0.696494 0.000000 0.000000 0.000000 1.000000 0.000000 0.000000
26.000000 247.399585 -2.455945 0.166832 0.715634 0.000000 0.000000 0.000000 1.000000 0.000000 0.000000
26.000000 247.409648 -2.527575 0.160733 0.711070 0.000000 0.000000 0.000000 1.000000 0.000000 0.000000
26.000000 247.419572 -2.566979 0.163306 0.710518 0.000000 0.000000 0.000000 1.000000 0.000000 0.000000
26.000000 247.429569 -2.561750 0.186380 0.710018 0.000000 0.000000 0.000000 1.000000 0.000000 0.000000
26.000000 247.439659 -2.661023 0.167156 0.698347 0.000000 0.000000 0.000000 1.000000 0.000000 0.000000
26.000000 247.449641 -2.642025 0.177726 0.693498 0.000000 0.000000 0.000000 1.000000 0.000000 0.000000
26.000000 247.459578 -2.767240 0.165930 0.673550 0.000000 0.000000 0.000000 1.000000 0.000000 0.000000
26.000000 247.469570 -2.760864 0.172904 0.669446 0.000000 0.000000 0.000000 1.000000 0.000000 0.000000
26.000000 247.479567 -2.830938 0.173630 0.659529 0.000000 0.000000 0.000000 1.000000 0.000000 0.000000
26.000000 247.489725 -2.875849 0.176971 0.638967 0.000000 0.000000 0.000000 1.000000 0.000000 0.000000
26.000000 247.499718 -2.870677 0.187463 0.632078 0.000000 0.000000 0.000000 1.000000 0.000000 0.000000
26.000000 247.509634 -2.969146 0.176110 0.609823 0.000000 0.000000 0.000000 1.000000 0.000000 0.000000
26.000000 247.519526 -2.994646 0.178578 0.594411 0.000000 0.000000 0.000000 1.000000 0.000000 0.000000
26.000000 247.529593 -3.100892 0.170060 0.563758 0.000000 0.000000 0.000000 1.000000 0.000000 0.000000
26.000000 247.539659 -3.222144 0.181006 0.552217 0.000000 0.000000 0.000000 1.000000 0.000000 0.000000
26.000000 247.549661 -3.159474 0.168422 0.536291 0.000000 0.000000 0.000000 1.000000 0.000000 0.000000
26.000000 247.559726 -3.192498 0.177324 0.517325 0.000000 0.000000 0.000000 1.000000 0.000000 0.000000
26.000000 247.569718 -3.289766 0.169075 0.491849 0.000000 0.000000 0.000000 1.000000 0.000000 0.000000
26.000000 247.579599 -3.229419 0.190497 0.486363 0.000000 0.000000 0.000000 1.000000 0.000000 0.000000
26.000000 247.589633 -3.276902 0.205922 0.462298 0.000000 0.000000 0.000000 1.000000 0.000000 0.000000
26.000000 247.600013 -3.365490 0.192461 0.423198 0.000000 0.000000 0.000000 1.000000 0.000000 0.000000
26.000000 247.609766 -3.391401 0.188381 0.399258 0.000000 0.000000 0.000000 1.000000 0.000000 0.000000
26.000000 247.619855 -3.400537 0.188181 0.375553 0.000000 0.000000 0.000000 1.000000 0.000000 0.000000
26.000000 247.629573 -3.592126 0.193235 0.335142 0.000000 0.000000 0.000000 1.000000 0.000000 0.000000
26.000000 247.639657 -3.642731 0.196048 0.297882 0.000000 0.000000 0.000000 1.000000 0.000000 0.000000
26.000000 247.649885 -3.558986 0.193404 0.286965 0.000000 0.000000 0.000000 1.000000 0.000000 0.000000
26.000000 247.659590 -3.599845 0.194077 0.257383 0.000000 0.000000 0.000000 1.000000 0.000000 0.000000
26.000000 247.669631 -3.648309 0.198138 0.219517 0.000000 0.000000 0.000000 1.000000 0.000000 0.000000
26.000000 247.679636 -3.750391 0.209598 0.172793 0.000000 0.000000 0.000000 1.000000 0.000000 0.000000
26.000000 247.686324 -3.783723 0.206053 0.144138 0.000000 0.000000 0.000000 1.000000 0.000000 0.000000
26.000000 247.689669 -3.880317 0.184615 0.124533 0.000000 0.000000 0.000000 1.000000 0.000000 0.000000
26.000000 247.696203 -3.908068 0.185344 0.115009 0.000000 0.000000 0.000000 1.000000 0.000000 0.000000
26.000000 247.699836 -3.824532 0.196595 0.107474 0.000000 0.000000 0.000000 1.000000 0.000000 0.000000
26.000000 247.706619 -3.890583 0.198335 0.083340 0.000000 0.000000 0.000000 1.000000 0.000000 0.000000
26.000000 247.709676 -3.870309 0.197798 0.069816 0.000000 0.000000 0.000000 1.000000 0.000000 0.000000
26.000000 247.736204 -3.980782 0.204485 -0.042878 0.000000 0.000000 0.000000 1.000000 0.000000 0.000000
