28.000000 265.632851 25.661786 -0.258398 0.379487 0.000000 0.000000 0.000000 1.000000 0.000000 0.000000
28.000000 265.642784 25.477812 -0.237990 0.479275 0.000000 0.000000 0.000000 1.000000 0.000000 0.000000
28.000000 265.652837 25.350430 -0.241602 0.572931 0.000000 0.000000 0.000000 1.000000 0.000000 0.000000
28.000000 265.662754 25.143662 -0.230731 0.677702 0.000000 0.000000 0.000000 1.000000 0.000000 0.000000
28.000000 265.672800 24.956339 -0.212208 0.782319 0.000000 0.000000 0.000000 1.000000 0.000000 0.000000
28.000000 265.682791 24.744603 -0.192634 0.879350 0.000000 0.000000 0.000000 1.000000 0.000000 0.000000
28.000000 265.692857 24.580090 -0.174707 0.962546 0.000000 0.000000 0.000000 1.000000 0.000000 0.000000
28.000000 265.702797 24.411325 -0.152503 1.054079 0.000000 0.000000 0.000000 1.000000 0.000000 0.000000
28.000000 265.712884 24.255941 -0.144652 1.134150 0.000000 0.000000 0.000000 1.000000 0.000000 0.000000
28.000000 265.722322 22.763278 0.029970 1.243706 0.000000 0.000000 0.000000 1.000000 0.000000 0.000000
28.000000 265.722813 24.162037 -0.138697 1.204482 0.000000 0.000000 0.000000 1.000000 0.000000 0.000000
28.000000 265.732110 22.741475 0.020327 1.358686 0.000000 0.000000 0.000000 1.000000 0.000000 0.000000
28.000000 265.732758 24.144322 -0.144148 1.296185 0.000000 0.000000 0.000000 1.000000 0.000000 0.000000
28.000000 265.742141 22.624792 0.033226 1.428087 0.000000 0.000000 0.000000 1.000000 0.000000 0.000000
28.000000 265.742740 23.925590 -0.103384 1.385031 0.000000 0.000000 0.000000 1.000000 0.000000 0.000000
28.000000 265.752051 22.532367 0.036822 1.506332 0.000000 0.000000 0.000000 1.000000 0.000000 0.000000
28.000000 265.752796 23.771817 -0.089811 1.468652 0.000000 0.000000 0.000000 1.000000 0.000000 0.000000
28.000000 265.762091 22.426676 0.044688 1.576450 0.000000 0.000000 0.000000 1.000000 0.000000 0.000000
28.000000 265.762820 23.640789 -0.080007 1.542544 0.000000 0.000000 0.000000 1.000000 0.000000 0.000000
28.000000 265.772046 22.297623 0.057989 1.641884 0.000000 0.000000 0.000000 1.000000 0.000000 0.000000
28.000000 265.772919 23.463325 -0.062480 1.624042 0.000000 0.000000 0.000000 1.000000 0.000000 0.000000
28.000000 265.782056 22.220730 0.063341 1.720676 0.000000 0.000000 0.000000 1.000000 0.000000 0.000000
28.000000 265.782743 23.355944 -0.044720 1.695316 0.000000 0.000000 0.000000 1.000000 0.000000 0.000000
28.000000 265.792318 22.127595 0.066547 1.790044 0.000000 0.000000 0.000000 1.000000 0.000000 0.000000
28.000000 265.792847 23.211592 -0.032446 1.768730 0.000000 0.000000 0.000000 1.000000 0.000000 0.000000
28.000000 265.802183 22.009589 0.080570 1.854981 0.000000 0.000000 0.000000 1.000000 0.000000 0.000000
28.000000 265.802818 23.069281 -0.011597 1.841159 0.000000 0.000000 0.000000 1.000000 0.000000 0.000000
28.000000 265.812126 21.919816 0.083537 1.922113 0.000000 0.000000 0.000000 1.000000 0.000000 0.000000
28.000000 265.812879 22.935198 -0.003176 1.913153 0.000000 0.000000 0.000000 1.000000 0.000000 0.000000
28.000000 265.813751 21.305768 0.084284 1.967574 0.000000 0.000000 0.000000 1.000000 0.000000 0.000000
28.000000 265.822151 21.759465 0.097642 1.969372 0.000000 0.000000 0.000000 1.000000 0.000000 0.000000
28.000000 265.822889 22.714849 0.014945 1.977173 0.000000 0.000000 0.000000 1.000000 0.000000 0.000000
28.000000 265.823722 21.207327 0.098368 2.031624 0.000000 0.000000 0.000000 1.000000 0.000000 0.000000
28.000000 265.832127 21.728905 0.091416 2.053109 0.000000 0.000000 0.000000 1.000000 0.000000 0.000000
28.000000 265.832904 22.613048 0.032556 2.054452 0.000000 0.000000 0.000000 1.000000 0.000000 0.000000
28.000000 265.833920 21.101903 0.113212 2.092516 0.000000 0.000000 0.000000 1.000000 0.000000 0.000000
28.000000 265.842191 21.628853 0.103263 2.115831 0.000000 0.000000 0.000000 1.000000 0.000000 0.000000
28.000000 265.842859 22.521949 0.043512 2.116284 0.000000 0.000000 0.000000 1.000000 0.000000 0.000000
28.000000 265.843665 20.974722 0.121851 2.153899 0.000000 0.000000 0.000000 1.000000 0.000000 0.000000
28.000000 265.852125 21.528934 0.106023 2.178520 0.000000 0.000000 0.000000 1.000000 0.000000 0.000000
28.000000 265.852935 22.368529 0.054754 2.179637 0.000000 0.000000 0.000000 1.000000 0.000000 0.000000
28.000000 265.853772 20.866718 0.130869 2.207701 0.000000 0.000000 0.000000 1.000000 0.000000 0.000000
28.000000 265.862195 21.434678 0.114328 2.242929 0.000000 0.000000 0.000000 1.000000 0.000000 0.000000
28.000000 265.862944 22.257157 0.069193 2.245702 0.000000 0.000000 0.000000 1.000000 0.000000 0.000000
28.000000 265.863649 20.741712 0.142404 2.272161 0.000000 0.000000 0.000000 1.000000 0.000000 0.000000
28.000000 265.872200 21.311681 0.118138 2.291732 0.000000 0.000000 0.000000 1.000000 0.000000 0.000000
28.000000 265.872824 22.057851 0.081132 2.306367 0.000000 0.000000 0.000000 1.000000 0.000000 0.000000
28.000000 265.873797 20.616274 0.154347 2.327003 0.000000 0.000000 0.000000 1.000000 0.000000 0.000000
28.000000 265.882230 21.239714 0.124093 2.357048 0.000000 0.000000 0.000000 1.000000 0.000000 0.000000
28.000000 265.882775 21.970058 0.093288 2.367217 0.000000 0.000000 0.000000 1.000000 0.000000 0.000000
28.000000 265.883698 20.502998 0.164095 2.381721 0.000000 0.000000 0.000000 1.000000 0.000000 0.000000
28.000000 265.892259 21.155116 0.127880 2.414138 0.000000 0.000000 0.000000 1.000000 0.000000 0.000000
28.000000 265.892743 21.853205 0.104630 2.424406 0.000000 0.000000 0.000000 1.000000 0.000000 0.000000
28.000000 265.893834 20.379764 0.172477 2.436124 0.000000 0.000000 0.000000 1.000000 0.000000 0.000000
28.000000 265.902151 21.062740 0.134881 2.474124 0.000000 0.000000 0.000000 1.000000 0.000000 0.000000
28.000000 265.902787 21.743444 0.115960 2.485140 0.000000 0.000000 0.000000 1.000000 0.000000 0.000000
28.000000 265.903689 20.259350 0.182688 2.492395 0.000000 0.000000 0.000000 1.000000 0.000000 0.000000
28.000000 265.912770 21.626772 0.130684 2.542938 0.000000 0.000000 0.000000 1.000000 0.000000 0.000000
28.000000 265.917352 20.062650 0.222761 2.389372 0.000000 0.000000 0.000000 1.000000 0.000000 0.000000
28.000000 265.922859 21.400012 0.141976 2.596090 0.000000 0.000000 0.000000 1.000000 0.000000 0.000000
28.000000 265.923724 20.025973 0.204065 2.598486 0.000000 0.000000 0.000000 1.000000 0.000000 0.000000
28.000000 265.932823 21.311324 0.151324 2.656868 0.000000 0.000000 0.000000 1.000000 0.000000 0.000000
28.000000 265.933832 19.895493 0.211334 2.652952 0.000000 0.000000 0.000000 1.000000 0.000000 0.000000
28.000000 265.942786 21.165225 0.175866 2.711007 0.000000 0.000000 0.000000 1.000000 0.000000 0.000000
28.000000 265.943704 19.779410 0.229393 2.708441 0.000000 0.000000 0.000000 1.000000 0.000000 0.000000
28.000000 265.952795 21.064163 0.181550 2.762730 0.000000 0.000000 0.000000 1.000000 0.000000 0.000000
28.000000 265.957452 19.607388 0.274953 2.602011 0.000000 0.000000 0.000000 1.000000 0.000000 0.000000
28.000000 265.962834 20.923027 0.197884 2.814385 0.000000 0.000000 0.000000 1.000000 0.000000 0.000000
28.000000 265.967512 19.490515 0.282044 2.654219 0.000000 0.000000 0.000000 1.000000 0.000000 0.000000
28.000000 265.972834 20.730134 0.211549 2.863987 0.000000 0.000000 0.000000 1.000000 0.000000 0.000000
28.000000 265.973852 19.434606 0.262731 2.848792 0.000000 0.000000 0.000000 1.000000 0.000000 0.000000
28.000000 265.982928 20.724441 0.203469 2.900521 0.000000 0.000000 0.000000 1.000000 0.000000 0.000000
28.000000 265.983740 19.264418 0.249203 2.890187 0.000000 0.000000 0.000000 1.000000 0.000000 0.000000
28.000000 265.992918 20.512937 0.238122 2.962096 0.000000 0.000000 0.000000 1.000000 0.000000 0.000000
28.000000 266.002860 20.417261 0.243295 3.007901 0.000000 0.000000 0.000000 1.000000 0.000000 0.000000
28.000000 266.003710 19.076328 0.284218 2.987851 0.000000 0.000000 0.000000 1.000000 0.000000 0.000000
28.000000 266.012904 20.267319 0.262070 3.054987 0.000000 0.000000 0.000000 1.000000 0.000000 0.000000
28.000000 266.013805 18.971513 0.303346 3.028664 0.000000 0.000000 0.000000 1.000000 0.000000 0.000000
28.000000 266.022847 20.093509 0.278355 3.101029 0.000000 0.000000 0.000000 1.000000 0.000000 0.000000
28.000000 266.023796 18.856771 0.319150 3.072654 0.000000 0.000000 0.000000 1.000000 0.000000 0.000000
28.000000 266.032875 20.057938 0.276764 3.137282 0.000000 0.000000 0.000000 1.000000 0.000000 0.000000
28.000000 266.033893 18.653127 0.312450 3.112669 0.000000 0.000000 0.000000 1.000000 0.000000 0.000000
28.000000 266.042830 19.866448 0.300867 3.185142 0.000000 0.000000 0.000000 1.000000 0.000000 0.000000
28.000000 266.043760 18.563678 0.335456 3.156285 0.000000 0.000000 0.000000 1.000000 0.000000 0.000000
28.000000 266.052885 19.773637 0.306047 3.227054 0.000000 0.000000 0.000000 1.000000 0.000000 0.000000
28.000000 266.053886 18.437769 0.339117 3.194401 0.000000 0.000000 0.000000 1.000000 0.000000 0.000000
28.000000 266.062871 19.660372 0.318937 3.261338 0.000000 0.000000 0.000000 1.000000 0.000000 0.000000
28.000000 266.063769 18.366701 0.348549 3.230293 0.000000 0.000000 0.000000 1.000000 0.000000 0.000000
28.000000 266.072889 19.491340 0.319711 3.298593 0.000000 0.000000 0.000000 1.000000 0.000000 0.000000
28.000000 266.073859 18.183111 0.344666 3.275635 0.000000 0.000000 0.000000 1.000000 0.000000 0.000000
28.000000 266.082987 19.425940 0.332571 3.337793 0.000000 0.000000 0.000000 1.000000 0.000000 0.000000
28.000000 266.083770 18.091720 0.357845 3.302032 0.000000 0.000000 0.000000 1.000000 0.000000 0.000000
28.000000 266.092931 19.290163 0.350368 3.372134 0.000000 0.000000 0.000000 1.000000 0.000000 0.000000
28.000000 266.093875 18.001961 0.374328 3.335117 0.000000 0.000000 0.000000 1.000000 0.000000 0.000000
28.000000 266.102214 19.346117 0.205741 3.373072 0.000000 0.000000 0.000000 1.000000 0.000000 0.000000
28.000000 266.102945 19.154660 0.364319 3.403838 0.000000 0.000000 0.000000 1.000000 0.000000 0.000000
28.000000 266.112197 19.255115 0.211646 3.410579 0.000000 0.000000 0.000000 1.000000 0.000000 0.000000
28.000000 266.112984 19.045738 0.375135 3.431237 0.000000 0.000000 0.000000 1.000000 0.000000 0.000000
28.000000 266.113868 17.757361 0.393789 3.391420 0.000000 0.000000 0.000000 1.000000 0.000000 0.000000
28.000000 266.122223 19.089899 0.237040 3.438961 0.000000 0.000000 0.000000 1.000000 0.000000 0.000000
28.000000 266.123023 18.925287 0.384036 3.453696 0.000000 0.000000 0.000000 1.000000 0.000000 0.000000
28.000000 266.123853 17.592475 0.399076 3.417570 0.000000 0.000000 0.000000 1.000000 0.000000 0.000000
28.000000 266.132274 19.052496 0.230484 3.472761 0.000000 0.000000 0.000000 1.000000 0.000000 0.000000
28.000000 266.132963 18.778961 0.400466 3.487634 0.000000 0.000000 0.000000 1.000000 0.000000 0.000000
28.000000 266.134008 17.477282 0.412885 3.448376 0.000000 0.000000 0.000000 1.000000 0.000000 0.000000
28.000000 266.142240 18.873319 0.259676 3.486482 0.000000 0.000000 0.000000 1.000000 0.000000 0.000000
28.000000 266.143188 18.673383 0.409128 3.506778 0.000000 0.000000 0.000000 1.000000 0.000000 0.000000
28.000000 266.143824 17.386968 0.420059 3.476857 0.000000 0.000000 0.000000 1.000000 0.000000 0.000000
28.000000 266.152186 18.793329 0.249906 3.523646 0.000000 0.000000 0.000000 1.000000 0.000000 0.000000
28.000000 266.153250 18.462508 0.428934 3.542928 0.000000 0.000000 0.000000 1.000000 0.000000 0.000000
28.000000 266.153895 17.295602 0.439141 3.505030 0.000000 0.000000 0.000000 1.000000 0.000000 0.000000
28.000000 266.162375 18.596408 0.293495 3.544945 0.000000 0.000000 0.000000 1.000000 0.000000 0.000000
28.000000 266.163030 18.385484 0.437274 3.563684 0.000000 0.000000 0.000000 1.000000 0.000000 0.000000
28.000000 266.163794 17.151589 0.445563 3.531789 0.000000 0.000000 0.000000 1.000000 0.000000 0.000000
28.000000 266.167438 17.239340 0.526069 3.456904 0.000000 0.000000 0.000000 1.000000 0.000000 0.000000
28.000000 266.172289 18.556989 0.281856 3.579174 0.000000 0.000000 0.000000 1.000000 0.000000 0.000000
28.000000 266.173236 18.207955 0.456965 3.589996 0.000000 0.000000 0.000000 1.000000 0.000000 0.000000
28.000000 266.173917 17.036865 0.460750 3.554737 0.000000 0.000000 0.000000 1.000000 0.000000 0.000000
28.000000 266.182382 18.375298 0.299087 3.590982 0.000000 0.000000 0.000000 1.000000 0.000000 0.000000
28.000000 266.182981 18.095246 0.452572 3.613454 0.000000 0.000000 0.000000 1.000000 0.000000 0.000000
28.000000 266.183792 16.916314 0.457729 3.585161 0.000000 0.000000 0.000000 1.000000 0.000000 0.000000
28.000000 266.192248 18.312871 0.309317 3.616225 0.000000 0.000000 0.000000 1.000000 0.000000 0.000000
28.000000 266.193118 18.107504 0.451857 3.621648 0.000000 0.000000 0.000000 1.000000 0.000000 0.000000
28.000000 266.193985 16.732280 0.450035 3.601216 0.000000 0.000000 0.000000 1.000000 0.000000 0.000000
28.000000 266.202304 18.249218 0.314242 3.645672 0.000000 0.000000 0.000000 1.000000 0.000000 0.000000
28.000000 266.203829 17.122964 0.729413 3.622788 0.000000 0.000000 0.000000 1.000000 0.000000 0.000000
28.000000 266.212255 18.148981 0.318247 3.669356 0.000000 0.000000 0.000000 1.000000 0.000000 0.000000
28.000000 266.213035 17.809649 0.497089 3.673408 0.000000 0.000000 0.000000 1.000000 0.000000 0.000000
28.000000 266.214156 16.553556 0.493038 3.647638 0.000000 0.000000 0.000000 1.000000 0.000000 0.000000
28.000000 266.222271 17.998210 0.346152 3.682799 0.000000 0.000000 0.000000 1.000000 0.000000 0.000000
28.000000 266.223125 17.691938 0.507430 3.702328 0.000000 0.000000 0.000000 1.000000 0.000000 0.000000
28.000000 266.223810 16.441882 0.505061 3.678725 0.000000 0.000000 0.000000 1.000000 0.000000 0.000000
28.000000 266.232286 18.120674 0.291234 3.716211 0.000000 0.000000 0.000000 1.000000 0.000000 0.000000
28.000000 266.233219 17.593180 0.520495 3.728280 0.000000 0.000000 0.000000 1.000000 0.000000 0.000000
28.000000 266.233935 16.329601 0.515379 3.698189 0.000000 0.000000 0.000000 1.000000 0.000000 0.000000
28.000000 266.242274 18.150345 0.290468 3.745394 0.000000 0.000000 0.000000 1.000000 0.000000 0.000000
28.000000 266.243833 16.724040 0.785213 3.722751 0.000000 0.000000 0.000000 1.000000 0.000000 0.000000
28.000000 266.252305 18.133413 0.286942 3.755037 0.000000 0.000000 0.000000 1.000000 0.000000 0.000000
28.000000 266.253984 16.651638 0.807185 3.733872 0.000000 0.000000 0.000000 1.000000 0.000000 0.000000
28.000000 266.262251 17.945059 0.303604 3.768917 0.000000 0.000000 0.000000 1.000000 0.000000 0.000000
28.000000 266.263810 16.503397 0.803387 3.749948 0.000000 0.000000 0.000000 1.000000 0.000000 0.000000
28.000000 266.267523 16.105480 0.633215 3.693816 0.000000 0.000000 0.000000 1.000000 0.000000 0.000000
28.000000 266.272301 17.789937 0.315583 3.788623 0.000000 0.000000 0.000000 1.000000 0.000000 0.000000
28.000000 266.273944 16.378478 0.800148 3.767159 0.000000 0.000000 0.000000 1.000000 0.000000 0.000000
28.000000 266.282308 17.595621 0.351360 3.806332 0.000000 0.000000 0.000000 1.000000 0.000000 0.000000
28.000000 266.283027 17.088335 0.564466 3.815571 0.000000 0.000000 0.000000 1.000000 0.000000 0.000000
28.000000 266.284009 15.727788 0.552495 3.786577 0.000000 0.000000 0.000000 1.000000 0.000000 0.000000
28.000000 266.287477 15.906151 0.657816 3.732674 0.000000 0.000000 0.000000 1.000000 0.000000 0.000000
28.000000 266.292269 17.483842 0.362334 3.818382 0.000000 0.000000 0.000000 1.000000 0.000000 0.000000
28.000000 266.293018 16.893746 0.600416 3.827441 0.000000 0.000000 0.000000 1.000000 0.000000 0.000000
28.000000 266.293967 15.626931 0.585189 3.805243 0.000000 0.000000 0.000000 1.000000 0.000000 0.000000
28.000000 266.302313 17.362899 0.367710 3.823051 0.000000 0.000000 0.000000 1.000000 0.000000 0.000000
28.000000 266.303219 16.759811 0.605808 3.840271 0.000000 0.000000 0.000000 1.000000 0.000000 0.000000
28.000000 266.303843 15.483839 0.590779 3.819731 0.000000 0.000000 0.000000 1.000000 0.000000 0.000000
28.000000 266.307484 15.650405 0.686759 3.766531 0.000000 0.000000 0.000000 1.000000 0.000000 0.000000
28.000000 266.312293 17.174774 0.409458 3.834241 0.000000 0.000000 0.000000 1.000000 0.000000 0.000000
28.000000 266.313237 16.716825 0.612085 3.848989 0.000000 0.000000 0.000000 1.000000 0.000000 0.000000
28.000000 266.313934 15.419501 0.597221 3.831740 0.000000 0.000000 0.000000 1.000000 0.000000 0.000000
28.000000 266.322272 17.011518 0.432343 3.839623 0.000000 0.000000 0.000000 1.000000 0.000000 0.000000
28.000000 266.323031 16.596370 0.624602 3.850965 0.000000 0.000000 0.000000 1.000000 0.000000 0.000000
28.000000 266.323853 15.284707 0.610556 3.829797 0.000000 0.000000 0.000000 1.000000 0.000000 0.000000
28.000000 266.332298 16.947847 0.425590 3.848450 0.000000 0.000000 0.000000 1.000000 0.000000 0.000000
28.000000 266.332999 16.460001 0.631093 3.857897 0.000000 0.000000 0.000000 1.000000 0.000000 0.000000
28.000000 266.333926 15.116548 0.607576 3.854548 0.000000 0.000000 0.000000 1.000000 0.000000 0.000000
28.000000 266.342325 16.742110 0.456970 3.856475 0.000000 0.000000 0.000000 1.000000 0.000000 0.000000
28.000000 266.343178 16.307924 0.645464 3.864954 0.000000 0.000000 0.000000 1.000000 0.000000 0.000000
28.000000 266.343846 15.030601 0.623456 3.859406 0.000000 0.000000 0.000000 1.000000 0.000000 0.000000
28.000000 266.352292 16.716701 0.445807 3.863835 0.000000 0.000000 0.000000 1.000000 0.000000 0.000000
28.000000 266.353217 16.194517 0.660740 3.875075 0.000000 0.000000 0.000000 1.000000 0.000000 0.000000
28.000000 266.353976 14.938169 0.639233 3.866503 0.000000 0.000000 0.000000 1.000000 0.000000 0.000000
28.000000 266.362334 16.533422 0.478125 3.871076 0.000000 0.000000 0.000000 1.000000 0.000000 0.000000
28.000000 266.363042 16.082456 0.673214 3.879195 0.000000 0.000000 0.000000 1.000000 0.000000 0.000000
28.000000 266.363878 14.831287 0.651988 3.869243 0.000000 0.000000 0.000000 1.000000 0.000000 0.000000
28.000000 266.372324 16.243368 0.526674 3.864924 0.000000 0.000000 0.000000 1.000000 0.000000 0.000000
28.000000 266.373025 15.924701 0.681036 3.876559 0.000000 0.000000 0.000000 1.000000 0.000000 0.000000
28.000000 266.377512 14.886201 0.758236 3.835003 0.000000 0.000000 0.000000 1.000000 0.000000 0.000000
28.000000 266.382341 16.301684 0.504432 3.884200 0.000000 0.000000 0.000000 1.000000 0.000000 0.000000
28.000000 266.383134 15.907158 0.681036 3.892756 0.000000 0.000000 0.000000 1.000000 0.000000 0.000000
28.000000 266.383906 14.542645 0.654401 3.891074 0.000000 0.000000 0.000000 1.000000 0.000000 0.000000
28.000000 266.392369 16.248063 0.496947 3.890796 0.000000 0.000000 0.000000 1.000000 0.000000 0.000000
28.000000 266.392987 15.752328 0.700772 3.892841 0.000000 0.000000 0.000000 1.000000 0.000000 0.000000
28.000000 266.394019 14.453990 0.674165 3.883720 0.000000 0.000000 0.000000 1.000000 0.000000 0.000000
28.000000 266.402330 16.195174 0.493296 3.894654 0.000000 0.000000 0.000000 1.000000 0.000000 0.000000
28.000000 266.403022 15.643226 0.714465 3.893121 0.000000 0.000000 0.000000 1.000000 0.000000 0.000000
28.000000 266.403918 14.345527 0.685453 3.885779 0.000000 0.000000 0.000000 1.000000 0.000000 0.000000
28.000000 266.412361 16.059330 0.512118 3.899164 0.000000 0.000000 0.000000 1.000000 0.000000 0.000000
28.000000 266.412997 15.496406 0.731666 3.894793 0.000000 0.000000 0.000000 1.000000 0.000000 0.000000
28.000000 266.413964 14.280495 0.706001 3.875241 0.000000 0.000000 0.000000 1.000000 0.000000 0.000000
28.000000 266.422339 15.842256 0.543682 3.905606 0.000000 0.000000 0.000000 1.000000 0.000000 0.000000
28.000000 266.423032 15.344498 0.741251 3.895919 0.000000 0.000000 0.000000 1.000000 0.000000 0.000000
28.000000 266.423891 14.179789 0.715737 3.875379 0.000000 0.000000 0.000000 1.000000 0.000000 0.000000
28.000000 266.432385 15.867147 0.518577 3.903669 0.000000 0.000000 0.000000 1.000000 0.000000 0.000000
28.000000 266.433117 15.274485 0.738826 3.904051 0.000000 0.000000 0.000000 1.000000 0.000000 0.000000
28.000000 266.434027 13.997485 0.709151 3.886837 0.000000 0.000000 0.000000 1.000000 0.000000 0.000000
28.000000 266.442341 15.782008 0.522740 3.904306 0.000000 0.000000 0.000000 1.000000 0.000000 0.000000
28.000000 266.443029 15.154000 0.754497 3.901511 0.000000 0.000000 0.000000 1.000000 0.000000 0.000000
28.000000 266.452427 15.654448 0.552005 3.905463 0.000000 0.000000 0.000000 1.000000 0.000000 0.000000
28.000000 266.453011 15.068859 0.774173 3.903375 0.000000 0.000000 0.000000 1.000000 0.000000 0.000000
28.000000 266.453970 13.855823 0.749214 3.873870 0.000000 0.000000 0.000000 1.000000 0.000000 0.000000
28.000000 266.462510 15.648734 0.534098 3.897819 0.000000 0.000000 0.000000 1.000000 0.000000 0.000000
28.000000 266.463031 14.975195 0.781800 3.893910 0.000000 0.000000 0.000000 1.000000 0.000000 0.000000
28.000000 266.463940 13.699636 0.749684 3.874241 0.000000 0.000000 0.000000 1.000000 0.000000 0.000000
28.000000 266.472364 15.340070 0.583407 3.882815 0.000000 0.000000 0.000000 1.000000 0.000000 0.000000
28.000000 266.473017 14.774153 0.798115 3.881275 0.000000 0.000000 0.000000 1.000000 0.000000 0.000000
28.000000 266.474001 13.638746 0.769022 3.867668 0.000000 0.000000 0.000000 1.000000 0.000000 0.000000
28.000000 266.482466 15.606473 0.518597 3.903259 0.000000 0.000000 0.000000 1.000000 0.000000 0.000000
28.000000 266.483041 14.803295 0.809462 3.892231 0.000000 0.000000 0.000000 1.000000 0.000000 0.000000
28.000000 266.483915 13.481140 0.774481 3.866302 0.000000 0.000000 0.000000 1.000000 0.000000 0.000000
28.000000 266.492387 15.342428 0.553596 3.890504 0.000000 0.000000 0.000000 1.000000 0.000000 0.000000
28.000000 266.493043 14.622310 0.819676 3.873556 0.000000 0.000000 0.000000 1.000000 0.000000 0.000000
28.000000 266.493992 13.416947 0.785941 3.851871 0.000000 0.000000 0.000000 1.000000 0.000000 0.000000
28.000000 266.502400 14.955602 0.628215 3.878947 0.000000 0.000000 0.000000 1.000000 0.000000 0.000000
28.000000 266.503076 14.456300 0.825409 3.868166 0.000000 0.000000 0.000000 1.000000 0.000000 0.000000
28.000000 266.503939 13.272896 0.793304 3.853846 0.000000 0.000000 0.000000 1.000000 0.000000 0.000000
28.000000 266.512407 14.833652 0.644867 3.874374 0.000000 0.000000 0.000000 1.000000 0.000000 0.000000
28.000000 266.513043 14.347237 0.839909 3.857346 0.000000 0.000000 0.000000 1.000000 0.000000 0.000000
28.000000 266.514015 13.208295 0.808275 3.841531 0.000000 0.000000 0.000000 1.000000 0.000000 0.000000
28.000000 266.517679 13.387439 0.891439 3.817131 0.000000 0.000000 0.000000 1.000000 0.000000 0.000000
28.000000 266.522399 14.806723 0.633860 3.865206 0.000000 0.000000 0.000000 1.000000 0.000000 0.000000
28.000000 266.523014 14.256307 0.847498 3.849929 0.000000 0.000000 0.000000 1.000000 0.000000 0.000000
28.000000 266.523967 13.083406 0.814088 3.833281 0.000000 0.000000 0.000000 1.000000 0.000000 0.000000
28.000000 266.532397 14.524678 0.680976 3.855365 0.000000 0.000000 0.000000 1.000000 0.000000 0.000000
28.000000 266.533064 14.087230 0.855004 3.839808 0.000000 0.000000 0.000000 1.000000 0.000000 0.000000
28.000000 266.534013 12.913521 0.818925 3.829434 0.000000 0.000000 0.000000 1.000000 0.000000 0.000000
28.000000 266.542404 14.384351 0.702268 3.842690 0.000000 0.000000 0.000000 1.000000 0.000000 0.000000
28.000000 266.543055 14.000515 0.859297 3.826276 0.000000 0.000000 0.000000 1.000000 0.000000 0.000000
28.000000 266.543946 12.773482 0.821472 3.817265 0.000000 0.000000 0.000000 1.000000 0.000000 0.000000
28.000000 266.552406 14.245372 0.716919 3.834589 0.000000 0.000000 0.000000 1.000000 0.000000 0.000000
28.000000 266.553100 13.884937 0.865442 3.813355 0.000000 0.000000 0.000000 1.000000 0.000000 0.000000
28.000000 266.554018 12.660154 0.827445 3.801122 0.000000 0.000000 0.000000 1.000000 0.000000 0.000000
28.000000 266.562386 14.097679 0.739221 3.816816 0.000000 0.000000 0.000000 1.000000 0.000000 0.000000
28.000000 266.563233 13.774228 0.880266 3.789623 0.000000 0.000000 0.000000 1.000000 0.000000 0.000000
28.000000 266.563974 12.589316 0.842330 3.780319 0.000000 0.000000 0.000000 1.000000 0.000000 0.000000
28.000000 266.572422 13.801269 0.796377 3.793160 0.000000 0.000000 0.000000 1.000000 0.000000 0.000000
28.000000 266.573154 13.638536 0.891438 3.770115 0.000000 0.000000 0.000000 1.000000 0.000000 0.000000
28.000000 266.574046 12.515372 0.854216 3.777712 0.000000 0.000000 0.000000 1.000000 0.000000 0.000000
28.000000 266.582515 13.815528 0.774121 3.793994 0.000000 0.000000 0.000000 1.000000 0.000000 0.000000
28.000000 266.583405 13.566445 0.894756 3.762279 0.000000 0.000000 0.000000 1.000000 0.000000 0.000000
28.000000 266.587776 12.608941 0.969921 3.748313 0.000000 0.000000 0.000000 1.000000 0.000000 0.000000
28.000000 266.592454 13.801859 0.765674 3.787709 0.000000 0.000000 0.000000 1.000000 0.000000 0.000000
28.000000 266.593141 13.481769 0.911478 3.747611 0.000000 0.000000 0.000000 1.000000 0.000000 0.000000
28.000000 266.594019 12.246632 0.869409 3.738358 0.000000 0.000000 0.000000 1.000000 0.000000 0.000000
28.000000 266.602506 13.686763 0.778167 3.777895 0.000000 0.000000 0.000000 1.000000 0.000000 0.000000
28.000000 266.603214 13.340168 0.931571 3.740602 0.000000 0.000000 0.000000 1.000000 0.000000 0.000000
28.000000 266.603962 12.170165 0.891969 3.728286 0.000000 0.000000 0.000000 1.000000 0.000000 0.000000
28.000000 266.612442 13.574020 0.789904 3.766887 0.000000 0.000000 0.000000 1.000000 0.000000 0.000000
28.000000 266.613242 13.257775 0.939328 3.722689 0.000000 0.000000 0.000000 1.000000 0.000000 0.000000
28.000000 266.614055 12.042716 0.896798 3.715349 0.000000 0.000000 0.000000 1.000000 0.000000 0.000000
28.000000 266.622405 13.272854 0.844509 3.744948 0.000000 0.000000 0.000000 1.000000 0.000000 0.000000
28.000000 266.623134 13.085200 0.946817 3.711441 0.000000 0.000000 0.000000 1.000000 0.000000 0.000000
28.000000 266.623983 11.845852 0.907200 3.704554 0.000000 0.000000 0.000000 1.000000 0.000000 0.000000
28.000000 266.632470 13.236978 0.840246 3.729075 0.000000 0.000000 0.000000 1.000000 0.000000 0.000000
28.000000 266.633173 13.017327 0.959845 3.692598 0.000000 0.000000 0.000000 1.000000 0.000000 0.000000
28.000000 266.634052 11.722820 0.915539 3.694628 0.000000 0.000000 0.000000 1.000000 0.000000 0.000000
28.000000 266.642650 13.127369 0.854234 3.710841 0.000000 0.000000 0.000000 1.000000 0.000000 0.000000
28.000000 266.643117 12.888532 0.976624 3.671476 0.000000 0.000000 0.000000 1.000000 0.000000 0.000000
28.000000 266.643997 11.691494 0.932900 3.671359 0.000000 0.000000 0.000000 1.000000 0.000000 0.000000
28.000000 266.652501 13.020214 0.866959 3.684333 0.000000 0.000000 0.000000 1.000000 0.000000 0.000000
28.000000 266.653172 12.814332 0.984842 3.640035 0.000000 0.000000 0.000000 1.000000 0.000000 0.000000
28.000000 266.657616 11.829373 1.051104 3.641100 0.000000 0.000000 0.000000 1.000000 0.000000 0.000000
28.000000 266.662546 12.862717 0.892133 3.664737 0.000000 0.000000 0.000000 1.000000 0.000000 0.000000
28.000000 266.663338 12.679932 1.002899 3.619782 0.000000 0.000000 0.000000 1.000000 0.000000 0.000000
28.000000 266.672474 12.638613 0.930837 3.639929 0.000000 0.000000 0.000000 1.000000 0.000000 0.000000
28.000000 266.673140 12.556560 1.009756 3.589002 0.000000 0.000000 0.000000 1.000000 0.000000 0.000000
28.000000 266.674069 11.346855 0.964813 3.598777 0.000000 0.000000 0.000000 1.000000 0.000000 0.000000
28.000000 266.682625 12.664754 0.910526 3.617604 0.000000 0.000000 0.000000 1.000000 0.000000 0.000000
28.000000 266.683085 12.486622 1.025402 3.566776 0.000000 0.000000 0.000000 1.000000 0.000000 0.000000
28.000000 266.684016 11.247014 0.977819 3.578701 0.000000 0.000000 0.000000 1.000000 0.000000 0.000000
28.000000 266.693117 12.353150 1.032469 3.540248 0.000000 0.000000 0.000000 1.000000 0.000000 0.000000
28.000000 266.694056 11.093497 0.982221 3.554275 0.000000 0.000000 0.000000 1.000000 0.000000 0.000000
28.000000 266.703151 12.277740 1.044274 3.505696 0.000000 0.000000 0.000000 1.000000 0.000000 0.000000
28.000000 266.704007 11.000692 0.993318 3.527219 0.000000 0.000000 0.000000 1.000000 0.000000 0.000000
28.000000 266.713125 12.189007 1.050856 3.475429 0.000000 0.000000 0.000000 1.000000 0.000000 0.000000
28.000000 266.714087 10.980623 1.006505 3.489753 0.000000 0.000000 0.000000 1.000000 0.000000 0.000000
28.000000 266.723256 12.032132 1.055503 3.444037 0.000000 0.000000 0.000000 1.000000 0.000000 0.000000
28.000000 266.724071 10.844897 1.009767 3.468126 0.000000 0.000000 0.000000 1.000000 0.000000 0.000000
28.000000 266.733365 11.974415 1.068766 3.416753 0.000000 0.000000 0.000000 1.000000 0.000000 0.000000
28.000000 266.734088 10.691286 1.019259 3.443059 0.000000 0.000000 0.000000 1.000000 0.000000 0.000000
28.000000 266.743257 11.828439 1.081513 3.384185 0.000000 0.000000 0.000000 1.000000 0.000000 0.000000
28.000000 266.744078 10.582084 1.033371 3.407659 0.000000 0.000000 0.000000 1.000000 0.000000 0.000000
28.000000 266.753159 11.779562 1.088013 3.348985 0.000000 0.000000 0.000000 1.000000 0.000000 0.000000
28.000000 266.754340 10.444249 1.036529 3.378970 0.000000 0.000000 0.000000 1.000000 0.000000 0.000000
28.000000 266.763124 11.638723 1.102625 3.316718 0.000000 0.000000 0.000000 1.000000 0.000000 0.000000
28.000000 266.764062 10.514963 1.057089 3.343993 0.000000 0.000000 0.000000 1.000000 0.000000 0.000000
28.000000 266.773153 11.524884 1.108613 3.275311 0.000000 0.000000 0.000000 1.000000 0.000000 0.000000
28.000000 266.774129 10.399929 1.066938 3.305504 0.000000 0.000000 0.000000 1.000000 0.000000 0.000000
28.000000 266.783160 11.451827 1.121904 3.241535 0.000000 0.000000 0.000000 1.000000 0.000000 0.000000
28.000000 266.784043 10.156650 1.071181 3.278767 0.000000 0.000000 0.000000 1.000000 0.000000 0.000000
28.000000 266.793171 11.324813 1.135027 3.206024 0.000000 0.000000 0.000000 1.000000 0.000000 0.000000
28.000000 266.794244 10.067802 1.085633 3.244659 0.000000 0.000000 0.000000 1.000000 0.000000 0.000000
28.000000 266.803185 11.242822 1.140589 3.167506 0.000000 0.000000 0.000000 1.000000 0.000000 0.000000
28.000000 266.804065 9.959834 1.090602 3.210381 0.000000 0.000000 0.000000 1.000000 0.000000 0.000000
28.000000 266.813247 11.148610 1.150196 3.132355 0.000000 0.000000 0.000000 1.000000 0.000000 0.000000
28.000000 266.823234 11.023420 1.159892 3.088382 0.000000 0.000000 0.000000 1.000000 0.000000 0.000000
28.000000 266.824080 9.901647 1.122753 3.125338 0.000000 0.000000 0.000000 1.000000 0.000000 0.000000
28.000000 266.833254 10.925429 1.174534 3.045933 0.000000 0.000000 0.000000 1.000000 0.000000 0.000000
28.000000 266.834121 9.649659 1.126886 3.096036 0.000000 0.000000 0.000000 1.000000 0.000000 0.000000
28.000000 266.843219 10.819497 1.186200 3.004401 0.000000 0.000000 0.000000 1.000000 0.000000 0.000000
28.000000 266.844075 9.616360 1.142093 3.054331 0.000000 0.000000 0.000000 1.000000 0.000000 0.000000
28.000000 266.853190 10.720841 1.193286 2.961745 0.000000 0.000000 0.000000 1.000000 0.000000 0.000000
28.000000 266.854308 9.495864 1.148311 3.017096 0.000000 0.000000 0.000000 1.000000 0.000000 0.000000
28.000000 266.863175 10.639998 1.202131 2.917702 0.000000 0.000000 0.000000 1.000000 0.000000 0.000000
28.000000 266.864092 9.520529 1.171214 2.968292 0.000000 0.000000 0.000000 1.000000 0.000000 0.000000
28.000000 266.873208 10.471822 1.204675 2.879411 0.000000 0.000000 0.000000 1.000000 0.000000 0.000000
28.000000 266.874156 9.426351 1.185799 2.923919 0.000000 0.000000 0.000000 1.000000 0.000000 0.000000
28.000000 266.883223 10.423121 1.218789 2.831003 0.000000 0.000000 0.000000 1.000000 0.000000 0.000000
28.000000 266.884122 9.298626 1.185932 2.888097 0.000000 0.000000 0.000000 1.000000 0.000000 0.000000
28.000000 266.893225 10.309750 1.229252 2.779656 0.000000 0.000000 0.000000 1.000000 0.000000 0.000000
28.000000 266.894110 9.195643 1.196714 2.841145 0.000000 0.000000 0.000000 1.000000 0.000000 0.000000
28.000000 266.903241 10.225538 1.236190 2.728785 0.000000 0.000000 0.000000 1.000000 0.000000 0.000000
28.000000 266.904091 9.104605 1.204877 2.794649 0.000000 0.000000 0.000000 1.000000 0.000000 0.000000
28.000000 266.913210 10.139918 1.244277 2.677234 0.000000 0.000000 0.000000 1.000000 0.000000 0.000000
28.000000 266.914179 9.002195 1.219519 2.746917 0.000000 0.000000 0.000000 1.000000 0.000000 0.000000
28.000000 266.923245 9.992720 1.254376 2.630919 0.000000 0.000000 0.000000 1.000000 0.000000 0.000000
28.000000 266.924148 8.896319 1.238262 2.700521 0.000000 0.000000 0.000000 1.000000 0.000000 0.000000
28.000000 266.933222 9.938615 1.257979 2.575316 0.000000 0.000000 0.000000 1.000000 0.000000 0.000000
28.000000 266.934197 8.810671 1.234898 2.650533 0.000000 0.000000 0.000000 1.000000 0.000000 0.000000
28.000000 266.943217 9.819933 1.267117 2.526853 0.000000 0.000000 0.000000 1.000000 0.000000 0.000000
28.000000 266.944100 8.730867 1.246630 2.602546 0.000000 0.000000 0.000000 1.000000 0.000000 0.000000
28.000000 266.953249 9.742125 1.275059 2.471205 0.000000 0.000000 0.000000 1.000000 0.000000 0.000000
28.000000 266.954227 8.652421 1.265428 2.546651 0.000000 0.000000 0.000000 1.000000 0.000000 0.000000
28.000000 266.963397 9.648265 1.284795 2.415845 0.000000 0.000000 0.000000 1.000000 0.000000 0.000000
28.000000 266.964113 8.558344 1.274538 2.500231 0.000000 0.000000 0.000000 1.000000 0.000000 0.000000
28.000000 266.973287 9.523722 1.301495 2.366536 0.000000 0.000000 0.000000 1.000000 0.000000 0.000000
28.000000 266.974189 8.510574 1.297472 2.438920 0.000000 0.000000 0.000000 1.000000 0.000000 0.000000
28.000000 266.983276 9.438602 1.308753 2.321075 0.000000 0.000000 0.000000 1.000000 0.000000 0.000000
28.000000 266.984139 8.374114 1.305600 2.409367 0.000000 0.000000 0.000000 1.000000 0.000000 0.000000
28.000000 266.993240 9.349812 1.320204 2.263287 0.000000 0.000000 0.000000 1.000000 0.000000 0.000000
28.000000 266.994203 8.349676 1.327543 2.343560 0.000000 0.000000 0.000000 1.000000 0.000000 0.000000
28.000000 267.003329 9.254755 1.330018 2.202895 0.000000 0.000000 0.000000 1.000000 0.000000 0.000000
28.000000 267.004156 8.243617 1.331166 2.294899 0.000000 0.000000 0.000000 1.000000 0.000000 0.000000
28.000000 267.013323 9.144022 1.338131 2.150783 0.000000 0.000000 0.000000 1.000000 0.000000 0.000000
28.000000 267.014290 8.221391 1.359292 2.232370 0.000000 0.000000 0.000000 1.000000 0.000000 0.000000
28.000000 267.023580 9.062540 1.341716 2.076597 0.000000 0.000000 0.000000 1.000000 0.000000 0.000000
28.000000 267.024437 8.079815 1.356404 2.175089 0.000000 0.000000 0.000000 1.000000 0.000000 0.000000
28.000000 267.033427 8.967875 1.350871 2.029751 0.000000 0.000000 0.000000 1.000000 0.000000 0.000000
28.000000 267.034196 8.074880 1.357519 2.122203 0.000000 0.000000 0.000000 1.000000 0.000000 0.000000
28.000000 267.043345 8.880450 1.360851 1.960447 0.000000 0.000000 0.000000 1.000000 0.000000 0.000000
28.000000 267.044451 7.988503 1.369360 2.057131 0.000000 0.000000 0.000000 1.000000 0.000000 0.000000
28.000000 267.053484 8.777209 1.374443 1.910504 0.000000 0.000000 0.000000 1.000000 0.000000 0.000000
28.000000 267.054201 7.940262 1.394236 2.001772 0.000000 0.000000 0.000000 1.000000 0.000000 0.000000
28.000000 267.063304 8.655717 1.387131 1.854081 0.000000 0.000000 0.000000 1.000000 0.000000 0.000000
28.000000 267.064198 7.855104 1.420044 1.947030 0.000000 0.000000 0.000000 1.000000 0.000000 0.000000
28.000000 267.073384 8.583314 1.392020 1.779823 0.000000 0.000000 0.000000 1.000000 0.000000 0.000000
28.000000 267.074230 7.746221 1.418545 1.883916 0.000000 0.000000 0.000000 1.000000 0.000000 0.000000
28.000000 267.083297 8.452263 1.403609 1.712729 0.000000 0.000000 0.000000 1.000000 0.000000 0.000000
28.000000 267.084159 7.696521 1.424325 1.806389 0.000000 0.000000 0.000000 1.000000 0.000000 0.000000
28.000000 267.093295 8.394383 1.411969 1.662041 0.000000 0.000000 0.000000 1.000000 0.000000 0.000000
28.000000 267.094250 7.647124 1.450821 1.755603 0.000000 0.000000 0.000000 1.000000 0.000000 0.000000
28.000000 267.103328 8.287476 1.423234 1.599120 0.000000 0.000000 0.000000 1.000000 0.000000 0.000000
28.000000 267.104177 7.559760 1.478936 1.695639 0.000000 0.000000 0.000000 1.000000 0.000000 0.000000
28.000000 267.113337 8.193616 1.435700 1.532534 0.000000 0.000000 0.000000 1.000000 0.000000 0.000000
28.000000 267.114480 7.451522 1.487479 1.640410 0.000000 0.000000 0.000000 1.000000 0.000000 0.000000
28.000000 267.123271 8.087360 1.442090 1.465008 0.000000 0.000000 0.000000 1.000000 0.000000 0.000000
28.000000 267.124201 7.415934 1.501039 1.565580 0.000000 0.000000 0.000000 1.000000 0.000000 0.000000
28.000000 267.133329 8.010452 1.452583 1.399778 0.000000 0.000000 0.000000 1.000000 0.000000 0.000000
28.000000 267.134227 7.364567 1.516037 1.498326 0.000000 0.000000 0.000000 1.000000 0.000000 0.000000
28.000000 267.143294 7.912376 1.461653 1.330883 0.000000 0.000000 0.000000 1.000000 0.000000 0.000000
28.000000 267.144195 7.261925 1.533222 1.436291 0.000000 0.000000 0.000000 1.000000 0.000000 0.000000
28.000000 267.153365 7.828973 1.468902 1.261591 0.000000 0.000000 0.000000 1.000000 0.000000 0.000000
28.000000 267.154516 7.167803 1.536072 1.372727 0.000000 0.000000 0.000000 1.000000 0.000000 0.000000
28.000000 267.163344 7.715157 1.483378 1.199289 0.000000 0.000000 0.000000 1.000000 0.000000 0.000000
28.000000 267.164186 7.139529 1.548931 1.297035 0.000000 0.000000 0.000000 1.000000 0.000000 0.000000
28.000000 267.173483 7.649645 1.488128 1.117151 0.000000 0.000000 0.000000 1.000000 0.000000 0.000000
28.000000 267.174459 7.032993 1.557149 1.235094 0.000000 0.000000 0.000000 1.000000 0.000000 0.000000
28.000000 267.183347 7.551716 1.498346 1.042454 0.000000 0.000000 0.000000 1.000000 0.000000 0.000000
28.000000 267.184209 6.959580 1.569514 1.164396 0.000000 0.000000 0.000000 1.000000 0.000000 0.000000
28.000000 267.193350 7.458643 1.504749 0.972632 0.000000 0.000000 0.000000 1.000000 0.000000 0.000000
28.000000 267.194442 6.877583 1.581573 1.092777 0.000000 0.000000 0.000000 1.000000 0.000000 0.000000
28.000000 267.203350 7.365125 1.517107 0.903761 0.000000 0.000000 0.000000 1.000000 0.000000 0.000000
28.000000 267.204232 6.807914 1.586784 1.022763 0.000000 0.000000 0.000000 1.000000 0.000000 0.000000
28.000000 267.213493 7.273182 1.524533 0.833641 0.000000 0.000000 0.000000 1.000000 0.000000 0.000000
28.000000 267.214639 6.725554 1.610335 0.952158 0.000000 0.000000 0.000000 1.000000 0.000000 0.000000
28.000000 267.223553 7.177116 1.534597 0.757524 0.000000 0.000000 0.000000 1.000000 0.000000 0.000000
28.000000 267.224229 6.649392 1.629408 0.880410 0.000000 0.000000 0.000000 1.000000 0.000000 0.000000
28.000000 267.233526 7.101165 1.540061 0.679188 0.000000 0.000000 0.000000 1.000000 0.000000 0.000000
28.000000 267.234270 6.587279 1.626885 0.801137 0.000000 0.000000 0.000000 1.000000 0.000000 0.000000
28.000000 267.243582 7.016250 1.548885 0.600130 0.000000 0.000000 0.000000 1.000000 0.000000 0.000000
28.000000 267.244239 6.493153 1.640403 0.731460 0.000000 0.000000 0.000000 1.000000 0.000000 0.000000
28.000000 267.253461 6.916512 1.560538 0.531021 0.000000 0.000000 0.000000 1.000000 0.000000 0.000000
28.000000 267.254494 6.442201 1.652881 0.654467 0.000000 0.000000 0.000000 1.000000 0.000000 0.000000
28.000000 267.263381 6.828644 1.567300 0.451182 0.000000 0.000000 0.000000 1.000000 0.000000 0.000000
28.000000 267.264240 6.350575 1.673365 0.580121 0.000000 0.000000 0.000000 1.000000 0.000000 0.000000
28.000000 267.273526 6.722354 1.574059 0.375930 0.000000 0.000000 0.000000 1.000000 0.000000 0.000000
28.000000 267.274312 6.289903 1.685383 0.500798 0.000000 0.000000 0.000000 1.000000 0.000000 0.000000
28.000000 267.283414 6.655239 1.584951 0.292845 0.000000 0.000000 0.000000 1.000000 0.000000 0.000000
28.000000 267.284267 6.222751 1.688902 0.418880 0.000000 0.000000 0.000000 1.000000 0.000000 0.000000
28.000000 267.293425 6.558980 1.595606 0.215762 0.000000 0.000000 0.000000 1.000000 0.000000 0.000000
28.000000 267.294367 6.143113 1.703705 0.343873 0.000000 0.000000 0.000000 1.000000 0.000000 0.000000
28.000000 267.303422 6.468082 1.602773 0.138897 0.000000 0.000000 0.000000 1.000000 0.000000 0.000000
28.000000 267.304280 6.092077 1.722499 0.256968 0.000000 0.000000 0.000000 1.000000 0.000000 0.000000
28.000000 267.313447 6.392460 1.608344 0.050992 0.000000 0.000000 0.000000 1.000000 0.000000 0.000000
28.000000 267.314316 5.999341 1.737141 0.180848 0.000000 0.000000 0.000000 1.000000 0.000000 0.000000
28.000000 267.323539 6.299500 1.617161 -0.002623 0.000000 0.000000 0.000000 1.000000 0.000000 0.000000
28.000000 267.324264 5.896580 1.734102 0.148248 0.000000 0.000000 0.000000 1.000000 0.000000 0.000000
28.000000 267.333456 6.271818 1.621472 0.053032 0.000000 0.000000 0.000000 1.000000 0.000000 0.000000
28.000000 267.334373 5.866965 1.747587 0.197618 0.000000 0.000000 0.000000 1.000000 0.000000 0.000000
28.000000 267.343543 6.219728 1.623450 0.112245 0.000000 0.000000 0.000000 1.000000 0.000000 0.000000
28.000000 267.344287 5.794251 1.743999 0.261380 0.000000 0.000000 0.000000 1.000000 0.000000 0.000000
28.000000 267.353434 6.170283 1.627511 0.168162 0.000000 0.000000 0.000000 1.000000 0.000000 0.000000
28.000000 267.354566 5.754287 1.749899 0.311213 0.000000 0.000000 0.000000 1.000000 0.000000 0.000000
28.000000 267.363586 6.119251 1.632859 0.223291 0.000000 0.000000 0.000000 1.000000 0.000000 0.000000
28.000000 267.364322 5.725500 1.766123 0.358445 0.000000 0.000000 0.000000 1.000000 0.000000 0.000000
28.000000 267.373455 6.068099 1.634411 0.274948 0.000000 0.000000 0.000000 1.000000 0.000000 0.000000
28.000000 267.374465 5.656748 1.757127 0.414699 0.000000 0.000000 0.000000 1.000000 0.000000 0.000000
28.000000 267.383553 6.031946 1.636313 0.322996 0.000000 0.000000 0.000000 1.000000 0.000000 0.000000
28.000000 267.384315 5.600992 1.753105 0.466077 0.000000 0.000000 0.000000 1.000000 0.000000 0.000000
28.000000 267.393560 5.990920 1.639433 0.374313 0.000000 0.000000 0.000000 1.000000 0.000000 0.000000
28.000000 267.394361 5.540312 1.758497 0.523860 0.000000 0.000000 0.000000 1.000000 0.000000 0.000000
28.000000 267.403570 5.946028 1.643931 0.423493 0.000000 0.000000 0.000000 1.000000 0.000000 0.000000
28.000000 267.404320 5.506703 1.757738 0.566727 0.000000 0.000000 0.000000 1.000000 0.000000 0.000000
28.000000 267.413460 5.895043 1.646470 0.473378 0.000000 0.000000 0.000000 1.000000 0.000000 0.000000
28.000000 267.414412 5.430764 1.769920 0.624828 0.000000 0.000000 0.000000 1.000000 0.000000 0.000000
28.000000 267.423519 5.844974 1.649924 0.520243 0.000000 0.000000 0.000000 1.000000 0.000000 0.000000
28.000000 267.424296 5.382546 1.764484 0.673472 0.000000 0.000000 0.000000 1.000000 0.000000 0.000000
28.000000 267.433504 5.809259 1.657237 0.565374 0.000000 0.000000 0.000000 1.000000 0.000000 0.000000
28.000000 267.434352 5.375026 1.775102 0.703672 0.000000 0.000000 0.000000 1.000000 0.000000 0.000000
28.000000 267.443576 5.757426 1.657644 0.610523 0.000000 0.000000 0.000000 1.000000 0.000000 0.000000
28.000000 267.444573 5.292793 1.774893 0.756848 0.000000 0.000000 0.000000 1.000000 0.000000 0.000000
28.000000 267.453608 5.709529 1.662084 0.656433 0.000000 0.000000 0.000000 1.000000 0.000000 0.000000
28.000000 267.454370 5.247046 1.771666 0.798924 0.000000 0.000000 0.000000 1.000000 0.000000 0.000000
28.000000 267.463513 5.663221 1.663502 0.699640 0.000000 0.000000 0.000000 1.000000 0.000000 0.000000
28.000000 267.464352 5.199999 1.778800 0.841064 0.000000 0.000000 0.000000 1.000000 0.000000 0.000000
28.000000 267.473446 5.614921 1.665794 0.741030 0.000000 0.000000 0.000000 1.000000 0.000000 0.000000
28.000000 267.474410 5.130444 1.792151 0.893422 0.000000 0.000000 0.000000 1.000000 0.000000 0.000000
28.000000 267.483537 5.580188 1.671062 0.778479 0.000000 0.000000 0.000000 1.000000 0.000000 0.000000
28.000000 267.484334 5.090235 1.786193 0.926717 0.000000 0.000000 0.000000 1.000000 0.000000 0.000000
28.000000 267.493479 5.529582 1.672081 0.819557 0.000000 0.000000 0.000000 1.000000 0.000000 0.000000
28.000000 267.494383 5.071680 1.792479 0.958721 0.000000 0.000000 0.000000 1.000000 0.000000 0.000000
28.000000 267.503738 5.487462 1.676846 0.856301 0.000000 0.000000 0.000000 1.000000 0.000000 0.000000
28.000000 267.504350 5.009500 1.767538 0.996978 0.000000 0.000000 0.000000 1.000000 0.000000 0.000000
28.000000 267.513622 5.444232 1.681668 0.896466 0.000000 0.000000 0.000000 1.000000 0.000000 0.000000
28.000000 267.514370 4.968730 1.791975 1.040158 0.000000 0.000000 0.000000 1.000000 0.000000 0.000000
28.000000 267.523691 5.401960 1.685994 0.924526 0.000000 0.000000 0.000000 1.000000 0.000000 0.000000
28.000000 267.524376 4.951256 1.804426 1.064485 0.000000 0.000000 0.000000 1.000000 0.000000 0.000000
28.000000 267.533647 5.358520 1.686701 0.962020 0.000000 0.000000 0.000000 1.000000 0.000000 0.000000
28.000000 267.534401 4.860228 1.778563 1.105807 0.000000 0.000000 0.000000 1.000000 0.000000 0.000000
28.000000 267.543678 5.309241 1.690469 0.996784 0.000000 0.000000 0.000000 1.000000 0.000000 0.000000
28.000000 267.544362 4.817432 1.803445 1.141015 0.000000 0.000000 0.000000 1.000000 0.000000 0.000000
28.000000 267.553588 5.264151 1.695087 1.030303 0.000000 0.000000 0.000000 1.000000 0.000000 0.000000
28.000000 267.558080 3.697851 1.794637 1.088060 0.000000 0.000000 0.000000 1.000000 0.000000 0.000000
28.000000 267.563697 5.216856 1.698220 1.067750 0.000000 0.000000 0.000000 1.000000 0.000000 0.000000
28.000000 267.564425 4.720387 1.802656 1.211206 0.000000 0.000000 0.000000 1.000000 0.000000 0.000000
28.000000 267.573712 5.141928 1.697576 1.096337 0.000000 0.000000 0.000000 1.000000 0.000000 0.000000
28.000000 267.574445 4.662608 1.813192 1.243633 0.000000 0.000000 0.000000 1.000000 0.000000 0.000000
28.000000 267.578041 3.563204 1.785828 1.155622 0.000000 0.000000 0.000000 1.000000 0.000000 0.000000
28.000000 267.583611 5.125645 1.703634 1.120203 0.000000 0.000000 0.000000 1.000000 0.000000 0.000000
28.000000 267.584375 4.626898 1.820627 1.269732 0.000000 0.000000 0.000000 1.000000 0.000000 0.000000
28.000000 267.587999 3.566698 1.805392 1.191818 0.000000 0.000000 0.000000 1.000000 0.000000 0.000000
28.000000 267.593648 5.084096 1.708142 1.151311 0.000000 0.000000 0.000000 1.000000 0.000000 0.000000
28.000000 267.594425 4.593527 1.822006 1.294041 0.000000 0.000000 0.000000 1.000000 0.000000 0.000000
28.000000 267.598087 3.546092 1.804648 1.223119 0.000000 0.000000 0.000000 1.000000 0.000000 0.000000
28.000000 267.603619 5.037312 1.710679 1.178415 0.000000 0.000000 0.000000 1.000000 0.000000 0.000000
28.000000 267.604401 4.539421 1.824247 1.324797 0.000000 0.000000 0.000000 1.000000 0.000000 0.000000
28.000000 267.607977 3.495652 1.809685 1.253605 0.000000 0.000000 0.000000 1.000000 0.000000 0.000000
28.000000 267.613703 4.993678 1.708755 1.203866 0.000000 0.000000 0.000000 1.000000 0.000000 0.000000
28.000000 267.614472 4.453319 1.812989 1.355728 0.000000 0.000000 0.000000 1.000000 0.000000 0.000000
28.000000 267.618060 3.478279 1.808937 1.290404 0.000000 0.000000 0.000000 1.000000 0.000000 0.000000
28.000000 267.623671 4.953120 1.718709 1.225088 0.000000 0.000000 0.000000 1.000000 0.000000 0.000000
28.000000 267.624370 4.408109 1.829600 1.390103 0.000000 0.000000 0.000000 1.000000 0.000000 0.000000
28.000000 267.628047 3.380714 1.825787 1.318299 0.000000 0.000000 0.000000 1.000000 0.000000 0.000000
28.000000 267.633561 4.903447 1.716371 1.258577 0.000000 0.000000 0.000000 1.000000 0.000000 0.000000
28.000000 267.634440 4.366282 1.810479 1.407608 0.000000 0.000000 0.000000 1.000000 0.000000 0.000000
28.000000 267.638127 3.449859 1.808063 1.353352 0.000000 0.000000 0.000000 1.000000 0.000000 0.000000
28.000000 267.643771 4.859959 1.724481 1.280026 0.000000 0.000000 0.000000 1.000000 0.000000 0.000000
28.000000 267.644502 4.296967 1.825660 1.443557 0.000000 0.000000 0.000000 1.000000 0.000000 0.000000
28.000000 267.648044 3.316848 1.824045 1.378598 0.000000 0.000000 0.000000 1.000000 0.000000 0.000000
28.000000 267.653522 4.814674 1.728766 1.303905 0.000000 0.000000 0.000000 1.000000 0.000000 0.000000
28.000000 267.654434 4.293873 1.834165 1.452712 0.000000 0.000000 0.000000 1.000000 0.000000 0.000000
28.000000 267.658097 3.231613 1.815222 1.386319 0.000000 0.000000 0.000000 1.000000 0.000000 0.000000
28.000000 267.663674 4.762573 1.732295 1.324576 0.000000 0.000000 0.000000 1.000000 0.000000 0.000000
28.000000 267.664501 4.165755 1.830482 1.498134 0.000000 0.000000 0.000000 1.000000 0.000000 0.000000
28.000000 267.668102 3.138065 1.825867 1.421421 0.000000 0.000000 0.000000 1.000000 0.000000 0.000000
28.000000 267.673547 4.721786 1.730605 1.344991 0.000000 0.000000 0.000000 1.000000 0.000000 0.000000
28.000000 267.674498 4.198782 1.840053 1.499931 0.000000 0.000000 0.000000 1.000000 0.000000 0.000000
28.000000 267.678100 3.126222 1.825782 1.433350 0.000000 0.000000 0.000000 1.000000 0.000000 0.000000
28.000000 267.683683 4.684307 1.733697 1.361259 0.000000 0.000000 0.000000 1.000000 0.000000 0.000000
28.000000 267.684407 4.168029 1.849232 1.515896 0.000000 0.000000 0.000000 1.000000 0.000000 0.000000
28.000000 267.688102 3.107400 1.841892 1.463389 0.000000 0.000000 0.000000 1.000000 0.000000 0.000000
28.000000 267.693537 4.630233 1.738950 1.379564 0.000000 0.000000 0.000000 1.000000 0.000000 0.000000
28.000000 267.694498 4.111309 1.850514 1.534921 0.000000 0.000000 0.000000 1.000000 0.000000 0.000000
28.000000 267.698170 2.983926 1.829077 1.467736 0.000000 0.000000 0.000000 1.000000 0.000000 0.000000
28.000000 267.703638 4.589409 1.743932 1.397680 0.000000 0.000000 0.000000 1.000000 0.000000 0.000000
28.000000 267.704631 4.061429 1.853982 1.553150 0.000000 0.000000 0.000000 1.000000 0.000000 0.000000
28.000000 267.708170 3.019770 1.848729 1.501501 0.000000 0.000000 0.000000 1.000000 0.000000 0.000000
28.000000 267.713554 4.545822 1.747563 1.412125 0.000000 0.000000 0.000000 1.000000 0.000000 0.000000
28.000000 267.718156 3.840265 1.670143 1.632613 0.000000 0.000000 0.000000 1.000000 0.000000 0.000000
28.000000 267.723691 4.503455 1.746282 1.425572 0.000000 0.000000 0.000000 1.000000 0.000000 0.000000
28.000000 267.724440 3.999000 1.863302 1.580739 0.000000 0.000000 0.000000 1.000000 0.000000 0.000000
28.000000 267.728014 2.856249 1.843996 1.521908 0.000000 0.000000 0.000000 1.000000 0.000000 0.000000
28.000000 267.733588 4.458477 1.748671 1.441599 0.000000 0.000000 0.000000 1.000000 0.000000 0.000000
28.000000 267.734467 3.962157 1.869925 1.594461 0.000000 0.000000 0.000000 1.000000 0.000000 0.000000
28.000000 267.738190 2.876190 1.864746 1.544580 0.000000 0.000000 0.000000 1.000000 0.000000 0.000000
28.000000 267.743658 4.414130 1.752495 1.453018 0.000000 0.000000 0.000000 1.000000 0.000000 0.000000
28.000000 267.744418 3.892678 1.860136 1.609411 0.000000 0.000000 0.000000 1.000000 0.000000 0.000000
28.000000 267.748194 2.892362 1.861344 1.571754 0.000000 0.000000 0.000000 1.000000 0.000000 0.000000
28.000000 267.753629 4.373237 1.758207 1.461944 0.000000 0.000000 0.000000 1.000000 0.000000 0.000000
28.000000 267.758160 3.628347 1.666993 1.687701 0.000000 0.000000 0.000000 1.000000 0.000000 0.000000
28.000000 267.763641 4.326107 1.762362 1.477421 0.000000 0.000000 0.000000 1.000000 0.000000 0.000000
28.000000 267.768092 3.609216 1.682577 1.702916 0.000000 0.000000 0.000000 1.000000 0.000000 0.000000
28.000000 267.773710 4.287146 1.764806 1.485641 0.000000 0.000000 0.000000 1.000000 0.000000 0.000000
28.000000 267.778158 3.553882 1.671076 1.704840 0.000000 0.000000 0.000000 1.000000 0.000000 0.000000
28.000000 267.783824 4.233951 1.764155 1.495319 0.000000 0.000000 0.000000 1.000000 0.000000 0.000000
28.000000 267.788185 3.505154 1.673988 1.716476 0.000000 0.000000 0.000000 1.000000 0.000000 0.000000
28.000000 267.793746 4.195132 1.770811 1.500010 0.000000 0.000000 0.000000 1.000000 0.000000 0.000000
28.000000 267.798228 3.451018 1.683569 1.733013 0.000000 0.000000 0.000000 1.000000 0.000000 0.000000
28.000000 267.803674 4.147813 1.770659 1.508409 0.000000 0.000000 0.000000 1.000000 0.000000 0.000000
28.000000 267.808183 3.405135 1.678933 1.735660 0.000000 0.000000 0.000000 1.000000 0.000000 0.000000
28.000000 267.813625 4.100740 1.779461 1.515957 0.000000 0.000000 0.000000 1.000000 0.000000 0.000000
28.000000 267.818166 3.349344 1.684220 1.747193 0.000000 0.000000 0.000000 1.000000 0.000000 0.000000
28.000000 267.823685 4.070891 1.777436 1.517261 0.000000 0.000000 0.000000 1.000000 0.000000 0.000000
28.000000 267.828169 3.353186 1.694659 1.743291 0.000000 0.000000 0.000000 1.000000 0.000000 0.000000
28.000000 267.833602 4.016402 1.782488 1.520921 0.000000 0.000000 0.000000 1.000000 0.000000 0.000000
28.000000 267.838322 3.274632 1.686386 1.749179 0.000000 0.000000 0.000000 1.000000 0.000000 0.000000
28.000000 267.843776 3.976415 1.785301 1.520932 0.000000 0.000000 0.000000 1.000000 0.000000 0.000000
28.000000 267.848103 3.225222 1.690208 1.755353 0.000000 0.000000 0.000000 1.000000 0.000000 0.000000
28.000000 267.853715 3.929852 1.790464 1.524263 0.000000 0.000000 0.000000 1.000000 0.000000 0.000000
28.000000 267.858219 3.180148 1.693897 1.758984 0.000000 0.000000 0.000000 1.000000 0.000000 0.000000
28.000000 267.863738 3.887995 1.792758 1.527157 0.000000 0.000000 0.000000 1.000000 0.000000 0.000000
28.000000 267.868168 3.147746 1.693587 1.757279 0.000000 0.000000 0.000000 1.000000 0.000000 0.000000
28.000000 267.873690 3.852032 1.793124 1.521344 0.000000 0.000000 0.000000 1.000000 0.000000 0.000000
28.000000 267.878288 3.129402 1.701798 1.750098 0.000000 0.000000 0.000000 1.000000 0.000000 0.000000
28.000000 267.883898 3.801742 1.799610 1.522269 0.000000 0.000000 0.000000 1.000000 0.000000 0.000000
28.000000 267.888350 3.070743 1.703307 1.750834 0.000000 0.000000 0.000000 1.000000 0.000000 0.000000
28.000000 267.893677 3.756054 1.799440 1.519284 0.000000 0.000000 0.000000 1.000000 0.000000 0.000000
28.000000 267.898210 3.011289 1.701808 1.754693 0.000000 0.000000 0.000000 1.000000 0.000000 0.000000
28.000000 267.903808 3.723830 1.806525 1.514434 0.000000 0.000000 0.000000 1.000000 0.000000 0.000000
28.000000 267.908194 2.969498 1.705117 1.752723 0.000000 0.000000 0.000000 1.000000 0.000000 0.000000
28.000000 267.913690 3.677828 1.806971 1.509929 0.000000 0.000000 0.000000 1.000000 0.000000 0.000000
28.000000 267.918261 2.932611 1.706608 1.748145 0.000000 0.000000 0.000000 1.000000 0.000000 0.000000
28.000000 267.923783 3.633751 1.810026 1.501979 0.000000 0.000000 0.000000 1.000000 0.000000 0.000000
28.000000 267.928171 2.910048 1.715704 1.738512 0.000000 0.000000 0.000000 1.000000 0.000000 0.000000
28.000000 267.933757 3.596581 1.812088 1.494822 0.000000 0.000000 0.000000 1.000000 0.000000 0.000000
28.000000 267.938408 2.874444 1.714939 1.729128 0.000000 0.000000 0.000000 1.000000 0.000000 0.000000
28.000000 267.943799 3.549629 1.818910 1.488033 0.000000 0.000000 0.000000 1.000000 0.000000 0.000000
28.000000 267.948167 2.843470 1.733825 1.728052 0.000000 0.000000 0.000000 1.000000 0.000000 0.000000
28.000000 267.953703 3.513511 1.819493 1.480424 0.000000 0.000000 0.000000 1.000000 0.000000 0.000000
28.000000 267.958280 2.786466 1.722326 1.717670 0.000000 0.000000 0.000000 1.000000 0.000000 0.000000
28.000000 267.963805 3.459778 1.824390 1.466598 0.000000 0.000000 0.000000 1.000000 0.000000 0.000000
28.000000 267.968216 2.732426 1.721319 1.710037 0.000000 0.000000 0.000000 1.000000 0.000000 0.000000
28.000000 267.973742 3.423440 1.825540 1.459246 0.000000 0.000000 0.000000 1.000000 0.000000 0.000000
28.000000 267.978462 2.700504 1.723778 1.697059 0.000000 0.000000 0.000000 1.000000 0.000000 0.000000
28.000000 267.983763 3.377552 1.831023 1.447227 0.000000 0.000000 0.000000 1.000000 0.000000 0.000000
28.000000 267.988316 2.687735 1.733360 1.676888 0.000000 0.000000 0.000000 1.000000 0.000000 0.000000
28.000000 267.993670 3.339095 1.831521 1.432892 0.000000 0.000000 0.000000 1.000000 0.000000 0.000000
28.000000 267.998321 2.663579 1.745277 1.669579 0.000000 0.000000 0.000000 1.000000 0.000000 0.000000
28.000000 268.003808 3.293457 1.835069 1.419350 0.000000 0.000000 0.000000 1.000000 0.000000 0.000000
28.000000 268.008315 2.586544 1.735350 1.658446 0.000000 0.000000 0.000000 1.000000 0.000000 0.000000
28.000000 268.013727 3.252279 1.840953 1.405367 0.000000 0.000000 0.000000 1.000000 0.000000 0.000000
28.000000 268.018369 2.544833 1.738560 1.645764 0.000000 0.000000 0.000000 1.000000 0.000000 0.000000
28.000000 268.023941 3.206527 1.841602 1.389987 0.000000 0.000000 0.000000 1.000000 0.000000 0.000000
28.000000 268.028339 2.498123 1.735157 1.631223 0.000000 0.000000 0.000000 1.000000 0.000000 0.000000
28.000000 268.033869 3.169985 1.843876 1.371917 0.000000 0.000000 0.000000 1.000000 0.000000 0.000000
28.000000 268.038251 2.445356 1.735843 1.621157 0.000000 0.000000 0.000000 1.000000 0.000000 0.000000
28.000000 268.043870 3.121892 1.847292 1.355432 0.000000 0.000000 0.000000 1.000000 0.000000 0.000000
28.000000 268.048329 2.429109 1.742932 1.594938 0.000000 0.000000 0.000000 1.000000 0.000000 0.000000
28.000000 268.053868 3.080920 1.852620 1.335591 0.000000 0.000000 0.000000 1.000000 0.000000 0.000000
28.000000 268.058290 2.376749 1.744433 1.580082 0.000000 0.000000 0.000000 1.000000 0.000000 0.000000
28.000000 268.063840 3.038916 1.857548 1.317505 0.000000 0.000000 0.000000 1.000000 0.000000 0.000000
28.000000 268.068250 2.364184 1.763225 1.564820 0.000000 0.000000 0.000000 1.000000 0.000000 0.000000
28.000000 268.073888 3.004923 1.859133 1.293347 0.000000 0.000000 0.000000 1.000000 0.000000 0.000000
28.000000 268.078488 2.296112 1.742275 1.537924 0.000000 0.000000 0.000000 1.000000 0.000000 0.000000
28.000000 268.083959 2.963942 1.858953 1.270648 0.000000 0.000000 0.000000 1.000000 0.000000 0.000000
28.000000 268.088252 2.314406 1.767193 1.513358 0.000000 0.000000 0.000000 1.000000 0.000000 0.000000
28.000000 268.093938 2.917692 1.862979 1.247954 0.000000 0.000000 0.000000 1.000000 0.000000 0.000000
28.000000 268.098438 2.229162 1.750158 1.495870 0.000000 0.000000 0.000000 1.000000 0.000000 0.000000
28.000000 268.104001 2.872667 1.868643 1.217049 0.000000 0.000000 0.000000 1.000000 0.000000 0.000000
28.000000 268.108232 2.203270 1.771703 1.478397 0.000000 0.000000 0.000000 1.000000 0.000000 0.000000
28.000000 268.113812 2.831709 1.867042 1.196825 0.000000 0.000000 0.000000 1.000000 0.000000 0.000000
28.000000 268.118472 2.193241 1.760881 1.433953 0.000000 0.000000 0.000000 1.000000 0.000000 0.000000
28.000000 268.123822 2.808195 1.870127 1.171239 0.000000 0.000000 0.000000 1.000000 0.000000 0.000000
28.000000 268.128242 2.139312 1.760286 1.422155 0.000000 0.000000 0.000000 1.000000 0.000000 0.000000
28.000000 268.133933 2.759456 1.870497 1.142275 0.000000 0.000000 0.000000 1.000000 0.000000 0.000000
28.000000 268.138588 2.114274 1.767307 1.393255 0.000000 0.000000 0.000000 1.000000 0.000000 0.000000
28.000000 268.144037 2.716323 1.876212 1.110867 0.000000 0.000000 0.000000 1.000000 0.000000 0.000000
28.000000 268.148340 2.081594 1.773802 1.361618 0.000000 0.000000 0.000000 1.000000 0.000000 0.000000
28.000000 268.153981 2.682639 1.874414 1.083307 0.000000 0.000000 0.000000 1.000000 0.000000 0.000000
28.000000 268.158359 2.038694 1.761721 1.330598 0.000000 0.000000 0.000000 1.000000 0.000000 0.000000
28.000000 268.164030 2.653758 1.876428 1.050467 0.000000 0.000000 0.000000 1.000000 0.000000 0.000000
28.000000 268.168315 1.999987 1.773183 1.310651 0.000000 0.000000 0.000000 1.000000 0.000000 0.000000
28.000000 268.174012 2.610710 1.881355 1.018010 0.000000 0.000000 0.000000 1.000000 0.000000 0.000000
28.000000 268.178406 1.998993 1.788398 1.267653 0.000000 0.000000 0.000000 1.000000 0.000000 0.000000
28.000000 268.183939 2.558451 1.879750 0.986608 0.000000 0.000000 0.000000 1.000000 0.000000 0.000000
28.000000 268.188377 1.915049 1.765701 1.246329 0.000000 0.000000 0.000000 1.000000 0.000000 0.000000
28.000000 268.193797 2.538896 1.876791 0.951760 0.000000 0.000000 0.000000 1.000000 0.000000 0.000000
28.000000 268.198426 1.920934 1.778000 1.211768 0.000000 0.000000 0.000000 1.000000 0.000000 0.000000
28.000000 268.203872 2.502358 1.879023 0.916108 0.000000 0.000000 0.000000 1.000000 0.000000 0.000000
28.000000 268.208333 1.892387 1.782524 1.175624 0.000000 0.000000 0.000000 1.000000 0.000000 0.000000
28.000000 268.213916 2.466934 1.882226 0.878671 0.000000 0.000000 0.000000 1.000000 0.000000 0.000000
28.000000 268.218321 1.870853 1.777083 1.123019 0.000000 0.000000 0.000000 1.000000 0.000000 0.000000
28.000000 268.228250 2.226566 1.873909 1.038402 0.000000 0.000000 0.000000 1.000000 0.000000 0.000000
28.000000 268.238359 2.149375 1.894771 1.033990 0.000000 0.000000 0.000000 1.000000 0.000000 0.000000
28.000000 268.248327 2.138943 1.878230 0.983011 0.000000 0.000000 0.000000 1.000000 0.000000 0.000000
28.000000 268.258386 2.091593 1.898362 0.940436 0.000000 0.000000 0.000000 1.000000 0.000000 0.000000
28.000000 268.268371 2.035343 1.911548 0.909831 0.000000 0.000000 0.000000 1.000000 0.000000 0.000000
28.000000 268.278338 1.996821 1.906233 0.866736 0.000000 0.000000 0.000000 1.000000 0.000000 0.000000
