2.000000 26.068536 25.275563 -0.282493 0.482073 0.000000 0.000000 0.000000 1.000000 0.000000 0.000000
2.000000 26.078648 25.143128 -0.307354 0.560936 0.000000 0.000000 0.000000 1.000000 0.000000 0.000000
2.000000 26.088393 25.053357 -0.330226 0.673877 0.000000 0.000000 0.000000 1.000000 0.000000 0.000000
2.000000 26.098719 24.911594 -0.332664 0.767137 0.000000 0.000000 0.000000 1.000000 0.000000 0.000000
2.000000 26.108416 24.804158 -0.354999 0.860658 0.000000 0.000000 0.000000 1.000000 0.000000 0.000000
2.000000 26.118676 24.646575 -0.354409 0.940961 0.000000 0.000000 0.000000 1.000000 0.000000 0.000000
2.000000 26.128636 24.477309 -0.365953 1.017119 0.000000 0.000000 0.000000 1.000000 0.000000 0.000000
2.000000 26.138606 24.354420 -0.368497 1.104574 0.000000 0.000000 0.000000 1.000000 0.000000 0.000000
2.000000 26.146076 23.089305 -0.405815 1.355210 0.000000 0.000000 0.000000 1.000000 0.000000 0.000000
2.000000 26.148413 24.234387 -0.380834 1.183398 0.000000 0.000000 0.000000 1.000000 0.000000 0.000000
2.000000 26.156105 22.997065 -0.415832 1.434259 0.000000 0.000000 0.000000 1.000000 0.000000 0.000000
2.000000 26.158551 24.051706 -0.386586 1.273474 0.000000 0.000000 0.000000 1.000000 0.000000 0.000000
2.000000 26.166028 22.869652 -0.421845 1.497994 0.000000 0.000000 0.000000 1.000000 0.000000 0.000000
2.000000 26.168428 23.900067 -0.391336 1.345539 0.000000 0.000000 0.000000 1.000000 0.000000 0.000000
2.000000 26.176140 22.792731 -0.438077 1.581677 0.000000 0.000000 0.000000 1.000000 0.000000 0.000000
2.000000 26.178538 23.778660 -0.407780 1.423361 0.000000 0.000000 0.000000 1.000000 0.000000 0.000000
2.000000 26.186261 22.683274 -0.445419 1.646828 0.000000 0.000000 0.000000 1.000000 0.000000 0.000000
2.000000 26.188514 23.663972 -0.417128 1.501277 0.000000 0.000000 0.000000 1.000000 0.000000 0.000000
2.000000 26.196310 22.582652 -0.452201 1.716987 0.000000 0.000000 0.000000 1.000000 0.000000 0.000000
2.000000 26.198534 23.501386 -0.422429 1.580368 0.000000 0.000000 0.000000 1.000000 0.000000 0.000000
2.000000 26.206195 22.470210 -0.449363 1.780529 0.000000 0.000000 0.000000 1.000000 0.000000 0.000000
2.000000 26.208423 23.326884 -0.416771 1.661700 0.000000 0.000000 0.000000 1.000000 0.000000 0.000000
2.000000 26.216146 22.364465 -0.465240 1.844846 0.000000 0.000000 0.000000 1.000000 0.000000 0.000000
2.000000 26.218656 23.185731 -0.432686 1.726223 0.000000 0.000000 0.000000 1.000000 0.000000 0.000000
2.000000 26.226250 22.260942 -0.468764 1.908553 0.000000 0.000000 0.000000 1.000000 0.000000 0.000000
2.000000 26.228601 22.954046 -0.431140 1.801218 0.000000 0.000000 0.000000 1.000000 0.000000 0.000000
2.000000 26.236073 22.163685 -0.477745 1.976358 0.000000 0.000000 0.000000 1.000000 0.000000 0.000000
2.000000 26.238553 22.884455 -0.442680 1.871665 0.000000 0.000000 0.000000 1.000000 0.000000 0.000000
2.000000 26.246100 22.052094 -0.490354 2.033555 0.000000 0.000000 0.000000 1.000000 0.000000 0.000000
2.000000 26.248570 22.786975 -0.459010 1.930835 0.000000 0.000000 0.000000 1.000000 0.000000 0.000000
2.000000 26.256060 21.956504 -0.497258 2.096583 0.000000 0.000000 0.000000 1.000000 0.000000 0.000000
2.000000 26.258678 22.636724 -0.461831 2.001974 0.000000 0.000000 0.000000 1.000000 0.000000 0.000000
2.000000 26.266210 21.849383 -0.505337 2.154392 0.000000 0.000000 0.000000 1.000000 0.000000 0.000000
2.000000 26.268444 22.489160 -0.468363 2.067835 0.000000 0.000000 0.000000 1.000000 0.000000 0.000000
2.000000 26.276241 21.744089 -0.511378 2.214482 0.000000 0.000000 0.000000 1.000000 0.000000 0.000000
2.000000 26.278570 22.306356 -0.476735 2.131547 0.000000 0.000000 0.000000 1.000000 0.000000 0.000000
2.000000 26.286130 21.633986 -0.519251 2.270676 0.000000 0.000000 0.000000 1.000000 0.000000 0.000000
2.000000 26.288395 22.232016 -0.483584 2.191636 0.000000 0.000000 0.000000 1.000000 0.000000 0.000000
2.000000 26.290449 20.937843 -0.111006 2.199447 0.000000 0.000000 0.000000 1.000000 0.000000 0.000000
2.000000 26.296226 21.526047 -0.528280 2.323908 0.000000 0.000000 0.000000 1.000000 0.000000 0.000000
2.000000 26.298501 22.114994 -0.496895 2.249672 0.000000 0.000000 0.000000 1.000000 0.000000 0.000000
2.000000 26.300663 20.836061 -0.125284 2.254506 0.000000 0.000000 0.000000 1.000000 0.000000 0.000000
2.000000 26.308413 21.928701 -0.501089 2.313612 0.000000 0.000000 0.000000 1.000000 0.000000 0.000000
2.000000 26.310525 20.708795 -0.143385 2.307230 0.000000 0.000000 0.000000 1.000000 0.000000 0.000000
2.000000 26.318582 21.806796 -0.506514 2.371644 0.000000 0.000000 0.000000 1.000000 0.000000 0.000000
2.000000 26.320704 20.601213 -0.149442 2.363249 0.000000 0.000000 0.000000 1.000000 0.000000 0.000000
2.000000 26.328450 21.532261 -0.516493 2.451071 0.000000 0.000000 0.000000 1.000000 0.000000 0.000000
2.000000 26.330434 20.449211 -0.186084 2.425803 0.000000 0.000000 0.000000 1.000000 0.000000 0.000000
2.000000 26.338734 21.572374 -0.530830 2.477660 0.000000 0.000000 0.000000 1.000000 0.000000 0.000000
2.000000 26.340717 20.365807 -0.172861 2.470633 0.000000 0.000000 0.000000 1.000000 0.000000 0.000000
2.000000 26.348527 21.401239 -0.530096 2.536139 0.000000 0.000000 0.000000 1.000000 0.000000 0.000000
2.000000 26.350651 20.246312 -0.183917 2.523168 0.000000 0.000000 0.000000 1.000000 0.000000 0.000000
2.000000 26.358675 21.227906 -0.537025 2.597426 0.000000 0.000000 0.000000 1.000000 0.000000 0.000000
2.000000 26.360588 20.120385 -0.200650 2.572829 0.000000 0.000000 0.000000 1.000000 0.000000 0.000000
2.000000 26.368518 21.173991 -0.550983 2.639382 0.000000 0.000000 0.000000 1.000000 0.000000 0.000000
2.000000 26.370794 20.005607 -0.197251 2.620658 0.000000 0.000000 0.000000 1.000000 0.000000 0.000000
2.000000 26.378833 20.969450 -0.554554 2.694157 0.000000 0.000000 0.000000 1.000000 0.000000 0.000000
2.000000 26.380708 19.882069 -0.219541 2.663223 0.000000 0.000000 0.000000 1.000000 0.000000 0.000000
2.000000 26.388570 20.900996 -0.568303 2.746303 0.000000 0.000000 0.000000 1.000000 0.000000 0.000000
2.000000 26.390520 19.779167 -0.221925 2.720037 0.000000 0.000000 0.000000 1.000000 0.000000 0.000000
2.000000 26.398608 20.753838 -0.569060 2.783999 0.000000 0.000000 0.000000 1.000000 0.000000 0.000000
2.000000 26.400756 19.662508 -0.234327 2.761473 0.000000 0.000000 0.000000 1.000000 0.000000 0.000000
2.000000 26.408677 20.693911 -0.601879 2.819468 0.000000 0.000000 0.000000 1.000000 0.000000 0.000000
2.000000 26.410487 19.544346 -0.249304 2.800287 0.000000 0.000000 0.000000 1.000000 0.000000 0.000000
2.000000 26.418555 20.487557 -0.584660 2.876057 0.000000 0.000000 0.000000 1.000000 0.000000 0.000000
2.000000 26.420869 19.417670 -0.252117 2.845299 0.000000 0.000000 0.000000 1.000000 0.000000 0.000000
2.000000 26.428745 20.263795 -0.592282 2.925937 0.000000 0.000000 0.000000 1.000000 0.000000 0.000000
2.000000 26.430462 19.281765 -0.283162 2.889035 0.000000 0.000000 0.000000 1.000000 0.000000 0.000000
2.000000 26.438608 20.311845 -0.600954 2.967621 0.000000 0.000000 0.000000 1.000000 0.000000 0.000000
2.000000 26.440593 19.227411 -0.261986 2.937734 0.000000 0.000000 0.000000 1.000000 0.000000 0.000000
2.000000 26.448625 20.152931 -0.609619 3.005610 0.000000 0.000000 0.000000 1.000000 0.000000 0.000000
2.000000 26.450532 19.100379 -0.278126 2.972266 0.000000 0.000000 0.000000 1.000000 0.000000 0.000000
2.000000 26.458630 20.006444 -0.640084 3.054000 0.000000 0.000000 0.000000 1.000000 0.000000 0.000000
2.000000 26.460528 18.957107 -0.305430 3.012299 0.000000 0.000000 0.000000 1.000000 0.000000 0.000000
2.000000 26.468582 19.909078 -0.625921 3.083970 0.000000 0.000000 0.000000 1.000000 0.000000 0.000000
2.000000 26.470540 18.853679 -0.291377 3.052638 0.000000 0.000000 0.000000 1.000000 0.000000 0.000000
2.000000 26.478604 19.631953 -0.629736 3.115657 0.000000 0.000000 0.000000 1.000000 0.000000 0.000000
2.000000 26.480572 18.704061 -0.331376 3.067428 0.000000 0.000000 0.000000 1.000000 0.000000 0.000000
2.000000 26.488553 19.582196 -0.637629 3.165422 0.000000 0.000000 0.000000 1.000000 0.000000 0.000000
2.000000 26.490485 18.626049 -0.328822 3.124398 0.000000 0.000000 0.000000 1.000000 0.000000 0.000000
2.000000 26.498595 19.492495 -0.640762 3.199768 0.000000 0.000000 0.000000 1.000000 0.000000 0.000000
2.000000 26.500620 18.520634 -0.325947 3.161287 0.000000 0.000000 0.000000 1.000000 0.000000 0.000000
2.000000 26.508592 19.367342 -0.669191 3.224991 0.000000 0.000000 0.000000 1.000000 0.000000 0.000000
2.000000 26.510528 18.380523 -0.348241 3.190570 0.000000 0.000000 0.000000 1.000000 0.000000 0.000000
2.000000 26.518634 19.214797 -0.664462 3.266826 0.000000 0.000000 0.000000 1.000000 0.000000 0.000000
2.000000 26.520890 18.275917 -0.354983 3.213491 0.000000 0.000000 0.000000 1.000000 0.000000 0.000000
2.000000 26.528546 18.974397 -0.671854 3.305286 0.000000 0.000000 0.000000 1.000000 0.000000 0.000000
2.000000 26.530527 18.110418 -0.383583 3.249838 0.000000 0.000000 0.000000 1.000000 0.000000 0.000000
2.000000 26.538666 18.942774 -0.679529 3.337253 0.000000 0.000000 0.000000 1.000000 0.000000 0.000000
2.000000 26.540591 18.038308 -0.378535 3.291655 0.000000 0.000000 0.000000 1.000000 0.000000 0.000000
2.000000 26.548520 18.810704 -0.692321 3.362104 0.000000 0.000000 0.000000 1.000000 0.000000 0.000000
2.000000 26.550519 17.912458 -0.392210 3.317825 0.000000 0.000000 0.000000 1.000000 0.000000 0.000000
2.000000 26.558649 18.670299 -0.698451 3.390777 0.000000 0.000000 0.000000 1.000000 0.000000 0.000000
2.000000 26.560609 17.795755 -0.404632 3.343889 0.000000 0.000000 0.000000 1.000000 0.000000 0.000000
2.000000 26.568591 18.578342 -0.721324 3.418545 0.000000 0.000000 0.000000 1.000000 0.000000 0.000000
2.000000 26.578648 18.431896 -0.709011 3.438714 0.000000 0.000000 0.000000 1.000000 0.000000 0.000000
2.000000 26.580859 17.563259 -0.414900 3.391170 0.000000 0.000000 0.000000 1.000000 0.000000 0.000000
2.000000 26.588639 18.288292 -0.713319 3.470133 0.000000 0.000000 0.000000 1.000000 0.000000 0.000000
2.000000 26.590685 17.458047 -0.429890 3.429158 0.000000 0.000000 0.000000 1.000000 0.000000 0.000000
2.000000 26.598643 18.168854 -0.732733 3.490157 0.000000 0.000000 0.000000 1.000000 0.000000 0.000000
2.000000 26.600924 17.334957 -0.446556 3.454397 0.000000 0.000000 0.000000 1.000000 0.000000 0.000000
2.000000 26.608645 18.047280 -0.725216 3.505496 0.000000 0.000000 0.000000 1.000000 0.000000 0.000000
2.000000 26.610486 17.234239 -0.446402 3.470348 0.000000 0.000000 0.000000 1.000000 0.000000 0.000000
2.000000 26.618707 18.013880 -0.742912 3.521294 0.000000 0.000000 0.000000 1.000000 0.000000 0.000000
2.000000 26.620750 17.121716 -0.437469 3.489936 0.000000 0.000000 0.000000 1.000000 0.000000 0.000000
2.000000 26.628612 17.778661 -0.745479 3.528406 0.000000 0.000000 0.000000 1.000000 0.000000 0.000000
2.000000 26.630708 16.982052 -0.471037 3.487897 0.000000 0.000000 0.000000 1.000000 0.000000 0.000000
2.000000 26.640674 16.509916 -0.698065 3.527675 0.000000 0.000000 0.000000 1.000000 0.000000 0.000000
2.000000 26.648855 17.541701 -0.755419 3.561261 0.000000 0.000000 0.000000 1.000000 0.000000 0.000000
2.000000 26.650609 16.765021 -0.486647 3.531782 0.000000 0.000000 0.000000 1.000000 0.000000 0.000000
2.000000 26.658724 17.434935 -0.770424 3.594180 0.000000 0.000000 0.000000 1.000000 0.000000 0.000000
2.000000 26.660881 16.660426 -0.498835 3.561464 0.000000 0.000000 0.000000 1.000000 0.000000 0.000000
2.000000 26.668707 17.289003 -0.769995 3.612047 0.000000 0.000000 0.000000 1.000000 0.000000 0.000000
2.000000 26.670662 16.543217 -0.505826 3.577335 0.000000 0.000000 0.000000 1.000000 0.000000 0.000000
2.000000 26.678937 17.021264 -0.764915 3.625642 0.000000 0.000000 0.000000 1.000000 0.000000 0.000000
2.000000 26.680761 16.376341 -0.533063 3.586748 0.000000 0.000000 0.000000 1.000000 0.000000 0.000000
2.000000 26.688754 16.961905 -0.769309 3.624171 0.000000 0.000000 0.000000 1.000000 0.000000 0.000000
2.000000 26.690751 16.294842 -0.533530 3.596145 0.000000 0.000000 0.000000 1.000000 0.000000 0.000000
2.000000 26.698706 16.883646 -0.777302 3.631348 0.000000 0.000000 0.000000 1.000000 0.000000 0.000000
2.000000 26.701112 16.194551 -0.533341 3.609087 0.000000 0.000000 0.000000 1.000000 0.000000 0.000000
2.000000 26.708654 16.803130 -0.792022 3.641706 0.000000 0.000000 0.000000 1.000000 0.000000 0.000000
2.000000 26.710698 16.089348 -0.538522 3.619278 0.000000 0.000000 0.000000 1.000000 0.000000 0.000000
2.000000 26.718705 16.672075 -0.801177 3.660703 0.000000 0.000000 0.000000 1.000000 0.000000 0.000000
2.000000 26.720878 15.960573 -0.544580 3.633464 0.000000 0.000000 0.000000 1.000000 0.000000 0.000000
2.000000 26.728792 16.499222 -0.798119 3.685644 0.000000 0.000000 0.000000 1.000000 0.000000 0.000000
2.000000 26.730680 15.843085 -0.558614 3.660862 0.000000 0.000000 0.000000 1.000000 0.000000 0.000000
2.000000 26.740870 15.382467 -0.771304 3.669715 0.000000 0.000000 0.000000 1.000000 0.000000 0.000000
2.000000 26.748765 16.785380 -0.840693 3.685793 0.000000 0.000000 0.000000 1.000000 0.000000 0.000000
2.000000 26.750894 15.803095 -0.491298 3.682418 0.000000 0.000000 0.000000 1.000000 0.000000 0.000000
2.000000 26.760900 15.150016 -0.785618 3.677486 0.000000 0.000000 0.000000 1.000000 0.000000 0.000000
2.000000 26.772046 15.108961 -0.728489 3.664254 0.000000 0.000000 0.000000 1.000000 0.000000 0.000000
2.000000 26.778730 15.997565 -0.855178 3.716055 0.000000 0.000000 0.000000 1.000000 0.000000 0.000000
2.000000 26.780946 15.288733 -0.590215 3.696389 0.000000 0.000000 0.000000 1.000000 0.000000 0.000000
2.000000 26.788780 15.787209 -0.848807 3.723267 0.000000 0.000000 0.000000 1.000000 0.000000 0.000000
2.000000 26.790727 15.177140 -0.618313 3.701002 0.000000 0.000000 0.000000 1.000000 0.000000 0.000000
2.000000 26.798893 15.597866 -0.856302 3.749768 0.000000 0.000000 0.000000 1.000000 0.000000 0.000000
2.000000 26.800935 15.039272 -0.640214 3.715710 0.000000 0.000000 0.000000 1.000000 0.000000 0.000000
2.000000 26.810701 14.608278 -0.817671 3.704018 0.000000 0.000000 0.000000 1.000000 0.000000 0.000000
2.000000 26.819029 15.490475 -0.867906 3.718785 0.000000 0.000000 0.000000 1.000000 0.000000 0.000000
2.000000 26.820809 14.873700 -0.632841 3.704175 0.000000 0.000000 0.000000 1.000000 0.000000 0.000000
2.000000 26.830657 14.391221 -0.821222 3.704586 0.000000 0.000000 0.000000 1.000000 0.000000 0.000000
2.000000 26.840741 14.314095 -0.818531 3.698877 0.000000 0.000000 0.000000 1.000000 0.000000 0.000000
2.000000 26.850913 14.197818 -0.828384 3.699785 0.000000 0.000000 0.000000 1.000000 0.000000 0.000000
2.000000 26.861124 14.051984 -0.846252 3.695963 0.000000 0.000000 0.000000 1.000000 0.000000 0.000000
2.000000 26.868971 14.856143 -0.896536 3.722456 0.000000 0.000000 0.000000 1.000000 0.000000 0.000000
2.000000 26.880768 13.828567 -0.857996 3.686587 0.000000 0.000000 0.000000 1.000000 0.000000 0.000000
2.000000 26.888813 14.467386 -0.905755 3.705780 0.000000 0.000000 0.000000 1.000000 0.000000 0.000000
2.000000 26.890654 14.012221 -0.722426 3.687973 0.000000 0.000000 0.000000 1.000000 0.000000 0.000000
2.000000 26.899043 14.531447 -0.923236 3.713198 0.000000 0.000000 0.000000 1.000000 0.000000 0.000000
2.000000 26.900769 13.984745 -0.701962 3.701557 0.000000 0.000000 0.000000 1.000000 0.000000 0.000000
2.000000 26.908987 14.371242 -0.927825 3.706867 0.000000 0.000000 0.000000 1.000000 0.000000 0.000000
2.000000 26.910691 13.858460 -0.719344 3.699124 0.000000 0.000000 0.000000 1.000000 0.000000 0.000000
2.000000 26.919054 14.265507 -0.933347 3.697956 0.000000 0.000000 0.000000 1.000000 0.000000 0.000000
2.000000 26.920806 13.750671 -0.723267 3.694152 0.000000 0.000000 0.000000 1.000000 0.000000 0.000000
2.000000 26.928857 14.274805 -0.944425 3.679257 0.000000 0.000000 0.000000 1.000000 0.000000 0.000000
2.000000 26.930830 13.701211 -0.717785 3.698896 0.000000 0.000000 0.000000 1.000000 0.000000 0.000000
2.000000 26.938845 14.116019 -0.946154 3.687435 0.000000 0.000000 0.000000 1.000000 0.000000 0.000000
2.000000 26.940861 13.575882 -0.722975 3.681421 0.000000 0.000000 0.000000 1.000000 0.000000 0.000000
2.000000 26.949035 14.132502 -0.955263 3.660317 0.000000 0.000000 0.000000 1.000000 0.000000 0.000000
2.000000 26.950725 13.526633 -0.707378 3.663748 0.000000 0.000000 0.000000 1.000000 0.000000 0.000000
2.000000 26.959102 13.809627 -0.954021 3.670874 0.000000 0.000000 0.000000 1.000000 0.000000 0.000000
2.000000 26.960827 13.433543 -0.704471 3.644054 0.000000 0.000000 0.000000 1.000000 0.000000 0.000000
2.000000 26.968752 13.941864 -0.961071 3.639107 0.000000 0.000000 0.000000 1.000000 0.000000 0.000000
2.000000 26.970729 13.306750 -0.698192 3.636588 0.000000 0.000000 0.000000 1.000000 0.000000 0.000000
2.000000 26.979098 13.677583 -0.973184 3.629671 0.000000 0.000000 0.000000 1.000000 0.000000 0.000000
2.000000 26.980899 13.138539 -0.745464 3.618080 0.000000 0.000000 0.000000 1.000000 0.000000 0.000000
2.000000 26.988831 13.597312 -0.984155 3.632034 0.000000 0.000000 0.000000 1.000000 0.000000 0.000000
2.000000 26.990729 13.053682 -0.751811 3.629905 0.000000 0.000000 0.000000 1.000000 0.000000 0.000000
2.000000 26.998773 13.489076 -0.975770 3.605941 0.000000 0.000000 0.000000 1.000000 0.000000 0.000000
2.000000 27.000791 12.963170 -0.751687 3.603792 0.000000 0.000000 0.000000 1.000000 0.000000 0.000000
2.000000 27.008763 13.405134 -0.988429 3.576372 0.000000 0.000000 0.000000 1.000000 0.000000 0.000000
2.000000 27.010720 12.873254 -0.761744 3.578598 0.000000 0.000000 0.000000 1.000000 0.000000 0.000000
2.000000 27.018919 13.239634 -0.983657 3.558754 0.000000 0.000000 0.000000 1.000000 0.000000 0.000000
2.000000 27.020823 12.732711 -0.765094 3.560056 0.000000 0.000000 0.000000 1.000000 0.000000 0.000000
2.000000 27.028826 13.063667 -0.992672 3.542791 0.000000 0.000000 0.000000 1.000000 0.000000 0.000000
2.000000 27.031012 12.589633 -0.784951 3.539179 0.000000 0.000000 0.000000 1.000000 0.000000 0.000000
2.000000 27.038856 13.059268 -1.011465 3.526247 0.000000 0.000000 0.000000 1.000000 0.000000 0.000000
2.000000 27.040863 12.541442 -0.785128 3.534210 0.000000 0.000000 0.000000 1.000000 0.000000 0.000000
2.000000 27.048784 12.932051 -1.008011 3.500693 0.000000 0.000000 0.000000 1.000000 0.000000 0.000000
2.000000 27.050766 12.439479 -0.791559 3.508478 0.000000 0.000000 0.000000 1.000000 0.000000 0.000000
2.000000 27.058882 12.811391 -1.032588 3.474617 0.000000 0.000000 0.000000 1.000000 0.000000 0.000000
2.000000 27.061485 12.310243 -0.811091 3.484343 0.000000 0.000000 0.000000 1.000000 0.000000 0.000000
2.000000 27.066481 11.618122 -0.963985 3.505097 0.000000 0.000000 0.000000 1.000000 0.000000 0.000000
2.000000 27.068786 12.728562 -1.029143 3.459625 0.000000 0.000000 0.000000 1.000000 0.000000 0.000000
2.000000 27.070811 12.197100 -0.790382 3.468908 0.000000 0.000000 0.000000 1.000000 0.000000 0.000000
2.000000 27.078879 12.573696 -1.024890 3.420835 0.000000 0.000000 0.000000 1.000000 0.000000 0.000000
2.000000 27.080822 12.107029 -0.815661 3.430069 0.000000 0.000000 0.000000 1.000000 0.000000 0.000000
2.000000 27.086499 11.274921 -0.958109 3.463824 0.000000 0.000000 0.000000 1.000000 0.000000 0.000000
2.000000 27.088809 12.474693 -1.030236 3.408698 0.000000 0.000000 0.000000 1.000000 0.000000 0.000000
2.000000 27.090860 12.011865 -0.820293 3.425373 0.000000 0.000000 0.000000 1.000000 0.000000 0.000000
2.000000 27.098897 12.373885 -1.034268 3.389404 0.000000 0.000000 0.000000 1.000000 0.000000 0.000000
2.000000 27.100846 11.923329 -0.827545 3.402482 0.000000 0.000000 0.000000 1.000000 0.000000 0.000000
2.000000 27.108848 12.250722 -1.037411 3.353531 0.000000 0.000000 0.000000 1.000000 0.000000 0.000000
2.000000 27.110790 11.807682 -0.833504 3.373056 0.000000 0.000000 0.000000 1.000000 0.000000 0.000000
2.000000 27.118946 12.166227 -1.051821 3.323805 0.000000 0.000000 0.000000 1.000000 0.000000 0.000000
2.000000 27.120910 11.704003 -0.837894 3.343688 0.000000 0.000000 0.000000 1.000000 0.000000 0.000000
2.000000 27.128865 12.011167 -1.054292 3.294727 0.000000 0.000000 0.000000 1.000000 0.000000 0.000000
2.000000 27.130778 11.567385 -0.846145 3.311901 0.000000 0.000000 0.000000 1.000000 0.000000 0.000000
2.000000 27.138885 11.947066 -1.065933 3.263364 0.000000 0.000000 0.000000 1.000000 0.000000 0.000000
2.000000 27.140896 11.494504 -0.854520 3.287466 0.000000 0.000000 0.000000 1.000000 0.000000 0.000000
2.000000 27.148905 11.800963 -1.063688 3.233730 0.000000 0.000000 0.000000 1.000000 0.000000 0.000000
2.000000 27.150810 11.386952 -0.868188 3.257470 0.000000 0.000000 0.000000 1.000000 0.000000 0.000000
2.000000 27.158894 11.744549 -1.072372 3.200854 0.000000 0.000000 0.000000 1.000000 0.000000 0.000000
2.000000 27.160870 11.310341 -0.866947 3.228252 0.000000 0.000000 0.000000 1.000000 0.000000 0.000000
2.000000 27.168948 11.585826 -1.081529 3.170020 0.000000 0.000000 0.000000 1.000000 0.000000 0.000000
2.000000 27.170806 11.160125 -0.876931 3.191577 0.000000 0.000000 0.000000 1.000000 0.000000 0.000000
2.000000 27.179142 11.565986 -1.086795 3.120965 0.000000 0.000000 0.000000 1.000000 0.000000 0.000000
2.000000 27.180856 11.112357 -0.870464 3.149399 0.000000 0.000000 0.000000 1.000000 0.000000 0.000000
2.000000 27.188854 11.459632 -1.103038 3.099318 0.000000 0.000000 0.000000 1.000000 0.000000 0.000000
2.000000 27.190767 11.003831 -0.883033 3.135955 0.000000 0.000000 0.000000 1.000000 0.000000 0.000000
2.000000 27.199110 11.335159 -1.100511 3.057083 0.000000 0.000000 0.000000 1.000000 0.000000 0.000000
2.000000 27.200849 10.902159 -0.890778 3.090011 0.000000 0.000000 0.000000 1.000000 0.000000 0.000000
2.000000 27.208915 11.213506 -1.102260 3.025928 0.000000 0.000000 0.000000 1.000000 0.000000 0.000000
2.000000 27.211012 10.801079 -0.900145 3.063998 0.000000 0.000000 0.000000 1.000000 0.000000 0.000000
2.000000 27.218941 11.119386 -1.111036 2.987519 0.000000 0.000000 0.000000 1.000000 0.000000 0.000000
2.000000 27.220837 10.688102 -0.894833 3.017684 0.000000 0.000000 0.000000 1.000000 0.000000 0.000000
2.000000 27.228891 10.986869 -1.108300 2.924343 0.000000 0.000000 0.000000 1.000000 0.000000 0.000000
2.000000 27.230878 10.564586 -0.902587 2.961224 0.000000 0.000000 0.000000 1.000000 0.000000 0.000000
2.000000 27.239045 10.887934 -1.118541 2.890892 0.000000 0.000000 0.000000 1.000000 0.000000 0.000000
2.000000 27.241002 10.484002 -0.920149 2.931993 0.000000 0.000000 0.000000 1.000000 0.000000 0.000000
2.000000 27.248979 10.820360 -1.127448 2.870273 0.000000 0.000000 0.000000 1.000000 0.000000 0.000000
2.000000 27.250879 10.411075 -0.920205 2.912181 0.000000 0.000000 0.000000 1.000000 0.000000 0.000000
2.000000 27.259100 10.721543 -1.138996 2.827825 0.000000 0.000000 0.000000 1.000000 0.000000 0.000000
2.000000 27.261020 10.300264 -0.925695 2.874533 0.000000 0.000000 0.000000 1.000000 0.000000 0.000000
2.000000 27.269139 10.594147 -1.147475 2.788453 0.000000 0.000000 0.000000 1.000000 0.000000 0.000000
2.000000 27.270855 10.172994 -0.930291 2.829788 0.000000 0.000000 0.000000 1.000000 0.000000 0.000000
2.000000 27.279096 10.476110 -1.145900 2.720720 0.000000 0.000000 0.000000 1.000000 0.000000 0.000000
2.000000 27.280996 10.061518 -0.935344 2.761770 0.000000 0.000000 0.000000 1.000000 0.000000 0.000000
2.000000 27.288951 10.406750 -1.159414 2.680885 0.000000 0.000000 0.000000 1.000000 0.000000 0.000000
2.000000 27.290887 9.990527 -0.947222 2.737592 0.000000 0.000000 0.000000 1.000000 0.000000 0.000000
2.000000 27.299124 10.316549 -1.164237 2.648770 0.000000 0.000000 0.000000 1.000000 0.000000 0.000000
2.000000 27.300917 9.910509 -0.952416 2.704284 0.000000 0.000000 0.000000 1.000000 0.000000 0.000000
2.000000 27.309159 10.221997 -1.169867 2.594716 0.000000 0.000000 0.000000 1.000000 0.000000 0.000000
2.000000 27.310840 9.806284 -0.954083 2.653123 0.000000 0.000000 0.000000 1.000000 0.000000 0.000000
2.000000 27.319171 10.133951 -1.183458 2.539535 0.000000 0.000000 0.000000 1.000000 0.000000 0.000000
2.000000 27.320978 9.703112 -0.957542 2.598418 0.000000 0.000000 0.000000 1.000000 0.000000 0.000000
2.000000 27.329235 9.986767 -1.184901 2.487333 0.000000 0.000000 0.000000 1.000000 0.000000 0.000000
2.000000 27.330849 9.571529 -0.967117 2.545655 0.000000 0.000000 0.000000 1.000000 0.000000 0.000000
2.000000 27.338958 9.915686 -1.190336 2.442851 0.000000 0.000000 0.000000 1.000000 0.000000 0.000000
2.000000 27.340938 9.508590 -0.974876 2.508310 0.000000 0.000000 0.000000 1.000000 0.000000 0.000000
2.000000 27.348904 9.811557 -1.199769 2.391392 0.000000 0.000000 0.000000 1.000000 0.000000 0.000000
2.000000 27.350817 9.405215 -0.983287 2.457521 0.000000 0.000000 0.000000 1.000000 0.000000 0.000000
2.000000 27.358944 9.722496 -1.207739 2.341146 0.000000 0.000000 0.000000 1.000000 0.000000 0.000000
2.000000 27.361090 9.312035 -0.987152 2.411257 0.000000 0.000000 0.000000 1.000000 0.000000 0.000000
2.000000 27.369033 9.619204 -1.211650 2.291882 0.000000 0.000000 0.000000 1.000000 0.000000 0.000000
2.000000 27.370854 9.206750 -0.984286 2.345855 0.000000 0.000000 0.000000 1.000000 0.000000 0.000000
2.000000 27.378993 9.492174 -1.208557 2.236209 0.000000 0.000000 0.000000 1.000000 0.000000 0.000000
2.000000 27.380919 9.099185 -0.995122 2.294942 0.000000 0.000000 0.000000 1.000000 0.000000 0.000000
2.000000 27.389173 9.386896 -1.212546 2.185817 0.000000 0.000000 0.000000 1.000000 0.000000 0.000000
2.000000 27.391359 9.010112 -1.007506 2.249630 0.000000 0.000000 0.000000 1.000000 0.000000 0.000000
2.000000 27.399029 9.292197 -1.220588 2.127979 0.000000 0.000000 0.000000 1.000000 0.000000 0.000000
2.000000 27.401040 8.910494 -1.012343 2.195334 0.000000 0.000000 0.000000 1.000000 0.000000 0.000000
2.000000 27.408981 9.207280 -1.226302 2.073632 0.000000 0.000000 0.000000 1.000000 0.000000 0.000000
2.000000 27.410904 8.817209 -1.011655 2.144584 0.000000 0.000000 0.000000 1.000000 0.000000 0.000000
2.000000 27.419093 9.090265 -1.231387 2.021000 0.000000 0.000000 0.000000 1.000000 0.000000 0.000000
2.000000 27.421099 8.712495 -1.018905 2.082734 0.000000 0.000000 0.000000 1.000000 0.000000 0.000000
2.000000 27.428943 9.020657 -1.238275 1.952955 0.000000 0.000000 0.000000 1.000000 0.000000 0.000000
2.000000 27.430982 8.616412 -1.015576 2.033780 0.000000 0.000000 0.000000 1.000000 0.000000 0.000000
2.000000 27.438999 8.916875 -1.251770 1.900782 0.000000 0.000000 0.000000 1.000000 0.000000 0.000000
2.000000 27.441074 8.530158 -1.032477 1.974394 0.000000 0.000000 0.000000 1.000000 0.000000 0.000000
2.000000 27.448942 8.802695 -1.244345 1.845675 0.000000 0.000000 0.000000 1.000000 0.000000 0.000000
2.000000 27.450975 8.437161 -1.035004 1.911501 0.000000 0.000000 0.000000 1.000000 0.000000 0.000000
2.000000 27.458993 8.697074 -1.250795 1.782570 0.000000 0.000000 0.000000 1.000000 0.000000 0.000000
2.000000 27.462345 7.560630 -1.320761 1.805836 0.000000 0.000000 0.000000 1.000000 0.000000 0.000000
2.000000 27.468962 8.619165 -1.260621 1.714415 0.000000 0.000000 0.000000 1.000000 0.000000 0.000000
2.000000 27.471060 8.239063 -1.041286 1.790109 0.000000 0.000000 0.000000 1.000000 0.000000 0.000000
2.000000 27.478997 8.493984 -1.256156 1.661607 0.000000 0.000000 0.000000 1.000000 0.000000 0.000000
2.000000 27.481519 8.144765 -1.048234 1.737323 0.000000 0.000000 0.000000 1.000000 0.000000 0.000000
2.000000 27.488992 8.408415 -1.263634 1.610247 0.000000 0.000000 0.000000 1.000000 0.000000 0.000000
2.000000 27.491001 8.058537 -1.055762 1.678001 0.000000 0.000000 0.000000 1.000000 0.000000 0.000000
2.000000 27.499068 8.324606 -1.270209 1.544776 0.000000 0.000000 0.000000 1.000000 0.000000 0.000000
2.000000 27.501080 7.965666 -1.056494 1.619638 0.000000 0.000000 0.000000 1.000000 0.000000 0.000000
2.000000 27.508996 8.236055 -1.276226 1.478967 0.000000 0.000000 0.000000 1.000000 0.000000 0.000000
2.000000 27.510941 7.862644 -1.049691 1.553216 0.000000 0.000000 0.000000 1.000000 0.000000 0.000000
2.000000 27.518982 8.139375 -1.281824 1.418810 0.000000 0.000000 0.000000 1.000000 0.000000 0.000000
2.000000 27.521088 7.787243 -1.066441 1.491521 0.000000 0.000000 0.000000 1.000000 0.000000 0.000000
2.000000 27.529052 8.041567 -1.282109 1.348056 0.000000 0.000000 0.000000 1.000000 0.000000 0.000000
2.000000 27.530941 7.682376 -1.060545 1.415751 0.000000 0.000000 0.000000 1.000000 0.000000 0.000000
2.000000 27.538990 7.957384 -1.293713 1.281521 0.000000 0.000000 0.000000 1.000000 0.000000 0.000000
2.000000 27.541000 7.606030 -1.076610 1.357384 0.000000 0.000000 0.000000 1.000000 0.000000 0.000000
2.000000 27.549239 7.845191 -1.293180 1.218748 0.000000 0.000000 0.000000 1.000000 0.000000 0.000000
2.000000 27.550987 7.501508 -1.077998 1.294417 0.000000 0.000000 0.000000 1.000000 0.000000 0.000000
2.000000 27.559093 7.762769 -1.299175 1.148925 0.000000 0.000000 0.000000 1.000000 0.000000 0.000000
2.000000 27.561026 7.441279 -1.097781 1.224619 0.000000 0.000000 0.000000 1.000000 0.000000 0.000000
2.000000 27.569024 7.664653 -1.305606 1.082363 0.000000 0.000000 0.000000 1.000000 0.000000 0.000000
2.000000 27.570949 7.325102 -1.091273 1.162855 0.000000 0.000000 0.000000 1.000000 0.000000 0.000000
2.000000 27.579049 7.590836 -1.312354 1.003110 0.000000 0.000000 0.000000 1.000000 0.000000 0.000000
2.000000 27.581121 7.242749 -1.094000 1.088918 0.000000 0.000000 0.000000 1.000000 0.000000 0.000000
2.000000 27.589157 7.497075 -1.318140 0.937951 0.000000 0.000000 0.000000 1.000000 0.000000 0.000000
2.000000 27.590983 7.151439 -1.096335 1.023360 0.000000 0.000000 0.000000 1.000000 0.000000 0.000000
2.000000 27.599081 7.400474 -1.324805 0.868370 0.000000 0.000000 0.000000 1.000000 0.000000 0.000000
2.000000 27.601049 7.051096 -1.101165 0.958791 0.000000 0.000000 0.000000 1.000000 0.000000 0.000000
2.000000 27.609057 7.315927 -1.328617 0.794342 0.000000 0.000000 0.000000 1.000000 0.000000 0.000000
2.000000 27.610977 6.977257 -1.107328 0.881388 0.000000 0.000000 0.000000 1.000000 0.000000 0.000000
2.000000 27.619076 7.211421 -1.329386 0.725116 0.000000 0.000000 0.000000 1.000000 0.000000 0.000000
2.000000 27.621027 6.878746 -1.109019 0.809144 0.000000 0.000000 0.000000 1.000000 0.000000 0.000000
2.000000 27.629134 7.109664 -1.336586 0.655584 0.000000 0.000000 0.000000 1.000000 0.000000 0.000000
2.000000 27.630981 6.786219 -1.122519 0.739776 0.000000 0.000000 0.000000 1.000000 0.000000 0.000000
2.000000 27.639095 7.028061 -1.342396 0.581172 0.000000 0.000000 0.000000 1.000000 0.000000 0.000000
2.000000 27.641085 6.696413 -1.119335 0.667719 0.000000 0.000000 0.000000 1.000000 0.000000 0.000000
2.000000 27.649040 6.947182 -1.349241 0.502632 0.000000 0.000000 0.000000 1.000000 0.000000 0.000000
2.000000 27.651004 6.615881 -1.125236 0.593078 0.000000 0.000000 0.000000 1.000000 0.000000 0.000000
2.000000 27.659133 6.847165 -1.351326 0.429913 0.000000 0.000000 0.000000 1.000000 0.000000 0.000000
2.000000 27.661065 6.521528 -1.128300 0.519689 0.000000 0.000000 0.000000 1.000000 0.000000 0.000000
2.000000 27.669043 6.756778 -1.353436 0.354173 0.000000 0.000000 0.000000 1.000000 0.000000 0.000000
2.000000 27.670984 6.433506 -1.125707 0.436474 0.000000 0.000000 0.000000 1.000000 0.000000 0.000000
2.000000 27.679083 6.671163 -1.357465 0.275607 0.000000 0.000000 0.000000 1.000000 0.000000 0.000000
2.000000 27.681327 6.339084 -1.124853 0.366704 0.000000 0.000000 0.000000 1.000000 0.000000 0.000000
2.000000 27.689123 6.578262 -1.366327 0.198599 0.000000 0.000000 0.000000 1.000000 0.000000 0.000000
2.000000 27.691007 6.262635 -1.140673 0.284759 0.000000 0.000000 0.000000 1.000000 0.000000 0.000000
2.000000 27.699120 6.478778 -1.365118 0.124720 0.000000 0.000000 0.000000 1.000000 0.000000 0.000000
2.000000 27.701261 6.168190 -1.143358 0.212018 0.000000 0.000000 0.000000 1.000000 0.000000 0.000000
2.000000 27.709047 6.407070 -1.373416 0.040270 0.000000 0.000000 0.000000 1.000000 0.000000 0.000000
2.000000 27.711030 6.102358 -1.156496 0.130570 0.000000 0.000000 0.000000 1.000000 0.000000 0.000000
2.000000 27.719076 6.342693 -1.374913 0.055818 0.000000 0.000000 0.000000 1.000000 0.000000 0.000000
2.000000 27.721463 6.027605 -1.148515 0.170884 0.000000 0.000000 0.000000 1.000000 0.000000 0.000000
2.000000 27.729046 6.303442 -1.384045 0.109977 0.000000 0.000000 0.000000 1.000000 0.000000 0.000000
2.000000 27.731133 5.976279 -1.149901 0.229281 0.000000 0.000000 0.000000 1.000000 0.000000 0.000000
2.000000 27.739131 6.248840 -1.387142 0.169935 0.000000 0.000000 0.000000 1.000000 0.000000 0.000000
2.000000 27.741207 5.939940 -1.166668 0.285634 0.000000 0.000000 0.000000 1.000000 0.000000 0.000000
2.000000 27.749220 6.208036 -1.392365 0.221954 0.000000 0.000000 0.000000 1.000000 0.000000 0.000000
2.000000 27.751101 5.894477 -1.166186 0.338017 0.000000 0.000000 0.000000 1.000000 0.000000 0.000000
2.000000 27.759100 6.171366 -1.403910 0.270468 0.000000 0.000000 0.000000 1.000000 0.000000 0.000000
2.000000 27.761193 5.858763 -1.172189 0.376998 0.000000 0.000000 0.000000 1.000000 0.000000 0.000000
2.000000 27.769043 6.132418 -1.409597 0.320016 0.000000 0.000000 0.000000 1.000000 0.000000 0.000000
2.000000 27.771162 5.809738 -1.174612 0.438621 0.000000 0.000000 0.000000 1.000000 0.000000 0.000000
2.000000 27.779151 6.080265 -1.414196 0.372166 0.000000 0.000000 0.000000 1.000000 0.000000 0.000000
2.000000 27.781113 5.769145 -1.188909 0.487202 0.000000 0.000000 0.000000 1.000000 0.000000 0.000000
2.000000 27.789181 6.033709 -1.416241 0.425745 0.000000 0.000000 0.000000 1.000000 0.000000 0.000000
2.000000 27.791183 5.724662 -1.193115 0.544665 0.000000 0.000000 0.000000 1.000000 0.000000 0.000000
2.000000 27.799123 5.987595 -1.424990 0.474583 0.000000 0.000000 0.000000 1.000000 0.000000 0.000000
2.000000 27.801267 5.679088 -1.201126 0.596154 0.000000 0.000000 0.000000 1.000000 0.000000 0.000000
2.000000 27.809121 5.952746 -1.432424 0.518572 0.000000 0.000000 0.000000 1.000000 0.000000 0.000000
2.000000 27.811625 5.640558 -1.205115 0.641509 0.000000 0.000000 0.000000 1.000000 0.000000 0.000000
2.000000 27.819113 5.912038 -1.440811 0.561953 0.000000 0.000000 0.000000 1.000000 0.000000 0.000000
2.000000 27.821205 5.596527 -1.210622 0.685175 0.000000 0.000000 0.000000 1.000000 0.000000 0.000000
2.000000 27.829117 5.863885 -1.444579 0.608765 0.000000 0.000000 0.000000 1.000000 0.000000 0.000000
2.000000 27.831213 5.552074 -1.218535 0.735679 0.000000 0.000000 0.000000 1.000000 0.000000 0.000000
2.000000 27.839159 5.809869 -1.449754 0.656987 0.000000 0.000000 0.000000 1.000000 0.000000 0.000000
2.000000 27.841273 5.501567 -1.223063 0.778944 0.000000 0.000000 0.000000 1.000000 0.000000 0.000000
2.000000 27.849187 5.765449 -1.454520 0.699634 0.000000 0.000000 0.000000 1.000000 0.000000 0.000000
2.000000 27.851126 5.454003 -1.225699 0.826913 0.000000 0.000000 0.000000 1.000000 0.000000 0.000000
2.000000 27.859151 5.728053 -1.461387 0.739807 0.000000 0.000000 0.000000 1.000000 0.000000 0.000000
2.000000 27.861268 5.419457 -1.234087 0.868177 0.000000 0.000000 0.000000 1.000000 0.000000 0.000000
2.000000 27.869137 5.683092 -1.467828 0.782647 0.000000 0.000000 0.000000 1.000000 0.000000 0.000000
2.000000 27.871076 5.376169 -1.237557 0.900134 0.000000 0.000000 0.000000 1.000000 0.000000 0.000000
2.000000 27.879128 5.638587 -1.470872 0.821819 0.000000 0.000000 0.000000 1.000000 0.000000 0.000000
2.000000 27.881182 5.320401 -1.232639 0.948750 0.000000 0.000000 0.000000 1.000000 0.000000 0.000000
2.000000 27.889162 5.593022 -1.477013 0.860472 0.000000 0.000000 0.000000 1.000000 0.000000 0.000000
2.000000 27.891088 5.290050 -1.250588 0.981815 0.000000 0.000000 0.000000 1.000000 0.000000 0.000000
2.000000 27.899158 5.557549 -1.483487 0.894187 0.000000 0.000000 0.000000 1.000000 0.000000 0.000000
2.000000 27.901434 5.254277 -1.255173 1.016547 0.000000 0.000000 0.000000 1.000000 0.000000 0.000000
2.000000 27.909162 5.511033 -1.491111 0.932877 0.000000 0.000000 0.000000 1.000000 0.000000 0.000000
2.000000 27.911120 5.204470 -1.257405 1.051891 0.000000 0.000000 0.000000 1.000000 0.000000 0.000000
2.000000 27.919147 5.461292 -1.491550 0.971109 0.000000 0.000000 0.000000 1.000000 0.000000 0.000000
2.000000 27.921439 5.160380 -1.261186 1.090904 0.000000 0.000000 0.000000 1.000000 0.000000 0.000000
2.000000 27.929168 5.424670 -1.503734 1.002219 0.000000 0.000000 0.000000 1.000000 0.000000 0.000000
2.000000 27.931355 5.121371 -1.272310 1.125294 0.000000 0.000000 0.000000 1.000000 0.000000 0.000000
2.000000 27.939231 5.376796 -1.505326 1.036317 0.000000 0.000000 0.000000 1.000000 0.000000 0.000000
2.000000 27.941208 5.081873 -1.280932 1.159756 0.000000 0.000000 0.000000 1.000000 0.000000 0.000000
2.000000 27.949311 5.344351 -1.514832 1.064511 0.000000 0.000000 0.000000 1.000000 0.000000 0.000000
2.000000 27.951099 5.035323 -1.277378 1.189007 0.000000 0.000000 0.000000 1.000000 0.000000 0.000000
2.000000 27.959148 5.289671 -1.517723 1.097623 0.000000 0.000000 0.000000 1.000000 0.000000 0.000000
2.000000 27.969198 5.249863 -1.521700 1.126836 0.000000 0.000000 0.000000 1.000000 0.000000 0.000000
2.000000 27.971134 4.936956 -1.282459 1.260698 0.000000 0.000000 0.000000 1.000000 0.000000 0.000000
2.000000 27.979228 5.183963 -1.525040 1.159523 0.000000 0.000000 0.000000 1.000000 0.000000 0.000000
2.000000 27.981152 4.881563 -1.286453 1.276536 0.000000 0.000000 0.000000 1.000000 0.000000 0.000000
2.000000 27.989182 5.166777 -1.533900 1.182327 0.000000 0.000000 0.000000 1.000000 0.000000 0.000000
2.000000 27.991115 4.847264 -1.287903 1.316949 0.000000 0.000000 0.000000 1.000000 0.000000 0.000000
2.000000 27.999238 5.120297 -1.537613 1.209375 0.000000 0.000000 0.000000 1.000000 0.000000 0.000000
2.000000 28.001540 4.830072 -1.309594 1.330048 0.000000 0.000000 0.000000 1.000000 0.000000 0.000000
2.000000 28.009190 5.070561 -1.539586 1.239728 0.000000 0.000000 0.000000 1.000000 0.000000 0.000000
2.000000 28.011157 4.789268 -1.314471 1.352515 0.000000 0.000000 0.000000 1.000000 0.000000 0.000000
2.000000 28.019195 5.049034 -1.549796 1.253801 0.000000 0.000000 0.000000 1.000000 0.000000 0.000000
2.000000 28.021209 4.736724 -1.306337 1.389561 0.000000 0.000000 0.000000 1.000000 0.000000 0.000000
2.000000 28.029222 5.016418 -1.558186 1.273460 0.000000 0.000000 0.000000 1.000000 0.000000 0.000000
2.000000 28.031178 4.695489 -1.307890 1.412949 0.000000 0.000000 0.000000 1.000000 0.000000 0.000000
2.000000 28.041202 4.323038 -1.454486 1.431978 0.000000 0.000000 0.000000 1.000000 0.000000 0.000000
2.000000 28.051302 4.278110 -1.461718 1.454682 0.000000 0.000000 0.000000 1.000000 0.000000 0.000000
2.000000 28.061424 4.256190 -1.464074 1.459087 0.000000 0.000000 0.000000 1.000000 0.000000 0.000000
2.000000 28.071155 4.208693 -1.467731 1.477713 0.000000 0.000000 0.000000 1.000000 0.000000 0.000000
2.000000 28.081321 4.109227 -1.471564 1.518618 0.000000 0.000000 0.000000 1.000000 0.000000 0.000000
2.000000 28.091232 4.098151 -1.485258 1.532432 0.000000 0.000000 0.000000 1.000000 0.000000 0.000000
2.000000 28.101237 4.048963 -1.485006 1.548766 0.000000 0.000000 0.000000 1.000000 0.000000 0.000000
2.000000 28.111320 4.004549 -1.490073 1.558421 0.000000 0.000000 0.000000 1.000000 0.000000 0.000000
2.000000 28.121244 3.962499 -1.496723 1.575790 0.000000 0.000000 0.000000 1.000000 0.000000 0.000000
2.000000 28.131191 3.919420 -1.504770 1.594349 0.000000 0.000000 0.000000 1.000000 0.000000 0.000000
2.000000 28.141240 3.881688 -1.510663 1.608622 0.000000 0.000000 0.000000 1.000000 0.000000 0.000000
2.000000 28.151197 3.810667 -1.506593 1.617058 0.000000 0.000000 0.000000 1.000000 0.000000 0.000000
2.000000 28.161268 3.774384 -1.512331 1.627424 0.000000 0.000000 0.000000 1.000000 0.000000 0.000000
2.000000 28.171195 3.737864 -1.523929 1.642977 0.000000 0.000000 0.000000 1.000000 0.000000 0.000000
2.000000 28.181289 3.664586 -1.518140 1.653229 0.000000 0.000000 0.000000 1.000000 0.000000 0.000000
2.000000 28.191484 3.658368 -1.530543 1.654125 0.000000 0.000000 0.000000 1.000000 0.000000 0.000000
2.000000 28.201312 3.607711 -1.538093 1.662030 0.000000 0.000000 0.000000 1.000000 0.000000 0.000000
2.000000 28.211242 3.578130 -1.536961 1.657003 0.000000 0.000000 0.000000 1.000000 0.000000 0.000000
2.000000 28.221232 3.525531 -1.542504 1.668303 0.000000 0.000000 0.000000 1.000000 0.000000 0.000000
2.000000 28.231488 3.490050 -1.551522 1.673130 0.000000 0.000000 0.000000 1.000000 0.000000 0.000000
2.000000 28.236916 3.568375 -1.761862 1.753291 0.000000 0.000000 0.000000 1.000000 0.000000 0.000000
2.000000 28.241323 3.455959 -1.555091 1.673403 0.000000 0.000000 0.000000 1.000000 0.000000 0.000000
2.000000 28.246999 3.507673 -1.763427 1.751554 0.000000 0.000000 0.000000 1.000000 0.000000 0.000000
2.000000 28.251466 3.398811 -1.561024 1.673930 0.000000 0.000000 0.000000 1.000000 0.000000 0.000000
2.000000 28.256954 3.477683 -1.771419 1.759316 0.000000 0.000000 0.000000 1.000000 0.000000 0.000000
2.000000 28.261584 3.398685 -1.565537 1.663562 0.000000 0.000000 0.000000 1.000000 0.000000 0.000000
2.000000 28.267032 3.436926 -1.773434 1.755899 0.000000 0.000000 0.000000 1.000000 0.000000 0.000000
2.000000 28.271217 3.345241 -1.567262 1.666243 0.000000 0.000000 0.000000 1.000000 0.000000 0.000000
2.000000 28.276968 3.403138 -1.780874 1.755519 0.000000 0.000000 0.000000 1.000000 0.000000 0.000000
2.000000 28.281308 3.290742 -1.572306 1.673166 0.000000 0.000000 0.000000 1.000000 0.000000 0.000000
2.000000 28.287085 3.361643 -1.784770 1.752746 0.000000 0.000000 0.000000 1.000000 0.000000 0.000000
2.000000 28.291248 3.248345 -1.578377 1.672785 0.000000 0.000000 0.000000 1.000000 0.000000 0.000000
2.000000 28.297005 3.322943 -1.795169 1.747718 0.000000 0.000000 0.000000 1.000000 0.000000 0.000000
2.000000 28.301369 3.199474 -1.585178 1.667467 0.000000 0.000000 0.000000 1.000000 0.000000 0.000000
2.000000 28.307059 3.297334 -1.803517 1.744976 0.000000 0.000000 0.000000 1.000000 0.000000 0.000000
2.000000 28.311272 3.156968 -1.581409 1.660714 0.000000 0.000000 0.000000 1.000000 0.000000 0.000000
2.000000 28.316963 3.227506 -1.802685 1.747031 0.000000 0.000000 0.000000 1.000000 0.000000 0.000000
2.000000 28.321296 3.132178 -1.587398 1.649199 0.000000 0.000000 0.000000 1.000000 0.000000 0.000000
2.000000 28.327027 3.192233 -1.805257 1.739411 0.000000 0.000000 0.000000 1.000000 0.000000 0.000000
2.000000 28.331331 3.085695 -1.593637 1.650797 0.000000 0.000000 0.000000 1.000000 0.000000 0.000000
2.000000 28.337147 3.149512 -1.804466 1.728750 0.000000 0.000000 0.000000 1.000000 0.000000 0.000000
2.000000 28.341448 3.045323 -1.598724 1.644767 0.000000 0.000000 0.000000 1.000000 0.000000 0.000000
2.000000 28.347147 3.104771 -1.811183 1.717477 0.000000 0.000000 0.000000 1.000000 0.000000 0.000000
2.000000 28.351355 2.994247 -1.600551 1.633030 0.000000 0.000000 0.000000 1.000000 0.000000 0.000000
2.000000 28.357166 3.050829 -1.821636 1.722391 0.000000 0.000000 0.000000 1.000000 0.000000 0.000000
2.000000 28.361378 2.973938 -1.603091 1.612798 0.000000 0.000000 0.000000 1.000000 0.000000 0.000000
2.000000 28.367285 3.030214 -1.828147 1.708540 0.000000 0.000000 0.000000 1.000000 0.000000 0.000000
2.000000 28.371381 2.934425 -1.609666 1.609176 0.000000 0.000000 0.000000 1.000000 0.000000 0.000000
2.000000 28.377036 2.990861 -1.831326 1.700470 0.000000 0.000000 0.000000 1.000000 0.000000 0.000000
2.000000 28.381592 2.897269 -1.613737 1.600975 0.000000 0.000000 0.000000 1.000000 0.000000 0.000000
2.000000 28.387218 3.008750 -1.849792 1.672456 0.000000 0.000000 0.000000 1.000000 0.000000 0.000000
2.000000 28.391478 2.855488 -1.616738 1.586011 0.000000 0.000000 0.000000 1.000000 0.000000 0.000000
2.000000 28.397183 2.949851 -1.848224 1.664335 0.000000 0.000000 0.000000 1.000000 0.000000 0.000000
2.000000 28.401553 2.817174 -1.623222 1.577249 0.000000 0.000000 0.000000 1.000000 0.000000 0.000000
2.000000 28.407145 2.862291 -1.842664 1.659750 0.000000 0.000000 0.000000 1.000000 0.000000 0.000000
2.000000 28.411463 2.813219 -1.628304 1.541821 0.000000 0.000000 0.000000 1.000000 0.000000 0.000000
2.000000 28.417034 2.866395 -1.855862 1.633057 0.000000 0.000000 0.000000 1.000000 0.000000 0.000000
2.000000 28.421694 2.695244 -1.623232 1.558721 0.000000 0.000000 0.000000 1.000000 0.000000 0.000000
2.000000 28.427140 2.818387 -1.865432 1.624533 0.000000 0.000000 0.000000 1.000000 0.000000 0.000000
2.000000 28.431495 2.692571 -1.634433 1.530151 0.000000 0.000000 0.000000 1.000000 0.000000 0.000000
2.000000 28.437037 2.783360 -1.872383 1.612943 0.000000 0.000000 0.000000 1.000000 0.000000 0.000000
2.000000 28.441532 2.668286 -1.637931 1.510682 0.000000 0.000000 0.000000 1.000000 0.000000 0.000000
2.000000 28.447114 2.791451 -1.886863 1.580483 0.000000 0.000000 0.000000 1.000000 0.000000 0.000000
2.000000 28.451564 2.624213 -1.642865 1.496631 0.000000 0.000000 0.000000 1.000000 0.000000 0.000000
2.000000 28.457217 2.770392 -1.891745 1.551359 0.000000 0.000000 0.000000 1.000000 0.000000 0.000000
2.000000 28.461611 2.608977 -1.648661 1.465487 0.000000 0.000000 0.000000 1.000000 0.000000 0.000000
2.000000 28.467151 2.713567 -1.897806 1.540266 0.000000 0.000000 0.000000 1.000000 0.000000 0.000000
2.000000 28.471448 2.556792 -1.647860 1.446631 0.000000 0.000000 0.000000 1.000000 0.000000 0.000000
2.000000 28.477164 2.635264 -1.883303 1.521987 0.000000 0.000000 0.000000 1.000000 0.000000 0.000000
2.000000 28.481585 2.529057 -1.658197 1.427173 0.000000 0.000000 0.000000 1.000000 0.000000 0.000000
2.000000 28.487337 2.631570 -1.886804 1.484397 0.000000 0.000000 0.000000 1.000000 0.000000 0.000000
2.000000 28.491481 2.499694 -1.663747 1.405899 0.000000 0.000000 0.000000 1.000000 0.000000 0.000000
2.000000 28.497181 2.565854 -1.901812 1.470139 0.000000 0.000000 0.000000 1.000000 0.000000 0.000000
2.000000 28.501635 2.423937 -1.665421 1.385840 0.000000 0.000000 0.000000 1.000000 0.000000 0.000000
2.000000 28.507164 2.542049 -1.905304 1.448809 0.000000 0.000000 0.000000 1.000000 0.000000 0.000000
2.000000 28.511647 2.415964 -1.668639 1.357007 0.000000 0.000000 0.000000 1.000000 0.000000 0.000000
2.000000 28.517159 2.533990 -1.916758 1.414734 0.000000 0.000000 0.000000 1.000000 0.000000 0.000000
2.000000 28.521847 2.410648 -1.663768 1.306217 0.000000 0.000000 0.000000 1.000000 0.000000 0.000000
2.000000 28.527138 2.487086 -1.917839 1.394933 0.000000 0.000000 0.000000 1.000000 0.000000 0.000000
2.000000 28.531539 2.348780 -1.674119 1.305015 0.000000 0.000000 0.000000 1.000000 0.000000 0.000000
2.000000 28.537062 2.450202 -1.921818 1.368262 0.000000 0.000000 0.000000 1.000000 0.000000 0.000000
2.000000 28.541589 2.326010 -1.680395 1.274600 0.000000 0.000000 0.000000 1.000000 0.000000 0.000000
2.000000 28.547311 2.421620 -1.928449 1.338223 0.000000 0.000000 0.000000 1.000000 0.000000 0.000000
2.000000 28.551614 2.294247 -1.685338 1.246130 0.000000 0.000000 0.000000 1.000000 0.000000 0.000000
2.000000 28.557110 2.389522 -1.939932 1.312388 0.000000 0.000000 0.000000 1.000000 0.000000 0.000000
2.000000 28.561561 2.240982 -1.675012 1.212852 0.000000 0.000000 0.000000 1.000000 0.000000 0.000000
2.000000 28.567217 2.354620 -1.942817 1.272770 0.000000 0.000000 0.000000 1.000000 0.000000 0.000000
2.000000 28.571424 2.214005 -1.685353 1.178104 0.000000 0.000000 0.000000 1.000000 0.000000 0.000000
2.000000 28.577084 2.359149 -1.964574 1.236969 0.000000 0.000000 0.000000 1.000000 0.000000 0.000000
2.000000 28.581627 2.187582 -1.696675 1.152063 0.000000 0.000000 0.000000 1.000000 0.000000 0.000000
2.000000 28.587306 2.316363 -1.959798 1.206837 0.000000 0.000000 0.000000 1.000000 0.000000 0.000000
2.000000 28.591499 2.173366 -1.701699 1.116491 0.000000 0.000000 0.000000 1.000000 0.000000 0.000000
2.000000 28.597124 2.262313 -1.968597 1.186685 0.000000 0.000000 0.000000 1.000000 0.000000 0.000000
2.000000 28.601486 2.124763 -1.699120 1.084396 0.000000 0.000000 0.000000 1.000000 0.000000 0.000000
2.000000 28.607286 2.251621 -1.976165 1.140304 0.000000 0.000000 0.000000 1.000000 0.000000 0.000000
2.000000 28.611446 2.071241 -1.697962 1.056654 0.000000 0.000000 0.000000 1.000000 0.000000 0.000000
2.000000 28.617305 2.215814 -1.981138 1.106004 0.000000 0.000000 0.000000 1.000000 0.000000 0.000000
2.000000 28.621456 2.042935 -1.700055 1.018127 0.000000 0.000000 0.000000 1.000000 0.000000 0.000000
2.000000 28.627229 2.164688 -1.978444 1.071398 0.000000 0.000000 0.000000 1.000000 0.000000 0.000000
2.000000 28.631408 2.020246 -1.708746 0.979065 0.000000 0.000000 0.000000 1.000000 0.000000 0.000000
2.000000 28.637320 2.131575 -1.983011 1.035656 0.000000 0.000000 0.000000 1.000000 0.000000 0.000000
2.000000 28.641471 2.007149 -1.712610 0.933093 0.000000 0.000000 0.000000 1.000000 0.000000 0.000000
2.000000 28.647351 2.128043 -2.004308 0.992555 0.000000 0.000000 0.000000 1.000000 0.000000 0.000000
2.000000 28.651466 1.992005 -1.733966 0.899554 0.000000 0.000000 0.000000 1.000000 0.000000 0.000000
2.000000 28.661625 0.299062 -2.162878 0.728604 0.000000 0.000000 0.000000 1.000000 0.000000 0.000000
2.000000 28.671373 0.206601 -2.177514 0.684584 0.000000 0.000000 0.000000 1.000000 0.000000 0.000000
2.000000 28.681506 0.218801 -2.193967 0.628386 0.000000 0.000000 0.000000 1.000000 0.000000 0.000000
2.000000 28.691409 0.313578 -2.198701 0.593373 0.000000 0.000000 0.000000 1.000000 0.000000 0.000000
2.000000 28.701494 0.032022 -2.209088 0.526101 0.000000 0.000000 0.000000 1.000000 0.000000 0.000000
2.000000 28.711400 -0.159198 -2.227416 0.442680 0.000000 0.000000 0.000000 1.000000 0.000000 0.000000
2.000000 28.721471 -0.098439 -2.228504 0.434241 0.000000 0.000000 0.000000 1.000000 0.000000 0.000000
2.000000 28.722827 -0.101716 -2.229305 0.413805 0.000000 0.000000 0.000000 1.000000 0.000000 0.000000
2.000000 28.731447 -0.069036 -2.234043 0.378778 0.000000 0.000000 0.000000 1.000000 0.000000 0.000000
2.000000 28.732998 -0.032154 -2.222730 0.355713 0.000000 0.000000 0.000000 1.000000 0.000000 0.000000
2.000000 28.741503 -0.054652 -2.224811 0.333423 0.000000 0.000000 0.000000 1.000000 0.000000 0.000000
2.000000 28.742914 -0.068997 -2.228560 0.304738 0.000000 0.000000 0.000000 1.000000 0.000000 0.000000
2.000000 28.751440 -0.151775 -2.231920 0.264333 0.000000 0.000000 0.000000 1.000000 0.000000 0.000000
2.000000 28.752988 -0.247862 -2.260193 0.224119 0.000000 0.000000 0.000000 1.000000 0.000000 0.000000
2.000000 28.761742 -0.372727 -2.263735 0.183072 0.000000 0.000000 0.000000 1.000000 0.000000 0.000000
2.000000 28.762873 -0.365468 -2.262657 0.167497 0.000000 0.000000 0.000000 1.000000 0.000000 0.000000
2.000000 28.771405 -0.387245 -2.268144 0.136425 0.000000 0.000000 0.000000 1.000000 0.000000 0.000000
2.000000 28.773025 -0.375318 -2.266137 0.117556 0.000000 0.000000 0.000000 1.000000 0.000000 0.000000
2.000000 28.781507 -0.416220 -2.266823 0.107537 0.000000 0.000000 0.000000 1.000000 0.000000 0.000000
2.000000 28.782977 -0.431723 -2.273564 0.074637 0.000000 0.000000 0.000000 1.000000 0.000000 0.000000
2.000000 28.791457 -0.487180 -2.278175 0.038961 0.000000 0.000000 0.000000 1.000000 0.000000 0.000000
2.000000 28.793161 -0.475185 -2.276654 0.018091 0.000000 0.000000 0.000000 1.000000 0.000000 0.000000
2.000000 28.801511 -0.599081 -2.282040 -0.029903 0.000000 0.000000 0.000000 1.000000 0.000000 0.000000
2.000000 28.803088 -0.540618 -2.267966 -0.046985 0.000000 0.000000 0.000000 1.000000 0.000000 0.000000
2.000000 28.811468 -0.581103 -2.272000 -0.073938 0.000000 0.000000 0.000000 1.000000 0.000000 0.000000
2.000000 28.813175 -0.652341 -2.292751 -0.086308 0.000000 0.000000 0.000000 1.000000 0.000000 0.000000
2.000000 28.821527 -0.580017 -2.286453 -0.040566 0.000000 0.000000 0.000000 1.000000 0.000000 0.000000
2.000000 28.823108 -0.624316 -2.296629 -0.020496 0.000000 0.000000 0.000000 1.000000 0.000000 0.000000
2.000000 28.831490 -0.650797 -2.291585 0.001183 0.000000 0.000000 0.000000 1.000000 0.000000 0.000000
2.000000 28.833205 -0.694204 -2.300934 0.023335 0.000000 0.000000 0.000000 1.000000 0.000000 0.000000
2.000000 28.841587 -0.706641 -2.294620 0.052716 0.000000 0.000000 0.000000 1.000000 0.000000 0.000000
2.000000 28.843169 -0.775632 -2.312366 0.063113 0.000000 0.000000 0.000000 1.000000 0.000000 0.000000
2.000000 28.851480 -0.702405 -2.308910 0.094411 0.000000 0.000000 0.000000 1.000000 0.000000 0.000000
2.000000 28.853136 -0.798761 -2.334923 0.099439 0.000000 0.000000 0.000000 1.000000 0.000000 0.000000
2.000000 28.861556 -0.853425 -2.328589 0.123724 0.000000 0.000000 0.000000 1.000000 0.000000 0.000000
2.000000 28.863010 -0.878146 -2.332467 0.147834 0.000000 0.000000 0.000000 1.000000 0.000000 0.000000
2.000000 28.871478 -0.775000 -2.333299 0.161552 0.000000 0.000000 0.000000 1.000000 0.000000 0.000000
2.000000 28.873048 -0.800237 -2.340226 0.161455 0.000000 0.000000 0.000000 1.000000 0.000000 0.000000
2.000000 28.891500 -0.845889 -2.323933 0.227948 0.000000 0.000000 0.000000 1.000000 0.000000 0.000000
2.000000 28.893154 -0.902873 -2.336798 0.244794 0.000000 0.000000 0.000000 1.000000 0.000000 0.000000
2.000000 28.901550 -0.913238 -2.330383 0.269149 0.000000 0.000000 0.000000 1.000000 0.000000 0.000000
2.000000 28.903050 -1.020930 -2.360014 0.265839 0.000000 0.000000 0.000000 1.000000 0.000000 0.000000
2.000000 28.911582 -0.891511 -2.356100 0.304752 0.000000 0.000000 0.000000 1.000000 0.000000 0.000000
2.000000 28.913122 -0.944278 -2.369197 0.315138 0.000000 0.000000 0.000000 1.000000 0.000000 0.000000
2.000000 28.921572 -1.026866 -2.367201 0.310562 0.000000 0.000000 0.000000 1.000000 0.000000 0.000000
2.000000 28.923075 -1.054404 -2.370617 0.333803 0.000000 0.000000 0.000000 1.000000 0.000000 0.000000
2.000000 28.931554 -1.089232 -2.363045 0.356899 0.000000 0.000000 0.000000 1.000000 0.000000 0.000000
2.000000 28.933131 -1.175140 -2.386048 0.357325 0.000000 0.000000 0.000000 1.000000 0.000000 0.000000
2.000000 28.951802 -1.214274 -2.395808 0.401538 0.000000 0.000000 0.000000 1.000000 0.000000 0.000000
2.000000 28.953132 -1.292267 -2.415898 0.406447 0.000000 0.000000 0.000000 1.000000 0.000000 0.000000
2.000000 28.961596 -1.255152 -2.410016 0.436721 0.000000 0.000000 0.000000 1.000000 0.000000 0.000000
2.000000 28.963060 -1.253380 -2.405735 0.459856 0.000000 0.000000 0.000000 1.000000 0.000000 0.000000
2.000000 28.991557 -1.408299 -2.429460 0.496838 0.000000 0.000000 0.000000 1.000000 0.000000 0.000000
2.000000 28.993194 -1.432456 -2.432157 0.516789 0.000000 0.000000 0.000000 1.000000 0.000000 0.000000
2.000000 29.001630 -1.471376 -2.427962 0.526260 0.000000 0.000000 0.000000 1.000000 0.000000 0.000000
2.000000 29.003057 -1.546448 -2.448146 0.525210 0.000000 0.000000 0.000000 1.000000 0.000000 0.000000
2.000000 29.011586 -1.441094 -2.446325 0.547198 0.000000 0.000000 0.000000 1.000000 0.000000 0.000000
2.000000 29.013170 -1.456531 -2.448082 0.559322 0.000000 0.000000 0.000000 1.000000 0.000000 0.000000
2.000000 29.031808 -1.544662 -2.436665 0.590702 0.000000 0.000000 0.000000 1.000000 0.000000 0.000000
2.000000 29.033324 -1.670083 -2.469469 0.593369 0.000000 0.000000 0.000000 1.000000 0.000000 0.000000
2.000000 29.041610 -1.610191 -2.465855 0.614577 0.000000 0.000000 0.000000 1.000000 0.000000 0.000000
2.000000 29.043148 -1.577760 -2.455951 0.620888 0.000000 0.000000 0.000000 1.000000 0.000000 0.000000
2.000000 29.051628 -1.665074 -2.454313 0.614589 0.000000 0.000000 0.000000 1.000000 0.000000 0.000000
2.000000 29.053205 -1.864007 -2.510032 0.600600 0.000000 0.000000 0.000000 1.000000 0.000000 0.000000
2.000000 29.061643 -1.901039 -2.504045 0.618207 0.000000 0.000000 0.000000 1.000000 0.000000 0.000000
2.000000 29.063058 -1.832370 -2.480267 0.645478 0.000000 0.000000 0.000000 1.000000 0.000000 0.000000
2.000000 29.081610 -1.803822 -2.491672 0.667216 0.000000 0.000000 0.000000 1.000000 0.000000 0.000000
2.000000 29.083044 -1.844422 -2.501677 0.670554 0.000000 0.000000 0.000000 1.000000 0.000000 0.000000
2.000000 29.091625 -1.844166 -2.498928 0.680123 0.000000 0.000000 0.000000 1.000000 0.000000 0.000000
2.000000 29.093183 -1.945066 -2.525935 0.678569 0.000000 0.000000 0.000000 1.000000 0.000000 0.000000
2.000000 29.101676 -1.944344 -2.523447 0.687090 0.000000 0.000000 0.000000 1.000000 0.000000 0.000000
2.000000 29.103122 -1.954445 -2.526041 0.687458 0.000000 0.000000 0.000000 1.000000 0.000000 0.000000
2.000000 29.111663 -1.910502 -2.525982 0.693515 0.000000 0.000000 0.000000 1.000000 0.000000 0.000000
2.000000 29.113266 -1.928097 -2.527322 0.707629 0.000000 0.000000 0.000000 1.000000 0.000000 0.000000
2.000000 29.121628 -1.916666 -2.525040 0.716238 0.000000 0.000000 0.000000 1.000000 0.000000 0.000000
2.000000 29.123227 -1.961967 -2.537441 0.714087 0.000000 0.000000 0.000000 1.000000 0.000000 0.000000
2.000000 29.171631 -2.179187 -2.553798 0.737799 0.000000 0.000000 0.000000 1.000000 0.000000 0.000000
2.000000 29.173275 -2.241252 -2.571383 0.732154 0.000000 0.000000 0.000000 1.000000 0.000000 0.000000
2.000000 29.181700 -2.245632 -2.567687 0.743455 0.000000 0.000000 0.000000 1.000000 0.000000 0.000000
2.000000 29.183224 -2.308245 -2.585723 0.736783 0.000000 0.000000 0.000000 1.000000 0.000000 0.000000
2.000000 29.191817 -2.247858 -2.585207 0.746190 0.000000 0.000000 0.000000 1.000000 0.000000 0.000000
2.000000 29.193450 -2.334988 -2.611264 0.732993 0.000000 0.000000 0.000000 1.000000 0.000000 0.000000
2.000000 29.201681 -2.112126 -2.613977 0.751182 0.000000 0.000000 0.000000 1.000000 0.000000 0.000000
2.000000 29.203196 -2.078376 -2.603301 0.758576 0.000000 0.000000 0.000000 1.000000 0.000000 0.000000
2.000000 29.211990 -2.423343 -2.597129 0.737091 0.000000 0.000000 0.000000 1.000000 0.000000 0.000000
2.000000 29.213454 -2.370824 -2.581332 0.745725 0.000000 0.000000 0.000000 1.000000 0.000000 0.000000
2.000000 29.222280 -2.371548 -2.587198 0.725828 0.000000 0.000000 0.000000 1.000000 0.000000 0.000000
2.000000 29.223374 -2.458227 -2.610330 0.723098 0.000000 0.000000 0.000000 1.000000 0.000000 0.000000
2.000000 29.231658 -2.345261 -2.606917 0.747417 0.000000 0.000000 0.000000 1.000000 0.000000 0.000000
2.000000 29.233302 -2.380444 -2.617024 0.743811 0.000000 0.000000 0.000000 1.000000 0.000000 0.000000
2.000000 29.241925 -2.492288 -2.618252 0.726213 0.000000 0.000000 0.000000 1.000000 0.000000 0.000000
2.000000 29.243278 -2.471019 -2.612715 0.726289 0.000000 0.000000 0.000000 1.000000 0.000000 0.000000
2.000000 29.251673 -2.504695 -2.612041 0.724213 0.000000 0.000000 0.000000 1.000000 0.000000 0.000000
2.000000 29.253196 -2.601968 -2.641525 0.707856 0.000000 0.000000 0.000000 1.000000 0.000000 0.000000
2.000000 29.261733 -2.601315 -2.643464 0.701707 0.000000 0.000000 0.000000 1.000000 0.000000 0.000000
2.000000 29.263362 -2.609793 -2.645627 0.701840 0.000000 0.000000 0.000000 1.000000 0.000000 0.000000
2.000000 29.271717 -2.533017 -2.644931 0.713387 0.000000 0.000000 0.000000 1.000000 0.000000 0.000000
2.000000 29.273472 -2.622126 -2.672223 0.697534 0.000000 0.000000 0.000000 1.000000 0.000000 0.000000
2.000000 29.282054 -2.698401 -2.673099 0.685490 0.000000 0.000000 0.000000 1.000000 0.000000 0.000000
2.000000 29.283362 -2.628655 -2.651968 0.697039 0.000000 0.000000 0.000000 1.000000 0.000000 0.000000
2.000000 29.291662 -2.696297 -2.653573 0.683862 0.000000 0.000000 0.000000 1.000000 0.000000 0.000000
2.000000 29.293175 -2.726496 -2.664947 0.670466 0.000000 0.000000 0.000000 1.000000 0.000000 0.000000
2.000000 29.301749 -2.849942 -2.663842 0.659042 0.000000 0.000000 0.000000 1.000000 0.000000 0.000000
2.000000 29.303253 -2.896695 -2.678306 0.649757 0.000000 0.000000 0.000000 1.000000 0.000000 0.000000
2.000000 29.311793 -2.849916 -2.683532 0.638507 0.000000 0.000000 0.000000 1.000000 0.000000 0.000000
2.000000 29.313466 -2.848504 -2.682696 0.640193 0.000000 0.000000 0.000000 1.000000 0.000000 0.000000
2.000000 29.321743 -2.833802 -2.683146 0.640646 0.000000 0.000000 0.000000 1.000000 0.000000 0.000000
2.000000 29.323130 -2.843984 -2.687664 0.633836 0.000000 0.000000 0.000000 1.000000 0.000000 0.000000
2.000000 29.331699 -2.933835 -2.687908 0.622184 0.000000 0.000000 0.000000 1.000000 0.000000 0.000000
2.000000 29.333306 -2.949600 -2.693870 0.615160 0.000000 0.000000 0.000000 1.000000 0.000000 0.000000
2.000000 29.341957 -3.034679 -2.694643 0.602374 0.000000 0.000000 0.000000 1.000000 0.000000 0.000000
2.000000 29.343167 -3.055466 -2.701696 0.596010 0.000000 0.000000 0.000000 1.000000 0.000000 0.000000
2.000000 29.351739 -3.105472 -2.702324 0.587916 0.000000 0.000000 0.000000 1.000000 0.000000 0.000000
2.000000 29.353189 -3.173377 -2.724247 0.570916 0.000000 0.000000 0.000000 1.000000 0.000000 0.000000
2.000000 29.361873 -3.124260 -2.728985 0.561412 0.000000 0.000000 0.000000 1.000000 0.000000 0.000000
2.000000 29.363152 -3.061863 -2.713138 0.560901 0.000000 0.000000 0.000000 1.000000 0.000000 0.000000
2.000000 29.371701 -3.061156 -2.716364 0.550980 0.000000 0.000000 0.000000 1.000000 0.000000 0.000000
2.000000 29.373227 -3.087793 -2.724912 0.544838 0.000000 0.000000 0.000000 1.000000 0.000000 0.000000
2.000000 29.381803 -3.198886 -2.725006 0.531100 0.000000 0.000000 0.000000 1.000000 0.000000 0.000000
2.000000 29.383171 -3.213782 -2.732469 0.517650 0.000000 0.000000 0.000000 1.000000 0.000000 0.000000
2.000000 29.391965 -3.148268 -2.741495 0.498424 0.000000 0.000000 0.000000 1.000000 0.000000 0.000000
2.000000 29.393228 -3.187952 -2.756708 0.481420 0.000000 0.000000 0.000000 1.000000 0.000000 0.000000
2.000000 29.401802 -3.366784 -2.753872 0.468766 0.000000 0.000000 0.000000 1.000000 0.000000 0.000000
2.000000 29.403141 -3.416090 -2.770783 0.452426 0.000000 0.000000 0.000000 1.000000 0.000000 0.000000
2.000000 29.411747 -3.238963 -2.771111 0.472096 0.000000 0.000000 0.000000 1.000000 0.000000 0.000000
2.000000 29.413325 -3.214672 -2.767517 0.460607 0.000000 0.000000 0.000000 1.000000 0.000000 0.000000
2.000000 29.422321 -3.426612 -2.773454 0.413913 0.000000 0.000000 0.000000 1.000000 0.000000 0.000000
2.000000 29.423217 -3.404869 -2.768158 0.412893 0.000000 0.000000 0.000000 1.000000 0.000000 0.000000
2.000000 29.431704 -3.428023 -2.771515 0.399068 0.000000 0.000000 0.000000 1.000000 0.000000 0.000000
2.000000 29.433268 -3.164228 -2.785917 0.403186 0.000000 0.000000 0.000000 1.000000 0.000000 0.000000
2.000000 29.461806 -3.562587 -2.809998 0.328232 0.000000 0.000000 0.000000 1.000000 0.000000 0.000000
2.000000 29.463210 -3.519748 -2.802219 0.316677 0.000000 0.000000 0.000000 1.000000 0.000000 0.000000
