8.000000 71.886796 25.237944 -0.244190 0.521680 0.000000 0.000000 0.000000 1.000000 0.000000 0.000000
8.000000 71.896673 25.160929 -0.276407 0.587391 0.000000 0.000000 0.000000 1.000000 0.000000 0.000000
8.000000 71.906729 25.055533 -0.289990 0.681659 0.000000 0.000000 0.000000 1.000000 0.000000 0.000000
8.000000 71.916866 24.865086 -0.274448 0.772821 0.000000 0.000000 0.000000 1.000000 0.000000 0.000000
8.000000 71.926834 24.699143 -0.269989 0.866324 0.000000 0.000000 0.000000 1.000000 0.000000 0.000000
8.000000 71.936865 24.577029 -0.271126 0.955650 0.000000 0.000000 0.000000 1.000000 0.000000 0.000000
8.000000 71.946791 24.489145 -0.281462 1.045496 0.000000 0.000000 0.000000 1.000000 0.000000 0.000000
8.000000 71.956251 22.875584 -0.103865 1.206474 0.000000 0.000000 0.000000 1.000000 0.000000 0.000000
8.000000 71.956687 24.339117 -0.277760 1.124005 0.000000 0.000000 0.000000 1.000000 0.000000 0.000000
8.000000 71.966321 22.748320 -0.102090 1.276938 0.000000 0.000000 0.000000 1.000000 0.000000 0.000000
8.000000 71.966832 24.140583 -0.269809 1.206538 0.000000 0.000000 0.000000 1.000000 0.000000 0.000000
8.000000 71.976249 22.655066 -0.107750 1.353990 0.000000 0.000000 0.000000 1.000000 0.000000 0.000000
8.000000 71.976802 23.983098 -0.268337 1.297860 0.000000 0.000000 0.000000 1.000000 0.000000 0.000000
8.000000 71.986310 22.549726 -0.110316 1.421923 0.000000 0.000000 0.000000 1.000000 0.000000 0.000000
8.000000 71.986806 23.879727 -0.271934 1.373008 0.000000 0.000000 0.000000 1.000000 0.000000 0.000000
8.000000 71.996248 22.448172 -0.119355 1.488561 0.000000 0.000000 0.000000 1.000000 0.000000 0.000000
8.000000 71.996745 23.699526 -0.269908 1.447343 0.000000 0.000000 0.000000 1.000000 0.000000 0.000000
8.000000 72.006337 22.383466 -0.127212 1.571351 0.000000 0.000000 0.000000 1.000000 0.000000 0.000000
8.000000 72.006814 23.635246 -0.276724 1.520959 0.000000 0.000000 0.000000 1.000000 0.000000 0.000000
8.000000 72.016255 22.267292 -0.132003 1.634515 0.000000 0.000000 0.000000 1.000000 0.000000 0.000000
8.000000 72.016746 23.442991 -0.269551 1.597227 0.000000 0.000000 0.000000 1.000000 0.000000 0.000000
8.000000 72.026323 22.192918 -0.136459 1.711397 0.000000 0.000000 0.000000 1.000000 0.000000 0.000000
8.000000 72.026841 23.376809 -0.269179 1.663704 0.000000 0.000000 0.000000 1.000000 0.000000 0.000000
8.000000 72.036225 22.099749 -0.143407 1.777825 0.000000 0.000000 0.000000 1.000000 0.000000 0.000000
8.000000 72.036750 23.229620 -0.266836 1.742696 0.000000 0.000000 0.000000 1.000000 0.000000 0.000000
8.000000 72.046327 21.975965 -0.142158 1.827188 0.000000 0.000000 0.000000 1.000000 0.000000 0.000000
8.000000 72.046847 23.117697 -0.271828 1.791577 0.000000 0.000000 0.000000 1.000000 0.000000 0.000000
8.000000 72.056225 21.879522 -0.153429 1.901569 0.000000 0.000000 0.000000 1.000000 0.000000 0.000000
8.000000 72.056756 22.917969 -0.264721 1.878194 0.000000 0.000000 0.000000 1.000000 0.000000 0.000000
8.000000 72.066350 21.809948 -0.171464 1.970643 0.000000 0.000000 0.000000 1.000000 0.000000 0.000000
8.000000 72.066849 22.741163 -0.264543 1.945504 0.000000 0.000000 0.000000 1.000000 0.000000 0.000000
8.000000 72.076231 21.704286 -0.166632 2.028743 0.000000 0.000000 0.000000 1.000000 0.000000 0.000000
8.000000 72.076947 22.654443 -0.262010 2.007974 0.000000 0.000000 0.000000 1.000000 0.000000 0.000000
8.000000 72.086404 21.599397 -0.173788 2.090836 0.000000 0.000000 0.000000 1.000000 0.000000 0.000000
8.000000 72.086905 22.523498 -0.267029 2.069890 0.000000 0.000000 0.000000 1.000000 0.000000 0.000000
8.000000 72.087327 20.949531 -0.173355 2.107208 0.000000 0.000000 0.000000 1.000000 0.000000 0.000000
8.000000 72.096298 21.489749 -0.180064 2.142415 0.000000 0.000000 0.000000 1.000000 0.000000 0.000000
8.000000 72.096826 22.344320 -0.263163 2.128705 0.000000 0.000000 0.000000 1.000000 0.000000 0.000000
8.000000 72.097370 20.838768 -0.172627 2.160776 0.000000 0.000000 0.000000 1.000000 0.000000 0.000000
8.000000 72.106373 21.460671 -0.206751 2.219123 0.000000 0.000000 0.000000 1.000000 0.000000 0.000000
8.000000 72.106884 22.311397 -0.294347 2.192072 0.000000 0.000000 0.000000 1.000000 0.000000 0.000000
8.000000 72.107274 20.699568 -0.197518 2.207754 0.000000 0.000000 0.000000 1.000000 0.000000 0.000000
8.000000 72.116272 21.366215 -0.203099 2.273964 0.000000 0.000000 0.000000 1.000000 0.000000 0.000000
8.000000 72.116935 22.116672 -0.261959 2.257851 0.000000 0.000000 0.000000 1.000000 0.000000 0.000000
8.000000 72.117352 20.604435 -0.174652 2.274606 0.000000 0.000000 0.000000 1.000000 0.000000 0.000000
8.000000 72.126362 21.229968 -0.200091 2.324140 0.000000 0.000000 0.000000 1.000000 0.000000 0.000000
8.000000 72.127003 21.979060 -0.263005 2.311493 0.000000 0.000000 0.000000 1.000000 0.000000 0.000000
8.000000 72.127227 20.483730 -0.176621 2.327432 0.000000 0.000000 0.000000 1.000000 0.000000 0.000000
8.000000 72.136904 21.835768 -0.260312 2.370794 0.000000 0.000000 0.000000 1.000000 0.000000 0.000000
8.000000 72.137438 20.363021 -0.177741 2.381990 0.000000 0.000000 0.000000 1.000000 0.000000 0.000000
8.000000 72.147080 21.656779 -0.259857 2.431343 0.000000 0.000000 0.000000 1.000000 0.000000 0.000000
8.000000 72.147557 20.259999 -0.178428 2.436641 0.000000 0.000000 0.000000 1.000000 0.000000 0.000000
8.000000 72.156898 21.581680 -0.260809 2.478659 0.000000 0.000000 0.000000 1.000000 0.000000 0.000000
8.000000 72.157484 20.138373 -0.178997 2.482789 0.000000 0.000000 0.000000 1.000000 0.000000 0.000000
8.000000 72.166995 21.482378 -0.263755 2.532812 0.000000 0.000000 0.000000 1.000000 0.000000 0.000000
8.000000 72.167372 20.016620 -0.185765 2.536799 0.000000 0.000000 0.000000 1.000000 0.000000 0.000000
8.000000 72.176937 21.356560 -0.263024 2.584457 0.000000 0.000000 0.000000 1.000000 0.000000 0.000000
8.000000 72.177449 20.195377 0.074451 2.565303 0.000000 0.000000 0.000000 1.000000 0.000000 0.000000
8.000000 72.187039 21.206937 -0.260197 2.638442 0.000000 0.000000 0.000000 1.000000 0.000000 0.000000
8.000000 72.187423 19.777209 -0.185574 2.635894 0.000000 0.000000 0.000000 1.000000 0.000000 0.000000
8.000000 72.196873 21.087218 -0.287878 2.683036 0.000000 0.000000 0.000000 1.000000 0.000000 0.000000
8.000000 72.197383 19.645424 -0.206773 2.672239 0.000000 0.000000 0.000000 1.000000 0.000000 0.000000
8.000000 72.206403 20.573605 -0.268269 2.734227 0.000000 0.000000 0.000000 1.000000 0.000000 0.000000
8.000000 72.207021 20.979083 -0.263044 2.734262 0.000000 0.000000 0.000000 1.000000 0.000000 0.000000
8.000000 72.207397 19.555593 -0.187766 2.719501 0.000000 0.000000 0.000000 1.000000 0.000000 0.000000
8.000000 72.216882 20.822239 -0.263604 2.786622 0.000000 0.000000 0.000000 1.000000 0.000000 0.000000
8.000000 72.217472 19.417734 -0.192241 2.768849 0.000000 0.000000 0.000000 1.000000 0.000000 0.000000
8.000000 72.227010 20.699715 -0.259443 2.829284 0.000000 0.000000 0.000000 1.000000 0.000000 0.000000
8.000000 72.227404 19.308738 -0.189198 2.809764 0.000000 0.000000 0.000000 1.000000 0.000000 0.000000
8.000000 72.236900 20.566368 -0.259248 2.872192 0.000000 0.000000 0.000000 1.000000 0.000000 0.000000
8.000000 72.237432 19.191281 -0.193389 2.858701 0.000000 0.000000 0.000000 1.000000 0.000000 0.000000
8.000000 72.247016 20.371862 -0.257143 2.926401 0.000000 0.000000 0.000000 1.000000 0.000000 0.000000
8.000000 72.247413 19.102313 -0.192162 2.897769 0.000000 0.000000 0.000000 1.000000 0.000000 0.000000
8.000000 72.256901 20.296382 -0.258933 2.962307 0.000000 0.000000 0.000000 1.000000 0.000000 0.000000
8.000000 72.257450 18.985308 -0.196401 2.938655 0.000000 0.000000 0.000000 1.000000 0.000000 0.000000
8.000000 72.266469 20.005351 -0.299027 2.994879 0.000000 0.000000 0.000000 1.000000 0.000000 0.000000
8.000000 72.267004 20.186642 -0.258083 2.999872 0.000000 0.000000 0.000000 1.000000 0.000000 0.000000
8.000000 72.267361 18.877769 -0.198265 2.978932 0.000000 0.000000 0.000000 1.000000 0.000000 0.000000
8.000000 72.276929 20.067473 -0.259748 3.045385 0.000000 0.000000 0.000000 1.000000 0.000000 0.000000
8.000000 72.277420 18.758463 -0.200857 3.018877 0.000000 0.000000 0.000000 1.000000 0.000000 0.000000
8.000000 72.286959 19.937662 -0.256440 3.085245 0.000000 0.000000 0.000000 1.000000 0.000000 0.000000
8.000000 72.287417 18.637261 -0.198550 3.056877 0.000000 0.000000 0.000000 1.000000 0.000000 0.000000
8.000000 72.296926 19.794850 -0.270754 3.124121 0.000000 0.000000 0.000000 1.000000 0.000000 0.000000
8.000000 72.307040 19.706392 -0.276785 3.148082 0.000000 0.000000 0.000000 1.000000 0.000000 0.000000
8.000000 72.307397 18.373832 -0.220140 3.122444 0.000000 0.000000 0.000000 1.000000 0.000000 0.000000
8.000000 72.316417 19.600314 -0.339867 3.184208 0.000000 0.000000 0.000000 1.000000 0.000000 0.000000
8.000000 72.316948 19.570750 -0.255462 3.193672 0.000000 0.000000 0.000000 1.000000 0.000000 0.000000
8.000000 72.317481 18.296513 -0.201672 3.162276 0.000000 0.000000 0.000000 1.000000 0.000000 0.000000
8.000000 72.327030 19.428469 -0.257084 3.225402 0.000000 0.000000 0.000000 1.000000 0.000000 0.000000
8.000000 72.327389 18.178727 -0.205986 3.194225 0.000000 0.000000 0.000000 1.000000 0.000000 0.000000
8.000000 72.336953 19.314162 -0.259805 3.259965 0.000000 0.000000 0.000000 1.000000 0.000000 0.000000
8.000000 72.344635 18.065641 -0.154520 3.117937 0.000000 0.000000 0.000000 1.000000 0.000000 0.000000
8.000000 72.347154 19.146067 -0.265703 3.289041 0.000000 0.000000 0.000000 1.000000 0.000000 0.000000
8.000000 72.349174 17.917935 -0.215396 3.261488 0.000000 0.000000 0.000000 1.000000 0.000000 0.000000
8.000000 72.356928 19.101463 -0.267719 3.322633 0.000000 0.000000 0.000000 1.000000 0.000000 0.000000
8.000000 72.357668 17.810843 -0.215155 3.280601 0.000000 0.000000 0.000000 1.000000 0.000000 0.000000
8.000000 72.367167 18.964677 -0.266315 3.348033 0.000000 0.000000 0.000000 1.000000 0.000000 0.000000
8.000000 72.367477 17.681875 -0.220502 3.317341 0.000000 0.000000 0.000000 1.000000 0.000000 0.000000
8.000000 72.377009 18.844963 -0.270926 3.374493 0.000000 0.000000 0.000000 1.000000 0.000000 0.000000
8.000000 72.377496 17.564619 -0.227261 3.348691 0.000000 0.000000 0.000000 1.000000 0.000000 0.000000
8.000000 72.387110 18.711123 -0.272991 3.403792 0.000000 0.000000 0.000000 1.000000 0.000000 0.000000
8.000000 72.387616 17.455908 -0.227447 3.366374 0.000000 0.000000 0.000000 1.000000 0.000000 0.000000
8.000000 72.396923 18.582373 -0.266310 3.428407 0.000000 0.000000 0.000000 1.000000 0.000000 0.000000
8.000000 72.398319 17.334394 -0.221092 3.392151 0.000000 0.000000 0.000000 1.000000 0.000000 0.000000
8.000000 72.407087 18.471698 -0.263187 3.450132 0.000000 0.000000 0.000000 1.000000 0.000000 0.000000
8.000000 72.407445 17.222885 -0.222767 3.417395 0.000000 0.000000 0.000000 1.000000 0.000000 0.000000
8.000000 72.416961 18.346391 -0.258213 3.472463 0.000000 0.000000 0.000000 1.000000 0.000000 0.000000
8.000000 72.417567 17.125029 -0.219736 3.436905 0.000000 0.000000 0.000000 1.000000 0.000000 0.000000
8.000000 72.427164 18.228723 -0.267604 3.491348 0.000000 0.000000 0.000000 1.000000 0.000000 0.000000
8.000000 72.427991 16.970633 -0.227157 3.453182 0.000000 0.000000 0.000000 1.000000 0.000000 0.000000
8.000000 72.437035 18.101631 -0.260234 3.507328 0.000000 0.000000 0.000000 1.000000 0.000000 0.000000
8.000000 72.437572 16.903689 -0.223584 3.473600 0.000000 0.000000 0.000000 1.000000 0.000000 0.000000
8.000000 72.447135 17.946124 -0.263532 3.528362 0.000000 0.000000 0.000000 1.000000 0.000000 0.000000
8.000000 72.448009 16.806448 -0.224570 3.489534 0.000000 0.000000 0.000000 1.000000 0.000000 0.000000
8.000000 72.457057 17.875673 -0.268880 3.544908 0.000000 0.000000 0.000000 1.000000 0.000000 0.000000
8.000000 72.457643 16.627206 -0.231764 3.520142 0.000000 0.000000 0.000000 1.000000 0.000000 0.000000
8.000000 72.467483 16.552785 -0.231000 3.538210 0.000000 0.000000 0.000000 1.000000 0.000000 0.000000
8.000000 72.476635 17.775788 -0.347753 3.575085 0.000000 0.000000 0.000000 1.000000 0.000000 0.000000
8.000000 72.476989 17.620883 -0.262596 3.570205 0.000000 0.000000 0.000000 1.000000 0.000000 0.000000
8.000000 72.477527 16.426363 -0.231406 3.553864 0.000000 0.000000 0.000000 1.000000 0.000000 0.000000
8.000000 72.487194 17.158733 -0.283286 3.609267 0.000000 0.000000 0.000000 1.000000 0.000000 0.000000
8.000000 72.487457 16.337671 -0.239815 3.570338 0.000000 0.000000 0.000000 1.000000 0.000000 0.000000
8.000000 72.496561 17.444757 -0.325663 3.593804 0.000000 0.000000 0.000000 1.000000 0.000000 0.000000
8.000000 72.497085 17.372903 -0.264002 3.593563 0.000000 0.000000 0.000000 1.000000 0.000000 0.000000
8.000000 72.497719 16.225466 -0.230491 3.576913 0.000000 0.000000 0.000000 1.000000 0.000000 0.000000
8.000000 72.506543 17.406636 -0.344076 3.621594 0.000000 0.000000 0.000000 1.000000 0.000000 0.000000
8.000000 72.507122 17.266466 -0.269375 3.619985 0.000000 0.000000 0.000000 1.000000 0.000000 0.000000
8.000000 72.507459 16.065181 -0.233791 3.589318 0.000000 0.000000 0.000000 1.000000 0.000000 0.000000
8.000000 72.517072 16.819002 -0.278984 3.654239 0.000000 0.000000 0.000000 1.000000 0.000000 0.000000
8.000000 72.517665 15.972881 -0.239664 3.622955 0.000000 0.000000 0.000000 1.000000 0.000000 0.000000
8.000000 72.526599 17.177746 -0.341946 3.647087 0.000000 0.000000 0.000000 1.000000 0.000000 0.000000
8.000000 72.527168 17.002625 -0.256681 3.643532 0.000000 0.000000 0.000000 1.000000 0.000000 0.000000
8.000000 72.527683 15.884179 -0.228353 3.625885 0.000000 0.000000 0.000000 1.000000 0.000000 0.000000
8.000000 72.537058 16.556019 -0.268564 3.670367 0.000000 0.000000 0.000000 1.000000 0.000000 0.000000
8.000000 72.537501 15.768570 -0.233143 3.643382 0.000000 0.000000 0.000000 1.000000 0.000000 0.000000
8.000000 72.546623 16.843569 -0.316943 3.658926 0.000000 0.000000 0.000000 1.000000 0.000000 0.000000
8.000000 72.547171 16.701157 -0.237131 3.651578 0.000000 0.000000 0.000000 1.000000 0.000000 0.000000
8.000000 72.547489 15.683215 -0.209852 3.633303 0.000000 0.000000 0.000000 1.000000 0.000000 0.000000
8.000000 72.557059 16.350530 -0.266062 3.685501 0.000000 0.000000 0.000000 1.000000 0.000000 0.000000
8.000000 72.557537 15.561783 -0.232428 3.638753 0.000000 0.000000 0.000000 1.000000 0.000000 0.000000
8.000000 72.567152 16.206635 -0.269355 3.696669 0.000000 0.000000 0.000000 1.000000 0.000000 0.000000
8.000000 72.567520 15.422354 -0.238706 3.661521 0.000000 0.000000 0.000000 1.000000 0.000000 0.000000
8.000000 72.577120 16.111116 -0.270667 3.708218 0.000000 0.000000 0.000000 1.000000 0.000000 0.000000
8.000000 72.577529 15.310826 -0.239899 3.671066 0.000000 0.000000 0.000000 1.000000 0.000000 0.000000
8.000000 72.586556 16.359309 -0.311933 3.691941 0.000000 0.000000 0.000000 1.000000 0.000000 0.000000
8.000000 72.587239 16.293232 -0.262895 3.684242 0.000000 0.000000 0.000000 1.000000 0.000000 0.000000
8.000000 72.587819 15.221395 -0.235233 3.670617 0.000000 0.000000 0.000000 1.000000 0.000000 0.000000
8.000000 72.597062 15.839615 -0.264748 3.718943 0.000000 0.000000 0.000000 1.000000 0.000000 0.000000
8.000000 72.597565 15.103003 -0.233377 3.676570 0.000000 0.000000 0.000000 1.000000 0.000000 0.000000
8.000000 72.607178 15.718184 -0.265867 3.720754 0.000000 0.000000 0.000000 1.000000 0.000000 0.000000
8.000000 72.607723 14.994093 -0.235773 3.673768 0.000000 0.000000 0.000000 1.000000 0.000000 0.000000
8.000000 72.616457 16.023709 -0.308980 3.712584 0.000000 0.000000 0.000000 1.000000 0.000000 0.000000
8.000000 72.617088 15.960343 -0.264036 3.700743 0.000000 0.000000 0.000000 1.000000 0.000000 0.000000
8.000000 72.617566 14.885869 -0.237165 3.685521 0.000000 0.000000 0.000000 1.000000 0.000000 0.000000
8.000000 72.627147 15.474173 -0.264591 3.730511 0.000000 0.000000 0.000000 1.000000 0.000000 0.000000
8.000000 72.627548 14.785316 -0.238436 3.688170 0.000000 0.000000 0.000000 1.000000 0.000000 0.000000
8.000000 72.636477 15.830514 -0.315521 3.721659 0.000000 0.000000 0.000000 1.000000 0.000000 0.000000
8.000000 72.637124 15.758857 -0.267417 3.703245 0.000000 0.000000 0.000000 1.000000 0.000000 0.000000
8.000000 72.637837 14.647037 -0.240424 3.687499 0.000000 0.000000 0.000000 1.000000 0.000000 0.000000
8.000000 72.646550 15.727491 -0.316179 3.721832 0.000000 0.000000 0.000000 1.000000 0.000000 0.000000
8.000000 72.647194 15.630116 -0.257022 3.704092 0.000000 0.000000 0.000000 1.000000 0.000000 0.000000
8.000000 72.647517 14.573380 -0.230077 3.686422 0.000000 0.000000 0.000000 1.000000 0.000000 0.000000
8.000000 72.656618 15.625804 -0.317596 3.724287 0.000000 0.000000 0.000000 1.000000 0.000000 0.000000
8.000000 72.657077 15.543757 -0.265962 3.705276 0.000000 0.000000 0.000000 1.000000 0.000000 0.000000
8.000000 72.658363 14.448427 -0.238551 3.687610 0.000000 0.000000 0.000000 1.000000 0.000000 0.000000
8.000000 72.667189 14.946082 -0.246725 3.721415 0.000000 0.000000 0.000000 1.000000 0.000000 0.000000
8.000000 72.667505 14.362897 -0.229980 3.681953 0.000000 0.000000 0.000000 1.000000 0.000000 0.000000
8.000000 72.676649 15.410008 -0.310532 3.721556 0.000000 0.000000 0.000000 1.000000 0.000000 0.000000
8.000000 72.677088 15.340902 -0.260789 3.692626 0.000000 0.000000 0.000000 1.000000 0.000000 0.000000
8.000000 72.677628 14.246232 -0.235531 3.680324 0.000000 0.000000 0.000000 1.000000 0.000000 0.000000
8.000000 72.686654 15.269663 -0.311238 3.723979 0.000000 0.000000 0.000000 1.000000 0.000000 0.000000
8.000000 72.687211 15.158572 -0.250682 3.690938 0.000000 0.000000 0.000000 1.000000 0.000000 0.000000
8.000000 72.687616 14.127080 -0.226800 3.669060 0.000000 0.000000 0.000000 1.000000 0.000000 0.000000
8.000000 72.697135 15.054858 -0.249045 3.664817 0.000000 0.000000 0.000000 1.000000 0.000000 0.000000
8.000000 72.698025 14.010821 -0.226552 3.662193 0.000000 0.000000 0.000000 1.000000 0.000000 0.000000
8.000000 72.706724 15.052242 -0.307400 3.710988 0.000000 0.000000 0.000000 1.000000 0.000000 0.000000
8.000000 72.707170 14.953600 -0.247635 3.677938 0.000000 0.000000 0.000000 1.000000 0.000000 0.000000
8.000000 72.707837 13.926811 -0.223659 3.662526 0.000000 0.000000 0.000000 1.000000 0.000000 0.000000
8.000000 72.717135 14.867629 -0.255200 3.673704 0.000000 0.000000 0.000000 1.000000 0.000000 0.000000
8.000000 72.717996 13.819106 -0.231359 3.657464 0.000000 0.000000 0.000000 1.000000 0.000000 0.000000
8.000000 72.727232 14.721288 -0.243187 3.670485 0.000000 0.000000 0.000000 1.000000 0.000000 0.000000
8.000000 72.727607 13.748610 -0.221244 3.650914 0.000000 0.000000 0.000000 1.000000 0.000000 0.000000
8.000000 72.737093 14.664766 -0.259471 3.661462 0.000000 0.000000 0.000000 1.000000 0.000000 0.000000
8.000000 72.737645 13.563212 -0.232244 3.637421 0.000000 0.000000 0.000000 1.000000 0.000000 0.000000
8.000000 72.747233 14.481985 -0.259237 3.656121 0.000000 0.000000 0.000000 1.000000 0.000000 0.000000
8.000000 72.747624 13.493163 -0.234340 3.633611 0.000000 0.000000 0.000000 1.000000 0.000000 0.000000
8.000000 72.757190 14.441634 -0.255447 3.648089 0.000000 0.000000 0.000000 1.000000 0.000000 0.000000
8.000000 72.757667 13.380945 -0.227648 3.625121 0.000000 0.000000 0.000000 1.000000 0.000000 0.000000
8.000000 72.767259 14.299191 -0.246058 3.637973 0.000000 0.000000 0.000000 1.000000 0.000000 0.000000
8.000000 72.767560 13.312483 -0.221362 3.623062 0.000000 0.000000 0.000000 1.000000 0.000000 0.000000
8.000000 72.777133 14.169424 -0.240681 3.626952 0.000000 0.000000 0.000000 1.000000 0.000000 0.000000
8.000000 72.777717 13.218458 -0.215206 3.607232 0.000000 0.000000 0.000000 1.000000 0.000000 0.000000
8.000000 72.784740 13.244443 -0.185608 3.588718 0.000000 0.000000 0.000000 1.000000 0.000000 0.000000
8.000000 72.787266 14.111485 -0.244899 3.613820 0.000000 0.000000 0.000000 1.000000 0.000000 0.000000
8.000000 72.787676 13.121360 -0.220169 3.601285 0.000000 0.000000 0.000000 1.000000 0.000000 0.000000
8.000000 72.797110 13.962936 -0.234230 3.589862 0.000000 0.000000 0.000000 1.000000 0.000000 0.000000
8.000000 72.797680 12.995828 -0.209366 3.582607 0.000000 0.000000 0.000000 1.000000 0.000000 0.000000
8.000000 72.807230 13.915980 -0.251437 3.576695 0.000000 0.000000 0.000000 1.000000 0.000000 0.000000
8.000000 72.807587 12.849629 -0.222724 3.566249 0.000000 0.000000 0.000000 1.000000 0.000000 0.000000
8.000000 72.817138 13.766924 -0.235327 3.559687 0.000000 0.000000 0.000000 1.000000 0.000000 0.000000
8.000000 72.817757 12.806904 -0.211833 3.555442 0.000000 0.000000 0.000000 1.000000 0.000000 0.000000
8.000000 72.827265 13.662179 -0.234147 3.537134 0.000000 0.000000 0.000000 1.000000 0.000000 0.000000
8.000000 72.827576 12.703273 -0.210523 3.531249 0.000000 0.000000 0.000000 1.000000 0.000000 0.000000
8.000000 72.837142 13.559964 -0.230450 3.517553 0.000000 0.000000 0.000000 1.000000 0.000000 0.000000
8.000000 72.837669 12.609044 -0.206890 3.514252 0.000000 0.000000 0.000000 1.000000 0.000000 0.000000
8.000000 72.847196 13.394762 -0.234140 3.500781 0.000000 0.000000 0.000000 1.000000 0.000000 0.000000
8.000000 72.847641 12.478507 -0.208294 3.489237 0.000000 0.000000 0.000000 1.000000 0.000000 0.000000
8.000000 72.857195 13.364409 -0.247418 3.473698 0.000000 0.000000 0.000000 1.000000 0.000000 0.000000
8.000000 72.857652 12.356360 -0.220723 3.470630 0.000000 0.000000 0.000000 1.000000 0.000000 0.000000
8.000000 72.867251 13.228636 -0.234938 3.452475 0.000000 0.000000 0.000000 1.000000 0.000000 0.000000
8.000000 72.867854 12.294158 -0.210167 3.450205 0.000000 0.000000 0.000000 1.000000 0.000000 0.000000
8.000000 72.877191 13.147475 -0.233991 3.422667 0.000000 0.000000 0.000000 1.000000 0.000000 0.000000
8.000000 72.877962 12.178610 -0.209454 3.423906 0.000000 0.000000 0.000000 1.000000 0.000000 0.000000
8.000000 72.887276 13.024484 -0.233417 3.399312 0.000000 0.000000 0.000000 1.000000 0.000000 0.000000
8.000000 72.887633 12.072690 -0.209333 3.403865 0.000000 0.000000 0.000000 1.000000 0.000000 0.000000
8.000000 72.897187 12.905398 -0.226616 3.373120 0.000000 0.000000 0.000000 1.000000 0.000000 0.000000
8.000000 72.897710 11.941969 -0.199725 3.372388 0.000000 0.000000 0.000000 1.000000 0.000000 0.000000
8.000000 72.907363 12.849302 -0.240453 3.340948 0.000000 0.000000 0.000000 1.000000 0.000000 0.000000
8.000000 72.907649 11.836221 -0.215715 3.353181 0.000000 0.000000 0.000000 1.000000 0.000000 0.000000
8.000000 72.917207 12.721845 -0.233859 3.315387 0.000000 0.000000 0.000000 1.000000 0.000000 0.000000
8.000000 72.918092 11.769553 -0.208805 3.327197 0.000000 0.000000 0.000000 1.000000 0.000000 0.000000
8.000000 72.927295 12.591005 -0.228029 3.291176 0.000000 0.000000 0.000000 1.000000 0.000000 0.000000
8.000000 72.928095 11.676061 -0.203649 3.302141 0.000000 0.000000 0.000000 1.000000 0.000000 0.000000
8.000000 72.937170 12.510344 -0.234518 3.260047 0.000000 0.000000 0.000000 1.000000 0.000000 0.000000
8.000000 72.937743 11.523327 -0.209029 3.279060 0.000000 0.000000 0.000000 1.000000 0.000000 0.000000
8.000000 72.946766 12.337929 -0.267690 3.297626 0.000000 0.000000 0.000000 1.000000 0.000000 0.000000
8.000000 72.947335 12.359000 -0.234154 3.229437 0.000000 0.000000 0.000000 1.000000 0.000000 0.000000
8.000000 72.947676 11.457811 -0.206585 3.245361 0.000000 0.000000 0.000000 1.000000 0.000000 0.000000
8.000000 72.957196 12.309801 -0.234188 3.197554 0.000000 0.000000 0.000000 1.000000 0.000000 0.000000
8.000000 72.957790 11.297945 -0.204577 3.215717 0.000000 0.000000 0.000000 1.000000 0.000000 0.000000
8.000000 72.967343 12.191100 -0.229167 3.164756 0.000000 0.000000 0.000000 1.000000 0.000000 0.000000
8.000000 72.967893 11.252897 -0.203660 3.186008 0.000000 0.000000 0.000000 1.000000 0.000000 0.000000
8.000000 72.977285 12.060285 -0.221957 3.131897 0.000000 0.000000 0.000000 1.000000 0.000000 0.000000
8.000000 72.977743 11.178192 -0.197081 3.151249 0.000000 0.000000 0.000000 1.000000 0.000000 0.000000
8.000000 72.986770 11.958769 -0.266594 3.180822 0.000000 0.000000 0.000000 1.000000 0.000000 0.000000
8.000000 72.987324 11.966830 -0.224322 3.099926 0.000000 0.000000 0.000000 1.000000 0.000000 0.000000
8.000000 72.987978 10.999656 -0.193927 3.118764 0.000000 0.000000 0.000000 1.000000 0.000000 0.000000
8.000000 72.997224 11.822357 -0.221249 3.067009 0.000000 0.000000 0.000000 1.000000 0.000000 0.000000
8.000000 72.997826 10.954449 -0.193335 3.083898 0.000000 0.000000 0.000000 1.000000 0.000000 0.000000
8.000000 73.007282 11.802272 -0.235256 3.016959 0.000000 0.000000 0.000000 1.000000 0.000000 0.000000
8.000000 73.007696 10.795388 -0.206874 3.048694 0.000000 0.000000 0.000000 1.000000 0.000000 0.000000
8.000000 73.017225 11.654869 -0.219223 2.990948 0.000000 0.000000 0.000000 1.000000 0.000000 0.000000
8.000000 73.017793 10.787535 -0.192614 3.016884 0.000000 0.000000 0.000000 1.000000 0.000000 0.000000
8.000000 73.026704 11.550012 -0.272422 3.040482 0.000000 0.000000 0.000000 1.000000 0.000000 0.000000
8.000000 73.027267 11.544904 -0.218368 2.953255 0.000000 0.000000 0.000000 1.000000 0.000000 0.000000
8.000000 73.027927 10.658572 -0.191528 2.983508 0.000000 0.000000 0.000000 1.000000 0.000000 0.000000
8.000000 73.037302 11.444300 -0.215164 2.914588 0.000000 0.000000 0.000000 1.000000 0.000000 0.000000
8.000000 73.037724 10.540629 -0.186765 2.945664 0.000000 0.000000 0.000000 1.000000 0.000000 0.000000
8.000000 73.047332 11.305562 -0.219700 2.859287 0.000000 0.000000 0.000000 1.000000 0.000000 0.000000
8.000000 73.047828 10.458614 -0.188836 2.898602 0.000000 0.000000 0.000000 1.000000 0.000000 0.000000
8.000000 73.057227 11.279570 -0.235699 2.828466 0.000000 0.000000 0.000000 1.000000 0.000000 0.000000
8.000000 73.057720 10.279892 -0.197653 2.862942 0.000000 0.000000 0.000000 1.000000 0.000000 0.000000
8.000000 73.067330 11.151319 -0.221363 2.786661 0.000000 0.000000 0.000000 1.000000 0.000000 0.000000
8.000000 73.067784 10.277128 -0.191762 2.828850 0.000000 0.000000 0.000000 1.000000 0.000000 0.000000
8.000000 73.077234 11.055197 -0.221618 2.742975 0.000000 0.000000 0.000000 1.000000 0.000000 0.000000
8.000000 73.077789 10.173931 -0.189754 2.786546 0.000000 0.000000 0.000000 1.000000 0.000000 0.000000
8.000000 73.087339 10.942954 -0.221204 2.695248 0.000000 0.000000 0.000000 1.000000 0.000000 0.000000
8.000000 73.087918 10.067487 -0.190026 2.740349 0.000000 0.000000 0.000000 1.000000 0.000000 0.000000
8.000000 73.097260 10.833567 -0.222681 2.649567 0.000000 0.000000 0.000000 1.000000 0.000000 0.000000
8.000000 73.097778 9.949123 -0.189138 2.697377 0.000000 0.000000 0.000000 1.000000 0.000000 0.000000
8.000000 73.107318 10.692751 -0.217377 2.614706 0.000000 0.000000 0.000000 1.000000 0.000000 0.000000
8.000000 73.108004 9.841163 -0.184841 2.654044 0.000000 0.000000 0.000000 1.000000 0.000000 0.000000
8.000000 73.117247 10.582651 -0.212714 2.554918 0.000000 0.000000 0.000000 1.000000 0.000000 0.000000
8.000000 73.117761 9.738956 -0.174066 2.566460 0.000000 0.000000 0.000000 1.000000 0.000000 0.000000
8.000000 73.127373 10.509242 -0.207130 2.512881 0.000000 0.000000 0.000000 1.000000 0.000000 0.000000
8.000000 73.127806 9.669696 -0.165319 2.530876 0.000000 0.000000 0.000000 1.000000 0.000000 0.000000
8.000000 73.137278 10.398413 -0.201557 2.463670 0.000000 0.000000 0.000000 1.000000 0.000000 0.000000
8.000000 73.137812 9.597411 -0.166863 2.508120 0.000000 0.000000 0.000000 1.000000 0.000000 0.000000
8.000000 73.147424 10.252265 -0.204183 2.419805 0.000000 0.000000 0.000000 1.000000 0.000000 0.000000
8.000000 73.148123 9.475201 -0.172359 2.462585 0.000000 0.000000 0.000000 1.000000 0.000000 0.000000
8.000000 73.157318 10.145965 -0.183273 2.372242 0.000000 0.000000 0.000000 1.000000 0.000000 0.000000
8.000000 73.157856 9.454201 -0.145335 2.412871 0.000000 0.000000 0.000000 1.000000 0.000000 0.000000
8.000000 73.167348 10.082333 -0.189216 2.322551 0.000000 0.000000 0.000000 1.000000 0.000000 0.000000
8.000000 73.168344 9.358055 -0.157219 2.374902 0.000000 0.000000 0.000000 1.000000 0.000000 0.000000
8.000000 73.177339 10.022050 -0.207518 2.262863 0.000000 0.000000 0.000000 1.000000 0.000000 0.000000
8.000000 73.177843 9.234836 -0.171121 2.325732 0.000000 0.000000 0.000000 1.000000 0.000000 0.000000
8.000000 73.187536 9.928870 -0.212926 2.210581 0.000000 0.000000 0.000000 1.000000 0.000000 0.000000
8.000000 73.187834 9.129758 -0.173292 2.275799 0.000000 0.000000 0.000000 1.000000 0.000000 0.000000
8.000000 73.197339 9.822224 -0.213608 2.155731 0.000000 0.000000 0.000000 1.000000 0.000000 0.000000
8.000000 73.197886 8.993972 -0.164093 2.218953 0.000000 0.000000 0.000000 1.000000 0.000000 0.000000
8.000000 73.207365 9.751531 -0.217162 2.095446 0.000000 0.000000 0.000000 1.000000 0.000000 0.000000
8.000000 73.207759 8.885883 -0.171660 2.174147 0.000000 0.000000 0.000000 1.000000 0.000000 0.000000
8.000000 73.217358 9.656341 -0.212884 2.045468 0.000000 0.000000 0.000000 1.000000 0.000000 0.000000
8.000000 73.217798 8.860156 -0.167971 2.111960 0.000000 0.000000 0.000000 1.000000 0.000000 0.000000
8.000000 73.227404 9.573469 -0.219248 1.987823 0.000000 0.000000 0.000000 1.000000 0.000000 0.000000
8.000000 73.227820 8.767625 -0.169698 2.057124 0.000000 0.000000 0.000000 1.000000 0.000000 0.000000
8.000000 73.237393 9.476465 -0.215486 1.928420 0.000000 0.000000 0.000000 1.000000 0.000000 0.000000
8.000000 73.238088 8.661986 -0.166078 2.004258 0.000000 0.000000 0.000000 1.000000 0.000000 0.000000
8.000000 73.247408 9.350263 -0.213840 1.876088 0.000000 0.000000 0.000000 1.000000 0.000000 0.000000
8.000000 73.247895 8.589718 -0.155819 1.940318 0.000000 0.000000 0.000000 1.000000 0.000000 0.000000
8.000000 73.257342 9.273616 -0.213291 1.808313 0.000000 0.000000 0.000000 1.000000 0.000000 0.000000
8.000000 73.258047 8.518164 -0.153849 1.873951 0.000000 0.000000 0.000000 1.000000 0.000000 0.000000
8.000000 73.267437 9.187974 -0.212421 1.751538 0.000000 0.000000 0.000000 1.000000 0.000000 0.000000
8.000000 73.267840 8.425448 -0.156965 1.828325 0.000000 0.000000 0.000000 1.000000 0.000000 0.000000
8.000000 73.276739 8.956589 -0.243545 1.817233 0.000000 0.000000 0.000000 1.000000 0.000000 0.000000
8.000000 73.277393 9.073796 -0.212690 1.689232 0.000000 0.000000 0.000000 1.000000 0.000000 0.000000
8.000000 73.277836 8.318442 -0.157160 1.770559 0.000000 0.000000 0.000000 1.000000 0.000000 0.000000
8.000000 73.286854 8.873958 -0.246414 1.755748 0.000000 0.000000 0.000000 1.000000 0.000000 0.000000
8.000000 73.287524 8.977144 -0.207380 1.630328 0.000000 0.000000 0.000000 1.000000 0.000000 0.000000
8.000000 73.287942 8.242046 -0.150599 1.711849 0.000000 0.000000 0.000000 1.000000 0.000000 0.000000
8.000000 73.297337 8.886579 -0.207167 1.565156 0.000000 0.000000 0.000000 1.000000 0.000000 0.000000
8.000000 73.297872 8.181854 -0.145448 1.644609 0.000000 0.000000 0.000000 1.000000 0.000000 0.000000
8.000000 73.306898 8.695998 -0.248114 1.635965 0.000000 0.000000 0.000000 1.000000 0.000000 0.000000
8.000000 73.307571 8.798648 -0.206243 1.508831 0.000000 0.000000 0.000000 1.000000 0.000000 0.000000
8.000000 73.307771 8.094194 -0.134003 1.581081 0.000000 0.000000 0.000000 1.000000 0.000000 0.000000
8.000000 73.317514 8.709922 -0.207212 1.439475 0.000000 0.000000 0.000000 1.000000 0.000000 0.000000
8.000000 73.317922 8.002234 -0.142781 1.523410 0.000000 0.000000 0.000000 1.000000 0.000000 0.000000
8.000000 73.326879 8.510292 -0.250204 1.501497 0.000000 0.000000 0.000000 1.000000 0.000000 0.000000
8.000000 73.327579 8.609163 -0.206947 1.376931 0.000000 0.000000 0.000000 1.000000 0.000000 0.000000
8.000000 73.327786 7.928056 -0.141314 1.459678 0.000000 0.000000 0.000000 1.000000 0.000000 0.000000
8.000000 73.337488 8.513265 -0.208474 1.315114 0.000000 0.000000 0.000000 1.000000 0.000000 0.000000
8.000000 73.337880 7.831129 -0.136474 1.400349 0.000000 0.000000 0.000000 1.000000 0.000000 0.000000
8.000000 73.346912 8.285560 -0.239685 1.374313 0.000000 0.000000 0.000000 1.000000 0.000000 0.000000
8.000000 73.347584 8.420751 -0.207799 1.238730 0.000000 0.000000 0.000000 1.000000 0.000000 0.000000
8.000000 73.347793 7.732614 -0.133327 1.331382 0.000000 0.000000 0.000000 1.000000 0.000000 0.000000
8.000000 73.356804 8.214024 -0.245675 1.313141 0.000000 0.000000 0.000000 1.000000 0.000000 0.000000
8.000000 73.357511 8.335270 -0.204577 1.175204 0.000000 0.000000 0.000000 1.000000 0.000000 0.000000
8.000000 73.357922 7.647152 -0.134323 1.272638 0.000000 0.000000 0.000000 1.000000 0.000000 0.000000
8.000000 73.367509 8.239733 -0.207465 1.108930 0.000000 0.000000 0.000000 1.000000 0.000000 0.000000
8.000000 73.367818 7.549454 -0.133512 1.206129 0.000000 0.000000 0.000000 1.000000 0.000000 0.000000
8.000000 73.377579 8.133817 -0.203734 1.042581 0.000000 0.000000 0.000000 1.000000 0.000000 0.000000
8.000000 73.377936 7.492734 -0.129536 1.138320 0.000000 0.000000 0.000000 1.000000 0.000000 0.000000
8.000000 73.387595 8.053743 -0.208367 0.970921 0.000000 0.000000 0.000000 1.000000 0.000000 0.000000
8.000000 73.387869 7.418300 -0.126078 1.065531 0.000000 0.000000 0.000000 1.000000 0.000000 0.000000
8.000000 73.397661 7.965411 -0.201103 0.896506 0.000000 0.000000 0.000000 1.000000 0.000000 0.000000
8.000000 73.397877 7.329318 -0.116914 0.998206 0.000000 0.000000 0.000000 1.000000 0.000000 0.000000
8.000000 73.407628 7.868800 -0.204059 0.829561 0.000000 0.000000 0.000000 1.000000 0.000000 0.000000
8.000000 73.407858 7.218262 -0.122348 0.937787 0.000000 0.000000 0.000000 1.000000 0.000000 0.000000
8.000000 73.417309 7.790085 -0.208248 0.751677 0.000000 0.000000 0.000000 1.000000 0.000000 0.000000
8.000000 73.418044 7.163982 -0.122713 0.856864 0.000000 0.000000 0.000000 1.000000 0.000000 0.000000
8.000000 73.426900 7.571803 -0.253136 0.824119 0.000000 0.000000 0.000000 1.000000 0.000000 0.000000
8.000000 73.427616 7.694659 -0.204651 0.681149 0.000000 0.000000 0.000000 1.000000 0.000000 0.000000
8.000000 73.427837 7.092004 -0.117644 0.785022 0.000000 0.000000 0.000000 1.000000 0.000000 0.000000
8.000000 73.437353 7.610673 -0.204904 0.603452 0.000000 0.000000 0.000000 1.000000 0.000000 0.000000
8.000000 73.437939 7.008480 -0.126257 0.719391 0.000000 0.000000 0.000000 1.000000 0.000000 0.000000
8.000000 73.447592 7.518128 -0.208318 0.528454 0.000000 0.000000 0.000000 1.000000 0.000000 0.000000
8.000000 73.447850 6.920930 -0.113432 0.640397 0.000000 0.000000 0.000000 1.000000 0.000000 0.000000
8.000000 73.457526 7.428325 -0.206065 0.454650 0.000000 0.000000 0.000000 1.000000 0.000000 0.000000
8.000000 73.457885 6.844767 -0.101400 0.562753 0.000000 0.000000 0.000000 1.000000 0.000000 0.000000
8.000000 73.467600 7.336281 -0.203919 0.381004 0.000000 0.000000 0.000000 1.000000 0.000000 0.000000
8.000000 73.467868 6.772206 -0.108973 0.493080 0.000000 0.000000 0.000000 1.000000 0.000000 0.000000
8.000000 73.477368 7.256514 -0.206408 0.299037 0.000000 0.000000 0.000000 1.000000 0.000000 0.000000
8.000000 73.477903 6.699615 -0.105546 0.411379 0.000000 0.000000 0.000000 1.000000 0.000000 0.000000
8.000000 73.487566 7.163529 -0.204330 0.222665 0.000000 0.000000 0.000000 1.000000 0.000000 0.000000
8.000000 73.487842 6.617180 -0.097305 0.337015 0.000000 0.000000 0.000000 1.000000 0.000000 0.000000
8.000000 73.497476 7.081388 -0.204819 0.141072 0.000000 0.000000 0.000000 1.000000 0.000000 0.000000
8.000000 73.498363 6.526909 -0.098175 0.265330 0.000000 0.000000 0.000000 1.000000 0.000000 0.000000
8.000000 73.506929 6.852630 -0.260301 0.205404 0.000000 0.000000 0.000000 1.000000 0.000000 0.000000
8.000000 73.507612 6.972308 -0.200212 0.067326 0.000000 0.000000 0.000000 1.000000 0.000000 0.000000
8.000000 73.507900 6.479698 -0.093399 0.179266 0.000000 0.000000 0.000000 1.000000 0.000000 0.000000
8.000000 73.517437 6.914884 -0.203652 0.015237 0.000000 0.000000 0.000000 1.000000 0.000000 0.000000
8.000000 73.517902 6.395649 -0.096540 0.140537 0.000000 0.000000 0.000000 1.000000 0.000000 0.000000
8.000000 73.527486 6.860383 -0.204125 0.079428 0.000000 0.000000 0.000000 1.000000 0.000000 0.000000
8.000000 73.528308 6.323568 -0.102734 0.209012 0.000000 0.000000 0.000000 1.000000 0.000000 0.000000
8.000000 73.536968 6.726441 -0.278055 0.265061 0.000000 0.000000 0.000000 1.000000 0.000000 0.000000
8.000000 73.537402 6.811538 -0.204176 0.139564 0.000000 0.000000 0.000000 1.000000 0.000000 0.000000
8.000000 73.537938 6.301352 -0.095428 0.254617 0.000000 0.000000 0.000000 1.000000 0.000000 0.000000
8.000000 73.547473 6.778546 -0.200814 0.191935 0.000000 0.000000 0.000000 1.000000 0.000000 0.000000
8.000000 73.547867 6.223138 -0.095026 0.325061 0.000000 0.000000 0.000000 1.000000 0.000000 0.000000
8.000000 73.557399 6.737988 -0.201830 0.250147 0.000000 0.000000 0.000000 1.000000 0.000000 0.000000
8.000000 73.558215 6.181719 -0.099870 0.378772 0.000000 0.000000 0.000000 1.000000 0.000000 0.000000
8.000000 73.567487 6.687961 -0.201657 0.306210 0.000000 0.000000 0.000000 1.000000 0.000000 0.000000
8.000000 73.567916 6.137667 -0.103581 0.430610 0.000000 0.000000 0.000000 1.000000 0.000000 0.000000
8.000000 73.577431 6.649096 -0.202137 0.358858 0.000000 0.000000 0.000000 1.000000 0.000000 0.000000
8.000000 73.577897 6.081909 -0.102866 0.484673 0.000000 0.000000 0.000000 1.000000 0.000000 0.000000
8.000000 73.587490 6.609819 -0.200095 0.413162 0.000000 0.000000 0.000000 1.000000 0.000000 0.000000
8.000000 73.587948 6.034029 -0.095366 0.537906 0.000000 0.000000 0.000000 1.000000 0.000000 0.000000
8.000000 73.597445 6.569690 -0.201725 0.459866 0.000000 0.000000 0.000000 1.000000 0.000000 0.000000
8.000000 73.597915 5.970063 -0.097728 0.592529 0.000000 0.000000 0.000000 1.000000 0.000000 0.000000
8.000000 73.607526 6.512663 -0.198522 0.518807 0.000000 0.000000 0.000000 1.000000 0.000000 0.000000
8.000000 73.608136 5.933245 -0.102924 0.641606 0.000000 0.000000 0.000000 1.000000 0.000000 0.000000
8.000000 73.617415 6.484352 -0.198968 0.563629 0.000000 0.000000 0.000000 1.000000 0.000000 0.000000
8.000000 73.617949 5.878136 -0.105547 0.693245 0.000000 0.000000 0.000000 1.000000 0.000000 0.000000
8.000000 73.627514 6.432239 -0.201077 0.614348 0.000000 0.000000 0.000000 1.000000 0.000000 0.000000
8.000000 73.627932 5.820769 -0.107057 0.742062 0.000000 0.000000 0.000000 1.000000 0.000000 0.000000
8.000000 73.637488 6.394398 -0.197921 0.662007 0.000000 0.000000 0.000000 1.000000 0.000000 0.000000
8.000000 73.637892 5.789654 -0.105302 0.786280 0.000000 0.000000 0.000000 1.000000 0.000000 0.000000
8.000000 73.646994 6.299974 -0.275866 0.843615 0.000000 0.000000 0.000000 1.000000 0.000000 0.000000
8.000000 73.647527 6.362099 -0.197228 0.702915 0.000000 0.000000 0.000000 1.000000 0.000000 0.000000
8.000000 73.647993 5.733900 -0.103259 0.832853 0.000000 0.000000 0.000000 1.000000 0.000000 0.000000
8.000000 73.657465 6.297430 -0.196354 0.757815 0.000000 0.000000 0.000000 1.000000 0.000000 0.000000
8.000000 73.658327 5.692402 -0.103129 0.876454 0.000000 0.000000 0.000000 1.000000 0.000000 0.000000
8.000000 73.667654 6.260143 -0.198192 0.798747 0.000000 0.000000 0.000000 1.000000 0.000000 0.000000
8.000000 73.667928 5.617770 -0.110399 0.929238 0.000000 0.000000 0.000000 1.000000 0.000000 0.000000
8.000000 73.677437 6.223514 -0.192242 0.841480 0.000000 0.000000 0.000000 1.000000 0.000000 0.000000
8.000000 73.677937 5.568700 -0.106006 0.973088 0.000000 0.000000 0.000000 1.000000 0.000000 0.000000
8.000000 73.687534 6.180171 -0.194920 0.882573 0.000000 0.000000 0.000000 1.000000 0.000000 0.000000
8.000000 73.687978 5.502484 -0.105241 1.016119 0.000000 0.000000 0.000000 1.000000 0.000000 0.000000
8.000000 73.697541 6.138041 -0.191889 0.921913 0.000000 0.000000 0.000000 1.000000 0.000000 0.000000
8.000000 73.697989 5.495048 -0.103809 1.047255 0.000000 0.000000 0.000000 1.000000 0.000000 0.000000
8.000000 73.707098 6.032298 -0.269515 1.104683 0.000000 0.000000 0.000000 1.000000 0.000000 0.000000
8.000000 73.707554 6.077733 -0.193406 0.966865 0.000000 0.000000 0.000000 1.000000 0.000000 0.000000
8.000000 73.707925 5.455276 -0.106180 1.083953 0.000000 0.000000 0.000000 1.000000 0.000000 0.000000
8.000000 73.717601 6.044419 -0.186683 1.003878 0.000000 0.000000 0.000000 1.000000 0.000000 0.000000
8.000000 73.717990 5.399361 -0.103095 1.123785 0.000000 0.000000 0.000000 1.000000 0.000000 0.000000
8.000000 73.727526 6.004447 -0.191751 1.043058 0.000000 0.000000 0.000000 1.000000 0.000000 0.000000
8.000000 73.727975 5.339935 -0.104983 1.164441 0.000000 0.000000 0.000000 1.000000 0.000000 0.000000
8.000000 73.737423 5.960084 -0.190502 1.078659 0.000000 0.000000 0.000000 1.000000 0.000000 0.000000
8.000000 73.737968 5.326761 -0.101641 1.189611 0.000000 0.000000 0.000000 1.000000 0.000000 0.000000
8.000000 73.747589 5.912045 -0.188445 1.112058 0.000000 0.000000 0.000000 1.000000 0.000000 0.000000
8.000000 73.748010 5.219488 -0.103970 1.240556 0.000000 0.000000 0.000000 1.000000 0.000000 0.000000
8.000000 73.757490 5.877284 -0.188088 1.148459 0.000000 0.000000 0.000000 1.000000 0.000000 0.000000
8.000000 73.757923 5.168898 -0.106414 1.280221 0.000000 0.000000 0.000000 1.000000 0.000000 0.000000
8.000000 73.767059 5.821337 -0.282909 1.328522 0.000000 0.000000 0.000000 1.000000 0.000000 0.000000
8.000000 73.767601 5.836797 -0.190855 1.180942 0.000000 0.000000 0.000000 1.000000 0.000000 0.000000
8.000000 73.768408 5.143874 -0.111045 1.305521 0.000000 0.000000 0.000000 1.000000 0.000000 0.000000
8.000000 73.777523 5.792402 -0.189680 1.211987 0.000000 0.000000 0.000000 1.000000 0.000000 0.000000
8.000000 73.777987 5.084230 -0.108278 1.338483 0.000000 0.000000 0.000000 1.000000 0.000000 0.000000
8.000000 73.787563 5.752612 -0.188776 1.244729 0.000000 0.000000 0.000000 1.000000 0.000000 0.000000
8.000000 73.788033 5.044367 -0.102448 1.367875 0.000000 0.000000 0.000000 1.000000 0.000000 0.000000
8.000000 73.797554 5.707848 -0.188374 1.271459 0.000000 0.000000 0.000000 1.000000 0.000000 0.000000
8.000000 73.798069 4.961712 -0.109568 1.411412 0.000000 0.000000 0.000000 1.000000 0.000000 0.000000
8.000000 73.807612 5.682995 -0.190896 1.300029 0.000000 0.000000 0.000000 1.000000 0.000000 0.000000
8.000000 73.807975 4.944570 -0.107862 1.429134 0.000000 0.000000 0.000000 1.000000 0.000000 0.000000
8.000000 73.817496 5.631599 -0.188962 1.328742 0.000000 0.000000 0.000000 1.000000 0.000000 0.000000
8.000000 73.817991 4.876535 -0.111917 1.462811 0.000000 0.000000 0.000000 1.000000 0.000000 0.000000
8.000000 73.827078 5.567396 -0.276000 1.515146 0.000000 0.000000 0.000000 1.000000 0.000000 0.000000
8.000000 73.827650 5.573380 -0.182229 1.360773 0.000000 0.000000 0.000000 1.000000 0.000000 0.000000
8.000000 73.828038 4.833633 -0.107961 1.491185 0.000000 0.000000 0.000000 1.000000 0.000000 0.000000
8.000000 73.837484 5.543264 -0.186229 1.385147 0.000000 0.000000 0.000000 1.000000 0.000000 0.000000
8.000000 73.837994 4.799424 -0.100356 1.509115 0.000000 0.000000 0.000000 1.000000 0.000000 0.000000
8.000000 73.847167 5.493790 -0.279019 1.561661 0.000000 0.000000 0.000000 1.000000 0.000000 0.000000
8.000000 73.847677 5.494221 -0.180438 1.408441 0.000000 0.000000 0.000000 1.000000 0.000000 0.000000
8.000000 73.848001 4.739677 -0.100487 1.542126 0.000000 0.000000 0.000000 1.000000 0.000000 0.000000
8.000000 73.857629 5.467125 -0.187478 1.428987 0.000000 0.000000 0.000000 1.000000 0.000000 0.000000
8.000000 73.858182 4.678459 -0.102950 1.562226 0.000000 0.000000 0.000000 1.000000 0.000000 0.000000
8.000000 73.867619 5.424050 -0.185589 1.451296 0.000000 0.000000 0.000000 1.000000 0.000000 0.000000
8.000000 73.868059 4.629516 -0.112093 1.592061 0.000000 0.000000 0.000000 1.000000 0.000000 0.000000
8.000000 73.877552 5.375996 -0.183717 1.475328 0.000000 0.000000 0.000000 1.000000 0.000000 0.000000
8.000000 73.878058 4.587940 -0.109296 1.612712 0.000000 0.000000 0.000000 1.000000 0.000000 0.000000
8.000000 73.887783 5.331406 -0.178171 1.496402 0.000000 0.000000 0.000000 1.000000 0.000000 0.000000
8.000000 73.888014 4.557353 -0.100789 1.626613 0.000000 0.000000 0.000000 1.000000 0.000000 0.000000
8.000000 73.897663 5.284164 -0.178193 1.513057 0.000000 0.000000 0.000000 1.000000 0.000000 0.000000
8.000000 73.898288 4.475737 -0.102137 1.654483 0.000000 0.000000 0.000000 1.000000 0.000000 0.000000
8.000000 73.907715 5.252465 -0.177299 1.532738 0.000000 0.000000 0.000000 1.000000 0.000000 0.000000
8.000000 73.908032 4.462955 -0.100545 1.663563 0.000000 0.000000 0.000000 1.000000 0.000000 0.000000
8.000000 73.917798 5.211922 -0.177855 1.547552 0.000000 0.000000 0.000000 1.000000 0.000000 0.000000
8.000000 73.918074 4.392025 -0.112784 1.691937 0.000000 0.000000 0.000000 1.000000 0.000000 0.000000
8.000000 73.927830 5.172252 -0.177669 1.565816 0.000000 0.000000 0.000000 1.000000 0.000000 0.000000
8.000000 73.928376 4.341537 -0.109557 1.710526 0.000000 0.000000 0.000000 1.000000 0.000000 0.000000
8.000000 73.937721 5.117306 -0.173827 1.583124 0.000000 0.000000 0.000000 1.000000 0.000000 0.000000
8.000000 73.938064 4.318110 -0.099770 1.718043 0.000000 0.000000 0.000000 1.000000 0.000000 0.000000
8.000000 73.947709 5.078755 -0.174126 1.593935 0.000000 0.000000 0.000000 1.000000 0.000000 0.000000
8.000000 73.948044 4.126981 -0.106859 1.774875 0.000000 0.000000 0.000000 1.000000 0.000000 0.000000
8.000000 73.957642 5.036520 -0.175325 1.610132 0.000000 0.000000 0.000000 1.000000 0.000000 0.000000
8.000000 73.958042 4.175199 -0.103785 1.759534 0.000000 0.000000 0.000000 1.000000 0.000000 0.000000
8.000000 73.967770 4.990755 -0.175370 1.620054 0.000000 0.000000 0.000000 1.000000 0.000000 0.000000
8.000000 73.968087 4.160496 -0.104963 1.766807 0.000000 0.000000 0.000000 1.000000 0.000000 0.000000
8.000000 73.977803 4.953939 -0.166312 1.633140 0.000000 0.000000 0.000000 1.000000 0.000000 0.000000
8.000000 73.978093 4.124896 -0.103103 1.780118 0.000000 0.000000 0.000000 1.000000 0.000000 0.000000
8.000000 73.987981 4.909799 -0.166989 1.642082 0.000000 0.000000 0.000000 1.000000 0.000000 0.000000
8.000000 73.988080 4.043541 -0.093387 1.793376 0.000000 0.000000 0.000000 1.000000 0.000000 0.000000
8.000000 73.997828 4.851967 -0.166686 1.649543 0.000000 0.000000 0.000000 1.000000 0.000000 0.000000
8.000000 73.998260 4.026851 -0.099767 1.799279 0.000000 0.000000 0.000000 1.000000 0.000000 0.000000
8.000000 74.007888 4.838627 -0.171298 1.658005 0.000000 0.000000 0.000000 1.000000 0.000000 0.000000
8.000000 74.008090 3.975588 -0.106680 1.811475 0.000000 0.000000 0.000000 1.000000 0.000000 0.000000
8.000000 74.017579 4.792004 -0.164279 1.666074 0.000000 0.000000 0.000000 1.000000 0.000000 0.000000
8.000000 74.018095 3.940395 -0.100609 1.816182 0.000000 0.000000 0.000000 1.000000 0.000000 0.000000
8.000000 74.027682 4.749709 -0.166378 1.672244 0.000000 0.000000 0.000000 1.000000 0.000000 0.000000
8.000000 74.028098 3.904782 -0.100752 1.820973 0.000000 0.000000 0.000000 1.000000 0.000000 0.000000
8.000000 74.037611 4.701799 -0.164978 1.676914 0.000000 0.000000 0.000000 1.000000 0.000000 0.000000
8.000000 74.038147 3.802053 -0.095479 1.838706 0.000000 0.000000 0.000000 1.000000 0.000000 0.000000
8.000000 74.047713 4.666276 -0.165896 1.676273 0.000000 0.000000 0.000000 1.000000 0.000000 0.000000
8.000000 74.048338 3.795169 -0.096802 1.834037 0.000000 0.000000 0.000000 1.000000 0.000000 0.000000
8.000000 74.057654 4.626391 -0.164346 1.682937 0.000000 0.000000 0.000000 1.000000 0.000000 0.000000
8.000000 74.058310 3.776899 -0.095031 1.831600 0.000000 0.000000 0.000000 1.000000 0.000000 0.000000
8.000000 74.067734 4.591983 -0.163373 1.683877 0.000000 0.000000 0.000000 1.000000 0.000000 0.000000
8.000000 74.068115 3.741504 -0.093579 1.833646 0.000000 0.000000 0.000000 1.000000 0.000000 0.000000
8.000000 74.077608 4.547102 -0.162912 1.683175 0.000000 0.000000 0.000000 1.000000 0.000000 0.000000
8.000000 74.078105 3.690101 -0.092824 1.835044 0.000000 0.000000 0.000000 1.000000 0.000000 0.000000
8.000000 74.087686 4.504701 -0.160579 1.686961 0.000000 0.000000 0.000000 1.000000 0.000000 0.000000
8.000000 74.088397 3.650130 -0.082243 1.833778 0.000000 0.000000 0.000000 1.000000 0.000000 0.000000
8.000000 74.097675 4.457794 -0.162635 1.687455 0.000000 0.000000 0.000000 1.000000 0.000000 0.000000
8.000000 74.098134 3.610998 -0.084721 1.835271 0.000000 0.000000 0.000000 1.000000 0.000000 0.000000
8.000000 74.107147 4.478859 -0.288616 1.866724 0.000000 0.000000 0.000000 1.000000 0.000000 0.000000
8.000000 74.107711 4.428309 -0.159951 1.680187 0.000000 0.000000 0.000000 1.000000 0.000000 0.000000
8.000000 74.108125 3.569061 -0.094303 1.837486 0.000000 0.000000 0.000000 1.000000 0.000000 0.000000
8.000000 74.117605 4.384158 -0.160327 1.677040 0.000000 0.000000 0.000000 1.000000 0.000000 0.000000
8.000000 74.118348 3.508458 -0.090113 1.837728 0.000000 0.000000 0.000000 1.000000 0.000000 0.000000
8.000000 74.127767 4.344765 -0.160515 1.673904 0.000000 0.000000 0.000000 1.000000 0.000000 0.000000
8.000000 74.128485 3.481836 -0.091664 1.832311 0.000000 0.000000 0.000000 1.000000 0.000000 0.000000
8.000000 74.137672 4.301774 -0.156885 1.668995 0.000000 0.000000 0.000000 1.000000 0.000000 0.000000
8.000000 74.138173 3.453656 -0.077374 1.821284 0.000000 0.000000 0.000000 1.000000 0.000000 0.000000
8.000000 74.147729 4.250232 -0.153850 1.664212 0.000000 0.000000 0.000000 1.000000 0.000000 0.000000
8.000000 74.148422 3.426564 -0.074744 1.813076 0.000000 0.000000 0.000000 1.000000 0.000000 0.000000
8.000000 74.157664 4.229593 -0.155065 1.653203 0.000000 0.000000 0.000000 1.000000 0.000000 0.000000
8.000000 74.158134 3.380488 -0.082840 1.811584 0.000000 0.000000 0.000000 1.000000 0.000000 0.000000
8.000000 74.167707 4.203525 -0.161771 1.639357 0.000000 0.000000 0.000000 1.000000 0.000000 0.000000
8.000000 74.168150 3.320561 -0.086644 1.807651 0.000000 0.000000 0.000000 1.000000 0.000000 0.000000
8.000000 74.177706 4.155136 -0.154124 1.631684 0.000000 0.000000 0.000000 1.000000 0.000000 0.000000
8.000000 74.178164 3.292520 -0.083570 1.798250 0.000000 0.000000 0.000000 1.000000 0.000000 0.000000
8.000000 74.187183 4.163080 -0.280920 1.814340 0.000000 0.000000 0.000000 1.000000 0.000000 0.000000
8.000000 74.187808 4.120444 -0.155494 1.620782 0.000000 0.000000 0.000000 1.000000 0.000000 0.000000
8.000000 74.188177 3.244544 -0.075484 1.788935 0.000000 0.000000 0.000000 1.000000 0.000000 0.000000
8.000000 74.197663 4.057612 -0.150749 1.619008 0.000000 0.000000 0.000000 1.000000 0.000000 0.000000
8.000000 74.198164 3.199083 -0.063780 1.780365 0.000000 0.000000 0.000000 1.000000 0.000000 0.000000
8.000000 74.207214 4.086090 -0.286003 1.795361 0.000000 0.000000 0.000000 1.000000 0.000000 0.000000
8.000000 74.207816 4.035156 -0.153982 1.601914 0.000000 0.000000 0.000000 1.000000 0.000000 0.000000
8.000000 74.208180 3.177631 -0.076996 1.769502 0.000000 0.000000 0.000000 1.000000 0.000000 0.000000
8.000000 74.217750 3.997096 -0.154539 1.587310 0.000000 0.000000 0.000000 1.000000 0.000000 0.000000
8.000000 74.218160 3.138878 -0.078180 1.757841 0.000000 0.000000 0.000000 1.000000 0.000000 0.000000
8.000000 74.227749 3.953974 -0.154674 1.575405 0.000000 0.000000 0.000000 1.000000 0.000000 0.000000
8.000000 74.228177 3.119665 -0.073511 1.737564 0.000000 0.000000 0.000000 1.000000 0.000000 0.000000
8.000000 74.237765 3.917194 -0.146726 1.560685 0.000000 0.000000 0.000000 1.000000 0.000000 0.000000
8.000000 74.238186 3.123438 -0.058100 1.710977 0.000000 0.000000 0.000000 1.000000 0.000000 0.000000
8.000000 74.247752 3.876479 -0.148577 1.538036 0.000000 0.000000 0.000000 1.000000 0.000000 0.000000
8.000000 74.248211 3.029758 -0.054604 1.709627 0.000000 0.000000 0.000000 1.000000 0.000000 0.000000
8.000000 74.257755 3.839335 -0.149761 1.525089 0.000000 0.000000 0.000000 1.000000 0.000000 0.000000
8.000000 74.258176 3.006967 -0.057580 1.690435 0.000000 0.000000 0.000000 1.000000 0.000000 0.000000
8.000000 74.267237 3.842738 -0.278473 1.704430 0.000000 0.000000 0.000000 1.000000 0.000000 0.000000
8.000000 74.267799 3.803893 -0.153049 1.504491 0.000000 0.000000 0.000000 1.000000 0.000000 0.000000
8.000000 74.268451 2.963791 -0.067066 1.677114 0.000000 0.000000 0.000000 1.000000 0.000000 0.000000
8.000000 74.277769 3.756076 -0.142713 1.486781 0.000000 0.000000 0.000000 1.000000 0.000000 0.000000
8.000000 74.278265 2.932403 -0.063413 1.661409 0.000000 0.000000 0.000000 1.000000 0.000000 0.000000
8.000000 74.287245 3.760528 -0.276110 1.669212 0.000000 0.000000 0.000000 1.000000 0.000000 0.000000
8.000000 74.287782 3.718890 -0.147603 1.468365 0.000000 0.000000 0.000000 1.000000 0.000000 0.000000
8.000000 74.288426 2.900940 -0.045859 1.633251 0.000000 0.000000 0.000000 1.000000 0.000000 0.000000
8.000000 74.297768 3.681295 -0.144101 1.438537 0.000000 0.000000 0.000000 1.000000 0.000000 0.000000
8.000000 74.298276 2.883854 -0.049414 1.613526 0.000000 0.000000 0.000000 1.000000 0.000000 0.000000
8.000000 74.307846 3.643521 -0.145241 1.422227 0.000000 0.000000 0.000000 1.000000 0.000000 0.000000
8.000000 74.317764 3.595383 -0.142009 1.401687 0.000000 0.000000 0.000000 1.000000 0.000000 0.000000
8.000000 74.318334 2.812270 -0.051267 1.572217 0.000000 0.000000 0.000000 1.000000 0.000000 0.000000
8.000000 74.327880 3.567036 -0.142288 1.374773 0.000000 0.000000 0.000000 1.000000 0.000000 0.000000
8.000000 74.328420 2.778157 -0.050159 1.548719 0.000000 0.000000 0.000000 1.000000 0.000000 0.000000
8.000000 74.337732 3.519739 -0.138500 1.351697 0.000000 0.000000 0.000000 1.000000 0.000000 0.000000
8.000000 74.338482 2.765074 -0.038790 1.518111 0.000000 0.000000 0.000000 1.000000 0.000000 0.000000
8.000000 74.347228 3.513231 -0.268946 1.516310 0.000000 0.000000 0.000000 1.000000 0.000000 0.000000
8.000000 74.347951 3.472592 -0.136353 1.324294 0.000000 0.000000 0.000000 1.000000 0.000000 0.000000
8.000000 74.348367 2.726977 -0.028917 1.493194 0.000000 0.000000 0.000000 1.000000 0.000000 0.000000
8.000000 74.357786 3.450270 -0.141112 1.297922 0.000000 0.000000 0.000000 1.000000 0.000000 0.000000
8.000000 74.358264 2.674405 -0.039925 1.479567 0.000000 0.000000 0.000000 1.000000 0.000000 0.000000
8.000000 74.367873 3.412919 -0.137435 1.267095 0.000000 0.000000 0.000000 1.000000 0.000000 0.000000
8.000000 74.368424 2.665483 -0.038210 1.441004 0.000000 0.000000 0.000000 1.000000 0.000000 0.000000
8.000000 74.377761 3.370232 -0.135356 1.239870 0.000000 0.000000 0.000000 1.000000 0.000000 0.000000
8.000000 74.378296 2.629466 -0.037105 1.413674 0.000000 0.000000 0.000000 1.000000 0.000000 0.000000
8.000000 74.387899 3.335526 -0.137843 1.208130 0.000000 0.000000 0.000000 1.000000 0.000000 0.000000
8.000000 74.388363 2.626177 -0.027070 1.375998 0.000000 0.000000 0.000000 1.000000 0.000000 0.000000
8.000000 74.397826 3.295537 -0.133974 1.175004 0.000000 0.000000 0.000000 1.000000 0.000000 0.000000
8.000000 74.398317 2.573670 -0.017540 1.352450 0.000000 0.000000 0.000000 1.000000 0.000000 0.000000
8.000000 74.407887 3.262275 -0.134121 1.143613 0.000000 0.000000 0.000000 1.000000 0.000000 0.000000
8.000000 74.408366 2.535050 -0.027080 1.324871 0.000000 0.000000 0.000000 1.000000 0.000000 0.000000
8.000000 74.417812 3.225105 -0.134281 1.112059 0.000000 0.000000 0.000000 1.000000 0.000000 0.000000
8.000000 74.418316 2.516494 -0.027509 1.288316 0.000000 0.000000 0.000000 1.000000 0.000000 0.000000
8.000000 74.427824 3.177827 -0.128196 1.079656 0.000000 0.000000 0.000000 1.000000 0.000000 0.000000
8.000000 74.428221 2.505088 -0.016657 1.248302 0.000000 0.000000 0.000000 1.000000 0.000000 0.000000
8.000000 74.437819 3.147170 -0.129435 1.043329 0.000000 0.000000 0.000000 1.000000 0.000000 0.000000
8.000000 74.438322 2.480021 -0.012860 1.212093 0.000000 0.000000 0.000000 1.000000 0.000000 0.000000
8.000000 74.445637 1.284019 -0.201378 1.082101 0.000000 0.000000 0.000000 1.000000 0.000000 0.000000
8.000000 74.447836 3.106538 -0.129889 1.003939 0.000000 0.000000 0.000000 1.000000 0.000000 0.000000
8.000000 74.448698 2.473256 -0.007729 1.169282 0.000000 0.000000 0.000000 1.000000 0.000000 0.000000
8.000000 74.455551 1.221209 -0.204755 1.034461 0.000000 0.000000 0.000000 1.000000 0.000000 0.000000
8.000000 74.457842 3.077325 -0.130208 0.966959 0.000000 0.000000 0.000000 1.000000 0.000000 0.000000
8.000000 74.458350 2.451468 -0.002393 1.131379 0.000000 0.000000 0.000000 1.000000 0.000000 0.000000
8.000000 74.465612 1.170702 -0.201212 0.993984 0.000000 0.000000 0.000000 1.000000 0.000000 0.000000
8.000000 74.467871 3.036391 -0.125549 0.926322 0.000000 0.000000 0.000000 1.000000 0.000000 0.000000
8.000000 74.468452 2.408839 -0.007476 1.094017 0.000000 0.000000 0.000000 1.000000 0.000000 0.000000
8.000000 74.475546 1.183547 -0.202308 0.962886 0.000000 0.000000 0.000000 1.000000 0.000000 0.000000
8.000000 74.478370 2.362935 -0.005027 1.068546 0.000000 0.000000 0.000000 1.000000 0.000000 0.000000
8.000000 74.485658 1.096643 -0.201923 0.915842 0.000000 0.000000 0.000000 1.000000 0.000000 0.000000
8.000000 74.487946 2.990169 -0.124249 0.842129 0.000000 0.000000 0.000000 1.000000 0.000000 0.000000
8.000000 74.488521 2.371621 0.003873 1.017719 0.000000 0.000000 0.000000 1.000000 0.000000 0.000000
8.000000 74.495596 1.045498 -0.202315 0.865598 0.000000 0.000000 0.000000 1.000000 0.000000 0.000000
8.000000 74.498484 2.302233 0.006605 0.996276 0.000000 0.000000 0.000000 1.000000 0.000000 0.000000
8.000000 74.505675 0.966636 -0.199172 0.838557 0.000000 0.000000 0.000000 1.000000 0.000000 0.000000
8.000000 74.508443 2.293594 0.013756 0.946860 0.000000 0.000000 0.000000 1.000000 0.000000 0.000000
8.000000 74.515563 0.882059 -0.200674 0.769627 0.000000 0.000000 0.000000 1.000000 0.000000 0.000000
8.000000 74.518362 2.275804 0.010782 0.901517 0.000000 0.000000 0.000000 1.000000 0.000000 0.000000
8.000000 74.525619 0.909778 -0.200301 0.734334 0.000000 0.000000 0.000000 1.000000 0.000000 0.000000
8.000000 74.528605 2.262355 0.011480 0.854898 0.000000 0.000000 0.000000 1.000000 0.000000 0.000000
8.000000 74.535549 0.900721 -0.200438 0.687500 0.000000 0.000000 0.000000 1.000000 0.000000 0.000000
8.000000 74.538650 2.227716 0.019809 0.816355 0.000000 0.000000 0.000000 1.000000 0.000000 0.000000
8.000000 74.545674 0.792363 -0.201882 0.630801 0.000000 0.000000 0.000000 1.000000 0.000000 0.000000
8.000000 74.548447 2.223409 0.022696 0.789399 0.000000 0.000000 0.000000 1.000000 0.000000 0.000000
8.000000 74.555583 0.779353 -0.199830 0.603742 0.000000 0.000000 0.000000 1.000000 0.000000 0.000000
8.000000 74.565657 0.694530 -0.198762 0.527980 0.000000 0.000000 0.000000 1.000000 0.000000 0.000000
8.000000 74.575554 0.661899 -0.205180 0.468400 0.000000 0.000000 0.000000 1.000000 0.000000 0.000000
8.000000 74.585609 0.651605 -0.205064 0.424989 0.000000 0.000000 0.000000 1.000000 0.000000 0.000000
8.000000 74.605676 0.569844 -0.188309 0.325564 0.000000 0.000000 0.000000 1.000000 0.000000 0.000000
8.000000 74.615630 0.424443 -0.197660 0.255905 0.000000 0.000000 0.000000 1.000000 0.000000 0.000000
8.000000 74.625637 0.399989 -0.199516 0.204783 0.000000 0.000000 0.000000 1.000000 0.000000 0.000000
8.000000 74.635590 0.366020 -0.197856 0.146105 0.000000 0.000000 0.000000 1.000000 0.000000 0.000000
8.000000 74.645667 0.273681 -0.197225 0.070508 0.000000 0.000000 0.000000 1.000000 0.000000 0.000000
8.000000 74.655612 0.204063 -0.197062 0.010719 0.000000 0.000000 0.000000 1.000000 0.000000 0.000000
8.000000 74.665666 0.208269 -0.197505 -0.037125 0.000000 0.000000 0.000000 1.000000 0.000000 0.000000
8.000000 74.675598 0.198455 -0.193531 -0.020548 0.000000 0.000000 0.000000 1.000000 0.000000 0.000000
8.000000 74.688551 -0.009993 -0.194283 0.015793 0.000000 0.000000 0.000000 1.000000 0.000000 0.000000
8.000000 74.695712 -0.015325 -0.196077 0.042524 0.000000 0.000000 0.000000 1.000000 0.000000 0.000000
8.000000 74.705668 0.079826 -0.192176 0.114173 0.000000 0.000000 0.000000 1.000000 0.000000 0.000000
8.000000 74.715667 0.002573 -0.190750 0.149606 0.000000 0.000000 0.000000 1.000000 0.000000 0.000000
8.000000 74.725693 -0.065612 -0.191819 0.189329 0.000000 0.000000 0.000000 1.000000 0.000000 0.000000
8.000000 74.735684 -0.116384 -0.193760 0.226958 0.000000 0.000000 0.000000 1.000000 0.000000 0.000000
8.000000 74.765711 -0.298270 -0.199844 0.319478 0.000000 0.000000 0.000000 1.000000 0.000000 0.000000
8.000000 74.775694 -0.313688 -0.198860 0.354106 0.000000 0.000000 0.000000 1.000000 0.000000 0.000000
8.000000 74.785649 -0.387211 -0.190529 0.381456 0.000000 0.000000 0.000000 1.000000 0.000000 0.000000
8.000000 74.795691 -0.465157 -0.194782 0.420270 0.000000 0.000000 0.000000 1.000000 0.000000 0.000000
8.000000 74.805689 -0.340261 -0.186279 0.479829 0.000000 0.000000 0.000000 1.000000 0.000000 0.000000
8.000000 74.815684 -0.497381 -0.199155 0.483418 0.000000 0.000000 0.000000 1.000000 0.000000 0.000000
8.000000 74.828980 -0.545865 -0.192941 0.523186 0.000000 0.000000 0.000000 1.000000 0.000000 0.000000
8.000000 74.835830 -0.577875 -0.193969 0.538263 0.000000 0.000000 0.000000 1.000000 0.000000 0.000000
8.000000 74.845816 -0.630353 -0.189608 0.570502 0.000000 0.000000 0.000000 1.000000 0.000000 0.000000
8.000000 74.855767 -0.715043 -0.189227 0.585026 0.000000 0.000000 0.000000 1.000000 0.000000 0.000000
8.000000 74.865816 -0.881212 -0.192200 0.578746 0.000000 0.000000 0.000000 1.000000 0.000000 0.000000
8.000000 74.875708 -0.755735 -0.190864 0.642506 0.000000 0.000000 0.000000 1.000000 0.000000 0.000000
8.000000 74.888564 -0.829778 -0.185934 0.664122 0.000000 0.000000 0.000000 1.000000 0.000000 0.000000
8.000000 74.895838 -0.873502 -0.190246 0.672126 0.000000 0.000000 0.000000 1.000000 0.000000 0.000000
8.000000 74.908745 -0.906912 -0.178805 0.700500 0.000000 0.000000 0.000000 1.000000 0.000000 0.000000
8.000000 74.915875 -0.982808 -0.191202 0.700093 0.000000 0.000000 0.000000 1.000000 0.000000 0.000000
8.000000 74.925795 -0.934065 -0.190435 0.740302 0.000000 0.000000 0.000000 1.000000 0.000000 0.000000
8.000000 74.935805 -0.980949 -0.188247 0.747148 0.000000 0.000000 0.000000 1.000000 0.000000 0.000000
8.000000 74.948807 -1.064376 -0.173989 0.773821 0.000000 0.000000 0.000000 1.000000 0.000000 0.000000
8.000000 74.955795 -1.100255 -0.175875 0.785900 0.000000 0.000000 0.000000 1.000000 0.000000 0.000000
8.000000 74.968633 -1.129326 -0.185553 0.806452 0.000000 0.000000 0.000000 1.000000 0.000000 0.000000
8.000000 74.975746 -1.151948 -0.187499 0.812155 0.000000 0.000000 0.000000 1.000000 0.000000 0.000000
8.000000 74.985922 -1.218872 -0.188377 0.813550 0.000000 0.000000 0.000000 1.000000 0.000000 0.000000
8.000000 74.995743 -1.333385 -0.180116 0.806229 0.000000 0.000000 0.000000 1.000000 0.000000 0.000000
8.000000 75.005876 -1.353664 -0.175941 0.827040 0.000000 0.000000 0.000000 1.000000 0.000000 0.000000
8.000000 75.015734 -1.324685 -0.183665 0.839310 0.000000 0.000000 0.000000 1.000000 0.000000 0.000000
8.000000 75.025752 -1.379793 -0.183051 0.846201 0.000000 0.000000 0.000000 1.000000 0.000000 0.000000
8.000000 75.035765 -1.389573 -0.178418 0.855914 0.000000 0.000000 0.000000 1.000000 0.000000 0.000000
8.000000 75.048538 -1.499021 -0.179332 0.843740 0.000000 0.000000 0.000000 1.000000 0.000000 0.000000
8.000000 75.055770 -1.473098 -0.174009 0.845912 0.000000 0.000000 0.000000 1.000000 0.000000 0.000000
8.000000 75.065889 -1.506269 -0.179773 0.871331 0.000000 0.000000 0.000000 1.000000 0.000000 0.000000
8.000000 75.075896 -1.550948 -0.179239 0.867738 0.000000 0.000000 0.000000 1.000000 0.000000 0.000000
8.000000 75.088571 -1.677314 -0.186312 0.861164 0.000000 0.000000 0.000000 1.000000 0.000000 0.000000
8.000000 75.095785 -1.666119 -0.184093 0.861761 0.000000 0.000000 0.000000 1.000000 0.000000 0.000000
8.000000 75.105809 -1.744083 -0.173258 0.840820 0.000000 0.000000 0.000000 1.000000 0.000000 0.000000
8.000000 75.115776 -1.737670 -0.178715 0.851584 0.000000 0.000000 0.000000 1.000000 0.000000 0.000000
8.000000 75.126026 -1.785430 -0.178835 0.847222 0.000000 0.000000 0.000000 1.000000 0.000000 0.000000
8.000000 75.135866 -1.832113 -0.178447 0.841279 0.000000 0.000000 0.000000 1.000000 0.000000 0.000000
8.000000 75.148560 -1.930759 -0.171587 0.822458 0.000000 0.000000 0.000000 1.000000 0.000000 0.000000
8.000000 75.155921 -1.930793 -0.173360 0.817923 0.000000 0.000000 0.000000 1.000000 0.000000 0.000000
8.000000 75.168641 -1.975746 -0.171436 0.802500 0.000000 0.000000 0.000000 1.000000 0.000000 0.000000
8.000000 75.178526 -1.998259 -0.172896 0.801028 0.000000 0.000000 0.000000 1.000000 0.000000 0.000000
8.000000 75.188580 -2.143321 -0.158442 0.776714 0.000000 0.000000 0.000000 1.000000 0.000000 0.000000
8.000000 75.195915 -2.143701 -0.159563 0.773655 0.000000 0.000000 0.000000 1.000000 0.000000 0.000000
8.000000 75.205897 -2.188669 -0.173450 0.744973 0.000000 0.000000 0.000000 1.000000 0.000000 0.000000
8.000000 75.215845 -2.145076 -0.176382 0.749823 0.000000 0.000000 0.000000 1.000000 0.000000 0.000000
8.000000 75.225950 -2.189813 -0.171999 0.718371 0.000000 0.000000 0.000000 1.000000 0.000000 0.000000
8.000000 75.235868 -2.238190 -0.172459 0.707402 0.000000 0.000000 0.000000 1.000000 0.000000 0.000000
8.000000 75.255895 -2.339014 -0.164023 0.659285 0.000000 0.000000 0.000000 1.000000 0.000000 0.000000
8.000000 75.266041 -2.368432 -0.172179 0.651101 0.000000 0.000000 0.000000 1.000000 0.000000 0.000000
8.000000 75.275908 -2.391444 -0.172471 0.624565 0.000000 0.000000 0.000000 1.000000 0.000000 0.000000
8.000000 75.285997 -2.430066 -0.167286 0.592569 0.000000 0.000000 0.000000 1.000000 0.000000 0.000000
8.000000 75.295865 -2.486636 -0.160802 0.574617 0.000000 0.000000 0.000000 1.000000 0.000000 0.000000
8.000000 75.308830 -2.547060 -0.165127 0.538056 0.000000 0.000000 0.000000 1.000000 0.000000 0.000000
8.000000 75.315871 -2.552460 -0.168968 0.529974 0.000000 0.000000 0.000000 1.000000 0.000000 0.000000
8.000000 75.325893 -2.604723 -0.166628 0.497407 0.000000 0.000000 0.000000 1.000000 0.000000 0.000000
8.000000 75.335937 -2.622903 -0.164982 0.469385 0.000000 0.000000 0.000000 1.000000 0.000000 0.000000
8.000000 75.346008 -2.748174 -0.157316 0.426429 0.000000 0.000000 0.000000 1.000000 0.000000 0.000000
8.000000 75.355933 -2.769083 -0.158859 0.395332 0.000000 0.000000 0.000000 1.000000 0.000000 0.000000
8.000000 75.366037 -2.736355 -0.158574 0.376511 0.000000 0.000000 0.000000 1.000000 0.000000 0.000000
8.000000 75.375924 -2.761292 -0.156309 0.344714 0.000000 0.000000 0.000000 1.000000 0.000000 0.000000
8.000000 75.388882 -2.875837 -0.158267 0.276206 0.000000 0.000000 0.000000 1.000000 0.000000 0.000000
8.000000 75.395950 -2.884769 -0.163960 0.264512 0.000000 0.000000 0.000000 1.000000 0.000000 0.000000
8.000000 75.405943 -2.931026 -0.160161 0.231278 0.000000 0.000000 0.000000 1.000000 0.000000 0.000000
8.000000 75.415940 -2.956777 -0.159332 0.196558 0.000000 0.000000 0.000000 1.000000 0.000000 0.000000
8.000000 75.426061 -2.995509 -0.160603 0.149387 0.000000 0.000000 0.000000 1.000000 0.000000 0.000000
8.000000 75.435987 -2.989788 -0.157936 0.115868 0.000000 0.000000 0.000000 1.000000 0.000000 0.000000
8.000000 75.446149 -3.133560 -0.149869 0.056894 0.000000 0.000000 0.000000 1.000000 0.000000 0.000000
8.000000 75.458650 -3.122892 -0.145767 0.012186 0.000000 0.000000 0.000000 1.000000 0.000000 0.000000
8.000000 75.468740 -3.253602 -0.159715 -0.055752 0.000000 0.000000 0.000000 1.000000 0.000000 0.000000
8.000000 75.475950 -3.221244 -0.157183 -0.064658 0.000000 0.000000 0.000000 1.000000 0.000000 0.000000
8.000000 75.508912 -3.391055 -0.149367 -0.025926 0.000000 0.000000 0.000000 1.000000 0.000000 0.000000
8.000000 75.516037 -3.413656 -0.146962 -0.007264 0.000000 0.000000 0.000000 1.000000 0.000000 0.000000
8.000000 75.528865 -3.434620 -0.152471 0.047571 0.000000 0.000000 0.000000 1.000000 0.000000 0.000000
8.000000 75.538701 -3.512932 -0.152702 0.063684 0.000000 0.000000 0.000000 1.000000 0.000000 0.000000
8.000000 75.546080 -3.564055 -0.157074 0.074296 0.000000 0.000000 0.000000 1.000000 0.000000 0.000000
8.000000 75.566060 -3.582267 -0.155965 0.136198 0.000000 0.000000 0.000000 1.000000 0.000000 0.000000
8.000000 75.576015 -3.613134 -0.151325 0.170468 0.000000 0.000000 0.000000 1.000000 0.000000 0.000000
8.000000 75.586055 -3.628020 -0.149879 0.192975 0.000000 0.000000 0.000000 1.000000 0.000000 0.000000
8.000000 75.595947 -3.752634 -0.142925 0.215798 0.000000 0.000000 0.000000 1.000000 0.000000 0.000000
8.000000 75.606074 -3.734719 -0.147277 0.233264 0.000000 0.000000 0.000000 1.000000 0.000000 0.000000
8.000000 75.616029 -3.782370 -0.152270 0.247223 0.000000 0.000000 0.000000 1.000000 0.000000 0.000000
8.000000 75.626134 -3.790534 -0.146960 0.274350 0.000000 0.000000 0.000000 1.000000 0.000000 0.000000
8.000000 75.636039 -3.817792 -0.145445 0.292158 0.000000 0.000000 0.000000 1.000000 0.000000 0.000000
8.000000 75.646104 -3.888178 -0.142957 0.306187 0.000000 0.000000 0.000000 1.000000 0.000000 0.000000
8.000000 75.656023 -4.040225 -0.137457 0.320274 0.000000 0.000000 0.000000 1.000000 0.000000 0.000000
8.000000 75.668857 -3.951878 -0.141116 0.344788 0.000000 0.000000 0.000000 1.000000 0.000000 0.000000
8.000000 75.676078 -3.989383 -0.146418 0.348748 0.000000 0.000000 0.000000 1.000000 0.000000 0.000000
8.000000 75.686146 -4.006681 -0.145570 0.360976 0.000000 0.000000 0.000000 1.000000 0.000000 0.000000
8.000000 75.696064 -4.016081 -0.150216 0.372165 0.000000 0.000000 0.000000 1.000000 0.000000 0.000000
8.000000 75.706131 -4.090778 -0.138374 0.394979 0.000000 0.000000 0.000000 1.000000 0.000000 0.000000
8.000000 75.716117 -4.115101 -0.139512 0.397279 0.000000 0.000000 0.000000 1.000000 0.000000 0.000000
8.000000 75.726157 -4.174599 -0.134341 0.404713 0.000000 0.000000 0.000000 1.000000 0.000000 0.000000
8.000000 75.736204 -4.222694 -0.142396 0.408652 0.000000 0.000000 0.000000 1.000000 0.000000 0.000000
8.000000 75.748916 -4.319683 -0.130969 0.415611 0.000000 0.000000 0.000000 1.000000 0.000000 0.000000
8.000000 75.756206 -4.330641 -0.131835 0.419675 0.000000 0.000000 0.000000 1.000000 0.000000 0.000000
8.000000 75.768866 -4.276635 -0.119628 0.426814 0.000000 0.000000 0.000000 1.000000 0.000000 0.000000
8.000000 75.778875 -4.333054 -0.122924 0.414255 0.000000 0.000000 0.000000 1.000000 0.000000 0.000000
8.000000 75.786128 -4.350783 -0.125746 0.415359 0.000000 0.000000 0.000000 1.000000 0.000000 0.000000
8.000000 75.796008 -4.401139 -0.126714 0.431284 0.000000 0.000000 0.000000 1.000000 0.000000 0.000000
8.000000 75.806151 -4.529499 -0.124108 0.404518 0.000000 0.000000 0.000000 1.000000 0.000000 0.000000
8.000000 75.816126 -4.518811 -0.132277 0.409559 0.000000 0.000000 0.000000 1.000000 0.000000 0.000000
8.000000 75.826147 -4.528978 -0.131206 0.403521 0.000000 0.000000 0.000000 1.000000 0.000000 0.000000
8.000000 75.836035 -4.573974 -0.130210 0.396664 0.000000 0.000000 0.000000 1.000000 0.000000 0.000000
8.000000 75.856246 -4.677177 -0.121328 0.382973 0.000000 0.000000 0.000000 1.000000 0.000000 0.000000
8.000000 75.866328 -4.690206 -0.134437 0.387600 0.000000 0.000000 0.000000 1.000000 0.000000 0.000000
8.000000 75.878843 -4.885187 -0.125218 0.350814 0.000000 0.000000 0.000000 1.000000 0.000000 0.000000
8.000000 75.886183 -4.868490 -0.122472 0.350169 0.000000 0.000000 0.000000 1.000000 0.000000 0.000000
8.000000 75.906194 -4.789499 -0.113903 0.345840 0.000000 0.000000 0.000000 1.000000 0.000000 0.000000
8.000000 75.916124 -4.918622 -0.103827 0.326598 0.000000 0.000000 0.000000 1.000000 0.000000 0.000000
8.000000 75.926142 -4.985204 -0.113865 0.304939 0.000000 0.000000 0.000000 1.000000 0.000000 0.000000
8.000000 75.936172 -5.034391 -0.114890 0.278024 0.000000 0.000000 0.000000 1.000000 0.000000 0.000000
8.000000 75.948971 -5.056650 -0.111872 0.257939 0.000000 0.000000 0.000000 1.000000 0.000000 0.000000
8.000000 75.956183 -5.068431 -0.115861 0.249362 0.000000 0.000000 0.000000 1.000000 0.000000 0.000000
8.000000 75.966218 -5.126943 -0.122910 0.231825 0.000000 0.000000 0.000000 1.000000 0.000000 0.000000
8.000000 75.969190 -5.163352 -0.122001 0.218208 0.000000 0.000000 0.000000 1.000000 0.000000 0.000000
8.000000 75.976205 -5.075721 -0.106342 0.220271 0.000000 0.000000 0.000000 1.000000 0.000000 0.000000
8.000000 75.989126 -5.291031 -0.107278 0.143201 0.000000 0.000000 0.000000 1.000000 0.000000 0.000000
8.000000 75.996131 -5.247375 -0.101706 0.136023 0.000000 0.000000 0.000000 1.000000 0.000000 0.000000
8.000000 76.006227 -5.144652 -0.107931 0.151033 0.000000 0.000000 0.000000 1.000000 0.000000 0.000000
8.000000 76.016077 -5.319143 -0.133264 0.099743 0.000000 0.000000 0.000000 1.000000 0.000000 0.000000
8.000000 76.026274 -5.331878 -0.111961 0.086501 0.000000 0.000000 0.000000 1.000000 0.000000 0.000000
8.000000 76.069085 -5.422888 -0.106909 -0.047738 0.000000 0.000000 0.000000 1.000000 0.000000 0.000000
8.000000 76.076249 -5.410102 -0.107469 -0.060794 0.000000 0.000000 0.000000 1.000000 0.000000 0.000000
8.000000 76.086323 -5.538976 -0.098043 -0.086221 0.000000 0.000000 0.000000 1.000000 0.000000 0.000000
8.000000 76.106349 -5.783986 -0.113334 -0.066258 0.000000 0.000000 0.000000 1.000000 0.000000 0.000000
8.000000 76.116269 -5.653639 -0.099895 -0.028591 0.000000 0.000000 0.000000 1.000000 0.000000 0.000000
8.000000 76.118961 -5.649188 -0.097909 -0.015861 0.000000 0.000000 0.000000 1.000000 0.000000 0.000000
8.000000 76.126204 -5.696203 -0.103466 -0.004552 0.000000 0.000000 0.000000 1.000000 0.000000 0.000000
8.000000 76.136274 -5.636999 -0.115950 0.032880 0.000000 0.000000 0.000000 1.000000 0.000000 0.000000
8.000000 76.146252 -5.803476 -0.122472 0.018499 0.000000 0.000000 0.000000 1.000000 0.000000 0.000000
8.000000 76.156237 -5.760742 -0.104046 0.054917 0.000000 0.000000 0.000000 1.000000 0.000000 0.000000
8.000000 76.166250 -5.836949 -0.096172 0.080293 0.000000 0.000000 0.000000 1.000000 0.000000 0.000000
8.000000 76.169379 -5.901557 -0.089117 0.082639 0.000000 0.000000 0.000000 1.000000 0.000000 0.000000
8.000000 76.176208 -5.991005 -0.106703 0.070726 0.000000 0.000000 0.000000 1.000000 0.000000 0.000000
8.000000 76.186278 -5.965735 -0.105651 0.091713 0.000000 0.000000 0.000000 1.000000 0.000000 0.000000
8.000000 76.198999 -5.927050 -0.096359 0.118731 0.000000 0.000000 0.000000 1.000000 0.000000 0.000000
8.000000 76.206352 -5.966985 -0.100569 0.129438 0.000000 0.000000 0.000000 1.000000 0.000000 0.000000
8.000000 76.209135 -6.005610 -0.094881 0.137749 0.000000 0.000000 0.000000 1.000000 0.000000 0.000000
8.000000 76.216279 -6.011841 -0.095258 0.140783 0.000000 0.000000 0.000000 1.000000 0.000000 0.000000
8.000000 76.219010 -5.938130 -0.099290 0.156451 0.000000 0.000000 0.000000 1.000000 0.000000 0.000000
8.000000 76.226310 -5.994883 -0.109500 0.153425 0.000000 0.000000 0.000000 1.000000 0.000000 0.000000
8.000000 76.229073 -6.076568 -0.101947 0.151610 0.000000 0.000000 0.000000 1.000000 0.000000 0.000000
8.000000 76.236312 -6.124102 -0.109314 0.154744 0.000000 0.000000 0.000000 1.000000 0.000000 0.000000
8.000000 76.239422 -6.174434 -0.107555 0.139739 0.000000 0.000000 0.000000 1.000000 0.000000 0.000000
8.000000 76.246314 -6.161081 -0.104373 0.143874 0.000000 0.000000 0.000000 1.000000 0.000000 0.000000
8.000000 76.249048 -6.193576 -0.098163 0.158361 0.000000 0.000000 0.000000 1.000000 0.000000 0.000000
8.000000 76.256254 -6.268652 -0.110869 0.157932 0.000000 0.000000 0.000000 1.000000 0.000000 0.000000
8.000000 76.259014 -6.166874 -0.117319 0.174710 0.000000 0.000000 0.000000 1.000000 0.000000 0.000000
8.000000 76.266342 -6.061867 -0.096166 0.191037 0.000000 0.000000 0.000000 1.000000 0.000000 0.000000
8.000000 76.269082 -6.051443 -0.096058 0.196545 0.000000 0.000000 0.000000 1.000000 0.000000 0.000000
8.000000 76.276274 -6.049163 -0.094713 0.201002 0.000000 0.000000 0.000000 1.000000 0.000000 0.000000
8.000000 76.278978 -6.197090 -0.080333 0.202398 0.000000 0.000000 0.000000 1.000000 0.000000 0.000000
8.000000 76.286294 -6.209692 -0.082183 0.204102 0.000000 0.000000 0.000000 1.000000 0.000000 0.000000
8.000000 76.289134 -6.199330 -0.083277 0.203381 0.000000 0.000000 0.000000 1.000000 0.000000 0.000000
8.000000 76.296284 -6.219264 -0.086852 0.202402 0.000000 0.000000 0.000000 1.000000 0.000000 0.000000
8.000000 76.299042 -6.228303 -0.085465 0.205525 0.000000 0.000000 0.000000 1.000000 0.000000 0.000000
8.000000 76.306293 -6.269636 -0.092639 0.204824 0.000000 0.000000 0.000000 1.000000 0.000000 0.000000
8.000000 76.309172 -6.315089 -0.090191 0.194735 0.000000 0.000000 0.000000 1.000000 0.000000 0.000000
8.000000 76.316254 -6.283594 -0.084073 0.198821 0.000000 0.000000 0.000000 1.000000 0.000000 0.000000
8.000000 76.319340 -6.230318 -0.087823 0.205873 0.000000 0.000000 0.000000 1.000000 0.000000 0.000000
8.000000 76.326271 -6.285777 -0.098514 0.199205 0.000000 0.000000 0.000000 1.000000 0.000000 0.000000
8.000000 76.329075 -6.385702 -0.092161 0.182598 0.000000 0.000000 0.000000 1.000000 0.000000 0.000000
8.000000 76.336330 -6.361995 -0.087122 0.187802 0.000000 0.000000 0.000000 1.000000 0.000000 0.000000
8.000000 76.339066 -6.454483 -0.078946 0.184489 0.000000 0.000000 0.000000 1.000000 0.000000 0.000000
8.000000 76.346329 -6.490222 -0.085781 0.180208 0.000000 0.000000 0.000000 1.000000 0.000000 0.000000
8.000000 76.349101 -6.466796 -0.088378 0.178103 0.000000 0.000000 0.000000 1.000000 0.000000 0.000000
8.000000 76.356324 -6.506549 -0.096604 0.170206 0.000000 0.000000 0.000000 1.000000 0.000000 0.000000
8.000000 76.359255 -6.493993 -0.098094 0.168558 0.000000 0.000000 0.000000 1.000000 0.000000 0.000000
8.000000 76.366393 -6.430446 -0.085111 0.180126 0.000000 0.000000 0.000000 1.000000 0.000000 0.000000
8.000000 76.369122 -6.404122 -0.086898 0.183910 0.000000 0.000000 0.000000 1.000000 0.000000 0.000000
8.000000 76.376314 -6.436564 -0.094559 0.172842 0.000000 0.000000 0.000000 1.000000 0.000000 0.000000
8.000000 76.379109 -6.534662 -0.088948 0.153291 0.000000 0.000000 0.000000 1.000000 0.000000 0.000000
8.000000 76.386358 -6.558042 -0.093675 0.149221 0.000000 0.000000 0.000000 1.000000 0.000000 0.000000
8.000000 76.389273 -6.700170 -0.081553 0.142735 0.000000 0.000000 0.000000 1.000000 0.000000 0.000000
8.000000 76.396266 -6.724770 -0.087525 0.132166 0.000000 0.000000 0.000000 1.000000 0.000000 0.000000
8.000000 76.399180 -6.779630 -0.086732 0.107118 0.000000 0.000000 0.000000 1.000000 0.000000 0.000000
8.000000 76.406381 -6.783811 -0.087640 0.106028 0.000000 0.000000 0.000000 1.000000 0.000000 0.000000
8.000000 76.409273 -6.746970 -0.089379 0.115435 0.000000 0.000000 0.000000 1.000000 0.000000 0.000000
8.000000 76.416317 -6.829705 -0.106696 0.096448 0.000000 0.000000 0.000000 1.000000 0.000000 0.000000
8.000000 76.419260 -6.819001 -0.108422 0.091842 0.000000 0.000000 0.000000 1.000000 0.000000 0.000000
8.000000 76.426605 -6.677180 -0.081182 0.110555 0.000000 0.000000 0.000000 1.000000 0.000000 0.000000
8.000000 76.429197 -6.727559 -0.079397 0.094427 0.000000 0.000000 0.000000 1.000000 0.000000 0.000000
8.000000 76.436385 -6.787242 -0.092491 0.078103 0.000000 0.000000 0.000000 1.000000 0.000000 0.000000
8.000000 76.439185 -6.993036 -0.080276 0.039543 0.000000 0.000000 0.000000 1.000000 0.000000 0.000000
8.000000 76.446424 -7.081732 -0.097386 0.026832 0.000000 0.000000 0.000000 1.000000 0.000000 0.000000
8.000000 76.449170 -7.023886 -0.101967 0.031396 0.000000 0.000000 0.000000 1.000000 0.000000 0.000000
8.000000 76.456439 -6.980097 -0.095672 0.026674 0.000000 0.000000 0.000000 1.000000 0.000000 0.000000
8.000000 76.459369 -6.927270 -0.098851 0.036379 0.000000 0.000000 0.000000 1.000000 0.000000 0.000000
8.000000 76.466517 -6.901499 -0.095003 0.033750 0.000000 0.000000 0.000000 1.000000 0.000000 0.000000
8.000000 76.469252 -6.892714 -0.098068 0.020860 0.000000 0.000000 0.000000 1.000000 0.000000 0.000000
8.000000 76.476443 -6.927174 -0.105828 0.010249 0.000000 0.000000 0.000000 1.000000 0.000000 0.000000
8.000000 76.479253 -7.008692 -0.100621 -0.002938 0.000000 0.000000 0.000000 1.000000 0.000000 0.000000
8.000000 76.486497 -6.873920 -0.077047 0.003266 0.000000 0.000000 0.000000 1.000000 0.000000 0.000000
8.000000 76.489317 -6.926245 -0.074226 -0.008736 0.000000 0.000000 0.000000 1.000000 0.000000 0.000000
8.000000 76.496569 -6.987203 -0.086925 -0.023146 0.000000 0.000000 0.000000 1.000000 0.000000 0.000000
8.000000 76.499129 -7.093093 -0.083556 -0.059807 0.000000 0.000000 0.000000 1.000000 0.000000 0.000000
8.000000 76.506485 -7.101018 -0.087831 -0.075046 0.000000 0.000000 0.000000 1.000000 0.000000 0.000000
8.000000 76.509203 -7.140685 -0.084901 -0.079275 0.000000 0.000000 0.000000 1.000000 0.000000 0.000000
8.000000 76.516459 -7.132771 -0.083016 -0.076098 0.000000 0.000000 0.000000 1.000000 0.000000 0.000000
8.000000 76.519274 -7.157022 -0.080841 -0.076431 0.000000 0.000000 0.000000 1.000000 0.000000 0.000000
8.000000 76.526414 -7.154574 -0.079470 -0.071146 0.000000 0.000000 0.000000 1.000000 0.000000 0.000000
8.000000 76.529257 -7.116913 -0.080636 -0.057521 0.000000 0.000000 0.000000 1.000000 0.000000 0.000000
8.000000 76.536485 -7.068722 -0.068890 -0.037060 0.000000 0.000000 0.000000 1.000000 0.000000 0.000000
8.000000 76.539328 -7.257115 -0.053266 -0.047984 0.000000 0.000000 0.000000 1.000000 0.000000 0.000000
8.000000 76.546580 -7.393022 -0.076275 -0.052069 0.000000 0.000000 0.000000 1.000000 0.000000 0.000000
8.000000 76.559361 -7.467646 -0.085760 -0.044553 0.000000 0.000000 0.000000 1.000000 0.000000 0.000000
8.000000 76.566422 -7.375157 -0.066511 -0.024017 0.000000 0.000000 0.000000 1.000000 0.000000 0.000000
8.000000 76.569667 -7.247353 -0.071100 0.014429 0.000000 0.000000 0.000000 1.000000 0.000000 0.000000
8.000000 76.576452 -7.270703 -0.074642 0.015856 0.000000 0.000000 0.000000 1.000000 0.000000 0.000000
8.000000 76.579356 -7.303161 -0.069376 0.029259 0.000000 0.000000 0.000000 1.000000 0.000000 0.000000
8.000000 76.586390 -7.364437 -0.079364 0.030186 0.000000 0.000000 0.000000 1.000000 0.000000 0.000000
8.000000 76.599253 -7.520155 -0.060286 0.030757 0.000000 0.000000 0.000000 1.000000 0.000000 0.000000
8.000000 76.606479 -7.578328 -0.069728 0.031261 0.000000 0.000000 0.000000 1.000000 0.000000 0.000000
8.000000 76.609356 -7.523747 -0.072534 0.043918 0.000000 0.000000 0.000000 1.000000 0.000000 0.000000
8.000000 76.616668 -7.561616 -0.078373 0.045975 0.000000 0.000000 0.000000 1.000000 0.000000 0.000000
8.000000 76.619249 -7.503755 -0.080357 0.065375 0.000000 0.000000 0.000000 1.000000 0.000000 0.000000
8.000000 76.626589 -7.511672 -0.080769 0.070632 0.000000 0.000000 0.000000 1.000000 0.000000 0.000000
8.000000 76.629535 -7.571762 -0.074824 0.074495 0.000000 0.000000 0.000000 1.000000 0.000000 0.000000
8.000000 76.636508 -7.596589 -0.078305 0.078447 0.000000 0.000000 0.000000 1.000000 0.000000 0.000000
8.000000 76.659173 -7.672767 -0.070982 0.088360 0.000000 0.000000 0.000000 1.000000 0.000000 0.000000
8.000000 76.666501 -7.687583 -0.064642 0.086578 0.000000 0.000000 0.000000 1.000000 0.000000 0.000000
8.000000 76.669329 -7.716203 -0.060621 0.095329 0.000000 0.000000 0.000000 1.000000 0.000000 0.000000
8.000000 76.676548 -7.707421 -0.064086 0.082428 0.000000 0.000000 0.000000 1.000000 0.000000 0.000000
8.000000 76.679202 -7.666153 -0.066009 0.093734 0.000000 0.000000 0.000000 1.000000 0.000000 0.000000
8.000000 76.686650 -7.690229 -0.069625 0.096103 0.000000 0.000000 0.000000 1.000000 0.000000 0.000000
8.000000 76.709373 -7.795293 -0.075723 0.087906 0.000000 0.000000 0.000000 1.000000 0.000000 0.000000
8.000000 76.716529 -7.808019 -0.078275 0.085296 0.000000 0.000000 0.000000 1.000000 0.000000 0.000000
8.000000 76.719223 -7.809125 -0.077783 0.087534 0.000000 0.000000 0.000000 1.000000 0.000000 0.000000
8.000000 76.726674 -7.824664 -0.080746 0.085148 0.000000 0.000000 0.000000 1.000000 0.000000 0.000000
8.000000 76.729264 -7.840698 -0.078272 0.091484 0.000000 0.000000 0.000000 1.000000 0.000000 0.000000
8.000000 76.736579 -7.845968 -0.079266 0.090717 0.000000 0.000000 0.000000 1.000000 0.000000 0.000000
