30.000000 288.712772 25.614431 -0.214682 0.344470 0.000000 0.000000 0.000000 1.000000 0.000000 0.000000
30.000000 288.722635 25.394329 -0.180444 0.484523 0.000000 0.000000 0.000000 1.000000 0.000000 0.000000
30.000000 288.732734 25.289865 -0.181607 0.547159 0.000000 0.000000 0.000000 1.000000 0.000000 0.000000
30.000000 288.742602 25.006923 -0.167982 0.678525 0.000000 0.000000 0.000000 1.000000 0.000000 0.000000
30.000000 288.752697 24.953074 -0.151211 0.767331 0.000000 0.000000 0.000000 1.000000 0.000000 0.000000
30.000000 288.762530 24.781356 -0.135043 0.861796 0.000000 0.000000 0.000000 1.000000 0.000000 0.000000
30.000000 288.772703 24.629396 -0.105274 0.940574 0.000000 0.000000 0.000000 1.000000 0.000000 0.000000
30.000000 288.782413 24.489561 -0.093935 1.019949 0.000000 0.000000 0.000000 1.000000 0.000000 0.000000
30.000000 288.792670 24.294709 -0.064400 1.112525 0.000000 0.000000 0.000000 1.000000 0.000000 0.000000
30.000000 288.792789 22.778298 0.119183 1.193065 0.000000 0.000000 0.000000 1.000000 0.000000 0.000000
30.000000 288.802625 22.874994 -0.078296 1.374973 0.000000 0.000000 0.000000 1.000000 0.000000 0.000000
30.000000 288.802630 22.669379 0.138954 1.271888 0.000000 0.000000 0.000000 1.000000 0.000000 0.000000
30.000000 288.812745 24.061511 -0.026536 1.275259 0.000000 0.000000 0.000000 1.000000 0.000000 0.000000
30.000000 288.812869 22.578109 0.149377 1.350856 0.000000 0.000000 0.000000 1.000000 0.000000 0.000000
30.000000 288.822543 23.942355 -0.012783 1.361122 0.000000 0.000000 0.000000 1.000000 0.000000 0.000000
30.000000 288.822695 22.491053 0.156453 1.435197 0.000000 0.000000 0.000000 1.000000 0.000000 0.000000
30.000000 288.832542 23.819691 -0.001714 1.435392 0.000000 0.000000 0.000000 1.000000 0.000000 0.000000
30.000000 288.832810 22.366802 0.171984 1.501572 0.000000 0.000000 0.000000 1.000000 0.000000 0.000000
30.000000 288.842450 23.595003 0.034234 1.507453 0.000000 0.000000 0.000000 1.000000 0.000000 0.000000
30.000000 288.842744 22.231808 0.187464 1.552270 0.000000 0.000000 0.000000 1.000000 0.000000 0.000000
30.000000 288.852625 23.439058 0.047537 1.603164 0.000000 0.000000 0.000000 1.000000 0.000000 0.000000
30.000000 288.852734 22.197776 0.179443 1.652267 0.000000 0.000000 0.000000 1.000000 0.000000 0.000000
30.000000 288.862442 23.385698 0.066533 1.658840 0.000000 0.000000 0.000000 1.000000 0.000000 0.000000
30.000000 288.862739 22.049500 0.216397 1.708759 0.000000 0.000000 0.000000 1.000000 0.000000 0.000000
30.000000 288.872604 23.239286 0.088374 1.731782 0.000000 0.000000 0.000000 1.000000 0.000000 0.000000
30.000000 288.872785 21.966256 0.222338 1.775552 0.000000 0.000000 0.000000 1.000000 0.000000 0.000000
30.000000 288.878963 21.484715 0.182896 1.831374 0.000000 0.000000 0.000000 1.000000 0.000000 0.000000
30.000000 288.882460 23.186020 0.090524 1.785700 0.000000 0.000000 0.000000 1.000000 0.000000 0.000000
30.000000 288.882765 21.839986 0.242345 1.841326 0.000000 0.000000 0.000000 1.000000 0.000000 0.000000
30.000000 288.888926 21.406082 0.210691 1.913405 0.000000 0.000000 0.000000 1.000000 0.000000 0.000000
30.000000 288.892589 22.901196 0.127654 1.876421 0.000000 0.000000 0.000000 1.000000 0.000000 0.000000
30.000000 288.892846 21.758102 0.238723 1.905883 0.000000 0.000000 0.000000 1.000000 0.000000 0.000000
30.000000 288.898930 21.308156 0.227408 1.972833 0.000000 0.000000 0.000000 1.000000 0.000000 0.000000
30.000000 288.902508 22.835559 0.147075 1.936996 0.000000 0.000000 0.000000 1.000000 0.000000 0.000000
30.000000 288.902653 21.647612 0.264694 1.970135 0.000000 0.000000 0.000000 1.000000 0.000000 0.000000
30.000000 288.908962 21.195150 0.246020 2.032251 0.000000 0.000000 0.000000 1.000000 0.000000 0.000000
30.000000 288.912674 22.685688 0.167149 2.006144 0.000000 0.000000 0.000000 1.000000 0.000000 0.000000
30.000000 288.912685 21.542741 0.279585 2.036494 0.000000 0.000000 0.000000 1.000000 0.000000 0.000000
30.000000 288.919057 21.069576 0.254693 2.096551 0.000000 0.000000 0.000000 1.000000 0.000000 0.000000
30.000000 288.922449 22.567259 0.180689 2.069140 0.000000 0.000000 0.000000 1.000000 0.000000 0.000000
30.000000 288.922717 21.467230 0.281656 2.094522 0.000000 0.000000 0.000000 1.000000 0.000000 0.000000
30.000000 288.928951 20.956295 0.276996 2.151303 0.000000 0.000000 0.000000 1.000000 0.000000 0.000000
30.000000 288.932607 22.419057 0.205216 2.130311 0.000000 0.000000 0.000000 1.000000 0.000000 0.000000
30.000000 288.932870 21.329740 0.303827 2.155025 0.000000 0.000000 0.000000 1.000000 0.000000 0.000000
30.000000 288.938973 20.853924 0.297729 2.213141 0.000000 0.000000 0.000000 1.000000 0.000000 0.000000
30.000000 288.942551 22.239024 0.227558 2.201506 0.000000 0.000000 0.000000 1.000000 0.000000 0.000000
30.000000 288.942703 21.258806 0.302394 2.214953 0.000000 0.000000 0.000000 1.000000 0.000000 0.000000
30.000000 288.948957 20.727460 0.307056 2.269083 0.000000 0.000000 0.000000 1.000000 0.000000 0.000000
30.000000 288.952718 22.127892 0.239169 2.255812 0.000000 0.000000 0.000000 1.000000 0.000000 0.000000
30.000000 288.952729 21.105854 0.331860 2.270085 0.000000 0.000000 0.000000 1.000000 0.000000 0.000000
30.000000 288.958979 20.598342 0.320356 2.325241 0.000000 0.000000 0.000000 1.000000 0.000000 0.000000
30.000000 288.962501 22.021998 0.253754 2.314289 0.000000 0.000000 0.000000 1.000000 0.000000 0.000000
30.000000 288.962741 21.031288 0.337428 2.324495 0.000000 0.000000 0.000000 1.000000 0.000000 0.000000
30.000000 288.968938 20.479259 0.340856 2.379658 0.000000 0.000000 0.000000 1.000000 0.000000 0.000000
30.000000 288.972606 21.893733 0.275256 2.375821 0.000000 0.000000 0.000000 1.000000 0.000000 0.000000
30.000000 288.972764 20.921032 0.355313 2.385333 0.000000 0.000000 0.000000 1.000000 0.000000 0.000000
30.000000 288.979008 20.354247 0.353145 2.432064 0.000000 0.000000 0.000000 1.000000 0.000000 0.000000
30.000000 288.982550 21.775962 0.287318 2.434955 0.000000 0.000000 0.000000 1.000000 0.000000 0.000000
30.000000 288.982793 20.839296 0.362748 2.441658 0.000000 0.000000 0.000000 1.000000 0.000000 0.000000
30.000000 288.988993 20.247262 0.364970 2.480971 0.000000 0.000000 0.000000 1.000000 0.000000 0.000000
30.000000 288.992686 21.599597 0.306278 2.482246 0.000000 0.000000 0.000000 1.000000 0.000000 0.000000
30.000000 288.992790 20.701352 0.379886 2.487810 0.000000 0.000000 0.000000 1.000000 0.000000 0.000000
30.000000 288.998981 20.137769 0.383671 2.534233 0.000000 0.000000 0.000000 1.000000 0.000000 0.000000
30.000000 289.002565 21.482749 0.328017 2.541668 0.000000 0.000000 0.000000 1.000000 0.000000 0.000000
30.000000 289.002733 20.638237 0.383291 2.546744 0.000000 0.000000 0.000000 1.000000 0.000000 0.000000
30.000000 289.009017 20.014782 0.396798 2.584165 0.000000 0.000000 0.000000 1.000000 0.000000 0.000000
30.000000 289.012603 21.373676 0.340878 2.595765 0.000000 0.000000 0.000000 1.000000 0.000000 0.000000
30.000000 289.012879 20.544169 0.394579 2.597765 0.000000 0.000000 0.000000 1.000000 0.000000 0.000000
30.000000 289.018973 19.899506 0.419519 2.632116 0.000000 0.000000 0.000000 1.000000 0.000000 0.000000
30.000000 289.022567 21.206190 0.364691 2.648535 0.000000 0.000000 0.000000 1.000000 0.000000 0.000000
30.000000 289.022806 20.432264 0.405657 2.644531 0.000000 0.000000 0.000000 1.000000 0.000000 0.000000
30.000000 289.029031 19.756087 0.412654 2.675517 0.000000 0.000000 0.000000 1.000000 0.000000 0.000000
30.000000 289.032668 21.162605 0.361907 2.688610 0.000000 0.000000 0.000000 1.000000 0.000000 0.000000
30.000000 289.032875 20.366212 0.407233 2.690903 0.000000 0.000000 0.000000 1.000000 0.000000 0.000000
30.000000 289.039025 19.679319 0.445734 2.729724 0.000000 0.000000 0.000000 1.000000 0.000000 0.000000
30.000000 289.042603 20.951315 0.395720 2.749880 0.000000 0.000000 0.000000 1.000000 0.000000 0.000000
30.000000 289.042800 20.252454 0.416348 2.740013 0.000000 0.000000 0.000000 1.000000 0.000000 0.000000
30.000000 289.049008 19.561521 0.464390 2.772038 0.000000 0.000000 0.000000 1.000000 0.000000 0.000000
30.000000 289.052752 20.852948 0.418138 2.795311 0.000000 0.000000 0.000000 1.000000 0.000000 0.000000
30.000000 289.052918 20.158917 0.439869 2.790066 0.000000 0.000000 0.000000 1.000000 0.000000 0.000000
30.000000 289.059055 19.438247 0.477902 2.823030 0.000000 0.000000 0.000000 1.000000 0.000000 0.000000
30.000000 289.062754 20.688619 0.435187 2.848240 0.000000 0.000000 0.000000 1.000000 0.000000 0.000000
30.000000 289.062793 20.082336 0.441470 2.838225 0.000000 0.000000 0.000000 1.000000 0.000000 0.000000
30.000000 289.069044 19.315154 0.495564 2.860938 0.000000 0.000000 0.000000 1.000000 0.000000 0.000000
30.000000 289.072666 20.575283 0.452979 2.888712 0.000000 0.000000 0.000000 1.000000 0.000000 0.000000
30.000000 289.072952 19.993340 0.452322 2.875268 0.000000 0.000000 0.000000 1.000000 0.000000 0.000000
30.000000 289.079035 19.193242 0.508822 2.904678 0.000000 0.000000 0.000000 1.000000 0.000000 0.000000
30.000000 289.082730 20.456733 0.467196 2.933282 0.000000 0.000000 0.000000 1.000000 0.000000 0.000000
30.000000 289.082754 19.847177 0.476639 2.919396 0.000000 0.000000 0.000000 1.000000 0.000000 0.000000
30.000000 289.089228 19.089121 0.518170 2.951373 0.000000 0.000000 0.000000 1.000000 0.000000 0.000000
30.000000 289.092650 20.292062 0.480693 2.976156 0.000000 0.000000 0.000000 1.000000 0.000000 0.000000
30.000000 289.092915 19.766864 0.479221 2.954092 0.000000 0.000000 0.000000 1.000000 0.000000 0.000000
30.000000 289.099103 18.972554 0.532907 2.992227 0.000000 0.000000 0.000000 1.000000 0.000000 0.000000
30.000000 289.102642 20.130026 0.497801 3.008379 0.000000 0.000000 0.000000 1.000000 0.000000 0.000000
30.000000 289.102874 19.574646 0.510253 2.978992 0.000000 0.000000 0.000000 1.000000 0.000000 0.000000
30.000000 289.109069 18.848246 0.545834 3.028898 0.000000 0.000000 0.000000 1.000000 0.000000 0.000000
30.000000 289.112670 20.097267 0.514717 3.058490 0.000000 0.000000 0.000000 1.000000 0.000000 0.000000
30.000000 289.113059 19.657708 0.483897 3.040359 0.000000 0.000000 0.000000 1.000000 0.000000 0.000000
30.000000 289.122602 19.974351 0.532353 3.101011 0.000000 0.000000 0.000000 1.000000 0.000000 0.000000
30.000000 289.122790 19.550870 0.500434 3.086280 0.000000 0.000000 0.000000 1.000000 0.000000 0.000000
30.000000 289.129093 18.597037 0.566362 3.098218 0.000000 0.000000 0.000000 1.000000 0.000000 0.000000
30.000000 289.132765 19.900130 0.537882 3.132860 0.000000 0.000000 0.000000 1.000000 0.000000 0.000000
30.000000 289.132896 19.463792 0.509735 3.117961 0.000000 0.000000 0.000000 1.000000 0.000000 0.000000
30.000000 289.139099 18.501774 0.593121 3.142717 0.000000 0.000000 0.000000 1.000000 0.000000 0.000000
30.000000 289.142559 19.601237 0.564108 3.175798 0.000000 0.000000 0.000000 1.000000 0.000000 0.000000
30.000000 289.142828 19.240851 0.535643 3.146195 0.000000 0.000000 0.000000 1.000000 0.000000 0.000000
30.000000 289.149116 18.379783 0.609093 3.178265 0.000000 0.000000 0.000000 1.000000 0.000000 0.000000
30.000000 289.152690 19.555385 0.586155 3.206502 0.000000 0.000000 0.000000 1.000000 0.000000 0.000000
30.000000 289.152897 19.168827 0.552062 3.182640 0.000000 0.000000 0.000000 1.000000 0.000000 0.000000
30.000000 289.159090 18.265906 0.621831 3.212987 0.000000 0.000000 0.000000 1.000000 0.000000 0.000000
30.000000 289.162668 19.459263 0.599506 3.247884 0.000000 0.000000 0.000000 1.000000 0.000000 0.000000
30.000000 289.162817 19.137190 0.549241 3.223958 0.000000 0.000000 0.000000 1.000000 0.000000 0.000000
30.000000 289.170158 18.120395 0.631111 3.244521 0.000000 0.000000 0.000000 1.000000 0.000000 0.000000
30.000000 289.172678 18.477480 0.856890 3.225543 0.000000 0.000000 0.000000 1.000000 0.000000 0.000000
30.000000 289.172898 19.024647 0.563072 3.254647 0.000000 0.000000 0.000000 1.000000 0.000000 0.000000
30.000000 289.179102 17.995538 0.644619 3.269180 0.000000 0.000000 0.000000 1.000000 0.000000 0.000000
30.000000 289.182608 19.229869 0.626035 3.308882 0.000000 0.000000 0.000000 1.000000 0.000000 0.000000
30.000000 289.182791 18.915338 0.579955 3.291663 0.000000 0.000000 0.000000 1.000000 0.000000 0.000000
30.000000 289.189132 17.886323 0.657722 3.300991 0.000000 0.000000 0.000000 1.000000 0.000000 0.000000
30.000000 289.192696 19.058416 0.641380 3.345503 0.000000 0.000000 0.000000 1.000000 0.000000 0.000000
30.000000 289.192948 18.924287 0.550831 3.325883 0.000000 0.000000 0.000000 1.000000 0.000000 0.000000
30.000000 289.199129 17.776912 0.671384 3.334006 0.000000 0.000000 0.000000 1.000000 0.000000 0.000000
30.000000 289.202673 18.970535 0.658425 3.372279 0.000000 0.000000 0.000000 1.000000 0.000000 0.000000
30.000000 289.202811 18.738936 0.595121 3.354499 0.000000 0.000000 0.000000 1.000000 0.000000 0.000000
30.000000 289.209127 17.665205 0.686292 3.362110 0.000000 0.000000 0.000000 1.000000 0.000000 0.000000
30.000000 289.212703 18.860783 0.676441 3.399611 0.000000 0.000000 0.000000 1.000000 0.000000 0.000000
30.000000 289.212898 18.642031 0.609681 3.384183 0.000000 0.000000 0.000000 1.000000 0.000000 0.000000
30.000000 289.219127 17.515017 0.702082 3.386094 0.000000 0.000000 0.000000 1.000000 0.000000 0.000000
30.000000 289.222622 18.727431 0.692361 3.429827 0.000000 0.000000 0.000000 1.000000 0.000000 0.000000
30.000000 289.222806 18.565132 0.614659 3.414660 0.000000 0.000000 0.000000 1.000000 0.000000 0.000000
30.000000 289.229137 17.408188 0.719463 3.405392 0.000000 0.000000 0.000000 1.000000 0.000000 0.000000
30.000000 289.232683 18.580720 0.712353 3.452087 0.000000 0.000000 0.000000 1.000000 0.000000 0.000000
30.000000 289.232903 18.507717 0.614734 3.440163 0.000000 0.000000 0.000000 1.000000 0.000000 0.000000
30.000000 289.239121 17.300889 0.725549 3.433729 0.000000 0.000000 0.000000 1.000000 0.000000 0.000000
30.000000 289.242634 18.472303 0.722995 3.476669 0.000000 0.000000 0.000000 1.000000 0.000000 0.000000
30.000000 289.242881 18.489044 0.602518 3.464899 0.000000 0.000000 0.000000 1.000000 0.000000 0.000000
30.000000 289.249130 17.176204 0.735176 3.456850 0.000000 0.000000 0.000000 1.000000 0.000000 0.000000
30.000000 289.252717 18.367372 0.735276 3.496130 0.000000 0.000000 0.000000 1.000000 0.000000 0.000000
30.000000 289.252932 18.290508 0.640102 3.489501 0.000000 0.000000 0.000000 1.000000 0.000000 0.000000
30.000000 289.259142 17.063879 0.755288 3.475923 0.000000 0.000000 0.000000 1.000000 0.000000 0.000000
30.000000 289.262641 18.231096 0.756778 3.517544 0.000000 0.000000 0.000000 1.000000 0.000000 0.000000
30.000000 289.262932 18.192188 0.652428 3.513187 0.000000 0.000000 0.000000 1.000000 0.000000 0.000000
30.000000 289.269132 16.948020 0.773727 3.495291 0.000000 0.000000 0.000000 1.000000 0.000000 0.000000
30.000000 289.272754 18.082293 0.773857 3.535848 0.000000 0.000000 0.000000 1.000000 0.000000 0.000000
30.000000 289.272958 18.035303 0.679287 3.524305 0.000000 0.000000 0.000000 1.000000 0.000000 0.000000
30.000000 289.279118 16.810803 0.785819 3.519125 0.000000 0.000000 0.000000 1.000000 0.000000 0.000000
30.000000 289.282615 17.964951 0.789415 3.558154 0.000000 0.000000 0.000000 1.000000 0.000000 0.000000
30.000000 289.282948 17.983051 0.681549 3.546195 0.000000 0.000000 0.000000 1.000000 0.000000 0.000000
30.000000 289.289098 16.710405 0.801710 3.540741 0.000000 0.000000 0.000000 1.000000 0.000000 0.000000
30.000000 289.292735 17.737692 0.806402 3.580178 0.000000 0.000000 0.000000 1.000000 0.000000 0.000000
30.000000 289.292966 17.925516 0.660059 3.567324 0.000000 0.000000 0.000000 1.000000 0.000000 0.000000
30.000000 289.302632 17.008132 1.018380 3.556345 0.000000 0.000000 0.000000 1.000000 0.000000 0.000000
30.000000 289.302872 17.716617 0.713315 3.584047 0.000000 0.000000 0.000000 1.000000 0.000000 0.000000
30.000000 289.309107 16.536275 0.854632 3.584640 0.000000 0.000000 0.000000 1.000000 0.000000 0.000000
30.000000 289.312762 17.515180 0.861742 3.610225 0.000000 0.000000 0.000000 1.000000 0.000000 0.000000
30.000000 289.312982 17.516278 0.753396 3.595197 0.000000 0.000000 0.000000 1.000000 0.000000 0.000000
30.000000 289.318028 16.457911 0.916711 3.514657 0.000000 0.000000 0.000000 1.000000 0.000000 0.000000
30.000000 289.319125 16.405309 0.862046 3.585537 0.000000 0.000000 0.000000 1.000000 0.000000 0.000000
30.000000 289.322821 16.786654 0.832101 3.618915 0.000000 0.000000 0.000000 1.000000 0.000000 0.000000
30.000000 289.327983 16.313024 0.940551 3.536709 0.000000 0.000000 0.000000 1.000000 0.000000 0.000000
30.000000 289.329089 16.256762 0.887796 3.603906 0.000000 0.000000 0.000000 1.000000 0.000000 0.000000
30.000000 289.332990 16.678897 0.861564 3.624894 0.000000 0.000000 0.000000 1.000000 0.000000 0.000000
30.000000 289.339108 16.177596 0.895328 3.620162 0.000000 0.000000 0.000000 1.000000 0.000000 0.000000
30.000000 289.343028 16.509037 0.870787 3.646764 0.000000 0.000000 0.000000 1.000000 0.000000 0.000000
30.000000 289.348075 16.113176 0.960035 3.573750 0.000000 0.000000 0.000000 1.000000 0.000000 0.000000
30.000000 289.349122 16.024113 0.892773 3.640392 0.000000 0.000000 0.000000 1.000000 0.000000 0.000000
30.000000 289.353133 16.477250 0.870530 3.670604 0.000000 0.000000 0.000000 1.000000 0.000000 0.000000
30.000000 289.357913 16.009419 0.978217 3.592035 0.000000 0.000000 0.000000 1.000000 0.000000 0.000000
30.000000 289.359074 15.899190 0.901538 3.659599 0.000000 0.000000 0.000000 1.000000 0.000000 0.000000
30.000000 289.362680 17.086044 0.924046 3.669136 0.000000 0.000000 0.000000 1.000000 0.000000 0.000000
30.000000 289.362883 16.976792 0.846569 3.662064 0.000000 0.000000 0.000000 1.000000 0.000000 0.000000
30.000000 289.369149 15.753329 0.911924 3.668198 0.000000 0.000000 0.000000 1.000000 0.000000 0.000000
30.000000 289.372797 16.948699 0.934314 3.686932 0.000000 0.000000 0.000000 1.000000 0.000000 0.000000
30.000000 289.373234 16.980431 0.824267 3.680354 0.000000 0.000000 0.000000 1.000000 0.000000 0.000000
30.000000 289.379112 15.651191 0.921708 3.674867 0.000000 0.000000 0.000000 1.000000 0.000000 0.000000
30.000000 289.382666 16.869511 0.947009 3.692599 0.000000 0.000000 0.000000 1.000000 0.000000 0.000000
30.000000 289.382866 16.906649 0.831715 3.691749 0.000000 0.000000 0.000000 1.000000 0.000000 0.000000
30.000000 289.392768 16.043880 1.163057 3.690951 0.000000 0.000000 0.000000 1.000000 0.000000 0.000000
30.000000 289.393020 16.930491 0.811935 3.706773 0.000000 0.000000 0.000000 1.000000 0.000000 0.000000
30.000000 289.398073 15.587317 1.046869 3.638663 0.000000 0.000000 0.000000 1.000000 0.000000 0.000000
30.000000 289.402728 15.927842 1.177907 3.697111 0.000000 0.000000 0.000000 1.000000 0.000000 0.000000
30.000000 289.402897 16.710361 0.850677 3.718929 0.000000 0.000000 0.000000 1.000000 0.000000 0.000000
30.000000 289.412739 15.819960 1.194909 3.701850 0.000000 0.000000 0.000000 1.000000 0.000000 0.000000
30.000000 289.413152 16.522590 0.897956 3.724041 0.000000 0.000000 0.000000 1.000000 0.000000 0.000000
30.000000 289.419137 15.212878 0.990805 3.706584 0.000000 0.000000 0.000000 1.000000 0.000000 0.000000
30.000000 289.422695 16.351265 1.021897 3.721846 0.000000 0.000000 0.000000 1.000000 0.000000 0.000000
30.000000 289.423047 16.486174 0.889722 3.726956 0.000000 0.000000 0.000000 1.000000 0.000000 0.000000
30.000000 289.429140 15.053928 0.987705 3.711760 0.000000 0.000000 0.000000 1.000000 0.000000 0.000000
30.000000 289.432813 16.268906 1.023519 3.725160 0.000000 0.000000 0.000000 1.000000 0.000000 0.000000
30.000000 289.433208 16.362493 0.899053 3.740270 0.000000 0.000000 0.000000 1.000000 0.000000 0.000000
30.000000 289.439186 14.928515 1.000608 3.721771 0.000000 0.000000 0.000000 1.000000 0.000000 0.000000
30.000000 289.442849 16.050579 1.033478 3.739437 0.000000 0.000000 0.000000 1.000000 0.000000 0.000000
30.000000 289.443121 16.280042 0.891899 3.744396 0.000000 0.000000 0.000000 1.000000 0.000000 0.000000
30.000000 289.449152 14.863144 1.022772 3.728133 0.000000 0.000000 0.000000 1.000000 0.000000 0.000000
30.000000 289.452818 16.020680 1.058767 3.738806 0.000000 0.000000 0.000000 1.000000 0.000000 0.000000
30.000000 289.453161 16.268514 0.895723 3.743120 0.000000 0.000000 0.000000 1.000000 0.000000 0.000000
30.000000 289.459148 14.710084 1.031490 3.723177 0.000000 0.000000 0.000000 1.000000 0.000000 0.000000
30.000000 289.462879 15.928741 1.073743 3.731390 0.000000 0.000000 0.000000 1.000000 0.000000 0.000000
30.000000 289.463177 16.074539 0.934883 3.752684 0.000000 0.000000 0.000000 1.000000 0.000000 0.000000
30.000000 289.472875 15.145726 1.273125 3.734040 0.000000 0.000000 0.000000 1.000000 0.000000 0.000000
30.000000 289.473105 15.941903 0.952173 3.755297 0.000000 0.000000 0.000000 1.000000 0.000000 0.000000
30.000000 289.482713 15.044920 1.287103 3.732629 0.000000 0.000000 0.000000 1.000000 0.000000 0.000000
30.000000 289.483032 15.845092 0.964608 3.753733 0.000000 0.000000 0.000000 1.000000 0.000000 0.000000
30.000000 289.489144 14.412605 1.078136 3.738967 0.000000 0.000000 0.000000 1.000000 0.000000 0.000000
30.000000 289.492927 15.567072 1.118875 3.745705 0.000000 0.000000 0.000000 1.000000 0.000000 0.000000
30.000000 289.493170 15.789191 0.968915 3.753429 0.000000 0.000000 0.000000 1.000000 0.000000 0.000000
30.000000 289.499202 14.252676 1.082966 3.743056 0.000000 0.000000 0.000000 1.000000 0.000000 0.000000
30.000000 289.502983 15.460785 1.126842 3.751516 0.000000 0.000000 0.000000 1.000000 0.000000 0.000000
30.000000 289.503142 15.694880 0.973101 3.764415 0.000000 0.000000 0.000000 1.000000 0.000000 0.000000
30.000000 289.509201 14.165491 1.105503 3.737526 0.000000 0.000000 0.000000 1.000000 0.000000 0.000000
30.000000 289.512885 15.296846 1.149128 3.744357 0.000000 0.000000 0.000000 1.000000 0.000000 0.000000
30.000000 289.513046 15.477892 1.018874 3.759983 0.000000 0.000000 0.000000 1.000000 0.000000 0.000000
30.000000 289.519304 14.006451 1.116078 3.731598 0.000000 0.000000 0.000000 1.000000 0.000000 0.000000
30.000000 289.522943 15.181846 1.162673 3.734144 0.000000 0.000000 0.000000 1.000000 0.000000 0.000000
30.000000 289.523088 15.354375 1.027632 3.752719 0.000000 0.000000 0.000000 1.000000 0.000000 0.000000
30.000000 289.529368 13.925115 1.151253 3.725659 0.000000 0.000000 0.000000 1.000000 0.000000 0.000000
30.000000 289.533059 14.426370 1.153998 3.749870 0.000000 0.000000 0.000000 1.000000 0.000000 0.000000
30.000000 289.533065 15.340946 1.010934 3.751322 0.000000 0.000000 0.000000 1.000000 0.000000 0.000000
30.000000 289.539244 13.846864 1.157445 3.730853 0.000000 0.000000 0.000000 1.000000 0.000000 0.000000
30.000000 289.542914 14.414121 1.166340 3.748250 0.000000 0.000000 0.000000 1.000000 0.000000 0.000000
30.000000 289.542965 15.174542 1.057903 3.742742 0.000000 0.000000 0.000000 1.000000 0.000000 0.000000
30.000000 289.549197 13.748965 1.168707 3.723363 0.000000 0.000000 0.000000 1.000000 0.000000 0.000000
30.000000 289.552912 14.803871 1.211487 3.730195 0.000000 0.000000 0.000000 1.000000 0.000000 0.000000
30.000000 289.553196 15.034790 1.070732 3.744503 0.000000 0.000000 0.000000 1.000000 0.000000 0.000000
30.000000 289.559260 13.615068 1.178333 3.717640 0.000000 0.000000 0.000000 1.000000 0.000000 0.000000
30.000000 289.562696 14.736636 1.227467 3.714145 0.000000 0.000000 0.000000 1.000000 0.000000 0.000000
30.000000 289.563438 14.903226 1.096863 3.733121 0.000000 0.000000 0.000000 1.000000 0.000000 0.000000
30.000000 289.569255 13.487679 1.190729 3.701527 0.000000 0.000000 0.000000 1.000000 0.000000 0.000000
30.000000 289.573069 14.632034 1.240950 3.700494 0.000000 0.000000 0.000000 1.000000 0.000000 0.000000
30.000000 289.573123 14.815092 1.103165 3.723936 0.000000 0.000000 0.000000 1.000000 0.000000 0.000000
30.000000 289.579207 13.345763 1.200859 3.693922 0.000000 0.000000 0.000000 1.000000 0.000000 0.000000
30.000000 289.582901 14.538414 1.252747 3.696560 0.000000 0.000000 0.000000 1.000000 0.000000 0.000000
30.000000 289.583025 14.731700 1.116031 3.719825 0.000000 0.000000 0.000000 1.000000 0.000000 0.000000
30.000000 289.589348 13.282656 1.217824 3.693249 0.000000 0.000000 0.000000 1.000000 0.000000 0.000000
30.000000 289.593165 14.410284 1.268349 3.693520 0.000000 0.000000 0.000000 1.000000 0.000000 0.000000
30.000000 289.593197 14.615983 1.135102 3.711278 0.000000 0.000000 0.000000 1.000000 0.000000 0.000000
30.000000 289.599326 13.160936 1.228656 3.680217 0.000000 0.000000 0.000000 1.000000 0.000000 0.000000
30.000000 289.602940 14.323630 1.281358 3.685660 0.000000 0.000000 0.000000 1.000000 0.000000 0.000000
30.000000 289.603082 14.501647 1.159358 3.710724 0.000000 0.000000 0.000000 1.000000 0.000000 0.000000
30.000000 289.609270 13.048248 1.250795 3.676661 0.000000 0.000000 0.000000 1.000000 0.000000 0.000000
30.000000 289.613059 13.624364 1.262490 3.696559 0.000000 0.000000 0.000000 1.000000 0.000000 0.000000
30.000000 289.613066 14.545098 1.122681 3.698832 0.000000 0.000000 0.000000 1.000000 0.000000 0.000000
30.000000 289.619276 12.945357 1.269450 3.665299 0.000000 0.000000 0.000000 1.000000 0.000000 0.000000
30.000000 289.622900 14.068887 1.320421 3.667187 0.000000 0.000000 0.000000 1.000000 0.000000 0.000000
30.000000 289.623133 14.317826 1.172820 3.685095 0.000000 0.000000 0.000000 1.000000 0.000000 0.000000
30.000000 289.629395 12.780345 1.275413 3.650697 0.000000 0.000000 0.000000 1.000000 0.000000 0.000000
30.000000 289.632998 14.008198 1.328670 3.655727 0.000000 0.000000 0.000000 1.000000 0.000000 0.000000
30.000000 289.633273 14.293528 1.164778 3.674690 0.000000 0.000000 0.000000 1.000000 0.000000 0.000000
30.000000 289.639338 12.754454 1.292871 3.642262 0.000000 0.000000 0.000000 1.000000 0.000000 0.000000
30.000000 289.642901 13.834581 1.340431 3.641874 0.000000 0.000000 0.000000 1.000000 0.000000 0.000000
30.000000 289.643091 14.056886 1.204043 3.654465 0.000000 0.000000 0.000000 1.000000 0.000000 0.000000
30.000000 289.649367 12.660097 1.307579 3.624032 0.000000 0.000000 0.000000 1.000000 0.000000 0.000000
30.000000 289.652946 13.802605 1.359928 3.619956 0.000000 0.000000 0.000000 1.000000 0.000000 0.000000
30.000000 289.653193 14.017685 1.215070 3.639550 0.000000 0.000000 0.000000 1.000000 0.000000 0.000000
30.000000 289.659288 12.536434 1.318550 3.607884 0.000000 0.000000 0.000000 1.000000 0.000000 0.000000
30.000000 289.663043 13.680305 1.372666 3.601507 0.000000 0.000000 0.000000 1.000000 0.000000 0.000000
30.000000 289.663337 13.823703 1.252042 3.625272 0.000000 0.000000 0.000000 1.000000 0.000000 0.000000
30.000000 289.669361 12.424887 1.350269 3.581945 0.000000 0.000000 0.000000 1.000000 0.000000 0.000000
30.000000 289.672880 13.552685 1.397295 3.586302 0.000000 0.000000 0.000000 1.000000 0.000000 0.000000
30.000000 289.672990 13.764327 1.253191 3.608389 0.000000 0.000000 0.000000 1.000000 0.000000 0.000000
30.000000 289.679366 12.341052 1.360138 3.573314 0.000000 0.000000 0.000000 1.000000 0.000000 0.000000
30.000000 289.683007 13.459162 1.411665 3.565537 0.000000 0.000000 0.000000 1.000000 0.000000 0.000000
30.000000 289.683231 13.632429 1.274400 3.588779 0.000000 0.000000 0.000000 1.000000 0.000000 0.000000
30.000000 289.689357 12.214021 1.366036 3.557922 0.000000 0.000000 0.000000 1.000000 0.000000 0.000000
30.000000 289.692922 13.320309 1.419956 3.540589 0.000000 0.000000 0.000000 1.000000 0.000000 0.000000
30.000000 289.693135 13.420066 1.309105 3.561677 0.000000 0.000000 0.000000 1.000000 0.000000 0.000000
30.000000 289.699294 12.101903 1.381677 3.535078 0.000000 0.000000 0.000000 1.000000 0.000000 0.000000
30.000000 289.703044 12.665822 1.393801 3.556703 0.000000 0.000000 0.000000 1.000000 0.000000 0.000000
30.000000 289.703081 13.238916 1.345350 3.543094 0.000000 0.000000 0.000000 1.000000 0.000000 0.000000
30.000000 289.709317 12.041164 1.403040 3.511427 0.000000 0.000000 0.000000 1.000000 0.000000 0.000000
30.000000 289.712927 13.103411 1.456224 3.500439 0.000000 0.000000 0.000000 1.000000 0.000000 0.000000
30.000000 289.713221 13.273244 1.323125 3.529071 0.000000 0.000000 0.000000 1.000000 0.000000 0.000000
30.000000 289.719347 11.877800 1.407583 3.489296 0.000000 0.000000 0.000000 1.000000 0.000000 0.000000
30.000000 289.723011 13.052459 1.462467 3.477044 0.000000 0.000000 0.000000 1.000000 0.000000 0.000000
30.000000 289.723089 13.172635 1.340144 3.507474 0.000000 0.000000 0.000000 1.000000 0.000000 0.000000
30.000000 289.729305 11.772352 1.427829 3.466095 0.000000 0.000000 0.000000 1.000000 0.000000 0.000000
30.000000 289.733103 12.914683 1.485719 3.447717 0.000000 0.000000 0.000000 1.000000 0.000000 0.000000
30.000000 289.733125 13.002451 1.381602 3.475146 0.000000 0.000000 0.000000 1.000000 0.000000 0.000000
30.000000 289.739362 11.682288 1.437685 3.443066 0.000000 0.000000 0.000000 1.000000 0.000000 0.000000
30.000000 289.742943 12.803593 1.496547 3.419306 0.000000 0.000000 0.000000 1.000000 0.000000 0.000000
30.000000 289.743149 12.754017 1.430619 3.458022 0.000000 0.000000 0.000000 1.000000 0.000000 0.000000
30.000000 289.749390 11.572084 1.452182 3.419839 0.000000 0.000000 0.000000 1.000000 0.000000 0.000000
30.000000 289.753115 12.128662 1.464926 3.439115 0.000000 0.000000 0.000000 1.000000 0.000000 0.000000
30.000000 289.753163 12.734175 1.418051 3.431046 0.000000 0.000000 0.000000 1.000000 0.000000 0.000000
30.000000 289.759364 11.429104 1.458559 3.393285 0.000000 0.000000 0.000000 1.000000 0.000000 0.000000
30.000000 289.763039 12.611803 1.522624 3.362965 0.000000 0.000000 0.000000 1.000000 0.000000 0.000000
30.000000 289.763101 12.612195 1.435274 3.403644 0.000000 0.000000 0.000000 1.000000 0.000000 0.000000
30.000000 289.769372 11.360917 1.488612 3.359449 0.000000 0.000000 0.000000 1.000000 0.000000 0.000000
30.000000 289.772972 12.479931 1.540452 3.337501 0.000000 0.000000 0.000000 1.000000 0.000000 0.000000
30.000000 289.773101 12.472228 1.455408 3.376906 0.000000 0.000000 0.000000 1.000000 0.000000 0.000000
30.000000 289.779439 11.197244 1.494101 3.333209 0.000000 0.000000 0.000000 1.000000 0.000000 0.000000
30.000000 289.783097 12.397288 1.552987 3.305317 0.000000 0.000000 0.000000 1.000000 0.000000 0.000000
30.000000 289.783101 12.351347 1.476940 3.351973 0.000000 0.000000 0.000000 1.000000 0.000000 0.000000
30.000000 289.789559 11.200689 1.519004 3.305781 0.000000 0.000000 0.000000 1.000000 0.000000 0.000000
30.000000 289.793027 12.239902 1.572832 3.273021 0.000000 0.000000 0.000000 1.000000 0.000000 0.000000
30.000000 289.793257 12.147951 1.513789 3.317544 0.000000 0.000000 0.000000 1.000000 0.000000 0.000000
30.000000 289.799293 11.037971 1.521361 3.277558 0.000000 0.000000 0.000000 1.000000 0.000000 0.000000
30.000000 289.803087 11.584087 1.534581 3.294930 0.000000 0.000000 0.000000 1.000000 0.000000 0.000000
30.000000 289.803103 12.109149 1.513655 3.288780 0.000000 0.000000 0.000000 1.000000 0.000000 0.000000
30.000000 289.809319 10.921223 1.533465 3.247644 0.000000 0.000000 0.000000 1.000000 0.000000 0.000000
30.000000 289.812969 12.075808 1.595607 3.207324 0.000000 0.000000 0.000000 1.000000 0.000000 0.000000
30.000000 289.813120 11.947333 1.548978 3.258261 0.000000 0.000000 0.000000 1.000000 0.000000 0.000000
30.000000 289.822891 12.002341 1.607717 3.172683 0.000000 0.000000 0.000000 1.000000 0.000000 0.000000
30.000000 289.823083 11.860001 1.562320 3.224997 0.000000 0.000000 0.000000 1.000000 0.000000 0.000000
30.000000 289.829296 10.672799 1.566572 3.181738 0.000000 0.000000 0.000000 1.000000 0.000000 0.000000
30.000000 289.832967 11.870260 1.625777 3.138404 0.000000 0.000000 0.000000 1.000000 0.000000 0.000000
30.000000 289.833174 11.755979 1.568385 3.192352 0.000000 0.000000 0.000000 1.000000 0.000000 0.000000
30.000000 289.839331 10.626508 1.582867 3.150668 0.000000 0.000000 0.000000 1.000000 0.000000 0.000000
30.000000 289.842871 11.710592 1.639204 3.104375 0.000000 0.000000 0.000000 1.000000 0.000000 0.000000
30.000000 289.843105 11.595599 1.594270 3.148843 0.000000 0.000000 0.000000 1.000000 0.000000 0.000000
30.000000 289.849499 10.561737 1.598106 3.115562 0.000000 0.000000 0.000000 1.000000 0.000000 0.000000
30.000000 289.852975 11.642712 1.650133 3.067987 0.000000 0.000000 0.000000 1.000000 0.000000 0.000000
30.000000 289.853157 11.427262 1.630574 3.124019 0.000000 0.000000 0.000000 1.000000 0.000000 0.000000
30.000000 289.859395 10.419543 1.607168 3.082281 0.000000 0.000000 0.000000 1.000000 0.000000 0.000000
30.000000 289.862908 11.573296 1.665845 3.027884 0.000000 0.000000 0.000000 1.000000 0.000000 0.000000
30.000000 289.863181 11.320549 1.654845 3.092235 0.000000 0.000000 0.000000 1.000000 0.000000 0.000000
30.000000 289.869642 10.243868 1.613976 3.041856 0.000000 0.000000 0.000000 1.000000 0.000000 0.000000
30.000000 289.873015 11.491634 1.671034 2.986548 0.000000 0.000000 0.000000 1.000000 0.000000 0.000000
30.000000 289.873115 11.293816 1.635702 3.054600 0.000000 0.000000 0.000000 1.000000 0.000000 0.000000
30.000000 289.879404 10.253123 1.648069 3.001517 0.000000 0.000000 0.000000 1.000000 0.000000 0.000000
30.000000 289.882932 11.351186 1.694989 2.950013 0.000000 0.000000 0.000000 1.000000 0.000000 0.000000
30.000000 289.883175 11.097965 1.684790 3.016459 0.000000 0.000000 0.000000 1.000000 0.000000 0.000000
30.000000 289.889361 10.195448 1.661296 2.966526 0.000000 0.000000 0.000000 1.000000 0.000000 0.000000
30.000000 289.893021 11.237710 1.711228 2.905823 0.000000 0.000000 0.000000 1.000000 0.000000 0.000000
30.000000 289.893154 10.999077 1.690320 2.970191 0.000000 0.000000 0.000000 1.000000 0.000000 0.000000
30.000000 289.899319 10.084362 1.673743 2.927446 0.000000 0.000000 0.000000 1.000000 0.000000 0.000000
30.000000 289.902933 11.143585 1.719097 2.869019 0.000000 0.000000 0.000000 1.000000 0.000000 0.000000
30.000000 289.903118 10.853012 1.720074 2.940263 0.000000 0.000000 0.000000 1.000000 0.000000 0.000000
30.000000 289.909392 9.998530 1.693966 2.884965 0.000000 0.000000 0.000000 1.000000 0.000000 0.000000
30.000000 289.912993 11.070694 1.737407 2.819947 0.000000 0.000000 0.000000 1.000000 0.000000 0.000000
30.000000 289.913239 10.760432 1.740020 2.892967 0.000000 0.000000 0.000000 1.000000 0.000000 0.000000
30.000000 289.919452 9.937809 1.719503 2.841518 0.000000 0.000000 0.000000 1.000000 0.000000 0.000000
30.000000 289.922999 10.969289 1.746990 2.780013 0.000000 0.000000 0.000000 1.000000 0.000000 0.000000
30.000000 289.923265 10.691496 1.733098 2.850897 0.000000 0.000000 0.000000 1.000000 0.000000 0.000000
30.000000 289.929368 9.827227 1.734242 2.799244 0.000000 0.000000 0.000000 1.000000 0.000000 0.000000
30.000000 289.933056 10.828955 1.765788 2.734469 0.000000 0.000000 0.000000 1.000000 0.000000 0.000000
30.000000 289.933302 10.468420 1.792107 2.810723 0.000000 0.000000 0.000000 1.000000 0.000000 0.000000
30.000000 289.939356 9.729228 1.734828 2.760092 0.000000 0.000000 0.000000 1.000000 0.000000 0.000000
30.000000 289.942940 10.735539 1.770197 2.682490 0.000000 0.000000 0.000000 1.000000 0.000000 0.000000
30.000000 289.943148 10.276427 1.828505 2.766078 0.000000 0.000000 0.000000 1.000000 0.000000 0.000000
30.000000 289.949366 9.600405 1.743758 2.722331 0.000000 0.000000 0.000000 1.000000 0.000000 0.000000
30.000000 289.953027 10.652316 1.781817 2.639872 0.000000 0.000000 0.000000 1.000000 0.000000 0.000000
30.000000 289.953272 10.291636 1.801090 2.719731 0.000000 0.000000 0.000000 1.000000 0.000000 0.000000
30.000000 289.959597 9.526830 1.764032 2.671315 0.000000 0.000000 0.000000 1.000000 0.000000 0.000000
30.000000 289.962931 10.557726 1.797446 2.591466 0.000000 0.000000 0.000000 1.000000 0.000000 0.000000
30.000000 289.963186 10.206755 1.810301 2.677401 0.000000 0.000000 0.000000 1.000000 0.000000 0.000000
30.000000 289.969412 9.473008 1.786719 2.619033 0.000000 0.000000 0.000000 1.000000 0.000000 0.000000
30.000000 289.973074 10.453480 1.807245 2.541261 0.000000 0.000000 0.000000 1.000000 0.000000 0.000000
30.000000 289.973294 10.086665 1.826401 2.628049 0.000000 0.000000 0.000000 1.000000 0.000000 0.000000
30.000000 289.979374 9.348212 1.797930 2.580154 0.000000 0.000000 0.000000 1.000000 0.000000 0.000000
30.000000 289.982944 10.360689 1.820623 2.493215 0.000000 0.000000 0.000000 1.000000 0.000000 0.000000
30.000000 289.983187 9.991481 1.836359 2.582783 0.000000 0.000000 0.000000 1.000000 0.000000 0.000000
30.000000 289.989489 9.276002 1.811606 2.531632 0.000000 0.000000 0.000000 1.000000 0.000000 0.000000
30.000000 289.993171 10.258683 1.835258 2.445076 0.000000 0.000000 0.000000 1.000000 0.000000 0.000000
30.000000 289.993230 9.908674 1.845049 2.536415 0.000000 0.000000 0.000000 1.000000 0.000000 0.000000
30.000000 289.999386 9.174045 1.826068 2.483312 0.000000 0.000000 0.000000 1.000000 0.000000 0.000000
30.000000 290.002953 10.164967 1.849596 2.388031 0.000000 0.000000 0.000000 1.000000 0.000000 0.000000
30.000000 290.003244 9.789891 1.864583 2.483046 0.000000 0.000000 0.000000 1.000000 0.000000 0.000000
30.000000 290.009477 9.083074 1.840490 2.434896 0.000000 0.000000 0.000000 1.000000 0.000000 0.000000
30.000000 290.013103 10.088721 1.863203 2.336353 0.000000 0.000000 0.000000 1.000000 0.000000 0.000000
30.000000 290.013219 9.666004 1.903193 2.437350 0.000000 0.000000 0.000000 1.000000 0.000000 0.000000
30.000000 290.019441 9.051246 1.874788 2.372298 0.000000 0.000000 0.000000 1.000000 0.000000 0.000000
30.000000 290.022973 9.984523 1.878135 2.282930 0.000000 0.000000 0.000000 1.000000 0.000000 0.000000
30.000000 290.023206 9.610966 1.891860 2.385609 0.000000 0.000000 0.000000 1.000000 0.000000 0.000000
30.000000 290.029524 9.013661 1.900868 2.327752 0.000000 0.000000 0.000000 1.000000 0.000000 0.000000
30.000000 290.033047 9.872909 1.891494 2.237204 0.000000 0.000000 0.000000 1.000000 0.000000 0.000000
30.000000 290.033152 9.484979 1.920127 2.329878 0.000000 0.000000 0.000000 1.000000 0.000000 0.000000
30.000000 290.039470 8.888013 1.901322 2.283958 0.000000 0.000000 0.000000 1.000000 0.000000 0.000000
30.000000 290.042972 9.772492 1.907931 2.174359 0.000000 0.000000 0.000000 1.000000 0.000000 0.000000
30.000000 290.043176 9.386240 1.928959 2.264689 0.000000 0.000000 0.000000 1.000000 0.000000 0.000000
30.000000 290.049531 8.813515 1.921524 2.231650 0.000000 0.000000 0.000000 1.000000 0.000000 0.000000
30.000000 290.053110 9.675929 1.920732 2.128291 0.000000 0.000000 0.000000 1.000000 0.000000 0.000000
30.000000 290.053562 9.289581 1.947464 2.224296 0.000000 0.000000 0.000000 1.000000 0.000000 0.000000
30.000000 290.059439 8.739518 1.941477 2.177357 0.000000 0.000000 0.000000 1.000000 0.000000 0.000000
30.000000 290.062978 9.580643 1.934694 2.070552 0.000000 0.000000 0.000000 1.000000 0.000000 0.000000
30.000000 290.063298 9.170803 1.971043 2.169186 0.000000 0.000000 0.000000 1.000000 0.000000 0.000000
30.000000 290.069665 8.706230 1.974415 2.113787 0.000000 0.000000 0.000000 1.000000 0.000000 0.000000
30.000000 290.073063 9.476390 1.943741 2.016282 0.000000 0.000000 0.000000 1.000000 0.000000 0.000000
30.000000 290.073258 9.100746 1.971680 2.110332 0.000000 0.000000 0.000000 1.000000 0.000000 0.000000
30.000000 290.079613 8.612524 1.986712 2.061360 0.000000 0.000000 0.000000 1.000000 0.000000 0.000000
30.000000 290.082965 9.398365 1.957507 1.952747 0.000000 0.000000 0.000000 1.000000 0.000000 0.000000
30.000000 290.083216 8.980435 1.994606 2.055061 0.000000 0.000000 0.000000 1.000000 0.000000 0.000000
30.000000 290.089727 8.520532 1.991055 2.006340 0.000000 0.000000 0.000000 1.000000 0.000000 0.000000
30.000000 290.093077 9.288184 1.973431 1.891540 0.000000 0.000000 0.000000 1.000000 0.000000 0.000000
30.000000 290.093224 8.874155 2.008096 1.993740 0.000000 0.000000 0.000000 1.000000 0.000000 0.000000
30.000000 290.099574 8.424940 2.004467 1.946585 0.000000 0.000000 0.000000 1.000000 0.000000 0.000000
30.000000 290.103015 9.227497 1.986047 1.829261 0.000000 0.000000 0.000000 1.000000 0.000000 0.000000
30.000000 290.103185 8.894795 1.985857 1.928750 0.000000 0.000000 0.000000 1.000000 0.000000 0.000000
30.000000 290.109530 8.407651 2.033873 1.889206 0.000000 0.000000 0.000000 1.000000 0.000000 0.000000
30.000000 290.113116 9.098352 2.000894 1.777086 0.000000 0.000000 0.000000 1.000000 0.000000 0.000000
30.000000 290.113270 8.691763 2.033791 1.879751 0.000000 0.000000 0.000000 1.000000 0.000000 0.000000
30.000000 290.119447 8.315473 2.048001 1.829479 0.000000 0.000000 0.000000 1.000000 0.000000 0.000000
30.000000 290.123152 8.999301 2.011153 1.709877 0.000000 0.000000 0.000000 1.000000 0.000000 0.000000
30.000000 290.123222 8.573097 2.048498 1.815989 0.000000 0.000000 0.000000 1.000000 0.000000 0.000000
30.000000 290.129547 8.241586 2.067172 1.760344 0.000000 0.000000 0.000000 1.000000 0.000000 0.000000
30.000000 290.133144 8.944230 2.019867 1.630569 0.000000 0.000000 0.000000 1.000000 0.000000 0.000000
30.000000 290.133283 8.466356 2.070134 1.749593 0.000000 0.000000 0.000000 1.000000 0.000000 0.000000
30.000000 290.139467 8.188900 2.087573 1.705163 0.000000 0.000000 0.000000 1.000000 0.000000 0.000000
30.000000 290.143031 8.810712 2.039177 1.587441 0.000000 0.000000 0.000000 1.000000 0.000000 0.000000
30.000000 290.143240 8.409020 2.069851 1.691366 0.000000 0.000000 0.000000 1.000000 0.000000 0.000000
30.000000 290.149495 8.118878 2.105670 1.641895 0.000000 0.000000 0.000000 1.000000 0.000000 0.000000
30.000000 290.153238 8.736709 2.055604 1.523582 0.000000 0.000000 0.000000 1.000000 0.000000 0.000000
30.000000 290.153321 8.336592 2.080077 1.634797 0.000000 0.000000 0.000000 1.000000 0.000000 0.000000
30.000000 290.159457 8.025518 2.119363 1.583398 0.000000 0.000000 0.000000 1.000000 0.000000 0.000000
30.000000 290.163072 8.623084 2.067301 1.456238 0.000000 0.000000 0.000000 1.000000 0.000000 0.000000
30.000000 290.163327 8.215615 2.095000 1.563137 0.000000 0.000000 0.000000 1.000000 0.000000 0.000000
30.000000 290.169579 7.965576 2.143016 1.514850 0.000000 0.000000 0.000000 1.000000 0.000000 0.000000
30.000000 290.173195 8.538929 2.083220 1.391669 0.000000 0.000000 0.000000 1.000000 0.000000 0.000000
30.000000 290.173259 8.141564 2.106471 1.502367 0.000000 0.000000 0.000000 1.000000 0.000000 0.000000
30.000000 290.179499 7.921226 2.165670 1.445756 0.000000 0.000000 0.000000 1.000000 0.000000 0.000000
30.000000 290.183101 8.456782 2.091131 1.327296 0.000000 0.000000 0.000000 1.000000 0.000000 0.000000
30.000000 290.183231 8.097193 2.098797 1.433245 0.000000 0.000000 0.000000 1.000000 0.000000 0.000000
30.000000 290.189504 7.811431 2.176432 1.388418 0.000000 0.000000 0.000000 1.000000 0.000000 0.000000
30.000000 290.193174 8.340186 2.103376 1.257307 0.000000 0.000000 0.000000 1.000000 0.000000 0.000000
30.000000 290.193404 7.943493 2.127291 1.363785 0.000000 0.000000 0.000000 1.000000 0.000000 0.000000
30.000000 290.199446 7.703684 2.185194 1.327977 0.000000 0.000000 0.000000 1.000000 0.000000 0.000000
30.000000 290.203140 8.266418 2.117455 1.194110 0.000000 0.000000 0.000000 1.000000 0.000000 0.000000
30.000000 290.203200 7.882334 2.130270 1.311712 0.000000 0.000000 0.000000 1.000000 0.000000 0.000000
30.000000 290.209554 7.647500 2.203777 1.256132 0.000000 0.000000 0.000000 1.000000 0.000000 0.000000
30.000000 290.213236 8.194210 2.129030 1.121203 0.000000 0.000000 0.000000 1.000000 0.000000 0.000000
30.000000 290.213361 7.751127 2.166847 1.254413 0.000000 0.000000 0.000000 1.000000 0.000000 0.000000
30.000000 290.219485 7.552223 2.227018 1.192223 0.000000 0.000000 0.000000 1.000000 0.000000 0.000000
30.000000 290.223095 8.075972 2.144762 1.056038 0.000000 0.000000 0.000000 1.000000 0.000000 0.000000
30.000000 290.223213 7.646412 2.184204 1.184740 0.000000 0.000000 0.000000 1.000000 0.000000 0.000000
30.000000 290.229535 7.451643 2.232144 1.122713 0.000000 0.000000 0.000000 1.000000 0.000000 0.000000
30.000000 290.233222 7.982127 2.162087 0.979867 0.000000 0.000000 0.000000 1.000000 0.000000 0.000000
30.000000 290.233415 7.580371 2.182023 1.106588 0.000000 0.000000 0.000000 1.000000 0.000000 0.000000
30.000000 290.239480 7.411059 2.251582 1.051679 0.000000 0.000000 0.000000 1.000000 0.000000 0.000000
30.000000 290.243179 7.903083 2.168343 0.907697 0.000000 0.000000 0.000000 1.000000 0.000000 0.000000
30.000000 290.243222 7.493655 2.192649 1.032174 0.000000 0.000000 0.000000 1.000000 0.000000 0.000000
30.000000 290.249547 7.317656 2.265170 0.985436 0.000000 0.000000 0.000000 1.000000 0.000000 0.000000
30.000000 290.253227 7.801903 2.182586 0.840069 0.000000 0.000000 0.000000 1.000000 0.000000 0.000000
30.000000 290.253389 7.383891 2.213876 0.969216 0.000000 0.000000 0.000000 1.000000 0.000000 0.000000
30.000000 290.259496 7.237608 2.280129 0.914124 0.000000 0.000000 0.000000 1.000000 0.000000 0.000000
30.000000 290.263070 7.705838 2.198382 0.769600 0.000000 0.000000 0.000000 1.000000 0.000000 0.000000
30.000000 290.263364 7.290366 2.227092 0.902221 0.000000 0.000000 0.000000 1.000000 0.000000 0.000000
30.000000 290.269547 7.157084 2.298132 0.844639 0.000000 0.000000 0.000000 1.000000 0.000000 0.000000
30.000000 290.273240 7.632751 2.208074 0.692240 0.000000 0.000000 0.000000 1.000000 0.000000 0.000000
30.000000 290.273307 7.210100 2.240237 0.828685 0.000000 0.000000 0.000000 1.000000 0.000000 0.000000
30.000000 290.279513 7.134162 2.326219 0.760015 0.000000 0.000000 0.000000 1.000000 0.000000 0.000000
30.000000 290.283254 7.536532 2.219846 0.619321 0.000000 0.000000 0.000000 1.000000 0.000000 0.000000
30.000000 290.283364 7.138269 2.241341 0.748124 0.000000 0.000000 0.000000 1.000000 0.000000 0.000000
30.000000 290.289593 7.002526 2.327883 0.698835 0.000000 0.000000 0.000000 1.000000 0.000000 0.000000
30.000000 290.293337 6.944494 2.148068 0.713302 0.000000 0.000000 0.000000 1.000000 0.000000 0.000000
30.000000 290.293366 7.019265 2.255606 0.675619 0.000000 0.000000 0.000000 1.000000 0.000000 0.000000
30.000000 290.299524 6.945285 2.347927 0.620697 0.000000 0.000000 0.000000 1.000000 0.000000 0.000000
30.000000 290.303280 7.335817 2.245209 0.472669 0.000000 0.000000 0.000000 1.000000 0.000000 0.000000
30.000000 290.303340 6.957444 2.258022 0.597868 0.000000 0.000000 0.000000 1.000000 0.000000 0.000000
30.000000 290.309584 6.867334 2.359573 0.545462 0.000000 0.000000 0.000000 1.000000 0.000000 0.000000
30.000000 290.313287 7.263773 2.258510 0.392616 0.000000 0.000000 0.000000 1.000000 0.000000 0.000000
30.000000 290.313354 6.885518 2.266736 0.522444 0.000000 0.000000 0.000000 1.000000 0.000000 0.000000
30.000000 290.319545 6.797235 2.391003 0.468462 0.000000 0.000000 0.000000 1.000000 0.000000 0.000000
30.000000 290.323118 7.181619 2.270234 0.309297 0.000000 0.000000 0.000000 1.000000 0.000000 0.000000
30.000000 290.323308 6.768416 2.297233 0.448717 0.000000 0.000000 0.000000 1.000000 0.000000 0.000000
30.000000 290.329567 6.759335 2.405304 0.376197 0.000000 0.000000 0.000000 1.000000 0.000000 0.000000
30.000000 290.333296 6.617767 2.197438 0.410511 0.000000 0.000000 0.000000 1.000000 0.000000 0.000000
30.000000 290.333421 6.685106 2.304552 0.371734 0.000000 0.000000 0.000000 1.000000 0.000000 0.000000
30.000000 290.339542 6.646840 2.411590 0.312455 0.000000 0.000000 0.000000 1.000000 0.000000 0.000000
30.000000 290.343070 7.005263 2.295036 0.151871 0.000000 0.000000 0.000000 1.000000 0.000000 0.000000
30.000000 290.343374 6.599463 2.313898 0.293061 0.000000 0.000000 0.000000 1.000000 0.000000 0.000000
30.000000 290.349601 6.567637 2.426889 0.234490 0.000000 0.000000 0.000000 1.000000 0.000000 0.000000
30.000000 290.353164 6.914850 2.304698 0.073600 0.000000 0.000000 0.000000 1.000000 0.000000 0.000000
30.000000 290.353391 6.521118 2.321182 0.213252 0.000000 0.000000 0.000000 1.000000 0.000000 0.000000
30.000000 290.359714 6.489317 2.442081 0.155108 0.000000 0.000000 0.000000 1.000000 0.000000 0.000000
30.000000 290.363128 6.828878 2.320861 -0.004976 0.000000 0.000000 0.000000 1.000000 0.000000 0.000000
30.000000 290.363387 6.433214 2.339052 0.139575 0.000000 0.000000 0.000000 1.000000 0.000000 0.000000
30.000000 290.369664 6.502566 2.462459 0.138766 0.000000 0.000000 0.000000 1.000000 0.000000 0.000000
30.000000 290.373311 6.774602 2.321847 0.023959 0.000000 0.000000 0.000000 1.000000 0.000000 0.000000
30.000000 290.373360 6.361131 2.348595 0.200188 0.000000 0.000000 0.000000 1.000000 0.000000 0.000000
30.000000 290.379639 6.438966 2.464076 0.202150 0.000000 0.000000 0.000000 1.000000 0.000000 0.000000
30.000000 290.383247 6.725092 2.327352 0.084333 0.000000 0.000000 0.000000 1.000000 0.000000 0.000000
30.000000 290.383389 6.321810 2.354224 0.256824 0.000000 0.000000 0.000000 1.000000 0.000000 0.000000
30.000000 290.389615 6.371595 2.470292 0.265197 0.000000 0.000000 0.000000 1.000000 0.000000 0.000000
30.000000 290.393195 6.681779 2.335569 0.136249 0.000000 0.000000 0.000000 1.000000 0.000000 0.000000
30.000000 290.393312 6.311331 2.347441 0.294957 0.000000 0.000000 0.000000 1.000000 0.000000 0.000000
30.000000 290.399635 6.315085 2.470074 0.318936 0.000000 0.000000 0.000000 1.000000 0.000000 0.000000
30.000000 290.403162 6.620265 2.340002 0.195154 0.000000 0.000000 0.000000 1.000000 0.000000 0.000000
30.000000 290.403330 6.223902 2.368251 0.363760 0.000000 0.000000 0.000000 1.000000 0.000000 0.000000
30.000000 290.409646 6.265049 2.473798 0.375999 0.000000 0.000000 0.000000 1.000000 0.000000 0.000000
30.000000 290.413228 6.570490 2.343237 0.251084 0.000000 0.000000 0.000000 1.000000 0.000000 0.000000
30.000000 290.413353 6.187545 2.364249 0.414683 0.000000 0.000000 0.000000 1.000000 0.000000 0.000000
30.000000 290.423161 6.529632 2.348285 0.300314 0.000000 0.000000 0.000000 1.000000 0.000000 0.000000
30.000000 290.423416 6.138151 2.372406 0.469385 0.000000 0.000000 0.000000 1.000000 0.000000 0.000000
30.000000 290.433327 6.478938 2.353136 0.353278 0.000000 0.000000 0.000000 1.000000 0.000000 0.000000
30.000000 290.433596 6.106534 2.368164 0.516630 0.000000 0.000000 0.000000 1.000000 0.000000 0.000000
30.000000 290.443252 6.411366 2.352676 0.403265 0.000000 0.000000 0.000000 1.000000 0.000000 0.000000
30.000000 290.443439 6.017587 2.380125 0.568260 0.000000 0.000000 0.000000 1.000000 0.000000 0.000000
30.000000 290.453305 6.383695 2.359733 0.447516 0.000000 0.000000 0.000000 1.000000 0.000000 0.000000
30.000000 290.453415 5.991772 2.383822 0.615616 0.000000 0.000000 0.000000 1.000000 0.000000 0.000000
30.000000 290.463221 6.338456 2.367400 0.497372 0.000000 0.000000 0.000000 1.000000 0.000000 0.000000
30.000000 290.463584 5.933859 2.398467 0.672910 0.000000 0.000000 0.000000 1.000000 0.000000 0.000000
30.000000 290.473238 6.283826 2.371980 0.548269 0.000000 0.000000 0.000000 1.000000 0.000000 0.000000
30.000000 290.473314 5.889435 2.401356 0.719827 0.000000 0.000000 0.000000 1.000000 0.000000 0.000000
30.000000 290.483186 6.240245 2.377992 0.591234 0.000000 0.000000 0.000000 1.000000 0.000000 0.000000
30.000000 290.483480 5.839730 2.410054 0.766091 0.000000 0.000000 0.000000 1.000000 0.000000 0.000000
30.000000 290.493551 5.647103 2.287274 0.813254 0.000000 0.000000 0.000000 1.000000 0.000000 0.000000
30.000000 290.503249 6.144925 2.386838 0.677859 0.000000 0.000000 0.000000 1.000000 0.000000 0.000000
30.000000 290.503310 5.744968 2.421862 0.852705 0.000000 0.000000 0.000000 1.000000 0.000000 0.000000
30.000000 290.513235 6.110347 2.391937 0.716121 0.000000 0.000000 0.000000 1.000000 0.000000 0.000000
30.000000 290.513422 5.715884 2.423618 0.889673 0.000000 0.000000 0.000000 1.000000 0.000000 0.000000
30.000000 290.523216 6.054911 2.394724 0.759837 0.000000 0.000000 0.000000 1.000000 0.000000 0.000000
30.000000 290.523331 5.655255 2.431718 0.934577 0.000000 0.000000 0.000000 1.000000 0.000000 0.000000
30.000000 290.533514 5.468817 2.315739 0.983559 0.000000 0.000000 0.000000 1.000000 0.000000 0.000000
30.000000 290.533563 5.621992 2.429775 0.971115 0.000000 0.000000 0.000000 1.000000 0.000000 0.000000
30.000000 290.543195 5.957873 2.404495 0.835537 0.000000 0.000000 0.000000 1.000000 0.000000 0.000000
30.000000 290.543499 5.552472 2.440038 1.015082 0.000000 0.000000 0.000000 1.000000 0.000000 0.000000
30.000000 290.553331 5.338409 2.314709 1.060114 0.000000 0.000000 0.000000 1.000000 0.000000 0.000000
30.000000 290.553355 5.553307 2.419446 1.044717 0.000000 0.000000 0.000000 1.000000 0.000000 0.000000
30.000000 290.563356 5.309002 2.326627 1.096007 0.000000 0.000000 0.000000 1.000000 0.000000 0.000000
30.000000 290.563473 5.481826 2.441018 1.084623 0.000000 0.000000 0.000000 1.000000 0.000000 0.000000
30.000000 290.573357 5.815730 2.416975 0.948162 0.000000 0.000000 0.000000 1.000000 0.000000 0.000000
30.000000 290.573491 5.434342 2.447056 1.121502 0.000000 0.000000 0.000000 1.000000 0.000000 0.000000
30.000000 290.583244 5.776048 2.420837 0.981806 0.000000 0.000000 0.000000 1.000000 0.000000 0.000000
30.000000 290.583545 5.403477 2.450317 1.151170 0.000000 0.000000 0.000000 1.000000 0.000000 0.000000
30.000000 290.593392 5.735095 2.422182 1.011761 0.000000 0.000000 0.000000 1.000000 0.000000 0.000000
30.000000 290.593549 5.350408 2.453704 1.185554 0.000000 0.000000 0.000000 1.000000 0.000000 0.000000
30.000000 290.603233 5.686512 2.429768 1.049224 0.000000 0.000000 0.000000 1.000000 0.000000 0.000000
30.000000 290.603508 5.299424 2.466381 1.222088 0.000000 0.000000 0.000000 1.000000 0.000000 0.000000
30.000000 290.613379 5.648582 2.434192 1.075727 0.000000 0.000000 0.000000 1.000000 0.000000 0.000000
30.000000 290.613473 5.258619 2.467471 1.251112 0.000000 0.000000 0.000000 1.000000 0.000000 0.000000
30.000000 290.623495 5.073588 2.350777 1.276971 0.000000 0.000000 0.000000 1.000000 0.000000 0.000000
30.000000 290.623504 5.239344 2.464467 1.269966 0.000000 0.000000 0.000000 1.000000 0.000000 0.000000
30.000000 290.633437 4.985083 2.355374 1.320681 0.000000 0.000000 0.000000 1.000000 0.000000 0.000000
30.000000 290.633487 5.151888 2.481623 1.316338 0.000000 0.000000 0.000000 1.000000 0.000000 0.000000
30.000000 290.643309 5.523244 2.439295 1.147720 0.000000 0.000000 0.000000 1.000000 0.000000 0.000000
30.000000 290.643500 5.113036 2.475372 1.337639 0.000000 0.000000 0.000000 1.000000 0.000000 0.000000
30.000000 290.653288 5.482526 2.438729 1.178772 0.000000 0.000000 0.000000 1.000000 0.000000 0.000000
30.000000 290.653430 5.071533 2.487015 1.367762 0.000000 0.000000 0.000000 1.000000 0.000000 0.000000
30.000000 290.663241 5.459586 2.436270 1.195275 0.000000 0.000000 0.000000 1.000000 0.000000 0.000000
30.000000 290.663434 5.044618 2.482487 1.389585 0.000000 0.000000 0.000000 1.000000 0.000000 0.000000
30.000000 290.673510 4.928339 2.523864 1.429257 0.000000 0.000000 0.000000 1.000000 0.000000 0.000000
30.000000 290.683527 4.964790 2.485980 1.435770 0.000000 0.000000 0.000000 1.000000 0.000000 0.000000
30.000000 290.693379 4.835949 2.529382 1.475720 0.000000 0.000000 0.000000 1.000000 0.000000 0.000000
30.000000 290.703432 4.808004 2.526788 1.499510 0.000000 0.000000 0.000000 1.000000 0.000000 0.000000
30.000000 290.713415 4.745820 2.536875 1.521625 0.000000 0.000000 0.000000 1.000000 0.000000 0.000000
30.000000 290.723478 4.702630 2.546556 1.540054 0.000000 0.000000 0.000000 1.000000 0.000000 0.000000
30.000000 290.733500 4.678776 2.535221 1.556675 0.000000 0.000000 0.000000 1.000000 0.000000 0.000000
30.000000 290.743470 4.633012 2.535185 1.571917 0.000000 0.000000 0.000000 1.000000 0.000000 0.000000
30.000000 290.753453 4.581114 2.541800 1.589035 0.000000 0.000000 0.000000 1.000000 0.000000 0.000000
30.000000 290.763492 4.556474 2.537875 1.604717 0.000000 0.000000 0.000000 1.000000 0.000000 0.000000
30.000000 290.773552 4.521718 2.535943 1.622916 0.000000 0.000000 0.000000 1.000000 0.000000 0.000000
30.000000 290.783578 4.474495 2.535773 1.636977 0.000000 0.000000 0.000000 1.000000 0.000000 0.000000
30.000000 290.793602 4.353739 2.584916 1.659485 0.000000 0.000000 0.000000 1.000000 0.000000 0.000000
30.000000 290.803509 4.334547 2.585434 1.670307 0.000000 0.000000 0.000000 1.000000 0.000000 0.000000
30.000000 290.813527 4.268267 2.590293 1.685436 0.000000 0.000000 0.000000 1.000000 0.000000 0.000000
30.000000 290.823560 4.223963 2.602815 1.690680 0.000000 0.000000 0.000000 1.000000 0.000000 0.000000
30.000000 290.833545 4.181145 2.609102 1.697563 0.000000 0.000000 0.000000 1.000000 0.000000 0.000000
30.000000 290.843636 4.102678 2.618301 1.707604 0.000000 0.000000 0.000000 1.000000 0.000000 0.000000
30.000000 290.853574 4.081038 2.618232 1.713781 0.000000 0.000000 0.000000 1.000000 0.000000 0.000000
30.000000 290.863504 4.041484 2.629099 1.715984 0.000000 0.000000 0.000000 1.000000 0.000000 0.000000
30.000000 290.873628 3.978216 2.634799 1.721789 0.000000 0.000000 0.000000 1.000000 0.000000 0.000000
30.000000 290.883566 3.923084 2.645719 1.727424 0.000000 0.000000 0.000000 1.000000 0.000000 0.000000
30.000000 290.893573 3.937262 2.611744 1.718261 0.000000 0.000000 0.000000 1.000000 0.000000 0.000000
30.000000 290.903592 3.848188 2.644959 1.728275 0.000000 0.000000 0.000000 1.000000 0.000000 0.000000
30.000000 290.913592 3.820910 2.640413 1.726039 0.000000 0.000000 0.000000 1.000000 0.000000 0.000000
30.000000 290.923563 3.773563 2.648303 1.727406 0.000000 0.000000 0.000000 1.000000 0.000000 0.000000
30.000000 290.933496 3.732148 2.651036 1.723535 0.000000 0.000000 0.000000 1.000000 0.000000 0.000000
30.000000 290.943659 3.674218 2.665590 1.720205 0.000000 0.000000 0.000000 1.000000 0.000000 0.000000
30.000000 290.953564 3.661330 2.653289 1.711259 0.000000 0.000000 0.000000 1.000000 0.000000 0.000000
30.000000 290.963887 3.588873 2.666238 1.715839 0.000000 0.000000 0.000000 1.000000 0.000000 0.000000
30.000000 290.973775 3.572156 2.662585 1.700393 0.000000 0.000000 0.000000 1.000000 0.000000 0.000000
30.000000 290.983622 3.514332 2.678526 1.696358 0.000000 0.000000 0.000000 1.000000 0.000000 0.000000
30.000000 290.993603 3.469431 2.675175 1.689168 0.000000 0.000000 0.000000 1.000000 0.000000 0.000000
30.000000 291.003679 3.456950 2.659687 1.673350 0.000000 0.000000 0.000000 1.000000 0.000000 0.000000
30.000000 291.013592 3.428948 2.657413 1.663482 0.000000 0.000000 0.000000 1.000000 0.000000 0.000000
30.000000 291.023632 3.393098 2.659041 1.650478 0.000000 0.000000 0.000000 1.000000 0.000000 0.000000
30.000000 291.033526 3.351155 2.656147 1.640345 0.000000 0.000000 0.000000 1.000000 0.000000 0.000000
30.000000 291.043543 3.281278 2.678798 1.623120 0.000000 0.000000 0.000000 1.000000 0.000000 0.000000
30.000000 291.053610 3.272249 2.655008 1.607590 0.000000 0.000000 0.000000 1.000000 0.000000 0.000000
30.000000 291.063573 3.210672 2.671829 1.597363 0.000000 0.000000 0.000000 1.000000 0.000000 0.000000
30.000000 291.073558 3.145212 2.706214 1.582262 0.000000 0.000000 0.000000 1.000000 0.000000 0.000000
30.000000 291.083586 3.051129 2.740890 1.568211 0.000000 0.000000 0.000000 1.000000 0.000000 0.000000
30.000000 291.093555 3.028869 2.721240 1.555698 0.000000 0.000000 0.000000 1.000000 0.000000 0.000000
30.000000 291.103548 3.050119 2.682407 1.521383 0.000000 0.000000 0.000000 1.000000 0.000000 0.000000
30.000000 291.113622 2.956247 2.728888 1.509580 0.000000 0.000000 0.000000 1.000000 0.000000 0.000000
30.000000 291.123630 2.882907 2.748856 1.497860 0.000000 0.000000 0.000000 1.000000 0.000000 0.000000
30.000000 291.133636 2.889555 2.727712 1.459678 0.000000 0.000000 0.000000 1.000000 0.000000 0.000000
30.000000 291.143623 2.823203 2.740359 1.440733 0.000000 0.000000 0.000000 1.000000 0.000000 0.000000
30.000000 291.153630 2.781428 2.741625 1.415122 0.000000 0.000000 0.000000 1.000000 0.000000 0.000000
30.000000 291.163704 2.759413 2.747318 1.383867 0.000000 0.000000 0.000000 1.000000 0.000000 0.000000
30.000000 291.173731 2.722768 2.744465 1.360805 0.000000 0.000000 0.000000 1.000000 0.000000 0.000000
30.000000 291.183679 2.674451 2.746239 1.334689 0.000000 0.000000 0.000000 1.000000 0.000000 0.000000
30.000000 291.193658 2.626495 2.756892 1.304096 0.000000 0.000000 0.000000 1.000000 0.000000 0.000000
30.000000 291.203645 2.607560 2.753877 1.269645 0.000000 0.000000 0.000000 1.000000 0.000000 0.000000
30.000000 291.213658 2.553560 2.752903 1.242803 0.000000 0.000000 0.000000 1.000000 0.000000 0.000000
30.000000 291.223681 2.536510 2.759000 1.200682 0.000000 0.000000 0.000000 1.000000 0.000000 0.000000
30.000000 291.233809 2.481412 2.765605 1.178910 0.000000 0.000000 0.000000 1.000000 0.000000 0.000000
30.000000 291.243667 2.437092 2.771744 1.144980 0.000000 0.000000 0.000000 1.000000 0.000000 0.000000
30.000000 291.253779 2.396816 2.773483 1.108041 0.000000 0.000000 0.000000 1.000000 0.000000 0.000000
30.000000 291.263687 2.371984 2.770935 1.068029 0.000000 0.000000 0.000000 1.000000 0.000000 0.000000
30.000000 291.273621 2.321044 2.777318 1.035212 0.000000 0.000000 0.000000 1.000000 0.000000 0.000000
30.000000 291.283754 2.286516 2.786955 0.998473 0.000000 0.000000 0.000000 1.000000 0.000000 0.000000
30.000000 291.293719 2.250957 2.774529 0.955271 0.000000 0.000000 0.000000 1.000000 0.000000 0.000000
30.000000 291.303629 2.208998 2.782353 0.910348 0.000000 0.000000 0.000000 1.000000 0.000000 0.000000
30.000000 291.313657 2.182824 2.788652 0.874127 0.000000 0.000000 0.000000 1.000000 0.000000 0.000000
