4.000000 61.483247 23.031623 -0.163050 1.301203 0.000000 0.000000 0.000000 1.000000 0.000000 0.000000
4.000000 61.485215 22.837850 0.058312 1.203886 0.000000 0.000000 0.000000 1.000000 0.000000 0.000000
4.000000 61.493259 22.951837 -0.146498 1.381152 0.000000 0.000000 0.000000 1.000000 0.000000 0.000000
4.000000 61.495301 22.761959 0.069467 1.284456 0.000000 0.000000 0.000000 1.000000 0.000000 0.000000
4.000000 61.503250 22.848040 -0.137892 1.449591 0.000000 0.000000 0.000000 1.000000 0.000000 0.000000
4.000000 61.505161 22.664339 0.070625 1.355115 0.000000 0.000000 0.000000 1.000000 0.000000 0.000000
4.000000 61.513206 22.768317 -0.129867 1.530635 0.000000 0.000000 0.000000 1.000000 0.000000 0.000000
4.000000 61.515317 22.560901 0.084504 1.428623 0.000000 0.000000 0.000000 1.000000 0.000000 0.000000
4.000000 61.523442 22.664734 -0.120723 1.591767 0.000000 0.000000 0.000000 1.000000 0.000000 0.000000
4.000000 61.525297 22.471999 0.089164 1.499208 0.000000 0.000000 0.000000 1.000000 0.000000 0.000000
4.000000 61.533284 22.550126 -0.098976 1.655949 0.000000 0.000000 0.000000 1.000000 0.000000 0.000000
4.000000 61.535373 22.373758 0.099309 1.567119 0.000000 0.000000 0.000000 1.000000 0.000000 0.000000
4.000000 61.543348 22.443827 -0.085765 1.722831 0.000000 0.000000 0.000000 1.000000 0.000000 0.000000
4.000000 61.545232 22.274296 0.106012 1.637496 0.000000 0.000000 0.000000 1.000000 0.000000 0.000000
4.000000 61.553273 22.334450 -0.070025 1.785538 0.000000 0.000000 0.000000 1.000000 0.000000 0.000000
4.000000 61.555248 22.166253 0.117376 1.701059 0.000000 0.000000 0.000000 1.000000 0.000000 0.000000
4.000000 61.563386 22.229799 -0.058301 1.846943 0.000000 0.000000 0.000000 1.000000 0.000000 0.000000
4.000000 61.565247 22.063173 0.126420 1.764443 0.000000 0.000000 0.000000 1.000000 0.000000 0.000000
4.000000 61.573257 22.104059 -0.038081 1.903668 0.000000 0.000000 0.000000 1.000000 0.000000 0.000000
4.000000 61.575346 21.966266 0.132203 1.830838 0.000000 0.000000 0.000000 1.000000 0.000000 0.000000
4.000000 61.583311 22.005735 -0.026149 1.964324 0.000000 0.000000 0.000000 1.000000 0.000000 0.000000
4.000000 61.585226 21.846948 0.139851 1.883562 0.000000 0.000000 0.000000 1.000000 0.000000 0.000000
4.000000 61.590016 21.393443 0.131425 1.945081 0.000000 0.000000 0.000000 1.000000 0.000000 0.000000
4.000000 61.593227 21.879824 -0.015150 2.021655 0.000000 0.000000 0.000000 1.000000 0.000000 0.000000
4.000000 61.595292 21.781770 0.141050 1.956255 0.000000 0.000000 0.000000 1.000000 0.000000 0.000000
4.000000 61.600184 21.245570 0.147562 1.998055 0.000000 0.000000 0.000000 1.000000 0.000000 0.000000
4.000000 61.603330 21.773534 0.005994 2.075481 0.000000 0.000000 0.000000 1.000000 0.000000 0.000000
4.000000 61.605222 21.663120 0.158995 2.009533 0.000000 0.000000 0.000000 1.000000 0.000000 0.000000
4.000000 61.609877 21.135767 0.159919 2.060236 0.000000 0.000000 0.000000 1.000000 0.000000 0.000000
4.000000 61.613310 21.678920 0.017921 2.136201 0.000000 0.000000 0.000000 1.000000 0.000000 0.000000
4.000000 61.615293 21.566851 0.169023 2.068233 0.000000 0.000000 0.000000 1.000000 0.000000 0.000000
4.000000 61.620130 21.027368 0.171019 2.115060 0.000000 0.000000 0.000000 1.000000 0.000000 0.000000
4.000000 61.623339 21.558097 0.033482 2.188573 0.000000 0.000000 0.000000 1.000000 0.000000 0.000000
4.000000 61.625236 21.467949 0.175496 2.126996 0.000000 0.000000 0.000000 1.000000 0.000000 0.000000
4.000000 61.629999 20.910795 0.179381 2.163496 0.000000 0.000000 0.000000 1.000000 0.000000 0.000000
4.000000 61.633215 21.452518 0.041450 2.241716 0.000000 0.000000 0.000000 1.000000 0.000000 0.000000
4.000000 61.635342 21.304736 0.195344 2.163961 0.000000 0.000000 0.000000 1.000000 0.000000 0.000000
4.000000 61.640176 20.779127 0.192779 2.220606 0.000000 0.000000 0.000000 1.000000 0.000000 0.000000
4.000000 61.643312 21.318698 0.055891 2.291170 0.000000 0.000000 0.000000 1.000000 0.000000 0.000000
4.000000 61.645325 21.268530 0.185389 2.236532 0.000000 0.000000 0.000000 1.000000 0.000000 0.000000
4.000000 61.649822 20.670882 0.202059 2.277695 0.000000 0.000000 0.000000 1.000000 0.000000 0.000000
4.000000 61.653209 21.228063 0.066939 2.348187 0.000000 0.000000 0.000000 1.000000 0.000000 0.000000
4.000000 61.655335 21.166248 0.196433 2.289842 0.000000 0.000000 0.000000 1.000000 0.000000 0.000000
4.000000 61.659936 20.549153 0.214080 2.327896 0.000000 0.000000 0.000000 1.000000 0.000000 0.000000
4.000000 61.663324 21.124660 0.079239 2.400206 0.000000 0.000000 0.000000 1.000000 0.000000 0.000000
4.000000 61.665249 21.097240 0.201565 2.349991 0.000000 0.000000 0.000000 1.000000 0.000000 0.000000
4.000000 61.669878 20.456195 0.232463 2.375706 0.000000 0.000000 0.000000 1.000000 0.000000 0.000000
4.000000 61.673224 21.002292 0.100882 2.447211 0.000000 0.000000 0.000000 1.000000 0.000000 0.000000
4.000000 61.675406 20.972662 0.216691 2.395250 0.000000 0.000000 0.000000 1.000000 0.000000 0.000000
4.000000 61.679948 20.336242 0.242950 2.423855 0.000000 0.000000 0.000000 1.000000 0.000000 0.000000
4.000000 61.683363 20.903229 0.111372 2.498213 0.000000 0.000000 0.000000 1.000000 0.000000 0.000000
4.000000 61.685342 20.862968 0.224322 2.442842 0.000000 0.000000 0.000000 1.000000 0.000000 0.000000
4.000000 61.689860 20.210854 0.246358 2.476080 0.000000 0.000000 0.000000 1.000000 0.000000 0.000000
4.000000 61.693332 20.792905 0.123090 2.543882 0.000000 0.000000 0.000000 1.000000 0.000000 0.000000
4.000000 61.695359 20.806933 0.227984 2.501879 0.000000 0.000000 0.000000 1.000000 0.000000 0.000000
4.000000 61.699953 20.102154 0.266099 2.524822 0.000000 0.000000 0.000000 1.000000 0.000000 0.000000
4.000000 61.703222 20.674837 0.137341 2.589096 0.000000 0.000000 0.000000 1.000000 0.000000 0.000000
4.000000 61.705295 20.727833 0.224947 2.547497 0.000000 0.000000 0.000000 1.000000 0.000000 0.000000
4.000000 61.709871 19.984265 0.280217 2.573704 0.000000 0.000000 0.000000 1.000000 0.000000 0.000000
4.000000 61.713210 20.558301 0.157755 2.636980 0.000000 0.000000 0.000000 1.000000 0.000000 0.000000
4.000000 61.715384 20.585700 0.248285 2.590754 0.000000 0.000000 0.000000 1.000000 0.000000 0.000000
4.000000 61.719975 19.886240 0.291487 2.619772 0.000000 0.000000 0.000000 1.000000 0.000000 0.000000
4.000000 61.723350 20.446918 0.170386 2.680356 0.000000 0.000000 0.000000 1.000000 0.000000 0.000000
4.000000 61.725246 20.515644 0.249729 2.639276 0.000000 0.000000 0.000000 1.000000 0.000000 0.000000
4.000000 61.729889 19.762852 0.296297 2.667834 0.000000 0.000000 0.000000 1.000000 0.000000 0.000000
4.000000 61.733374 20.327632 0.176188 2.728536 0.000000 0.000000 0.000000 1.000000 0.000000 0.000000
4.000000 61.735417 20.381813 0.250942 2.681410 0.000000 0.000000 0.000000 1.000000 0.000000 0.000000
4.000000 61.740289 19.635355 0.308988 2.705701 0.000000 0.000000 0.000000 1.000000 0.000000 0.000000
4.000000 61.743271 19.535402 0.326064 2.553660 0.000000 0.000000 0.000000 1.000000 0.000000 0.000000
4.000000 61.745351 20.357116 0.246322 2.733002 0.000000 0.000000 0.000000 1.000000 0.000000 0.000000
4.000000 61.749888 19.518487 0.332147 2.742866 0.000000 0.000000 0.000000 1.000000 0.000000 0.000000
4.000000 61.753240 20.066268 0.214461 2.802315 0.000000 0.000000 0.000000 1.000000 0.000000 0.000000
4.000000 61.755366 20.239281 0.263895 2.772313 0.000000 0.000000 0.000000 1.000000 0.000000 0.000000
4.000000 61.759971 19.390288 0.332887 2.790417 0.000000 0.000000 0.000000 1.000000 0.000000 0.000000
4.000000 61.763256 19.999503 0.222398 2.847864 0.000000 0.000000 0.000000 1.000000 0.000000 0.000000
4.000000 61.765274 20.123394 0.279520 2.810967 0.000000 0.000000 0.000000 1.000000 0.000000 0.000000
4.000000 61.769874 19.293984 0.340930 2.831696 0.000000 0.000000 0.000000 1.000000 0.000000 0.000000
4.000000 61.773372 19.870856 0.236772 2.885725 0.000000 0.000000 0.000000 1.000000 0.000000 0.000000
4.000000 61.775420 20.052222 0.279799 2.858045 0.000000 0.000000 0.000000 1.000000 0.000000 0.000000
4.000000 61.779967 19.177938 0.355430 2.868234 0.000000 0.000000 0.000000 1.000000 0.000000 0.000000
4.000000 61.783435 19.758278 0.252646 2.920320 0.000000 0.000000 0.000000 1.000000 0.000000 0.000000
4.000000 61.785372 19.873385 0.303545 2.878392 0.000000 0.000000 0.000000 1.000000 0.000000 0.000000
4.000000 61.789917 19.035681 0.362212 2.913841 0.000000 0.000000 0.000000 1.000000 0.000000 0.000000
4.000000 61.793172 19.689666 0.266172 2.970009 0.000000 0.000000 0.000000 1.000000 0.000000 0.000000
4.000000 61.795405 19.815406 0.321243 2.934427 0.000000 0.000000 0.000000 1.000000 0.000000 0.000000
4.000000 61.800008 18.933467 0.380104 2.943353 0.000000 0.000000 0.000000 1.000000 0.000000 0.000000
4.000000 61.803430 19.510396 0.278804 2.995601 0.000000 0.000000 0.000000 1.000000 0.000000 0.000000
4.000000 61.805260 19.751945 0.305858 2.966982 0.000000 0.000000 0.000000 1.000000 0.000000 0.000000
4.000000 61.809965 18.802557 0.392732 2.975934 0.000000 0.000000 0.000000 1.000000 0.000000 0.000000
4.000000 61.813191 19.412884 0.294726 3.028745 0.000000 0.000000 0.000000 1.000000 0.000000 0.000000
4.000000 61.815383 19.680654 0.311100 3.004315 0.000000 0.000000 0.000000 1.000000 0.000000 0.000000
4.000000 61.819981 18.708710 0.393875 3.014587 0.000000 0.000000 0.000000 1.000000 0.000000 0.000000
4.000000 61.823289 19.295168 0.302337 3.058646 0.000000 0.000000 0.000000 1.000000 0.000000 0.000000
4.000000 61.825263 19.588536 0.314549 3.034869 0.000000 0.000000 0.000000 1.000000 0.000000 0.000000
4.000000 61.833198 19.225378 0.320653 3.100876 0.000000 0.000000 0.000000 1.000000 0.000000 0.000000
4.000000 61.835387 19.426966 0.339619 3.068026 0.000000 0.000000 0.000000 1.000000 0.000000 0.000000
4.000000 61.840004 18.505726 0.427856 3.082189 0.000000 0.000000 0.000000 1.000000 0.000000 0.000000
4.000000 61.843436 19.054487 0.334732 3.123851 0.000000 0.000000 0.000000 1.000000 0.000000 0.000000
4.000000 61.845401 19.488723 0.305844 3.108926 0.000000 0.000000 0.000000 1.000000 0.000000 0.000000
4.000000 61.849900 18.378103 0.435996 3.111314 0.000000 0.000000 0.000000 1.000000 0.000000 0.000000
4.000000 61.853325 18.961079 0.351520 3.151382 0.000000 0.000000 0.000000 1.000000 0.000000 0.000000
4.000000 61.855404 19.383447 0.320372 3.138940 0.000000 0.000000 0.000000 1.000000 0.000000 0.000000
4.000000 61.860039 18.174163 0.444173 3.147143 0.000000 0.000000 0.000000 1.000000 0.000000 0.000000
4.000000 61.863519 18.819503 0.356146 3.181971 0.000000 0.000000 0.000000 1.000000 0.000000 0.000000
4.000000 61.865289 19.279732 0.319588 3.163064 0.000000 0.000000 0.000000 1.000000 0.000000 0.000000
4.000000 61.869942 18.120737 0.456662 3.166771 0.000000 0.000000 0.000000 1.000000 0.000000 0.000000
4.000000 61.873370 18.741081 0.372670 3.209621 0.000000 0.000000 0.000000 1.000000 0.000000 0.000000
4.000000 61.875658 19.187069 0.337236 3.192804 0.000000 0.000000 0.000000 1.000000 0.000000 0.000000
4.000000 61.880050 18.013629 0.470810 3.188158 0.000000 0.000000 0.000000 1.000000 0.000000 0.000000
4.000000 61.883360 18.589800 0.387026 3.238484 0.000000 0.000000 0.000000 1.000000 0.000000 0.000000
4.000000 61.885391 19.067707 0.346372 3.223457 0.000000 0.000000 0.000000 1.000000 0.000000 0.000000
4.000000 61.889966 17.924439 0.481819 3.221222 0.000000 0.000000 0.000000 1.000000 0.000000 0.000000
4.000000 61.893318 18.543970 0.400850 3.269252 0.000000 0.000000 0.000000 1.000000 0.000000 0.000000
4.000000 61.895389 18.996307 0.357651 3.250487 0.000000 0.000000 0.000000 1.000000 0.000000 0.000000
4.000000 61.900025 17.800196 0.488313 3.245794 0.000000 0.000000 0.000000 1.000000 0.000000 0.000000
4.000000 61.903501 18.395507 0.407728 3.296281 0.000000 0.000000 0.000000 1.000000 0.000000 0.000000
4.000000 61.905359 18.903082 0.357985 3.278993 0.000000 0.000000 0.000000 1.000000 0.000000 0.000000
4.000000 61.909972 17.674613 0.496552 3.269503 0.000000 0.000000 0.000000 1.000000 0.000000 0.000000
4.000000 61.913455 18.274693 0.419977 3.318536 0.000000 0.000000 0.000000 1.000000 0.000000 0.000000
4.000000 61.915501 18.806544 0.365520 3.302776 0.000000 0.000000 0.000000 1.000000 0.000000 0.000000
4.000000 61.920000 17.541785 0.500314 3.299007 0.000000 0.000000 0.000000 1.000000 0.000000 0.000000
4.000000 61.925474 18.737458 0.478239 3.341246 0.000000 0.000000 0.000000 1.000000 0.000000 0.000000
4.000000 61.929930 17.424373 0.514174 3.322015 0.000000 0.000000 0.000000 1.000000 0.000000 0.000000
4.000000 61.933393 18.047344 0.444423 3.366288 0.000000 0.000000 0.000000 1.000000 0.000000 0.000000
4.000000 61.935603 18.597320 0.379804 3.349271 0.000000 0.000000 0.000000 1.000000 0.000000 0.000000
4.000000 61.940052 17.290130 0.516821 3.345584 0.000000 0.000000 0.000000 1.000000 0.000000 0.000000
4.000000 61.943429 17.892957 0.453960 3.388696 0.000000 0.000000 0.000000 1.000000 0.000000 0.000000
4.000000 61.945446 18.592618 0.364691 3.386628 0.000000 0.000000 0.000000 1.000000 0.000000 0.000000
4.000000 61.949966 17.206026 0.542209 3.357851 0.000000 0.000000 0.000000 1.000000 0.000000 0.000000
4.000000 61.953288 17.785252 0.473678 3.410272 0.000000 0.000000 0.000000 1.000000 0.000000 0.000000
4.000000 61.955587 18.467540 0.382091 3.402271 0.000000 0.000000 0.000000 1.000000 0.000000 0.000000
4.000000 61.960243 17.075546 0.550273 3.385054 0.000000 0.000000 0.000000 1.000000 0.000000 0.000000
4.000000 61.963325 17.672987 0.489778 3.423891 0.000000 0.000000 0.000000 1.000000 0.000000 0.000000
4.000000 61.965550 18.373561 0.388767 3.417284 0.000000 0.000000 0.000000 1.000000 0.000000 0.000000
4.000000 61.970247 17.079167 0.559999 3.401104 0.000000 0.000000 0.000000 1.000000 0.000000 0.000000
4.000000 61.973328 17.570061 0.502014 3.439206 0.000000 0.000000 0.000000 1.000000 0.000000 0.000000
4.000000 61.975548 18.251324 0.400377 3.431437 0.000000 0.000000 0.000000 1.000000 0.000000 0.000000
4.000000 61.980263 16.862068 0.569528 3.420229 0.000000 0.000000 0.000000 1.000000 0.000000 0.000000
4.000000 61.983381 17.447074 0.515142 3.459235 0.000000 0.000000 0.000000 1.000000 0.000000 0.000000
4.000000 61.985533 18.043178 0.434933 3.442821 0.000000 0.000000 0.000000 1.000000 0.000000 0.000000
4.000000 61.989989 16.728869 0.583208 3.434578 0.000000 0.000000 0.000000 1.000000 0.000000 0.000000
4.000000 61.993298 17.284775 0.531741 3.473308 0.000000 0.000000 0.000000 1.000000 0.000000 0.000000
4.000000 61.995547 18.046035 0.416126 3.470807 0.000000 0.000000 0.000000 1.000000 0.000000 0.000000
4.000000 62.000311 16.623167 0.591983 3.441997 0.000000 0.000000 0.000000 1.000000 0.000000 0.000000
4.000000 62.003482 17.152483 0.543805 3.483669 0.000000 0.000000 0.000000 1.000000 0.000000 0.000000
4.000000 62.005515 17.936097 0.426693 3.484468 0.000000 0.000000 0.000000 1.000000 0.000000 0.000000
4.000000 62.010035 16.493807 0.600084 3.458821 0.000000 0.000000 0.000000 1.000000 0.000000 0.000000
4.000000 62.013307 17.043851 0.556583 3.497770 0.000000 0.000000 0.000000 1.000000 0.000000 0.000000
4.000000 62.015545 17.838423 0.436535 3.500231 0.000000 0.000000 0.000000 1.000000 0.000000 0.000000
4.000000 62.020206 16.345462 0.605110 3.472459 0.000000 0.000000 0.000000 1.000000 0.000000 0.000000
4.000000 62.023437 16.993969 0.567216 3.513651 0.000000 0.000000 0.000000 1.000000 0.000000 0.000000
4.000000 62.025451 17.684444 0.468210 3.512570 0.000000 0.000000 0.000000 1.000000 0.000000 0.000000
4.000000 62.030099 16.305901 0.616364 3.489867 0.000000 0.000000 0.000000 1.000000 0.000000 0.000000
4.000000 62.033480 16.868449 0.582093 3.526479 0.000000 0.000000 0.000000 1.000000 0.000000 0.000000
4.000000 62.035480 17.579257 0.475596 3.527787 0.000000 0.000000 0.000000 1.000000 0.000000 0.000000
4.000000 62.040269 16.113924 0.630096 3.493060 0.000000 0.000000 0.000000 1.000000 0.000000 0.000000
4.000000 62.043426 16.682127 0.594219 3.531737 0.000000 0.000000 0.000000 1.000000 0.000000 0.000000
4.000000 62.045449 17.546549 0.460590 3.538614 0.000000 0.000000 0.000000 1.000000 0.000000 0.000000
4.000000 62.050147 15.984959 0.634731 3.512588 0.000000 0.000000 0.000000 1.000000 0.000000 0.000000
4.000000 62.053289 16.594354 0.604695 3.543245 0.000000 0.000000 0.000000 1.000000 0.000000 0.000000
4.000000 62.055485 17.396854 0.483183 3.545502 0.000000 0.000000 0.000000 1.000000 0.000000 0.000000
4.000000 62.060234 15.881527 0.645079 3.525274 0.000000 0.000000 0.000000 1.000000 0.000000 0.000000
4.000000 62.063458 16.594964 0.621180 3.556606 0.000000 0.000000 0.000000 1.000000 0.000000 0.000000
4.000000 62.065466 17.216159 0.533282 3.552665 0.000000 0.000000 0.000000 1.000000 0.000000 0.000000
4.000000 62.070178 15.816464 0.662137 3.529502 0.000000 0.000000 0.000000 1.000000 0.000000 0.000000
4.000000 62.073448 16.373091 0.633717 3.560836 0.000000 0.000000 0.000000 1.000000 0.000000 0.000000
4.000000 62.075621 17.164623 0.512429 3.561260 0.000000 0.000000 0.000000 1.000000 0.000000 0.000000
4.000000 62.080230 15.709523 0.672736 3.534725 0.000000 0.000000 0.000000 1.000000 0.000000 0.000000
4.000000 62.083395 16.222406 0.643520 3.568836 0.000000 0.000000 0.000000 1.000000 0.000000 0.000000
4.000000 62.085505 17.084973 0.516772 3.568366 0.000000 0.000000 0.000000 1.000000 0.000000 0.000000
4.000000 62.090098 15.544544 0.680275 3.538496 0.000000 0.000000 0.000000 1.000000 0.000000 0.000000
4.000000 62.093434 16.172130 0.652825 3.572452 0.000000 0.000000 0.000000 1.000000 0.000000 0.000000
4.000000 62.095508 17.068006 0.509215 3.577664 0.000000 0.000000 0.000000 1.000000 0.000000 0.000000
4.000000 62.100215 15.467424 0.691900 3.551286 0.000000 0.000000 0.000000 1.000000 0.000000 0.000000
4.000000 62.103463 16.008657 0.667122 3.581756 0.000000 0.000000 0.000000 1.000000 0.000000 0.000000
4.000000 62.105510 16.860409 0.534110 3.583206 0.000000 0.000000 0.000000 1.000000 0.000000 0.000000
4.000000 62.110128 15.354955 0.708887 3.552691 0.000000 0.000000 0.000000 1.000000 0.000000 0.000000
4.000000 62.113339 15.871971 0.683477 3.588176 0.000000 0.000000 0.000000 1.000000 0.000000 0.000000
4.000000 62.115512 16.749468 0.546086 3.590964 0.000000 0.000000 0.000000 1.000000 0.000000 0.000000
4.000000 62.120181 15.293607 0.727002 3.558836 0.000000 0.000000 0.000000 1.000000 0.000000 0.000000
4.000000 62.123368 15.805366 0.701842 3.590874 0.000000 0.000000 0.000000 1.000000 0.000000 0.000000
4.000000 62.125478 16.641232 0.565019 3.592217 0.000000 0.000000 0.000000 1.000000 0.000000 0.000000
4.000000 62.130106 15.201010 0.727036 3.558713 0.000000 0.000000 0.000000 1.000000 0.000000 0.000000
4.000000 62.133380 15.701670 0.705925 3.591342 0.000000 0.000000 0.000000 1.000000 0.000000 0.000000
4.000000 62.135537 16.616616 0.560802 3.598733 0.000000 0.000000 0.000000 1.000000 0.000000 0.000000
4.000000 62.140220 14.926197 0.734402 3.562929 0.000000 0.000000 0.000000 1.000000 0.000000 0.000000
4.000000 62.143413 15.595674 0.716951 3.593472 0.000000 0.000000 0.000000 1.000000 0.000000 0.000000
4.000000 62.145451 16.525621 0.567184 3.600933 0.000000 0.000000 0.000000 1.000000 0.000000 0.000000
4.000000 62.150064 14.850413 0.752339 3.565655 0.000000 0.000000 0.000000 1.000000 0.000000 0.000000
4.000000 62.153458 15.497210 0.733900 3.596661 0.000000 0.000000 0.000000 1.000000 0.000000 0.000000
4.000000 62.155622 16.351919 0.599707 3.597264 0.000000 0.000000 0.000000 1.000000 0.000000 0.000000
4.000000 62.160172 14.729144 0.752422 3.564731 0.000000 0.000000 0.000000 1.000000 0.000000 0.000000
4.000000 62.163531 15.412539 0.734070 3.596475 0.000000 0.000000 0.000000 1.000000 0.000000 0.000000
4.000000 62.165490 16.325109 0.588794 3.598991 0.000000 0.000000 0.000000 1.000000 0.000000 0.000000
4.000000 62.170116 14.706402 0.777538 3.568849 0.000000 0.000000 0.000000 1.000000 0.000000 0.000000
4.000000 62.173520 15.241342 0.757408 3.598601 0.000000 0.000000 0.000000 1.000000 0.000000 0.000000
4.000000 62.175534 16.102063 0.619402 3.597672 0.000000 0.000000 0.000000 1.000000 0.000000 0.000000
4.000000 62.180188 14.569785 0.786610 3.563355 0.000000 0.000000 0.000000 1.000000 0.000000 0.000000
4.000000 62.183672 15.165071 0.769251 3.592781 0.000000 0.000000 0.000000 1.000000 0.000000 0.000000
4.000000 62.185580 16.013654 0.634133 3.593058 0.000000 0.000000 0.000000 1.000000 0.000000 0.000000
4.000000 62.190162 14.486591 0.802778 3.563557 0.000000 0.000000 0.000000 1.000000 0.000000 0.000000
4.000000 62.193648 15.036780 0.783593 3.591772 0.000000 0.000000 0.000000 1.000000 0.000000 0.000000
4.000000 62.195584 15.837718 0.656890 3.586760 0.000000 0.000000 0.000000 1.000000 0.000000 0.000000
4.000000 62.200221 14.389639 0.818347 3.563330 0.000000 0.000000 0.000000 1.000000 0.000000 0.000000
4.000000 62.203507 14.931775 0.795962 3.592475 0.000000 0.000000 0.000000 1.000000 0.000000 0.000000
4.000000 62.205513 15.739203 0.666169 3.584188 0.000000 0.000000 0.000000 1.000000 0.000000 0.000000
4.000000 62.210193 14.249828 0.818385 3.555981 0.000000 0.000000 0.000000 1.000000 0.000000 0.000000
4.000000 62.213559 14.946001 0.811320 3.590824 0.000000 0.000000 0.000000 1.000000 0.000000 0.000000
4.000000 62.215652 15.421403 0.753811 3.582063 0.000000 0.000000 0.000000 1.000000 0.000000 0.000000
4.000000 62.220166 14.124284 0.832076 3.556901 0.000000 0.000000 0.000000 1.000000 0.000000 0.000000
4.000000 62.223686 14.712858 0.816827 3.583768 0.000000 0.000000 0.000000 1.000000 0.000000 0.000000
4.000000 62.225524 15.468454 0.704293 3.574867 0.000000 0.000000 0.000000 1.000000 0.000000 0.000000
4.000000 62.230282 13.997278 0.841568 3.549534 0.000000 0.000000 0.000000 1.000000 0.000000 0.000000
4.000000 62.235605 15.115165 0.859834 3.561167 0.000000 0.000000 0.000000 1.000000 0.000000 0.000000
4.000000 62.240484 13.901885 0.863458 3.540306 0.000000 0.000000 0.000000 1.000000 0.000000 0.000000
4.000000 62.243592 14.499458 0.849035 3.563182 0.000000 0.000000 0.000000 1.000000 0.000000 0.000000
4.000000 62.245522 15.148532 0.756355 3.548169 0.000000 0.000000 0.000000 1.000000 0.000000 0.000000
4.000000 62.250147 13.753062 0.861770 3.537396 0.000000 0.000000 0.000000 1.000000 0.000000 0.000000
4.000000 62.253439 14.376924 0.850839 3.557506 0.000000 0.000000 0.000000 1.000000 0.000000 0.000000
4.000000 62.255586 15.154309 0.736668 3.549084 0.000000 0.000000 0.000000 1.000000 0.000000 0.000000
4.000000 62.260225 13.717376 0.878225 3.518790 0.000000 0.000000 0.000000 1.000000 0.000000 0.000000
4.000000 62.263628 14.271181 0.861350 3.548153 0.000000 0.000000 0.000000 1.000000 0.000000 0.000000
4.000000 62.265554 15.046357 0.752116 3.537308 0.000000 0.000000 0.000000 1.000000 0.000000 0.000000
4.000000 62.270319 13.612678 0.894801 3.511016 0.000000 0.000000 0.000000 1.000000 0.000000 0.000000
4.000000 62.275640 14.660631 0.913360 3.516186 0.000000 0.000000 0.000000 1.000000 0.000000 0.000000
4.000000 62.280293 13.524979 0.907200 3.497535 0.000000 0.000000 0.000000 1.000000 0.000000 0.000000
4.000000 62.283660 14.035749 0.891373 3.522620 0.000000 0.000000 0.000000 1.000000 0.000000 0.000000
4.000000 62.285594 14.721689 0.790781 3.513885 0.000000 0.000000 0.000000 1.000000 0.000000 0.000000
4.000000 62.290234 13.430209 0.918219 3.483552 0.000000 0.000000 0.000000 1.000000 0.000000 0.000000
4.000000 62.293573 13.943406 0.904402 3.509368 0.000000 0.000000 0.000000 1.000000 0.000000 0.000000
4.000000 62.295717 14.624112 0.812137 3.499653 0.000000 0.000000 0.000000 1.000000 0.000000 0.000000
4.000000 62.300332 13.306685 0.930009 3.469410 0.000000 0.000000 0.000000 1.000000 0.000000 0.000000
4.000000 62.303569 13.777857 0.914841 3.495846 0.000000 0.000000 0.000000 1.000000 0.000000 0.000000
4.000000 62.305599 14.553141 0.810517 3.487367 0.000000 0.000000 0.000000 1.000000 0.000000 0.000000
4.000000 62.310266 13.197663 0.937754 3.454307 0.000000 0.000000 0.000000 1.000000 0.000000 0.000000
4.000000 62.313569 13.697747 0.925994 3.485300 0.000000 0.000000 0.000000 1.000000 0.000000 0.000000
4.000000 62.315681 14.348721 0.853375 3.472525 0.000000 0.000000 0.000000 1.000000 0.000000 0.000000
4.000000 62.320277 13.098801 0.953437 3.436193 0.000000 0.000000 0.000000 1.000000 0.000000 0.000000
4.000000 62.323426 13.565594 0.940911 3.466039 0.000000 0.000000 0.000000 1.000000 0.000000 0.000000
4.000000 62.325873 14.230089 0.863505 3.455972 0.000000 0.000000 0.000000 1.000000 0.000000 0.000000
4.000000 62.330190 12.977828 0.956323 3.428232 0.000000 0.000000 0.000000 1.000000 0.000000 0.000000
4.000000 62.333619 13.469937 0.948925 3.448611 0.000000 0.000000 0.000000 1.000000 0.000000 0.000000
4.000000 62.335616 14.137042 0.868890 3.440615 0.000000 0.000000 0.000000 1.000000 0.000000 0.000000
4.000000 62.340429 12.881038 0.973447 3.405652 0.000000 0.000000 0.000000 1.000000 0.000000 0.000000
4.000000 62.343637 13.364305 0.961259 3.430343 0.000000 0.000000 0.000000 1.000000 0.000000 0.000000
4.000000 62.345548 14.020264 0.886408 3.418259 0.000000 0.000000 0.000000 1.000000 0.000000 0.000000
4.000000 62.350222 12.783304 0.992406 3.382186 0.000000 0.000000 0.000000 1.000000 0.000000 0.000000
4.000000 62.353425 13.235490 0.978927 3.409290 0.000000 0.000000 0.000000 1.000000 0.000000 0.000000
4.000000 62.355617 13.910378 0.899048 3.401941 0.000000 0.000000 0.000000 1.000000 0.000000 0.000000
4.000000 62.360212 12.625039 0.983569 3.364372 0.000000 0.000000 0.000000 1.000000 0.000000 0.000000
4.000000 62.363507 13.160896 0.977543 3.389220 0.000000 0.000000 0.000000 1.000000 0.000000 0.000000
4.000000 62.365540 13.799660 0.912051 3.382107 0.000000 0.000000 0.000000 1.000000 0.000000 0.000000
4.000000 62.370139 12.567310 1.008485 3.343276 0.000000 0.000000 0.000000 1.000000 0.000000 0.000000
4.000000 62.373458 13.026018 0.998052 3.368114 0.000000 0.000000 0.000000 1.000000 0.000000 0.000000
4.000000 62.375713 13.636426 0.934557 3.359489 0.000000 0.000000 0.000000 1.000000 0.000000 0.000000
4.000000 62.380425 12.528673 1.019454 3.322609 0.000000 0.000000 0.000000 1.000000 0.000000 0.000000
4.000000 62.383476 12.949552 1.009378 3.346195 0.000000 0.000000 0.000000 1.000000 0.000000 0.000000
4.000000 62.385712 13.404563 0.981299 3.326273 0.000000 0.000000 0.000000 1.000000 0.000000 0.000000
4.000000 62.390156 12.377086 1.032479 3.300065 0.000000 0.000000 0.000000 1.000000 0.000000 0.000000
4.000000 62.393486 12.852193 1.022393 3.326100 0.000000 0.000000 0.000000 1.000000 0.000000 0.000000
4.000000 62.395767 13.380301 0.976864 3.315670 0.000000 0.000000 0.000000 1.000000 0.000000 0.000000
4.000000 62.400326 12.229917 1.036573 3.278758 0.000000 0.000000 0.000000 1.000000 0.000000 0.000000
4.000000 62.403799 12.716081 1.027704 3.303489 0.000000 0.000000 0.000000 1.000000 0.000000 0.000000
4.000000 62.405539 13.268481 0.980031 3.294630 0.000000 0.000000 0.000000 1.000000 0.000000 0.000000
4.000000 62.410242 12.072185 1.040701 3.261227 0.000000 0.000000 0.000000 1.000000 0.000000 0.000000
4.000000 62.413563 12.592855 1.038336 3.276256 0.000000 0.000000 0.000000 1.000000 0.000000 0.000000
4.000000 62.415669 13.116045 1.000826 3.263690 0.000000 0.000000 0.000000 1.000000 0.000000 0.000000
4.000000 62.420284 12.028208 1.051281 3.228970 0.000000 0.000000 0.000000 1.000000 0.000000 0.000000
4.000000 62.423517 12.527591 1.042371 3.254188 0.000000 0.000000 0.000000 1.000000 0.000000 0.000000
4.000000 62.425702 13.011709 1.011089 3.243017 0.000000 0.000000 0.000000 1.000000 0.000000 0.000000
4.000000 62.430176 11.921407 1.068309 3.204568 0.000000 0.000000 0.000000 1.000000 0.000000 0.000000
4.000000 62.433493 12.401263 1.060995 3.223500 0.000000 0.000000 0.000000 1.000000 0.000000 0.000000
4.000000 62.435752 12.809856 1.041877 3.208220 0.000000 0.000000 0.000000 1.000000 0.000000 0.000000
4.000000 62.440244 11.823989 1.084233 3.173456 0.000000 0.000000 0.000000 1.000000 0.000000 0.000000
4.000000 62.443604 12.307920 1.074126 3.197992 0.000000 0.000000 0.000000 1.000000 0.000000 0.000000
4.000000 62.445606 12.751715 1.057017 3.182643 0.000000 0.000000 0.000000 1.000000 0.000000 0.000000
4.000000 62.450209 11.708210 1.090336 3.148062 0.000000 0.000000 0.000000 1.000000 0.000000 0.000000
4.000000 62.453542 12.165019 1.082008 3.173258 0.000000 0.000000 0.000000 1.000000 0.000000 0.000000
4.000000 62.455656 12.639804 1.064575 3.160344 0.000000 0.000000 0.000000 1.000000 0.000000 0.000000
4.000000 62.460240 11.602538 1.098402 3.116720 0.000000 0.000000 0.000000 1.000000 0.000000 0.000000
4.000000 62.463546 12.102131 1.098109 3.146485 0.000000 0.000000 0.000000 1.000000 0.000000 0.000000
4.000000 62.465551 12.448918 1.107926 3.137682 0.000000 0.000000 0.000000 1.000000 0.000000 0.000000
4.000000 62.470182 11.474004 1.104229 3.090166 0.000000 0.000000 0.000000 1.000000 0.000000 0.000000
4.000000 62.473573 12.002399 1.106119 3.117643 0.000000 0.000000 0.000000 1.000000 0.000000 0.000000
4.000000 62.475733 12.296646 1.130733 3.104276 0.000000 0.000000 0.000000 1.000000 0.000000 0.000000
4.000000 62.480286 11.404254 1.126889 3.052728 0.000000 0.000000 0.000000 1.000000 0.000000 0.000000
4.000000 62.483550 11.851088 1.116132 3.081093 0.000000 0.000000 0.000000 1.000000 0.000000 0.000000
4.000000 62.485613 12.289769 1.111647 3.069551 0.000000 0.000000 0.000000 1.000000 0.000000 0.000000
4.000000 62.490149 11.340972 1.135273 3.020200 0.000000 0.000000 0.000000 1.000000 0.000000 0.000000
4.000000 62.493565 11.784972 1.122092 3.043447 0.000000 0.000000 0.000000 1.000000 0.000000 0.000000
4.000000 62.495677 12.202402 1.113458 3.032616 0.000000 0.000000 0.000000 1.000000 0.000000 0.000000
4.000000 62.500496 11.218454 1.147270 2.990950 0.000000 0.000000 0.000000 1.000000 0.000000 0.000000
4.000000 62.503573 11.612878 1.135375 3.013469 0.000000 0.000000 0.000000 1.000000 0.000000 0.000000
4.000000 62.505630 12.071913 1.129372 3.000525 0.000000 0.000000 0.000000 1.000000 0.000000 0.000000
4.000000 62.510196 11.084931 1.148297 2.962656 0.000000 0.000000 0.000000 1.000000 0.000000 0.000000
4.000000 62.513579 11.535234 1.141627 2.981660 0.000000 0.000000 0.000000 1.000000 0.000000 0.000000
4.000000 62.515662 11.947519 1.149783 2.966622 0.000000 0.000000 0.000000 1.000000 0.000000 0.000000
4.000000 62.520282 10.990164 1.166127 2.923894 0.000000 0.000000 0.000000 1.000000 0.000000 0.000000
4.000000 62.523623 11.398350 1.150572 2.945785 0.000000 0.000000 0.000000 1.000000 0.000000 0.000000
4.000000 62.525713 11.844555 1.149522 2.931857 0.000000 0.000000 0.000000 1.000000 0.000000 0.000000
4.000000 62.530218 10.897401 1.175230 2.889483 0.000000 0.000000 0.000000 1.000000 0.000000 0.000000
4.000000 62.533546 11.320124 1.161369 2.910130 0.000000 0.000000 0.000000 1.000000 0.000000 0.000000
4.000000 62.535683 11.711315 1.167530 2.897982 0.000000 0.000000 0.000000 1.000000 0.000000 0.000000
4.000000 62.540277 10.788515 1.184479 2.855724 0.000000 0.000000 0.000000 1.000000 0.000000 0.000000
4.000000 62.543588 11.254611 1.172981 2.869233 0.000000 0.000000 0.000000 1.000000 0.000000 0.000000
4.000000 62.545659 11.554616 1.195439 2.850354 0.000000 0.000000 0.000000 1.000000 0.000000 0.000000
4.000000 62.550185 10.709350 1.194737 2.818001 0.000000 0.000000 0.000000 1.000000 0.000000 0.000000
4.000000 62.553573 11.115454 1.181057 2.836782 0.000000 0.000000 0.000000 1.000000 0.000000 0.000000
4.000000 62.555635 11.461545 1.205404 2.818092 0.000000 0.000000 0.000000 1.000000 0.000000 0.000000
4.000000 62.560282 10.607409 1.204796 2.778555 0.000000 0.000000 0.000000 1.000000 0.000000 0.000000
4.000000 62.563568 11.055739 1.189735 2.796007 0.000000 0.000000 0.000000 1.000000 0.000000 0.000000
4.000000 62.565587 11.363137 1.217716 2.779170 0.000000 0.000000 0.000000 1.000000 0.000000 0.000000
4.000000 62.570186 10.452482 1.206000 2.733200 0.000000 0.000000 0.000000 1.000000 0.000000 0.000000
4.000000 62.573601 10.958722 1.194837 2.749234 0.000000 0.000000 0.000000 1.000000 0.000000 0.000000
4.000000 62.575778 11.275334 1.225006 2.738749 0.000000 0.000000 0.000000 1.000000 0.000000 0.000000
4.000000 62.580290 10.398531 1.226015 2.701568 0.000000 0.000000 0.000000 1.000000 0.000000 0.000000
4.000000 62.583634 10.852790 1.208134 2.714771 0.000000 0.000000 0.000000 1.000000 0.000000 0.000000
4.000000 62.585653 11.129495 1.240714 2.696680 0.000000 0.000000 0.000000 1.000000 0.000000 0.000000
4.000000 62.590456 10.357541 1.238241 2.653843 0.000000 0.000000 0.000000 1.000000 0.000000 0.000000
4.000000 62.593621 10.682982 1.216280 2.672905 0.000000 0.000000 0.000000 1.000000 0.000000 0.000000
4.000000 62.595906 11.064516 1.238226 2.657669 0.000000 0.000000 0.000000 1.000000 0.000000 0.000000
4.000000 62.600475 10.291610 1.246969 2.611656 0.000000 0.000000 0.000000 1.000000 0.000000 0.000000
4.000000 62.603580 10.646434 1.228143 2.630120 0.000000 0.000000 0.000000 1.000000 0.000000 0.000000
4.000000 62.605651 10.906255 1.272998 2.610505 0.000000 0.000000 0.000000 1.000000 0.000000 0.000000
4.000000 62.610338 10.128198 1.249241 2.575703 0.000000 0.000000 0.000000 1.000000 0.000000 0.000000
4.000000 62.613570 10.391010 1.236342 2.613844 0.000000 0.000000 0.000000 1.000000 0.000000 0.000000
4.000000 62.615704 10.672816 1.304077 2.596970 0.000000 0.000000 0.000000 1.000000 0.000000 0.000000
4.000000 62.620438 10.019761 1.254659 2.523374 0.000000 0.000000 0.000000 1.000000 0.000000 0.000000
4.000000 62.623616 10.411431 1.237859 2.539849 0.000000 0.000000 0.000000 1.000000 0.000000 0.000000
4.000000 62.625708 10.705896 1.286516 2.525029 0.000000 0.000000 0.000000 1.000000 0.000000 0.000000
4.000000 62.630264 9.932401 1.279507 2.480154 0.000000 0.000000 0.000000 1.000000 0.000000 0.000000
4.000000 62.633804 10.295739 1.257470 2.496798 0.000000 0.000000 0.000000 1.000000 0.000000 0.000000
4.000000 62.635804 10.569477 1.310700 2.477748 0.000000 0.000000 0.000000 1.000000 0.000000 0.000000
4.000000 62.640307 9.828623 1.283737 2.433961 0.000000 0.000000 0.000000 1.000000 0.000000 0.000000
4.000000 62.643612 10.198818 1.264039 2.446299 0.000000 0.000000 0.000000 1.000000 0.000000 0.000000
4.000000 62.645891 10.482346 1.312274 2.431913 0.000000 0.000000 0.000000 1.000000 0.000000 0.000000
4.000000 62.650353 9.772573 1.293910 2.385325 0.000000 0.000000 0.000000 1.000000 0.000000 0.000000
4.000000 62.653633 10.102050 1.265608 2.400116 0.000000 0.000000 0.000000 1.000000 0.000000 0.000000
4.000000 62.656019 10.408880 1.313289 2.382468 0.000000 0.000000 0.000000 1.000000 0.000000 0.000000
4.000000 62.660372 9.642023 1.310009 2.343207 0.000000 0.000000 0.000000 1.000000 0.000000 0.000000
4.000000 62.663639 10.009269 1.274212 2.353998 0.000000 0.000000 0.000000 1.000000 0.000000 0.000000
4.000000 62.665647 10.311244 1.323071 2.333793 0.000000 0.000000 0.000000 1.000000 0.000000 0.000000
4.000000 62.670582 9.655840 1.341197 2.275940 0.000000 0.000000 0.000000 1.000000 0.000000 0.000000
4.000000 62.673814 9.888330 1.287462 2.303625 0.000000 0.000000 0.000000 1.000000 0.000000 0.000000
4.000000 62.675738 10.242380 1.323600 2.289783 0.000000 0.000000 0.000000 1.000000 0.000000 0.000000
4.000000 62.680398 9.501497 1.345475 2.251092 0.000000 0.000000 0.000000 1.000000 0.000000 0.000000
4.000000 62.683659 9.757156 1.293808 2.266996 0.000000 0.000000 0.000000 1.000000 0.000000 0.000000
4.000000 62.685909 10.122274 1.332815 2.244465 0.000000 0.000000 0.000000 1.000000 0.000000 0.000000
4.000000 62.690439 9.430565 1.359582 2.195998 0.000000 0.000000 0.000000 1.000000 0.000000 0.000000
4.000000 62.693835 9.650540 1.301061 2.214854 0.000000 0.000000 0.000000 1.000000 0.000000 0.000000
4.000000 62.695772 10.009719 1.344956 2.188637 0.000000 0.000000 0.000000 1.000000 0.000000 0.000000
4.000000 62.700365 9.350593 1.370728 2.143703 0.000000 0.000000 0.000000 1.000000 0.000000 0.000000
4.000000 62.703627 9.601076 1.315482 2.163627 0.000000 0.000000 0.000000 1.000000 0.000000 0.000000
4.000000 62.705681 9.886389 1.374533 2.139282 0.000000 0.000000 0.000000 1.000000 0.000000 0.000000
4.000000 62.710271 9.252882 1.378406 2.092010 0.000000 0.000000 0.000000 1.000000 0.000000 0.000000
4.000000 62.713639 9.553877 1.330486 2.102617 0.000000 0.000000 0.000000 1.000000 0.000000 0.000000
4.000000 62.715880 9.785940 1.392011 2.081572 0.000000 0.000000 0.000000 1.000000 0.000000 0.000000
4.000000 62.723702 9.430827 1.340456 2.055570 0.000000 0.000000 0.000000 1.000000 0.000000 0.000000
4.000000 62.725687 9.657905 1.404370 2.030725 0.000000 0.000000 0.000000 1.000000 0.000000 0.000000
4.000000 62.730288 9.124933 1.413876 1.979209 0.000000 0.000000 0.000000 1.000000 0.000000 0.000000
4.000000 62.733772 9.316531 1.343023 2.003134 0.000000 0.000000 0.000000 1.000000 0.000000 0.000000
4.000000 62.735787 9.584985 1.403477 1.979079 0.000000 0.000000 0.000000 1.000000 0.000000 0.000000
4.000000 62.740392 9.017078 1.425734 1.925730 0.000000 0.000000 0.000000 1.000000 0.000000 0.000000
4.000000 62.743812 9.224350 1.357097 1.947620 0.000000 0.000000 0.000000 1.000000 0.000000 0.000000
4.000000 62.745756 9.447840 1.429416 1.921299 0.000000 0.000000 0.000000 1.000000 0.000000 0.000000
4.000000 62.750260 8.949310 1.425008 1.869469 0.000000 0.000000 0.000000 1.000000 0.000000 0.000000
4.000000 62.753868 9.135664 1.362418 1.894360 0.000000 0.000000 0.000000 1.000000 0.000000 0.000000
4.000000 62.755772 9.354690 1.440626 1.870977 0.000000 0.000000 0.000000 1.000000 0.000000 0.000000
4.000000 62.760377 8.929518 1.431395 1.815360 0.000000 0.000000 0.000000 1.000000 0.000000 0.000000
4.000000 62.763817 9.071608 1.376659 1.832574 0.000000 0.000000 0.000000 1.000000 0.000000 0.000000
4.000000 62.765836 9.270062 1.449261 1.803622 0.000000 0.000000 0.000000 1.000000 0.000000 0.000000
4.000000 62.770307 8.793188 1.461654 1.761767 0.000000 0.000000 0.000000 1.000000 0.000000 0.000000
4.000000 62.773679 8.994651 1.380927 1.776970 0.000000 0.000000 0.000000 1.000000 0.000000 0.000000
4.000000 62.775847 9.159354 1.458634 1.744234 0.000000 0.000000 0.000000 1.000000 0.000000 0.000000
4.000000 62.780390 8.656512 1.464299 1.700664 0.000000 0.000000 0.000000 1.000000 0.000000 0.000000
4.000000 62.783677 8.895916 1.399037 1.716928 0.000000 0.000000 0.000000 1.000000 0.000000 0.000000
4.000000 62.785901 8.985377 1.503944 1.685956 0.000000 0.000000 0.000000 1.000000 0.000000 0.000000
4.000000 62.790408 8.571382 1.482819 1.632263 0.000000 0.000000 0.000000 1.000000 0.000000 0.000000
4.000000 62.793757 8.731136 1.399922 1.650146 0.000000 0.000000 0.000000 1.000000 0.000000 0.000000
4.000000 62.796061 9.001048 1.464144 1.631281 0.000000 0.000000 0.000000 1.000000 0.000000 0.000000
4.000000 62.800382 8.553743 1.498064 1.583944 0.000000 0.000000 0.000000 1.000000 0.000000 0.000000
4.000000 62.803816 8.706544 1.408952 1.597809 0.000000 0.000000 0.000000 1.000000 0.000000 0.000000
4.000000 62.805752 8.907782 1.480566 1.567203 0.000000 0.000000 0.000000 1.000000 0.000000 0.000000
4.000000 62.810335 8.473591 1.515283 1.522423 0.000000 0.000000 0.000000 1.000000 0.000000 0.000000
4.000000 62.813734 8.537823 1.397109 1.535726 0.000000 0.000000 0.000000 1.000000 0.000000 0.000000
4.000000 62.815814 8.905931 1.440494 1.498619 0.000000 0.000000 0.000000 1.000000 0.000000 0.000000
4.000000 62.820411 8.387066 1.523794 1.464850 0.000000 0.000000 0.000000 1.000000 0.000000 0.000000
4.000000 62.823700 8.501066 1.423499 1.481964 0.000000 0.000000 0.000000 1.000000 0.000000 0.000000
4.000000 62.825774 8.698724 1.498799 1.447922 0.000000 0.000000 0.000000 1.000000 0.000000 0.000000
4.000000 62.830343 8.287106 1.538763 1.404566 0.000000 0.000000 0.000000 1.000000 0.000000 0.000000
4.000000 62.833748 8.405087 1.432456 1.419565 0.000000 0.000000 0.000000 1.000000 0.000000 0.000000
4.000000 62.835795 8.595559 1.508561 1.384976 0.000000 0.000000 0.000000 1.000000 0.000000 0.000000
4.000000 62.840397 8.215525 1.545872 1.339949 0.000000 0.000000 0.000000 1.000000 0.000000 0.000000
4.000000 62.843767 8.298887 1.441552 1.359815 0.000000 0.000000 0.000000 1.000000 0.000000 0.000000
4.000000 62.845906 8.510194 1.521071 1.325946 0.000000 0.000000 0.000000 1.000000 0.000000 0.000000
4.000000 62.850346 8.105526 1.553935 1.283695 0.000000 0.000000 0.000000 1.000000 0.000000 0.000000
4.000000 62.853649 8.226131 1.449491 1.292240 0.000000 0.000000 0.000000 1.000000 0.000000 0.000000
4.000000 62.856028 8.422065 1.529401 1.255820 0.000000 0.000000 0.000000 1.000000 0.000000 0.000000
4.000000 62.860418 8.054526 1.567006 1.212617 0.000000 0.000000 0.000000 1.000000 0.000000 0.000000
4.000000 62.863686 8.240311 1.497643 1.231661 0.000000 0.000000 0.000000 1.000000 0.000000 0.000000
4.000000 62.865935 8.356120 1.517632 1.189618 0.000000 0.000000 0.000000 1.000000 0.000000 0.000000
4.000000 62.870391 7.995819 1.591690 1.143683 0.000000 0.000000 0.000000 1.000000 0.000000 0.000000
4.000000 62.873754 8.084353 1.469949 1.163267 0.000000 0.000000 0.000000 1.000000 0.000000 0.000000
4.000000 62.875953 8.212321 1.561809 1.126486 0.000000 0.000000 0.000000 1.000000 0.000000 0.000000
4.000000 62.880480 7.937905 1.601933 1.074105 0.000000 0.000000 0.000000 1.000000 0.000000 0.000000
4.000000 62.883869 7.961508 1.472511 1.099545 0.000000 0.000000 0.000000 1.000000 0.000000 0.000000
4.000000 62.885751 8.147599 1.554194 1.060693 0.000000 0.000000 0.000000 1.000000 0.000000 0.000000
4.000000 62.890553 7.842755 1.610869 1.015115 0.000000 0.000000 0.000000 1.000000 0.000000 0.000000
4.000000 62.893736 7.890585 1.484038 1.035237 0.000000 0.000000 0.000000 1.000000 0.000000 0.000000
4.000000 62.895935 8.032235 1.571676 0.994719 0.000000 0.000000 0.000000 1.000000 0.000000 0.000000
4.000000 62.900537 7.760774 1.620983 0.944552 0.000000 0.000000 0.000000 1.000000 0.000000 0.000000
4.000000 62.903780 7.787676 1.481875 0.963685 0.000000 0.000000 0.000000 1.000000 0.000000 0.000000
4.000000 62.905832 7.963904 1.564514 0.919439 0.000000 0.000000 0.000000 1.000000 0.000000 0.000000
4.000000 62.910531 7.677205 1.632411 0.875736 0.000000 0.000000 0.000000 1.000000 0.000000 0.000000
4.000000 62.913821 7.692520 1.494644 0.896245 0.000000 0.000000 0.000000 1.000000 0.000000 0.000000
4.000000 62.915784 7.866625 1.577990 0.853090 0.000000 0.000000 0.000000 1.000000 0.000000 0.000000
4.000000 62.920503 7.609193 1.649054 0.801759 0.000000 0.000000 0.000000 1.000000 0.000000 0.000000
4.000000 62.923711 7.610010 1.500168 0.827009 0.000000 0.000000 0.000000 1.000000 0.000000 0.000000
4.000000 62.925762 7.775900 1.586539 0.784436 0.000000 0.000000 0.000000 1.000000 0.000000 0.000000
4.000000 62.930381 7.555659 1.665262 0.725358 0.000000 0.000000 0.000000 1.000000 0.000000 0.000000
4.000000 62.933820 7.537356 1.508724 0.751841 0.000000 0.000000 0.000000 1.000000 0.000000 0.000000
4.000000 62.935856 7.688953 1.594955 0.704476 0.000000 0.000000 0.000000 1.000000 0.000000 0.000000
4.000000 62.940484 7.440847 1.667084 0.664798 0.000000 0.000000 0.000000 1.000000 0.000000 0.000000
4.000000 62.943724 7.466683 1.519983 0.679850 0.000000 0.000000 0.000000 1.000000 0.000000 0.000000
4.000000 62.945822 7.600885 1.607965 0.635071 0.000000 0.000000 0.000000 1.000000 0.000000 0.000000
4.000000 62.950446 7.377307 1.676729 0.590227 0.000000 0.000000 0.000000 1.000000 0.000000 0.000000
4.000000 62.953739 7.385232 1.527696 0.608383 0.000000 0.000000 0.000000 1.000000 0.000000 0.000000
4.000000 62.955875 7.509887 1.616196 0.562421 0.000000 0.000000 0.000000 1.000000 0.000000 0.000000
4.000000 62.960483 7.305148 1.693956 0.516202 0.000000 0.000000 0.000000 1.000000 0.000000 0.000000
4.000000 62.963790 7.251185 1.504974 0.535260 0.000000 0.000000 0.000000 1.000000 0.000000 0.000000
4.000000 62.965799 7.489656 1.572058 0.478273 0.000000 0.000000 0.000000 1.000000 0.000000 0.000000
4.000000 62.970525 7.228949 1.707010 0.444063 0.000000 0.000000 0.000000 1.000000 0.000000 0.000000
4.000000 62.973716 7.216333 1.542028 0.463735 0.000000 0.000000 0.000000 1.000000 0.000000 0.000000
4.000000 62.975927 7.333291 1.631084 0.413452 0.000000 0.000000 0.000000 1.000000 0.000000 0.000000
4.000000 62.980498 7.141814 1.717870 0.368897 0.000000 0.000000 0.000000 1.000000 0.000000 0.000000
4.000000 62.983758 7.121014 1.545596 0.388517 0.000000 0.000000 0.000000 1.000000 0.000000 0.000000
4.000000 62.985841 7.251041 1.633237 0.337661 0.000000 0.000000 0.000000 1.000000 0.000000 0.000000
4.000000 62.990488 7.056602 1.729629 0.297935 0.000000 0.000000 0.000000 1.000000 0.000000 0.000000
4.000000 62.993740 7.027363 1.554260 0.317661 0.000000 0.000000 0.000000 1.000000 0.000000 0.000000
4.000000 62.995970 7.152085 1.643438 0.263513 0.000000 0.000000 0.000000 1.000000 0.000000 0.000000
4.000000 63.000768 6.984555 1.742056 0.220330 0.000000 0.000000 0.000000 1.000000 0.000000 0.000000
4.000000 63.003750 6.955190 1.561705 0.238617 0.000000 0.000000 0.000000 1.000000 0.000000 0.000000
4.000000 63.005862 7.076837 1.649911 0.184223 0.000000 0.000000 0.000000 1.000000 0.000000 0.000000
4.000000 63.010428 6.926355 1.750714 0.140886 0.000000 0.000000 0.000000 1.000000 0.000000 0.000000
4.000000 63.013732 6.851880 1.576875 0.177654 0.000000 0.000000 0.000000 1.000000 0.000000 0.000000
4.000000 63.015920 7.038367 1.652405 0.145906 0.000000 0.000000 0.000000 1.000000 0.000000 0.000000
4.000000 63.020555 6.931131 1.777511 0.158918 0.000000 0.000000 0.000000 1.000000 0.000000 0.000000
4.000000 63.023936 6.765447 1.586652 0.229994 0.000000 0.000000 0.000000 1.000000 0.000000 0.000000
4.000000 63.025811 6.984250 1.663692 0.209062 0.000000 0.000000 0.000000 1.000000 0.000000 0.000000
4.000000 63.030502 6.861579 1.779911 0.219481 0.000000 0.000000 0.000000 1.000000 0.000000 0.000000
4.000000 63.034005 6.701226 1.585471 0.284043 0.000000 0.000000 0.000000 1.000000 0.000000 0.000000
4.000000 63.035922 6.950534 1.657711 0.259632 0.000000 0.000000 0.000000 1.000000 0.000000 0.000000
4.000000 63.040577 6.782644 1.780245 0.283518 0.000000 0.000000 0.000000 1.000000 0.000000 0.000000
4.000000 63.043916 6.644600 1.597767 0.343073 0.000000 0.000000 0.000000 1.000000 0.000000 0.000000
4.000000 63.045902 6.882943 1.673098 0.320642 0.000000 0.000000 0.000000 1.000000 0.000000 0.000000
4.000000 63.050453 6.729009 1.786880 0.337236 0.000000 0.000000 0.000000 1.000000 0.000000 0.000000
4.000000 63.054062 6.593499 1.603747 0.395986 0.000000 0.000000 0.000000 1.000000 0.000000 0.000000
4.000000 63.055913 6.840222 1.678297 0.374951 0.000000 0.000000 0.000000 1.000000 0.000000 0.000000
4.000000 63.060526 6.703088 1.794585 0.384889 0.000000 0.000000 0.000000 1.000000 0.000000 0.000000
4.000000 63.063772 6.561471 1.604570 0.440630 0.000000 0.000000 0.000000 1.000000 0.000000 0.000000
4.000000 63.065922 6.830699 1.672317 0.416084 0.000000 0.000000 0.000000 1.000000 0.000000 0.000000
4.000000 63.070519 6.655373 1.804931 0.435748 0.000000 0.000000 0.000000 1.000000 0.000000 0.000000
4.000000 63.074032 6.384204 1.610942 0.539213 0.000000 0.000000 0.000000 1.000000 0.000000 0.000000
4.000000 63.075943 6.656559 1.707389 0.511195 0.000000 0.000000 0.000000 1.000000 0.000000 0.000000
4.000000 63.080622 6.616895 1.818028 0.480853 0.000000 0.000000 0.000000 1.000000 0.000000 0.000000
4.000000 63.084076 6.328137 1.619860 0.591994 0.000000 0.000000 0.000000 1.000000 0.000000 0.000000
4.000000 63.085869 6.592564 1.718473 0.567449 0.000000 0.000000 0.000000 1.000000 0.000000 0.000000
4.000000 63.090669 6.524542 1.811505 0.541000 0.000000 0.000000 0.000000 1.000000 0.000000 0.000000
4.000000 63.094078 6.271610 1.621064 0.638417 0.000000 0.000000 0.000000 1.000000 0.000000 0.000000
4.000000 63.095980 6.564150 1.716707 0.612418 0.000000 0.000000 0.000000 1.000000 0.000000 0.000000
4.000000 63.100614 6.481420 1.818093 0.589593 0.000000 0.000000 0.000000 1.000000 0.000000 0.000000
4.000000 63.103878 6.311510 1.632449 0.654905 0.000000 0.000000 0.000000 1.000000 0.000000 0.000000
4.000000 63.105928 6.601903 1.704737 0.631807 0.000000 0.000000 0.000000 1.000000 0.000000 0.000000
4.000000 63.110552 6.421254 1.827883 0.639740 0.000000 0.000000 0.000000 1.000000 0.000000 0.000000
4.000000 63.114060 6.246302 1.640489 0.704926 0.000000 0.000000 0.000000 1.000000 0.000000 0.000000
4.000000 63.116007 6.562173 1.709790 0.682637 0.000000 0.000000 0.000000 1.000000 0.000000 0.000000
4.000000 63.120530 6.349425 1.837317 0.692969 0.000000 0.000000 0.000000 1.000000 0.000000 0.000000
4.000000 63.123812 6.205976 1.650486 0.749756 0.000000 0.000000 0.000000 1.000000 0.000000 0.000000
4.000000 63.125837 6.507742 1.722280 0.728525 0.000000 0.000000 0.000000 1.000000 0.000000 0.000000
4.000000 63.130542 6.347170 1.850002 0.721010 0.000000 0.000000 0.000000 1.000000 0.000000 0.000000
4.000000 63.133901 6.144093 1.656789 0.797968 0.000000 0.000000 0.000000 1.000000 0.000000 0.000000
4.000000 63.135952 6.440086 1.734744 0.777464 0.000000 0.000000 0.000000 1.000000 0.000000 0.000000
4.000000 63.140566 6.250841 1.844893 0.778772 0.000000 0.000000 0.000000 1.000000 0.000000 0.000000
4.000000 63.143909 6.086061 1.660851 0.842854 0.000000 0.000000 0.000000 1.000000 0.000000 0.000000
4.000000 63.146049 6.400791 1.735143 0.822410 0.000000 0.000000 0.000000 1.000000 0.000000 0.000000
4.000000 63.150678 6.201309 1.852124 0.823146 0.000000 0.000000 0.000000 1.000000 0.000000 0.000000
4.000000 63.153983 6.028696 1.668209 0.889298 0.000000 0.000000 0.000000 1.000000 0.000000 0.000000
4.000000 63.155978 6.352526 1.745956 0.867018 0.000000 0.000000 0.000000 1.000000 0.000000 0.000000
4.000000 63.160553 6.145701 1.853787 0.868649 0.000000 0.000000 0.000000 1.000000 0.000000 0.000000
4.000000 63.163797 5.999437 1.680179 0.930309 0.000000 0.000000 0.000000 1.000000 0.000000 0.000000
4.000000 63.165841 6.292228 1.760122 0.911497 0.000000 0.000000 0.000000 1.000000 0.000000 0.000000
4.000000 63.170507 6.071244 1.866239 0.912642 0.000000 0.000000 0.000000 1.000000 0.000000 0.000000
4.000000 63.173760 5.943643 1.685062 0.965892 0.000000 0.000000 0.000000 1.000000 0.000000 0.000000
4.000000 63.175949 6.241833 1.764783 0.943920 0.000000 0.000000 0.000000 1.000000 0.000000 0.000000
4.000000 63.180569 6.030143 1.866204 0.948489 0.000000 0.000000 0.000000 1.000000 0.000000 0.000000
4.000000 63.183785 5.880277 1.698218 1.014904 0.000000 0.000000 0.000000 1.000000 0.000000 0.000000
4.000000 63.185880 6.170409 1.785139 0.999073 0.000000 0.000000 0.000000 1.000000 0.000000 0.000000
4.000000 63.190743 5.984594 1.875693 0.988791 0.000000 0.000000 0.000000 1.000000 0.000000 0.000000
4.000000 63.193812 5.845930 1.697737 1.044888 0.000000 0.000000 0.000000 1.000000 0.000000 0.000000
4.000000 63.195875 6.163267 1.773130 1.025633 0.000000 0.000000 0.000000 1.000000 0.000000 0.000000
4.000000 63.200519 5.936787 1.883998 1.026224 0.000000 0.000000 0.000000 1.000000 0.000000 0.000000
4.000000 63.203888 5.788747 1.705224 1.085277 0.000000 0.000000 0.000000 1.000000 0.000000 0.000000
4.000000 63.205926 6.108947 1.782063 1.066290 0.000000 0.000000 0.000000 1.000000 0.000000 0.000000
4.000000 63.210589 5.877206 1.892508 1.064845 0.000000 0.000000 0.000000 1.000000 0.000000 0.000000
4.000000 63.213835 5.734118 1.717228 1.123896 0.000000 0.000000 0.000000 1.000000 0.000000 0.000000
4.000000 63.216120 6.048797 1.796236 1.106658 0.000000 0.000000 0.000000 1.000000 0.000000 0.000000
4.000000 63.220615 5.787104 1.893030 1.110280 0.000000 0.000000 0.000000 1.000000 0.000000 0.000000
4.000000 63.223869 5.673170 1.710332 1.153162 0.000000 0.000000 0.000000 1.000000 0.000000 0.000000
4.000000 63.226085 6.023351 1.777929 1.130700 0.000000 0.000000 0.000000 1.000000 0.000000 0.000000
4.000000 63.230522 5.794820 1.906660 1.129946 0.000000 0.000000 0.000000 1.000000 0.000000 0.000000
4.000000 63.233875 5.612018 1.719842 1.193925 0.000000 0.000000 0.000000 1.000000 0.000000 0.000000
4.000000 63.235954 5.989050 1.787709 1.174774 0.000000 0.000000 0.000000 1.000000 0.000000 0.000000
4.000000 63.240622 5.741868 1.915457 1.160924 0.000000 0.000000 0.000000 1.000000 0.000000 0.000000
4.000000 63.243855 5.591472 1.739915 1.222971 0.000000 0.000000 0.000000 1.000000 0.000000 0.000000
4.000000 63.246054 5.914450 1.820663 1.208750 0.000000 0.000000 0.000000 1.000000 0.000000 0.000000
4.000000 63.250540 5.703353 1.919548 1.196597 0.000000 0.000000 0.000000 1.000000 0.000000 0.000000
4.000000 63.253861 5.512055 1.731675 1.261320 0.000000 0.000000 0.000000 1.000000 0.000000 0.000000
4.000000 63.256059 5.888587 1.802240 1.238340 0.000000 0.000000 0.000000 1.000000 0.000000 0.000000
4.000000 63.260643 5.641072 1.927272 1.230942 0.000000 0.000000 0.000000 1.000000 0.000000 0.000000
4.000000 63.263928 5.501101 1.751402 1.287543 0.000000 0.000000 0.000000 1.000000 0.000000 0.000000
4.000000 63.265973 5.816256 1.832871 1.269412 0.000000 0.000000 0.000000 1.000000 0.000000 0.000000
4.000000 63.270577 5.563195 1.934914 1.264443 0.000000 0.000000 0.000000 1.000000 0.000000 0.000000
4.000000 63.273865 5.441125 1.758485 1.316316 0.000000 0.000000 0.000000 1.000000 0.000000 0.000000
4.000000 63.276054 5.739923 1.845264 1.297003 0.000000 0.000000 0.000000 1.000000 0.000000 0.000000
4.000000 63.280660 5.553914 1.949576 1.286646 0.000000 0.000000 0.000000 1.000000 0.000000 0.000000
4.000000 63.283885 5.389009 1.762953 1.348153 0.000000 0.000000 0.000000 1.000000 0.000000 0.000000
4.000000 63.285938 5.712487 1.841759 1.332421 0.000000 0.000000 0.000000 1.000000 0.000000 0.000000
4.000000 63.290563 5.475083 1.941031 1.319939 0.000000 0.000000 0.000000 1.000000 0.000000 0.000000
4.000000 63.293891 5.319788 1.771682 1.382832 0.000000 0.000000 0.000000 1.000000 0.000000 0.000000
4.000000 63.295948 5.646686 1.858135 1.365052 0.000000 0.000000 0.000000 1.000000 0.000000 0.000000
4.000000 63.300689 5.431698 1.950356 1.348256 0.000000 0.000000 0.000000 1.000000 0.000000 0.000000
4.000000 63.303926 5.275533 1.775740 1.410235 0.000000 0.000000 0.000000 1.000000 0.000000 0.000000
4.000000 63.305980 5.591817 1.865093 1.390528 0.000000 0.000000 0.000000 1.000000 0.000000 0.000000
4.000000 63.310721 5.358641 1.952279 1.375773 0.000000 0.000000 0.000000 1.000000 0.000000 0.000000
4.000000 63.313884 5.225402 1.785174 1.433921 0.000000 0.000000 0.000000 1.000000 0.000000 0.000000
4.000000 63.316054 5.549568 1.876342 1.417422 0.000000 0.000000 0.000000 1.000000 0.000000 0.000000
4.000000 63.320697 5.319519 1.963167 1.401777 0.000000 0.000000 0.000000 1.000000 0.000000 0.000000
4.000000 63.324034 5.195214 1.794158 1.457789 0.000000 0.000000 0.000000 1.000000 0.000000 0.000000
4.000000 63.325961 5.482322 1.888006 1.442530 0.000000 0.000000 0.000000 1.000000 0.000000 0.000000
4.000000 63.330646 5.298243 1.980915 1.419326 0.000000 0.000000 0.000000 1.000000 0.000000 0.000000
4.000000 63.333984 5.126459 1.796057 1.483905 0.000000 0.000000 0.000000 1.000000 0.000000 0.000000
4.000000 63.336063 5.442030 1.884894 1.468154 0.000000 0.000000 0.000000 1.000000 0.000000 0.000000
4.000000 63.340694 5.233733 1.980716 1.446529 0.000000 0.000000 0.000000 1.000000 0.000000 0.000000
4.000000 63.343961 5.188479 1.845518 1.502264 0.000000 0.000000 0.000000 1.000000 0.000000 0.000000
4.000000 63.346161 5.303379 1.966887 1.505697 0.000000 0.000000 0.000000 1.000000 0.000000 0.000000
4.000000 63.350578 5.167255 1.982656 1.471585 0.000000 0.000000 0.000000 1.000000 0.000000 0.000000
4.000000 63.353894 4.952882 1.790270 1.539135 0.000000 0.000000 0.000000 1.000000 0.000000 0.000000
4.000000 63.356269 5.405242 1.864272 1.515801 0.000000 0.000000 0.000000 1.000000 0.000000 0.000000
4.000000 63.360726 5.123260 1.995817 1.494013 0.000000 0.000000 0.000000 1.000000 0.000000 0.000000
4.000000 63.363910 4.914519 1.802931 1.561052 0.000000 0.000000 0.000000 1.000000 0.000000 0.000000
4.000000 63.366278 5.342441 1.882667 1.538526 0.000000 0.000000 0.000000 1.000000 0.000000 0.000000
4.000000 63.370632 5.046123 1.986886 1.521297 0.000000 0.000000 0.000000 1.000000 0.000000 0.000000
4.000000 63.374074 4.916855 1.821003 1.577310 0.000000 0.000000 0.000000 1.000000 0.000000 0.000000
4.000000 63.376119 5.257063 1.919081 1.558258 0.000000 0.000000 0.000000 1.000000 0.000000 0.000000
4.000000 63.380691 5.032717 2.010963 1.535797 0.000000 0.000000 0.000000 1.000000 0.000000 0.000000
4.000000 63.384051 4.858655 1.824744 1.599459 0.000000 0.000000 0.000000 1.000000 0.000000 0.000000
4.000000 63.386408 5.195381 1.921090 1.581270 0.000000 0.000000 0.000000 1.000000 0.000000 0.000000
4.000000 63.390647 4.956976 2.009897 1.554059 0.000000 0.000000 0.000000 1.000000 0.000000 0.000000
4.000000 63.394124 4.805148 1.835668 1.613810 0.000000 0.000000 0.000000 1.000000 0.000000 0.000000
4.000000 63.396300 5.167999 1.927284 1.599834 0.000000 0.000000 0.000000 1.000000 0.000000 0.000000
4.000000 63.400755 4.910705 2.014933 1.572931 0.000000 0.000000 0.000000 1.000000 0.000000 0.000000
4.000000 63.404046 4.762233 1.841602 1.632134 0.000000 0.000000 0.000000 1.000000 0.000000 0.000000
4.000000 63.406216 5.114075 1.936919 1.617126 0.000000 0.000000 0.000000 1.000000 0.000000 0.000000
4.000000 63.410781 4.858191 2.025899 1.591463 0.000000 0.000000 0.000000 1.000000 0.000000 0.000000
4.000000 63.414053 4.745121 1.851299 1.635262 0.000000 0.000000 0.000000 1.000000 0.000000 0.000000
4.000000 63.416307 5.089732 1.937093 1.620863 0.000000 0.000000 0.000000 1.000000 0.000000 0.000000
4.000000 63.420735 4.839882 2.038166 1.595633 0.000000 0.000000 0.000000 1.000000 0.000000 0.000000
4.000000 63.424008 4.654780 1.853046 1.658956 0.000000 0.000000 0.000000 1.000000 0.000000 0.000000
4.000000 63.426137 5.021668 1.944793 1.640572 0.000000 0.000000 0.000000 1.000000 0.000000 0.000000
4.000000 63.430590 4.794339 2.037211 1.609275 0.000000 0.000000 0.000000 1.000000 0.000000 0.000000
4.000000 63.434102 4.594672 1.855022 1.679401 0.000000 0.000000 0.000000 1.000000 0.000000 0.000000
4.000000 63.436059 4.980061 1.949947 1.661568 0.000000 0.000000 0.000000 1.000000 0.000000 0.000000
4.000000 63.443978 4.560702 1.867715 1.688520 0.000000 0.000000 0.000000 1.000000 0.000000 0.000000
4.000000 63.446214 4.915710 1.963324 1.671651 0.000000 0.000000 0.000000 1.000000 0.000000 0.000000
4.000000 63.454075 4.525753 1.875598 1.698117 0.000000 0.000000 0.000000 1.000000 0.000000 0.000000
4.000000 63.456251 4.868664 1.973020 1.682311 0.000000 0.000000 0.000000 1.000000 0.000000 0.000000
4.000000 63.464023 4.470736 1.878870 1.710825 0.000000 0.000000 0.000000 1.000000 0.000000 0.000000
4.000000 63.465998 4.832193 1.976436 1.694016 0.000000 0.000000 0.000000 1.000000 0.000000 0.000000
4.000000 63.474148 4.419625 1.883562 1.715679 0.000000 0.000000 0.000000 1.000000 0.000000 0.000000
4.000000 63.476119 4.801144 1.974834 1.700366 0.000000 0.000000 0.000000 1.000000 0.000000 0.000000
4.000000 63.484047 4.346748 1.883414 1.731334 0.000000 0.000000 0.000000 1.000000 0.000000 0.000000
4.000000 63.486070 4.757232 1.975370 1.712489 0.000000 0.000000 0.000000 1.000000 0.000000 0.000000
4.000000 63.494201 4.307446 1.891745 1.737056 0.000000 0.000000 0.000000 1.000000 0.000000 0.000000
4.000000 63.496006 4.698908 1.988134 1.717190 0.000000 0.000000 0.000000 1.000000 0.000000 0.000000
4.000000 63.504052 4.256345 1.900025 1.744833 0.000000 0.000000 0.000000 1.000000 0.000000 0.000000
4.000000 63.506084 4.649789 1.994795 1.725514 0.000000 0.000000 0.000000 1.000000 0.000000 0.000000
4.000000 63.514246 4.219513 1.906804 1.748352 0.000000 0.000000 0.000000 1.000000 0.000000 0.000000
4.000000 63.516110 4.603892 2.001819 1.728276 0.000000 0.000000 0.000000 1.000000 0.000000 0.000000
4.000000 63.524014 4.193046 1.919080 1.753488 0.000000 0.000000 0.000000 1.000000 0.000000 0.000000
4.000000 63.526084 4.521772 2.027867 1.732747 0.000000 0.000000 0.000000 1.000000 0.000000 0.000000
4.000000 63.534117 4.112692 1.916696 1.760144 0.000000 0.000000 0.000000 1.000000 0.000000 0.000000
4.000000 63.536071 4.505016 2.016304 1.740335 0.000000 0.000000 0.000000 1.000000 0.000000 0.000000
4.000000 63.544003 4.099229 1.928695 1.754852 0.000000 0.000000 0.000000 1.000000 0.000000 0.000000
4.000000 63.546170 4.458924 2.026870 1.735114 0.000000 0.000000 0.000000 1.000000 0.000000 0.000000
4.000000 63.554145 4.068063 1.937193 1.755016 0.000000 0.000000 0.000000 1.000000 0.000000 0.000000
4.000000 63.556085 4.403486 2.038735 1.737371 0.000000 0.000000 0.000000 1.000000 0.000000 0.000000
4.000000 63.564194 3.983182 1.939799 1.763248 0.000000 0.000000 0.000000 1.000000 0.000000 0.000000
4.000000 63.566292 4.364296 2.039890 1.742787 0.000000 0.000000 0.000000 1.000000 0.000000 0.000000
4.000000 63.574327 3.934646 1.943293 1.762534 0.000000 0.000000 0.000000 1.000000 0.000000 0.000000
4.000000 63.576131 4.301635 2.049345 1.739434 0.000000 0.000000 0.000000 1.000000 0.000000 0.000000
4.000000 63.584214 3.913641 1.949961 1.751207 0.000000 0.000000 0.000000 1.000000 0.000000 0.000000
4.000000 63.586116 4.284071 2.049079 1.730418 0.000000 0.000000 0.000000 1.000000 0.000000 0.000000
4.000000 63.590683 4.543289 2.047531 1.544095 0.000000 0.000000 0.000000 1.000000 0.000000 0.000000
4.000000 63.596225 4.222819 2.060706 1.730932 0.000000 0.000000 0.000000 1.000000 0.000000 0.000000
4.000000 63.604041 3.862275 1.978171 1.746090 0.000000 0.000000 0.000000 1.000000 0.000000 0.000000
4.000000 63.606271 4.144777 2.094227 1.730542 0.000000 0.000000 0.000000 1.000000 0.000000 0.000000
4.000000 63.614130 3.808819 1.985995 1.745861 0.000000 0.000000 0.000000 1.000000 0.000000 0.000000
4.000000 63.616100 4.078890 2.103624 1.730183 0.000000 0.000000 0.000000 1.000000 0.000000 0.000000
4.000000 63.624082 3.761071 1.986479 1.737386 0.000000 0.000000 0.000000 1.000000 0.000000 0.000000
4.000000 63.626243 4.047787 2.103003 1.722439 0.000000 0.000000 0.000000 1.000000 0.000000 0.000000
4.000000 63.634155 3.704063 1.982254 1.724584 0.000000 0.000000 0.000000 1.000000 0.000000 0.000000
4.000000 63.636152 4.045379 2.087703 1.704278 0.000000 0.000000 0.000000 1.000000 0.000000 0.000000
4.000000 63.644073 3.652773 1.988953 1.719680 0.000000 0.000000 0.000000 1.000000 0.000000 0.000000
4.000000 63.646132 4.001021 2.089573 1.699365 0.000000 0.000000 0.000000 1.000000 0.000000 0.000000
4.000000 63.654167 3.603104 1.998428 1.712573 0.000000 0.000000 0.000000 1.000000 0.000000 0.000000
4.000000 63.656159 3.948761 2.101549 1.689580 0.000000 0.000000 0.000000 1.000000 0.000000 0.000000
4.000000 63.664146 3.533555 1.996178 1.712425 0.000000 0.000000 0.000000 1.000000 0.000000 0.000000
4.000000 63.666154 3.876989 2.112632 1.690863 0.000000 0.000000 0.000000 1.000000 0.000000 0.000000
4.000000 63.674182 3.508297 2.008267 1.697897 0.000000 0.000000 0.000000 1.000000 0.000000 0.000000
4.000000 63.676313 3.831692 2.125727 1.676115 0.000000 0.000000 0.000000 1.000000 0.000000 0.000000
4.000000 63.684077 3.500735 2.017351 1.684039 0.000000 0.000000 0.000000 1.000000 0.000000 0.000000
4.000000 63.686203 3.779052 2.141029 1.664392 0.000000 0.000000 0.000000 1.000000 0.000000 0.000000
4.000000 63.694130 3.421965 2.016948 1.675453 0.000000 0.000000 0.000000 1.000000 0.000000 0.000000
4.000000 63.696176 3.723566 2.139941 1.647858 0.000000 0.000000 0.000000 1.000000 0.000000 0.000000
4.000000 63.704085 3.406366 2.023146 1.650470 0.000000 0.000000 0.000000 1.000000 0.000000 0.000000
4.000000 63.706154 3.716167 2.139126 1.624652 0.000000 0.000000 0.000000 1.000000 0.000000 0.000000
4.000000 63.714313 3.298794 2.013244 1.648843 0.000000 0.000000 0.000000 1.000000 0.000000 0.000000
4.000000 63.716240 3.668264 2.130862 1.616401 0.000000 0.000000 0.000000 1.000000 0.000000 0.000000
4.000000 63.724155 3.313944 2.034965 1.619216 0.000000 0.000000 0.000000 1.000000 0.000000 0.000000
4.000000 63.726241 3.583984 2.166335 1.594846 0.000000 0.000000 0.000000 1.000000 0.000000 0.000000
4.000000 63.734261 3.235733 2.022741 1.616962 0.000000 0.000000 0.000000 1.000000 0.000000 0.000000
4.000000 63.736195 3.549270 2.154103 1.589214 0.000000 0.000000 0.000000 1.000000 0.000000 0.000000
4.000000 63.744185 3.184832 2.023299 1.598915 0.000000 0.000000 0.000000 1.000000 0.000000 0.000000
4.000000 63.746253 3.523484 2.155446 1.571347 0.000000 0.000000 0.000000 1.000000 0.000000 0.000000
4.000000 63.756210 3.509220 2.137043 1.543977 0.000000 0.000000 0.000000 1.000000 0.000000 0.000000
4.000000 63.766264 3.448732 2.154331 1.525082 0.000000 0.000000 0.000000 1.000000 0.000000 0.000000
4.000000 63.776256 3.278512 2.254123 1.525219 0.000000 0.000000 0.000000 1.000000 0.000000 0.000000
4.000000 63.786373 3.286957 2.227203 1.492740 0.000000 0.000000 0.000000 1.000000 0.000000 0.000000
4.000000 63.796212 3.385222 2.130067 1.442597 0.000000 0.000000 0.000000 1.000000 0.000000 0.000000
4.000000 63.806334 3.221737 2.219026 1.438571 0.000000 0.000000 0.000000 1.000000 0.000000 0.000000
4.000000 63.816235 3.198146 2.219110 1.406356 0.000000 0.000000 0.000000 1.000000 0.000000 0.000000
4.000000 63.826346 3.255728 2.143018 1.363015 0.000000 0.000000 0.000000 1.000000 0.000000 0.000000
4.000000 63.836179 3.119834 2.227116 1.355783 0.000000 0.000000 0.000000 1.000000 0.000000 0.000000
4.000000 63.846229 3.183896 2.144914 1.306107 0.000000 0.000000 0.000000 1.000000 0.000000 0.000000
4.000000 63.856385 3.138612 2.154490 1.274769 0.000000 0.000000 0.000000 1.000000 0.000000 0.000000
4.000000 63.866395 2.957370 2.262076 1.269075 0.000000 0.000000 0.000000 1.000000 0.000000 0.000000
4.000000 63.876361 2.921423 2.254237 1.240543 0.000000 0.000000 0.000000 1.000000 0.000000 0.000000
4.000000 63.886489 3.000482 2.175982 1.180975 0.000000 0.000000 0.000000 1.000000 0.000000 0.000000
4.000000 63.896258 2.824245 2.271723 1.166999 0.000000 0.000000 0.000000 1.000000 0.000000 0.000000
4.000000 63.906483 2.894996 2.193141 1.111928 0.000000 0.000000 0.000000 1.000000 0.000000 0.000000
4.000000 63.916326 2.882674 2.185296 1.068189 0.000000 0.000000 0.000000 1.000000 0.000000 0.000000
4.000000 63.926332 2.790199 2.236658 1.036820 0.000000 0.000000 0.000000 1.000000 0.000000 0.000000
4.000000 63.936300 2.728611 2.255786 0.999543 0.000000 0.000000 0.000000 1.000000 0.000000 0.000000
4.000000 63.946309 2.690541 2.251115 0.965294 0.000000 0.000000 0.000000 1.000000 0.000000 0.000000
4.000000 63.956214 2.624903 2.274607 0.931642 0.000000 0.000000 0.000000 1.000000 0.000000 0.000000
4.000000 63.966249 2.614342 2.261281 0.886102 0.000000 0.000000 0.000000 1.000000 0.000000 0.000000
4.000000 63.976277 2.572474 2.274102 0.837319 0.000000 0.000000 0.000000 1.000000 0.000000 0.000000
4.000000 63.986432 2.506143 2.285110 0.806485 0.000000 0.000000 0.000000 1.000000 0.000000 0.000000
4.000000 63.996404 2.463244 2.294589 0.764245 0.000000 0.000000 0.000000 1.000000 0.000000 0.000000
4.000000 64.006493 2.445255 2.293428 0.703277 0.000000 0.000000 0.000000 1.000000 0.000000 0.000000
