2.000000 22.995343 25.441863 -0.213426 0.503706 0.000000 0.000000 0.000000 1.000000 0.000000 0.000000
2.000000 23.005361 25.324760 -0.191700 0.594083 0.000000 0.000000 0.000000 1.000000 0.000000 0.000000
2.000000 23.015452 25.022124 -0.187697 0.658413 0.000000 0.000000 0.000000 1.000000 0.000000 0.000000
2.000000 23.025427 25.034776 -0.187320 0.735288 0.000000 0.000000 0.000000 1.000000 0.000000 0.000000
2.000000 23.035438 24.859129 -0.169863 0.804326 0.000000 0.000000 0.000000 1.000000 0.000000 0.000000
2.000000 23.045445 24.829272 -0.170508 0.877036 0.000000 0.000000 0.000000 1.000000 0.000000 0.000000
2.000000 23.055419 24.820066 -0.188863 0.888886 0.000000 0.000000 0.000000 1.000000 0.000000 0.000000
2.000000 23.065568 24.266632 -0.091462 1.108111 0.000000 0.000000 0.000000 1.000000 0.000000 0.000000
2.000000 23.069390 22.705307 0.104380 1.197409 0.000000 0.000000 0.000000 1.000000 0.000000 0.000000
2.000000 23.075465 24.230005 -0.081183 1.189847 0.000000 0.000000 0.000000 1.000000 0.000000 0.000000
2.000000 23.079099 22.624863 0.116357 1.284083 0.000000 0.000000 0.000000 1.000000 0.000000 0.000000
2.000000 23.085447 24.096334 -0.062933 1.279915 0.000000 0.000000 0.000000 1.000000 0.000000 0.000000
2.000000 23.089452 22.530081 0.126937 1.366817 0.000000 0.000000 0.000000 1.000000 0.000000 0.000000
2.000000 23.095448 23.931106 -0.033746 1.369821 0.000000 0.000000 0.000000 1.000000 0.000000 0.000000
2.000000 23.099281 22.418573 0.144065 1.449265 0.000000 0.000000 0.000000 1.000000 0.000000 0.000000
2.000000 23.105458 23.776019 -0.014928 1.453483 0.000000 0.000000 0.000000 1.000000 0.000000 0.000000
2.000000 23.109469 22.325220 0.151665 1.525354 0.000000 0.000000 0.000000 1.000000 0.000000 0.000000
2.000000 23.115421 23.593296 -0.009203 1.540355 0.000000 0.000000 0.000000 1.000000 0.000000 0.000000
2.000000 23.119255 22.223299 0.150667 1.600643 0.000000 0.000000 0.000000 1.000000 0.000000 0.000000
2.000000 23.125643 23.528597 0.010340 1.609283 0.000000 0.000000 0.000000 1.000000 0.000000 0.000000
2.000000 23.129484 22.115556 0.174210 1.673512 0.000000 0.000000 0.000000 1.000000 0.000000 0.000000
2.000000 23.135444 23.396048 0.030068 1.680664 0.000000 0.000000 0.000000 1.000000 0.000000 0.000000
2.000000 23.139168 22.003011 0.189252 1.740772 0.000000 0.000000 0.000000 1.000000 0.000000 0.000000
2.000000 23.145519 23.294436 0.038211 1.753714 0.000000 0.000000 0.000000 1.000000 0.000000 0.000000
2.000000 23.149207 21.911916 0.200101 1.809989 0.000000 0.000000 0.000000 1.000000 0.000000 0.000000
2.000000 23.155557 23.078212 0.072385 1.837902 0.000000 0.000000 0.000000 1.000000 0.000000 0.000000
2.000000 23.159390 21.798471 0.210415 1.883231 0.000000 0.000000 0.000000 1.000000 0.000000 0.000000
2.000000 23.162418 21.416202 0.177291 1.940555 0.000000 0.000000 0.000000 1.000000 0.000000 0.000000
2.000000 23.165665 22.886567 0.092818 1.906160 0.000000 0.000000 0.000000 1.000000 0.000000 0.000000
2.000000 23.169340 21.674820 0.221587 1.940610 0.000000 0.000000 0.000000 1.000000 0.000000 0.000000
2.000000 23.172368 21.311846 0.185725 2.002857 0.000000 0.000000 0.000000 1.000000 0.000000 0.000000
2.000000 23.175502 22.820819 0.102295 1.974238 0.000000 0.000000 0.000000 1.000000 0.000000 0.000000
2.000000 23.179307 21.580833 0.236508 2.013681 0.000000 0.000000 0.000000 1.000000 0.000000 0.000000
2.000000 23.182470 21.203674 0.203539 2.072149 0.000000 0.000000 0.000000 1.000000 0.000000 0.000000
2.000000 23.185634 22.671406 0.125095 2.051420 0.000000 0.000000 0.000000 1.000000 0.000000 0.000000
2.000000 23.189381 21.502853 0.239820 2.087209 0.000000 0.000000 0.000000 1.000000 0.000000 0.000000
2.000000 23.192430 21.078907 0.219089 2.130464 0.000000 0.000000 0.000000 1.000000 0.000000 0.000000
2.000000 23.195453 22.521431 0.141959 2.112071 0.000000 0.000000 0.000000 1.000000 0.000000 0.000000
2.000000 23.199281 21.367202 0.259010 2.142239 0.000000 0.000000 0.000000 1.000000 0.000000 0.000000
2.000000 23.202348 20.956111 0.224566 2.195633 0.000000 0.000000 0.000000 1.000000 0.000000 0.000000
2.000000 23.205762 22.461902 0.145646 2.184514 0.000000 0.000000 0.000000 1.000000 0.000000 0.000000
2.000000 23.209394 21.301832 0.263473 2.215469 0.000000 0.000000 0.000000 1.000000 0.000000 0.000000
2.000000 23.212321 20.834047 0.241985 2.259524 0.000000 0.000000 0.000000 1.000000 0.000000 0.000000
2.000000 23.215577 22.271139 0.171631 2.236215 0.000000 0.000000 0.000000 1.000000 0.000000 0.000000
2.000000 23.219262 21.113748 0.296252 2.256699 0.000000 0.000000 0.000000 1.000000 0.000000 0.000000
2.000000 23.222294 20.727253 0.255706 2.320227 0.000000 0.000000 0.000000 1.000000 0.000000 0.000000
2.000000 23.225632 22.171911 0.185737 2.314946 0.000000 0.000000 0.000000 1.000000 0.000000 0.000000
2.000000 23.229484 21.108237 0.282980 2.337628 0.000000 0.000000 0.000000 1.000000 0.000000 0.000000
2.000000 23.232322 20.614133 0.279231 2.378619 0.000000 0.000000 0.000000 1.000000 0.000000 0.000000
2.000000 23.235635 21.998832 0.209824 2.379806 0.000000 0.000000 0.000000 1.000000 0.000000 0.000000
2.000000 23.239366 20.985268 0.298103 2.393978 0.000000 0.000000 0.000000 1.000000 0.000000 0.000000
2.000000 23.242362 20.480521 0.294408 2.433836 0.000000 0.000000 0.000000 1.000000 0.000000 0.000000
2.000000 23.245635 21.897822 0.225990 2.439162 0.000000 0.000000 0.000000 1.000000 0.000000 0.000000
2.000000 23.249340 20.890079 0.313560 2.453250 0.000000 0.000000 0.000000 1.000000 0.000000 0.000000
2.000000 23.252307 20.362430 0.305747 2.493492 0.000000 0.000000 0.000000 1.000000 0.000000 0.000000
2.000000 23.255521 21.746204 0.242546 2.500167 0.000000 0.000000 0.000000 1.000000 0.000000 0.000000
2.000000 23.259285 20.784713 0.320837 2.512017 0.000000 0.000000 0.000000 1.000000 0.000000 0.000000
2.000000 23.262357 20.263705 0.323869 2.550062 0.000000 0.000000 0.000000 1.000000 0.000000 0.000000
2.000000 23.265465 21.472200 0.262374 2.569456 0.000000 0.000000 0.000000 1.000000 0.000000 0.000000
2.000000 23.269429 20.686314 0.314594 2.567788 0.000000 0.000000 0.000000 1.000000 0.000000 0.000000
2.000000 23.272317 20.147452 0.339578 2.603759 0.000000 0.000000 0.000000 1.000000 0.000000 0.000000
2.000000 23.275500 21.418269 0.281884 2.618931 0.000000 0.000000 0.000000 1.000000 0.000000 0.000000
2.000000 23.279426 20.579022 0.339686 2.619998 0.000000 0.000000 0.000000 1.000000 0.000000 0.000000
2.000000 23.282322 20.014311 0.344273 2.657529 0.000000 0.000000 0.000000 1.000000 0.000000 0.000000
2.000000 23.285595 21.387176 0.287894 2.674162 0.000000 0.000000 0.000000 1.000000 0.000000 0.000000
2.000000 23.289500 20.527300 0.345343 2.678683 0.000000 0.000000 0.000000 1.000000 0.000000 0.000000
2.000000 23.295526 21.240427 0.308494 2.732264 0.000000 0.000000 0.000000 1.000000 0.000000 0.000000
2.000000 23.299452 20.472429 0.346927 2.732538 0.000000 0.000000 0.000000 1.000000 0.000000 0.000000
2.000000 23.302345 19.784698 0.376987 2.758617 0.000000 0.000000 0.000000 1.000000 0.000000 0.000000
2.000000 23.305613 21.107885 0.324027 2.784497 0.000000 0.000000 0.000000 1.000000 0.000000 0.000000
2.000000 23.309469 20.295766 0.373167 2.786217 0.000000 0.000000 0.000000 1.000000 0.000000 0.000000
2.000000 23.312391 19.660346 0.382000 2.812569 0.000000 0.000000 0.000000 1.000000 0.000000 0.000000
2.000000 23.315531 20.898064 0.332969 2.832479 0.000000 0.000000 0.000000 1.000000 0.000000 0.000000
2.000000 23.319301 20.149077 0.384985 2.822459 0.000000 0.000000 0.000000 1.000000 0.000000 0.000000
2.000000 23.322843 19.544504 0.401067 2.861952 0.000000 0.000000 0.000000 1.000000 0.000000 0.000000
2.000000 23.325596 20.792633 0.356019 2.881753 0.000000 0.000000 0.000000 1.000000 0.000000 0.000000
2.000000 23.329453 20.058118 0.398228 2.872247 0.000000 0.000000 0.000000 1.000000 0.000000 0.000000
2.000000 23.332334 19.434563 0.418730 2.913704 0.000000 0.000000 0.000000 1.000000 0.000000 0.000000
2.000000 23.335500 20.701787 0.376154 2.941624 0.000000 0.000000 0.000000 1.000000 0.000000 0.000000
2.000000 23.339344 20.031921 0.397091 2.934159 0.000000 0.000000 0.000000 1.000000 0.000000 0.000000
2.000000 23.342591 19.309337 0.436122 2.956330 0.000000 0.000000 0.000000 1.000000 0.000000 0.000000
2.000000 23.345604 20.580351 0.394044 2.992617 0.000000 0.000000 0.000000 1.000000 0.000000 0.000000
2.000000 23.349396 19.970018 0.398618 2.985374 0.000000 0.000000 0.000000 1.000000 0.000000 0.000000
2.000000 23.352516 19.191877 0.449629 2.999459 0.000000 0.000000 0.000000 1.000000 0.000000 0.000000
2.000000 23.355918 20.455845 0.406866 3.039372 0.000000 0.000000 0.000000 1.000000 0.000000 0.000000
2.000000 23.359308 19.868577 0.413125 3.026657 0.000000 0.000000 0.000000 1.000000 0.000000 0.000000
2.000000 23.362320 19.072625 0.454755 3.048447 0.000000 0.000000 0.000000 1.000000 0.000000 0.000000
2.000000 23.365573 20.212931 0.417968 3.084872 0.000000 0.000000 0.000000 1.000000 0.000000 0.000000
2.000000 23.369389 19.769907 0.404746 3.064879 0.000000 0.000000 0.000000 1.000000 0.000000 0.000000
2.000000 23.372426 18.960908 0.471802 3.093005 0.000000 0.000000 0.000000 1.000000 0.000000 0.000000
2.000000 23.375571 20.189468 0.438068 3.128953 0.000000 0.000000 0.000000 1.000000 0.000000 0.000000
2.000000 23.379415 19.665906 0.430167 3.116017 0.000000 0.000000 0.000000 1.000000 0.000000 0.000000
2.000000 23.382380 18.835312 0.484856 3.135801 0.000000 0.000000 0.000000 1.000000 0.000000 0.000000
2.000000 23.385625 20.077024 0.453913 3.174593 0.000000 0.000000 0.000000 1.000000 0.000000 0.000000
2.000000 23.389582 19.592700 0.436186 3.163277 0.000000 0.000000 0.000000 1.000000 0.000000 0.000000
2.000000 23.392453 18.730836 0.502534 3.178978 0.000000 0.000000 0.000000 1.000000 0.000000 0.000000
2.000000 23.395525 19.944443 0.470246 3.222773 0.000000 0.000000 0.000000 1.000000 0.000000 0.000000
2.000000 23.399467 19.514568 0.441567 3.203658 0.000000 0.000000 0.000000 1.000000 0.000000 0.000000
2.000000 23.402426 18.589402 0.506696 3.218235 0.000000 0.000000 0.000000 1.000000 0.000000 0.000000
2.000000 23.405692 19.871423 0.477472 3.263228 0.000000 0.000000 0.000000 1.000000 0.000000 0.000000
2.000000 23.410873 18.463074 0.571999 3.119572 0.000000 0.000000 0.000000 1.000000 0.000000 0.000000
2.000000 23.412319 18.452698 0.511616 3.254836 0.000000 0.000000 0.000000 1.000000 0.000000 0.000000
2.000000 23.415706 19.722772 0.488505 3.279927 0.000000 0.000000 0.000000 1.000000 0.000000 0.000000
2.000000 23.419465 19.190743 0.493546 3.261050 0.000000 0.000000 0.000000 1.000000 0.000000 0.000000
2.000000 23.422346 18.351622 0.525662 3.296277 0.000000 0.000000 0.000000 1.000000 0.000000 0.000000
2.000000 23.425658 19.611353 0.504393 3.340586 0.000000 0.000000 0.000000 1.000000 0.000000 0.000000
2.000000 23.429425 19.303532 0.449748 3.328040 0.000000 0.000000 0.000000 1.000000 0.000000 0.000000
2.000000 23.432309 18.224849 0.544289 3.332345 0.000000 0.000000 0.000000 1.000000 0.000000 0.000000
2.000000 23.435683 19.466915 0.525099 3.378988 0.000000 0.000000 0.000000 1.000000 0.000000 0.000000
2.000000 23.439382 19.217915 0.455895 3.366063 0.000000 0.000000 0.000000 1.000000 0.000000 0.000000
2.000000 23.442316 18.114391 0.561450 3.358080 0.000000 0.000000 0.000000 1.000000 0.000000 0.000000
2.000000 23.445686 19.310506 0.543756 3.411910 0.000000 0.000000 0.000000 1.000000 0.000000 0.000000
2.000000 23.449436 19.092441 0.470688 3.406270 0.000000 0.000000 0.000000 1.000000 0.000000 0.000000
2.000000 23.452343 17.951230 0.571608 3.395217 0.000000 0.000000 0.000000 1.000000 0.000000 0.000000
2.000000 23.455564 19.173607 0.558685 3.447002 0.000000 0.000000 0.000000 1.000000 0.000000 0.000000
2.000000 23.459338 19.038551 0.469944 3.441923 0.000000 0.000000 0.000000 1.000000 0.000000 0.000000
2.000000 23.462556 17.859633 0.580323 3.424787 0.000000 0.000000 0.000000 1.000000 0.000000 0.000000
2.000000 23.465900 19.022642 0.571118 3.466020 0.000000 0.000000 0.000000 1.000000 0.000000 0.000000
2.000000 23.469446 18.837230 0.502500 3.459724 0.000000 0.000000 0.000000 1.000000 0.000000 0.000000
2.000000 23.471259 17.784793 0.662752 3.353023 0.000000 0.000000 0.000000 1.000000 0.000000 0.000000
2.000000 23.472431 17.751082 0.603216 3.461749 0.000000 0.000000 0.000000 1.000000 0.000000 0.000000
2.000000 23.475646 18.810663 0.591437 3.509284 0.000000 0.000000 0.000000 1.000000 0.000000 0.000000
2.000000 23.479358 18.709392 0.512617 3.494119 0.000000 0.000000 0.000000 1.000000 0.000000 0.000000
2.000000 23.482464 17.634708 0.622625 3.485028 0.000000 0.000000 0.000000 1.000000 0.000000 0.000000
2.000000 23.489444 18.067751 0.578004 3.527654 0.000000 0.000000 0.000000 1.000000 0.000000 0.000000
2.000000 23.491091 17.554791 0.694240 3.417542 0.000000 0.000000 0.000000 1.000000 0.000000 0.000000
2.000000 23.492439 17.499364 0.626421 3.509350 0.000000 0.000000 0.000000 1.000000 0.000000 0.000000
2.000000 23.499329 18.038573 0.582132 3.555623 0.000000 0.000000 0.000000 1.000000 0.000000 0.000000
2.000000 23.501062 17.443948 0.719551 3.446853 0.000000 0.000000 0.000000 1.000000 0.000000 0.000000
2.000000 23.502383 17.392846 0.657429 3.542009 0.000000 0.000000 0.000000 1.000000 0.000000 0.000000
2.000000 23.509422 17.819106 0.614175 3.587353 0.000000 0.000000 0.000000 1.000000 0.000000 0.000000
2.000000 23.512516 17.268743 0.649883 3.581957 0.000000 0.000000 0.000000 1.000000 0.000000 0.000000
2.000000 23.515684 18.441806 0.650413 3.607169 0.000000 0.000000 0.000000 1.000000 0.000000 0.000000
2.000000 23.519386 18.140477 0.616874 3.594930 0.000000 0.000000 0.000000 1.000000 0.000000 0.000000
2.000000 23.521121 17.230197 0.736994 3.521857 0.000000 0.000000 0.000000 1.000000 0.000000 0.000000
2.000000 23.522472 17.157747 0.667937 3.609178 0.000000 0.000000 0.000000 1.000000 0.000000 0.000000
2.000000 23.525811 18.357695 0.672087 3.641393 0.000000 0.000000 0.000000 1.000000 0.000000 0.000000
2.000000 23.529413 18.245718 0.582163 3.633845 0.000000 0.000000 0.000000 1.000000 0.000000 0.000000
2.000000 23.532427 17.040239 0.683397 3.636474 0.000000 0.000000 0.000000 1.000000 0.000000 0.000000
2.000000 23.535650 18.217501 0.691190 3.641903 0.000000 0.000000 0.000000 1.000000 0.000000 0.000000
2.000000 23.539353 17.800786 0.684506 3.627390 0.000000 0.000000 0.000000 1.000000 0.000000 0.000000
2.000000 23.549449 18.030709 0.606187 3.686381 0.000000 0.000000 0.000000 1.000000 0.000000 0.000000
2.000000 23.555645 18.011127 0.723345 3.706674 0.000000 0.000000 0.000000 1.000000 0.000000 0.000000
2.000000 23.559377 17.829193 0.653374 3.695329 0.000000 0.000000 0.000000 1.000000 0.000000 0.000000
2.000000 23.562587 16.701246 0.730376 3.713608 0.000000 0.000000 0.000000 1.000000 0.000000 0.000000
2.000000 23.569409 17.162598 0.702242 3.751341 0.000000 0.000000 0.000000 1.000000 0.000000 0.000000
2.000000 23.572406 16.583615 0.744494 3.742373 0.000000 0.000000 0.000000 1.000000 0.000000 0.000000
2.000000 23.575696 17.794191 0.758265 3.774128 0.000000 0.000000 0.000000 1.000000 0.000000 0.000000
2.000000 23.579344 17.941116 0.600030 3.763862 0.000000 0.000000 0.000000 1.000000 0.000000 0.000000
2.000000 23.582381 16.488466 0.761266 3.764535 0.000000 0.000000 0.000000 1.000000 0.000000 0.000000
2.000000 23.585701 17.750673 0.778841 3.786181 0.000000 0.000000 0.000000 1.000000 0.000000 0.000000
2.000000 23.589452 17.788282 0.640667 3.775647 0.000000 0.000000 0.000000 1.000000 0.000000 0.000000
2.000000 23.592381 16.325676 0.774131 3.783349 0.000000 0.000000 0.000000 1.000000 0.000000 0.000000
2.000000 23.599457 16.842224 0.749249 3.820879 0.000000 0.000000 0.000000 1.000000 0.000000 0.000000
2.000000 23.601096 16.335864 0.864083 3.728573 0.000000 0.000000 0.000000 1.000000 0.000000 0.000000
2.000000 23.602585 16.204172 0.778878 3.798106 0.000000 0.000000 0.000000 1.000000 0.000000 0.000000
2.000000 23.609507 16.755303 0.759630 3.834133 0.000000 0.000000 0.000000 1.000000 0.000000 0.000000
2.000000 23.611604 16.242753 0.877585 3.751085 0.000000 0.000000 0.000000 1.000000 0.000000 0.000000
2.000000 23.612381 16.099196 0.788198 3.824096 0.000000 0.000000 0.000000 1.000000 0.000000 0.000000
2.000000 23.619636 16.655751 0.770166 3.860709 0.000000 0.000000 0.000000 1.000000 0.000000 0.000000
2.000000 23.621131 16.119912 0.893941 3.775272 0.000000 0.000000 0.000000 1.000000 0.000000 0.000000
2.000000 23.622438 16.009670 0.822087 3.841548 0.000000 0.000000 0.000000 1.000000 0.000000 0.000000
2.000000 23.629551 16.465782 0.803631 3.873145 0.000000 0.000000 0.000000 1.000000 0.000000 0.000000
2.000000 23.631167 16.014335 0.905480 3.795361 0.000000 0.000000 0.000000 1.000000 0.000000 0.000000
2.000000 23.632408 15.903343 0.835134 3.860952 0.000000 0.000000 0.000000 1.000000 0.000000 0.000000
2.000000 23.639477 16.354016 0.818585 3.890296 0.000000 0.000000 0.000000 1.000000 0.000000 0.000000
2.000000 23.641278 15.892282 0.923497 3.805659 0.000000 0.000000 0.000000 1.000000 0.000000 0.000000
2.000000 23.642562 15.773243 0.846498 3.875328 0.000000 0.000000 0.000000 1.000000 0.000000 0.000000
2.000000 23.649561 16.259641 0.827690 3.913272 0.000000 0.000000 0.000000 1.000000 0.000000 0.000000
2.000000 23.652438 15.631625 0.861040 3.899619 0.000000 0.000000 0.000000 1.000000 0.000000 0.000000
2.000000 23.659559 16.167204 0.844652 3.932898 0.000000 0.000000 0.000000 1.000000 0.000000 0.000000
2.000000 23.662571 15.529798 0.869618 3.911031 0.000000 0.000000 0.000000 1.000000 0.000000 0.000000
2.000000 23.669585 16.028915 0.859305 3.939266 0.000000 0.000000 0.000000 1.000000 0.000000 0.000000
2.000000 23.672438 15.439811 0.891230 3.920138 0.000000 0.000000 0.000000 1.000000 0.000000 0.000000
2.000000 23.679551 15.905024 0.880361 3.948421 0.000000 0.000000 0.000000 1.000000 0.000000 0.000000
2.000000 23.681105 15.462213 0.980744 3.870813 0.000000 0.000000 0.000000 1.000000 0.000000 0.000000
2.000000 23.682429 15.351022 0.913496 3.929568 0.000000 0.000000 0.000000 1.000000 0.000000 0.000000
2.000000 23.689532 15.776616 0.900969 3.962211 0.000000 0.000000 0.000000 1.000000 0.000000 0.000000
2.000000 23.692461 15.205474 0.930981 3.942835 0.000000 0.000000 0.000000 1.000000 0.000000 0.000000
2.000000 23.699416 15.668836 0.919608 3.972452 0.000000 0.000000 0.000000 1.000000 0.000000 0.000000
2.000000 23.702574 15.078130 0.943139 3.955266 0.000000 0.000000 0.000000 1.000000 0.000000 0.000000
2.000000 23.709552 15.560866 0.931881 3.978880 0.000000 0.000000 0.000000 1.000000 0.000000 0.000000
2.000000 23.712441 15.049680 0.962204 3.954512 0.000000 0.000000 0.000000 1.000000 0.000000 0.000000
2.000000 23.719475 15.468540 0.947423 3.981389 0.000000 0.000000 0.000000 1.000000 0.000000 0.000000
2.000000 23.722566 14.916041 0.970153 3.959079 0.000000 0.000000 0.000000 1.000000 0.000000 0.000000
2.000000 23.729766 15.382954 0.958500 3.986788 0.000000 0.000000 0.000000 1.000000 0.000000 0.000000
2.000000 23.732536 14.805871 0.992052 3.967360 0.000000 0.000000 0.000000 1.000000 0.000000 0.000000
2.000000 23.739767 15.232906 0.977665 3.993129 0.000000 0.000000 0.000000 1.000000 0.000000 0.000000
2.000000 23.742632 14.717699 1.014477 3.975139 0.000000 0.000000 0.000000 1.000000 0.000000 0.000000
2.000000 23.749530 15.061386 1.001997 3.996588 0.000000 0.000000 0.000000 1.000000 0.000000 0.000000
2.000000 23.752530 14.585801 1.030165 3.974102 0.000000 0.000000 0.000000 1.000000 0.000000 0.000000
2.000000 23.759694 14.958838 1.015509 4.003373 0.000000 0.000000 0.000000 1.000000 0.000000 0.000000
2.000000 23.762614 14.460418 1.039029 3.975174 0.000000 0.000000 0.000000 1.000000 0.000000 0.000000
2.000000 23.769621 14.822341 1.025778 4.002468 0.000000 0.000000 0.000000 1.000000 0.000000 0.000000
2.000000 23.772524 14.349372 1.053592 3.977135 0.000000 0.000000 0.000000 1.000000 0.000000 0.000000
2.000000 23.779549 14.715902 1.042191 4.001549 0.000000 0.000000 0.000000 1.000000 0.000000 0.000000
2.000000 23.782649 14.193032 1.051295 3.980942 0.000000 0.000000 0.000000 1.000000 0.000000 0.000000
2.000000 23.789595 14.663358 1.046480 4.003844 0.000000 0.000000 0.000000 1.000000 0.000000 0.000000
2.000000 23.799668 14.594546 1.057018 4.004153 0.000000 0.000000 0.000000 1.000000 0.000000 0.000000
2.000000 23.802668 13.968706 1.079280 3.983937 0.000000 0.000000 0.000000 1.000000 0.000000 0.000000
2.000000 23.809581 14.422914 1.071006 3.998687 0.000000 0.000000 0.000000 1.000000 0.000000 0.000000
2.000000 23.812567 13.840741 1.085535 3.978360 0.000000 0.000000 0.000000 1.000000 0.000000 0.000000
2.000000 23.822667 13.717414 1.094800 3.978890 0.000000 0.000000 0.000000 1.000000 0.000000 0.000000
2.000000 23.832595 13.609024 1.109187 3.974414 0.000000 0.000000 0.000000 1.000000 0.000000 0.000000
2.000000 23.842673 13.492216 1.123331 3.974294 0.000000 0.000000 0.000000 1.000000 0.000000 0.000000
2.000000 23.852500 13.340564 1.131477 3.956110 0.000000 0.000000 0.000000 1.000000 0.000000 0.000000
2.000000 23.862643 13.242161 1.140928 3.951846 0.000000 0.000000 0.000000 1.000000 0.000000 0.000000
2.000000 23.872531 13.116207 1.148859 3.950076 0.000000 0.000000 0.000000 1.000000 0.000000 0.000000
2.000000 23.882782 12.988005 1.157642 3.944068 0.000000 0.000000 0.000000 1.000000 0.000000 0.000000
2.000000 23.885849 14.125117 1.211572 3.900798 0.000000 0.000000 0.000000 1.000000 0.000000 0.000000
2.000000 23.902758 12.833116 1.197419 3.919751 0.000000 0.000000 0.000000 1.000000 0.000000 0.000000
2.000000 23.905954 13.960423 1.252051 3.880042 0.000000 0.000000 0.000000 1.000000 0.000000 0.000000
2.000000 23.912549 12.642548 1.202305 3.910684 0.000000 0.000000 0.000000 1.000000 0.000000 0.000000
2.000000 23.922670 12.544720 1.212640 3.896713 0.000000 0.000000 0.000000 1.000000 0.000000 0.000000
2.000000 23.925862 13.705029 1.271944 3.876210 0.000000 0.000000 0.000000 1.000000 0.000000 0.000000
2.000000 23.929617 14.085781 1.089782 3.872438 0.000000 0.000000 0.000000 1.000000 0.000000 0.000000
2.000000 23.932621 12.435671 1.231566 3.885030 0.000000 0.000000 0.000000 1.000000 0.000000 0.000000
2.000000 23.935793 13.604026 1.293172 3.855406 0.000000 0.000000 0.000000 1.000000 0.000000 0.000000
2.000000 23.939500 13.827074 1.153156 3.856105 0.000000 0.000000 0.000000 1.000000 0.000000 0.000000
2.000000 23.942675 12.288212 1.236606 3.868166 0.000000 0.000000 0.000000 1.000000 0.000000 0.000000
2.000000 23.945886 13.540646 1.304230 3.869572 0.000000 0.000000 0.000000 1.000000 0.000000 0.000000
2.000000 23.949565 14.170816 1.054605 3.881879 0.000000 0.000000 0.000000 1.000000 0.000000 0.000000
2.000000 23.952702 12.156947 1.249586 3.851805 0.000000 0.000000 0.000000 1.000000 0.000000 0.000000
2.000000 23.955805 13.431317 1.319010 3.857453 0.000000 0.000000 0.000000 1.000000 0.000000 0.000000
2.000000 23.959574 14.160200 1.038943 3.871414 0.000000 0.000000 0.000000 1.000000 0.000000 0.000000
2.000000 23.962766 12.096051 1.269618 3.834498 0.000000 0.000000 0.000000 1.000000 0.000000 0.000000
2.000000 23.965942 13.351135 1.337948 3.844482 0.000000 0.000000 0.000000 1.000000 0.000000 0.000000
2.000000 23.969654 14.071571 1.062382 3.859480 0.000000 0.000000 0.000000 1.000000 0.000000 0.000000
2.000000 23.972676 11.974301 1.284803 3.818599 0.000000 0.000000 0.000000 1.000000 0.000000 0.000000
2.000000 23.975874 13.108207 1.349147 3.808485 0.000000 0.000000 0.000000 1.000000 0.000000 0.000000
2.000000 23.979562 13.398796 1.205199 3.824490 0.000000 0.000000 0.000000 1.000000 0.000000 0.000000
2.000000 23.982718 11.894217 1.301186 3.804991 0.000000 0.000000 0.000000 1.000000 0.000000 0.000000
2.000000 23.985893 13.095027 1.368556 3.811043 0.000000 0.000000 0.000000 1.000000 0.000000 0.000000
2.000000 23.989670 13.695047 1.130818 3.827164 0.000000 0.000000 0.000000 1.000000 0.000000 0.000000
2.000000 23.992745 11.732520 1.302575 3.782823 0.000000 0.000000 0.000000 1.000000 0.000000 0.000000
2.000000 23.995948 12.996902 1.377266 3.772749 0.000000 0.000000 0.000000 1.000000 0.000000 0.000000
2.000000 23.999660 13.376926 1.197403 3.799352 0.000000 0.000000 0.000000 1.000000 0.000000 0.000000
2.000000 24.002701 11.649597 1.315740 3.766976 0.000000 0.000000 0.000000 1.000000 0.000000 0.000000
2.000000 24.005931 12.935316 1.392608 3.768646 0.000000 0.000000 0.000000 1.000000 0.000000 0.000000
2.000000 24.009689 13.516501 1.155028 3.796613 0.000000 0.000000 0.000000 1.000000 0.000000 0.000000
2.000000 24.012616 11.588515 1.343253 3.744136 0.000000 0.000000 0.000000 1.000000 0.000000 0.000000
2.000000 24.015814 12.826058 1.414191 3.744516 0.000000 0.000000 0.000000 1.000000 0.000000 0.000000
2.000000 24.019699 13.299323 1.203861 3.772125 0.000000 0.000000 0.000000 1.000000 0.000000 0.000000
2.000000 24.022879 11.438318 1.354738 3.732596 0.000000 0.000000 0.000000 1.000000 0.000000 0.000000
2.000000 24.026026 12.700653 1.428962 3.731337 0.000000 0.000000 0.000000 1.000000 0.000000 0.000000
2.000000 24.029670 13.169632 1.221777 3.758661 0.000000 0.000000 0.000000 1.000000 0.000000 0.000000
2.000000 24.032751 11.398812 1.374370 3.715963 0.000000 0.000000 0.000000 1.000000 0.000000 0.000000
2.000000 24.035860 12.620167 1.443205 3.714253 0.000000 0.000000 0.000000 1.000000 0.000000 0.000000
2.000000 24.039654 13.081292 1.234034 3.738026 0.000000 0.000000 0.000000 1.000000 0.000000 0.000000
2.000000 24.042768 11.181401 1.374505 3.700424 0.000000 0.000000 0.000000 1.000000 0.000000 0.000000
2.000000 24.045899 12.502610 1.455724 3.691128 0.000000 0.000000 0.000000 1.000000 0.000000 0.000000
2.000000 24.049720 12.898715 1.269667 3.721090 0.000000 0.000000 0.000000 1.000000 0.000000 0.000000
2.000000 24.052741 11.147715 1.398077 3.670364 0.000000 0.000000 0.000000 1.000000 0.000000 0.000000
2.000000 24.055894 12.385738 1.470109 3.663495 0.000000 0.000000 0.000000 1.000000 0.000000 0.000000
2.000000 24.059612 12.721009 1.297437 3.696203 0.000000 0.000000 0.000000 1.000000 0.000000 0.000000
2.000000 24.062777 11.043580 1.413405 3.650002 0.000000 0.000000 0.000000 1.000000 0.000000 0.000000
2.000000 24.065972 12.218564 1.485337 3.630666 0.000000 0.000000 0.000000 1.000000 0.000000 0.000000
2.000000 24.069811 12.407802 1.358196 3.663765 0.000000 0.000000 0.000000 1.000000 0.000000 0.000000
2.000000 24.072684 10.895928 1.417223 3.626726 0.000000 0.000000 0.000000 1.000000 0.000000 0.000000
2.000000 24.076090 12.189274 1.501100 3.602175 0.000000 0.000000 0.000000 1.000000 0.000000 0.000000
2.000000 24.079633 12.443275 1.347747 3.641577 0.000000 0.000000 0.000000 1.000000 0.000000 0.000000
2.000000 24.082739 10.745716 1.432572 3.598494 0.000000 0.000000 0.000000 1.000000 0.000000 0.000000
2.000000 24.086199 12.066380 1.516073 3.577225 0.000000 0.000000 0.000000 1.000000 0.000000 0.000000
2.000000 24.089671 12.359773 1.350212 3.615832 0.000000 0.000000 0.000000 1.000000 0.000000 0.000000
2.000000 24.092820 10.701613 1.452540 3.565924 0.000000 0.000000 0.000000 1.000000 0.000000 0.000000
2.000000 24.096066 11.447814 1.690920 3.570760 0.000000 0.000000 0.000000 1.000000 0.000000 0.000000
2.000000 24.099722 12.180626 1.385150 3.581343 0.000000 0.000000 0.000000 1.000000 0.000000 0.000000
2.000000 24.102827 10.498187 1.456218 3.538584 0.000000 0.000000 0.000000 1.000000 0.000000 0.000000
2.000000 24.106136 11.835354 1.544824 3.505324 0.000000 0.000000 0.000000 1.000000 0.000000 0.000000
2.000000 24.109682 11.985544 1.421413 3.551590 0.000000 0.000000 0.000000 1.000000 0.000000 0.000000
2.000000 24.112635 10.475738 1.476784 3.508497 0.000000 0.000000 0.000000 1.000000 0.000000 0.000000
2.000000 24.115842 11.710943 1.561256 3.476938 0.000000 0.000000 0.000000 1.000000 0.000000 0.000000
2.000000 24.119609 11.844574 1.446261 3.524834 0.000000 0.000000 0.000000 1.000000 0.000000 0.000000
2.000000 24.122861 10.338699 1.481230 3.480234 0.000000 0.000000 0.000000 1.000000 0.000000 0.000000
2.000000 24.125990 11.673489 1.571976 3.440861 0.000000 0.000000 0.000000 1.000000 0.000000 0.000000
2.000000 24.129744 11.815207 1.446092 3.491130 0.000000 0.000000 0.000000 1.000000 0.000000 0.000000
2.000000 24.132845 10.216231 1.500170 3.448704 0.000000 0.000000 0.000000 1.000000 0.000000 0.000000
2.000000 24.135889 11.542173 1.588212 3.409157 0.000000 0.000000 0.000000 1.000000 0.000000 0.000000
2.000000 24.139630 11.647305 1.474618 3.459911 0.000000 0.000000 0.000000 1.000000 0.000000 0.000000
2.000000 24.142964 10.080720 1.502520 3.411284 0.000000 0.000000 0.000000 1.000000 0.000000 0.000000
2.000000 24.146007 11.472818 1.592550 3.370530 0.000000 0.000000 0.000000 1.000000 0.000000 0.000000
2.000000 24.149779 11.542074 1.489968 3.426392 0.000000 0.000000 0.000000 1.000000 0.000000 0.000000
2.000000 24.152751 9.961647 1.519059 3.382686 0.000000 0.000000 0.000000 1.000000 0.000000 0.000000
2.000000 24.155978 11.345565 1.608943 3.338790 0.000000 0.000000 0.000000 1.000000 0.000000 0.000000
2.000000 24.159701 11.415775 1.505351 3.394144 0.000000 0.000000 0.000000 1.000000 0.000000 0.000000
2.000000 24.162810 9.971228 1.541610 3.346088 0.000000 0.000000 0.000000 1.000000 0.000000 0.000000
2.000000 24.165976 11.228192 1.623063 3.296016 0.000000 0.000000 0.000000 1.000000 0.000000 0.000000
2.000000 24.169730 11.191654 1.552168 3.351646 0.000000 0.000000 0.000000 1.000000 0.000000 0.000000
2.000000 24.172816 9.881885 1.555429 3.310238 0.000000 0.000000 0.000000 1.000000 0.000000 0.000000
2.000000 24.176120 11.158742 1.635219 3.262572 0.000000 0.000000 0.000000 1.000000 0.000000 0.000000
2.000000 24.179731 11.182799 1.542114 3.318480 0.000000 0.000000 0.000000 1.000000 0.000000 0.000000
2.000000 24.182783 9.770405 1.568282 3.276187 0.000000 0.000000 0.000000 1.000000 0.000000 0.000000
2.000000 24.186254 11.074659 1.653203 3.222337 0.000000 0.000000 0.000000 1.000000 0.000000 0.000000
2.000000 24.189714 11.055259 1.572082 3.284356 0.000000 0.000000 0.000000 1.000000 0.000000 0.000000
2.000000 24.192823 9.675859 1.592479 3.236632 0.000000 0.000000 0.000000 1.000000 0.000000 0.000000
2.000000 24.196131 10.932695 1.666516 3.184311 0.000000 0.000000 0.000000 1.000000 0.000000 0.000000
2.000000 24.199687 10.905177 1.587737 3.243354 0.000000 0.000000 0.000000 1.000000 0.000000 0.000000
2.000000 24.202905 9.556204 1.597241 3.201256 0.000000 0.000000 0.000000 1.000000 0.000000 0.000000
2.000000 24.206082 10.837014 1.678214 3.142036 0.000000 0.000000 0.000000 1.000000 0.000000 0.000000
2.000000 24.209702 10.799180 1.601637 3.205523 0.000000 0.000000 0.000000 1.000000 0.000000 0.000000
2.000000 24.212731 9.534121 1.618553 3.160349 0.000000 0.000000 0.000000 1.000000 0.000000 0.000000
2.000000 24.215937 10.700839 1.686873 3.099490 0.000000 0.000000 0.000000 1.000000 0.000000 0.000000
2.000000 24.219618 10.581231 1.640679 3.159470 0.000000 0.000000 0.000000 1.000000 0.000000 0.000000
2.000000 24.222975 9.410853 1.626173 3.122649 0.000000 0.000000 0.000000 1.000000 0.000000 0.000000
2.000000 24.226167 10.637092 1.700350 3.058165 0.000000 0.000000 0.000000 1.000000 0.000000 0.000000
2.000000 24.229760 10.548686 1.640061 3.123239 0.000000 0.000000 0.000000 1.000000 0.000000 0.000000
2.000000 24.232635 9.320492 1.640104 3.081876 0.000000 0.000000 0.000000 1.000000 0.000000 0.000000
2.000000 24.235979 10.552765 1.716867 3.009464 0.000000 0.000000 0.000000 1.000000 0.000000 0.000000
2.000000 24.239756 10.428502 1.663634 3.079554 0.000000 0.000000 0.000000 1.000000 0.000000 0.000000
2.000000 24.242807 9.239157 1.670190 3.033394 0.000000 0.000000 0.000000 1.000000 0.000000 0.000000
2.000000 24.246102 10.436318 1.730435 2.969540 0.000000 0.000000 0.000000 1.000000 0.000000 0.000000
2.000000 24.249804 10.320463 1.675682 3.039986 0.000000 0.000000 0.000000 1.000000 0.000000 0.000000
2.000000 24.252704 9.126464 1.679606 2.999232 0.000000 0.000000 0.000000 1.000000 0.000000 0.000000
2.000000 24.255960 10.412083 1.751111 2.912874 0.000000 0.000000 0.000000 1.000000 0.000000 0.000000
2.000000 24.259727 10.223445 1.709166 2.989225 0.000000 0.000000 0.000000 1.000000 0.000000 0.000000
2.000000 24.262769 9.084013 1.695894 2.953568 0.000000 0.000000 0.000000 1.000000 0.000000 0.000000
2.000000 24.266179 10.225685 1.752190 2.876070 0.000000 0.000000 0.000000 1.000000 0.000000 0.000000
2.000000 24.269775 10.032797 1.721430 2.947544 0.000000 0.000000 0.000000 1.000000 0.000000 0.000000
2.000000 24.272701 9.006033 1.714916 2.903432 0.000000 0.000000 0.000000 1.000000 0.000000 0.000000
2.000000 24.276057 10.140533 1.772227 2.829713 0.000000 0.000000 0.000000 1.000000 0.000000 0.000000
2.000000 24.279703 9.995262 1.724848 2.905392 0.000000 0.000000 0.000000 1.000000 0.000000 0.000000
2.000000 24.282784 8.891939 1.728055 2.865278 0.000000 0.000000 0.000000 1.000000 0.000000 0.000000
2.000000 24.286036 10.059508 1.777684 2.782755 0.000000 0.000000 0.000000 1.000000 0.000000 0.000000
2.000000 24.289752 9.874336 1.740817 2.859204 0.000000 0.000000 0.000000 1.000000 0.000000 0.000000
2.000000 24.292716 8.779895 1.746271 2.811889 0.000000 0.000000 0.000000 1.000000 0.000000 0.000000
2.000000 24.295972 9.961583 1.792415 2.726810 0.000000 0.000000 0.000000 1.000000 0.000000 0.000000
2.000000 24.299652 9.760386 1.759726 2.809753 0.000000 0.000000 0.000000 1.000000 0.000000 0.000000
2.000000 24.302747 8.717735 1.762903 2.759421 0.000000 0.000000 0.000000 1.000000 0.000000 0.000000
2.000000 24.306203 9.859020 1.801360 2.673772 0.000000 0.000000 0.000000 1.000000 0.000000 0.000000
2.000000 24.309841 9.629807 1.777607 2.761053 0.000000 0.000000 0.000000 1.000000 0.000000 0.000000
2.000000 24.312668 8.631138 1.770134 2.716781 0.000000 0.000000 0.000000 1.000000 0.000000 0.000000
2.000000 24.315988 9.700711 1.812744 2.623694 0.000000 0.000000 0.000000 1.000000 0.000000 0.000000
2.000000 24.319737 9.415208 1.815331 2.709031 0.000000 0.000000 0.000000 1.000000 0.000000 0.000000
2.000000 24.322839 8.547657 1.784205 2.671697 0.000000 0.000000 0.000000 1.000000 0.000000 0.000000
2.000000 24.326058 9.658674 1.825423 2.575989 0.000000 0.000000 0.000000 1.000000 0.000000 0.000000
2.000000 24.329742 9.406282 1.812187 2.665076 0.000000 0.000000 0.000000 1.000000 0.000000 0.000000
2.000000 24.332688 8.552960 1.819760 2.609839 0.000000 0.000000 0.000000 1.000000 0.000000 0.000000
2.000000 24.336037 9.538597 1.837297 2.519693 0.000000 0.000000 0.000000 1.000000 0.000000 0.000000
2.000000 24.339763 9.248816 1.837291 2.607765 0.000000 0.000000 0.000000 1.000000 0.000000 0.000000
2.000000 24.342773 8.411117 1.829261 2.562837 0.000000 0.000000 0.000000 1.000000 0.000000 0.000000
2.000000 24.346456 9.455617 1.850724 2.457853 0.000000 0.000000 0.000000 1.000000 0.000000 0.000000
2.000000 24.349775 9.125725 1.858481 2.554637 0.000000 0.000000 0.000000 1.000000 0.000000 0.000000
2.000000 24.352719 8.334033 1.834204 2.512345 0.000000 0.000000 0.000000 1.000000 0.000000 0.000000
2.000000 24.356125 9.343608 1.857224 2.420035 0.000000 0.000000 0.000000 1.000000 0.000000 0.000000
2.000000 24.359731 9.076750 1.854618 2.516696 0.000000 0.000000 0.000000 1.000000 0.000000 0.000000
2.000000 24.362803 8.316397 1.864384 2.461752 0.000000 0.000000 0.000000 1.000000 0.000000 0.000000
2.000000 24.366197 9.231488 1.875643 2.371790 0.000000 0.000000 0.000000 1.000000 0.000000 0.000000
2.000000 24.369821 8.991316 1.862233 2.460325 0.000000 0.000000 0.000000 1.000000 0.000000 0.000000
2.000000 24.372749 8.234530 1.881474 2.408829 0.000000 0.000000 0.000000 1.000000 0.000000 0.000000
2.000000 24.376084 9.174764 1.894613 2.301610 0.000000 0.000000 0.000000 1.000000 0.000000 0.000000
2.000000 24.379736 8.888328 1.884946 2.396849 0.000000 0.000000 0.000000 1.000000 0.000000 0.000000
2.000000 24.382820 8.187191 1.909920 2.346880 0.000000 0.000000 0.000000 1.000000 0.000000 0.000000
2.000000 24.386142 9.024938 1.903033 2.252923 0.000000 0.000000 0.000000 1.000000 0.000000 0.000000
2.000000 24.389822 8.753237 1.897274 2.344997 0.000000 0.000000 0.000000 1.000000 0.000000 0.000000
2.000000 24.392761 8.046213 1.914726 2.298445 0.000000 0.000000 0.000000 1.000000 0.000000 0.000000
2.000000 24.396081 8.984008 1.911818 2.180729 0.000000 0.000000 0.000000 1.000000 0.000000 0.000000
2.000000 24.399725 8.651446 1.920027 2.283679 0.000000 0.000000 0.000000 1.000000 0.000000 0.000000
2.000000 24.402838 7.991659 1.931699 2.242403 0.000000 0.000000 0.000000 1.000000 0.000000 0.000000
2.000000 24.406160 8.878175 1.929160 2.128429 0.000000 0.000000 0.000000 1.000000 0.000000 0.000000
2.000000 24.409948 8.564297 1.931979 2.231202 0.000000 0.000000 0.000000 1.000000 0.000000 0.000000
2.000000 24.412796 7.949647 1.947462 2.181813 0.000000 0.000000 0.000000 1.000000 0.000000 0.000000
2.000000 24.416047 8.786756 1.936516 2.066367 0.000000 0.000000 0.000000 1.000000 0.000000 0.000000
2.000000 24.419737 8.439136 1.949412 2.173678 0.000000 0.000000 0.000000 1.000000 0.000000 0.000000
2.000000 24.422936 7.863293 1.968442 2.126216 0.000000 0.000000 0.000000 1.000000 0.000000 0.000000
2.000000 24.426134 8.711953 1.961291 1.999651 0.000000 0.000000 0.000000 1.000000 0.000000 0.000000
2.000000 24.429852 8.359627 1.965227 2.111884 0.000000 0.000000 0.000000 1.000000 0.000000 0.000000
2.000000 24.432763 7.854294 1.992897 2.049056 0.000000 0.000000 0.000000 1.000000 0.000000 0.000000
2.000000 24.436010 8.613611 1.964876 1.939246 0.000000 0.000000 0.000000 1.000000 0.000000 0.000000
2.000000 24.439777 8.285730 1.965439 2.052248 0.000000 0.000000 0.000000 1.000000 0.000000 0.000000
2.000000 24.442925 7.782800 2.010556 1.997654 0.000000 0.000000 0.000000 1.000000 0.000000 0.000000
2.000000 24.446077 8.493507 1.975445 1.888630 0.000000 0.000000 0.000000 1.000000 0.000000 0.000000
2.000000 24.449853 8.193232 1.973704 1.990603 0.000000 0.000000 0.000000 1.000000 0.000000 0.000000
2.000000 24.452745 7.654216 2.016616 1.938846 0.000000 0.000000 0.000000 1.000000 0.000000 0.000000
2.000000 24.455965 8.414738 1.990918 1.812270 0.000000 0.000000 0.000000 1.000000 0.000000 0.000000
2.000000 24.459806 8.084212 1.996796 1.920669 0.000000 0.000000 0.000000 1.000000 0.000000 0.000000
2.000000 24.462962 7.537891 2.026272 1.873345 0.000000 0.000000 0.000000 1.000000 0.000000 0.000000
2.000000 24.466077 8.298054 2.001378 1.744920 0.000000 0.000000 0.000000 1.000000 0.000000 0.000000
2.000000 24.469856 7.962904 2.013214 1.858568 0.000000 0.000000 0.000000 1.000000 0.000000 0.000000
2.000000 24.472754 7.554167 2.060111 1.818486 0.000000 0.000000 0.000000 1.000000 0.000000 0.000000
2.000000 24.476177 8.204473 2.015096 1.697008 0.000000 0.000000 0.000000 1.000000 0.000000 0.000000
2.000000 24.479825 7.899409 2.017267 1.794575 0.000000 0.000000 0.000000 1.000000 0.000000 0.000000
2.000000 24.482871 7.471228 2.083446 1.754619 0.000000 0.000000 0.000000 1.000000 0.000000 0.000000
2.000000 24.486042 8.120160 2.030767 1.625875 0.000000 0.000000 0.000000 1.000000 0.000000 0.000000
2.000000 24.489882 7.810332 2.032230 1.725066 0.000000 0.000000 0.000000 1.000000 0.000000 0.000000
2.000000 24.492798 7.441104 2.105744 1.679868 0.000000 0.000000 0.000000 1.000000 0.000000 0.000000
2.000000 24.496152 8.039087 2.042768 1.559803 0.000000 0.000000 0.000000 1.000000 0.000000 0.000000
2.000000 24.499785 7.729306 2.042038 1.665219 0.000000 0.000000 0.000000 1.000000 0.000000 0.000000
2.000000 24.502860 7.402556 2.128830 1.609660 0.000000 0.000000 0.000000 1.000000 0.000000 0.000000
2.000000 24.506202 7.956097 2.058003 1.493473 0.000000 0.000000 0.000000 1.000000 0.000000 0.000000
2.000000 24.509849 7.676943 2.044577 1.593205 0.000000 0.000000 0.000000 1.000000 0.000000 0.000000
2.000000 24.512824 7.275067 2.128574 1.552176 0.000000 0.000000 0.000000 1.000000 0.000000 0.000000
2.000000 24.516090 7.826859 2.063922 1.436683 0.000000 0.000000 0.000000 1.000000 0.000000 0.000000
2.000000 24.519821 7.560134 2.055140 1.535770 0.000000 0.000000 0.000000 1.000000 0.000000 0.000000
2.000000 24.522909 7.180289 2.141298 1.487123 0.000000 0.000000 0.000000 1.000000 0.000000 0.000000
2.000000 24.526205 7.770987 2.081667 1.352439 0.000000 0.000000 0.000000 1.000000 0.000000 0.000000
2.000000 24.529933 7.471316 2.075580 1.459503 0.000000 0.000000 0.000000 1.000000 0.000000 0.000000
2.000000 24.532831 7.157255 2.170862 1.410715 0.000000 0.000000 0.000000 1.000000 0.000000 0.000000
2.000000 24.536065 7.659808 2.091098 1.288211 0.000000 0.000000 0.000000 1.000000 0.000000 0.000000
2.000000 24.539898 7.359979 2.089377 1.392694 0.000000 0.000000 0.000000 1.000000 0.000000 0.000000
2.000000 24.542929 7.032780 2.167060 1.354060 0.000000 0.000000 0.000000 1.000000 0.000000 0.000000
2.000000 24.546168 7.570555 2.104537 1.213469 0.000000 0.000000 0.000000 1.000000 0.000000 0.000000
2.000000 24.549904 7.258032 2.103676 1.318317 0.000000 0.000000 0.000000 1.000000 0.000000 0.000000
2.000000 24.552847 6.975914 2.191486 1.281792 0.000000 0.000000 0.000000 1.000000 0.000000 0.000000
2.000000 24.556095 7.488335 2.113449 1.144906 0.000000 0.000000 0.000000 1.000000 0.000000 0.000000
2.000000 24.559783 7.154929 2.122061 1.259820 0.000000 0.000000 0.000000 1.000000 0.000000 0.000000
2.000000 24.562918 6.905044 2.207349 1.208776 0.000000 0.000000 0.000000 1.000000 0.000000 0.000000
2.000000 24.566206 7.415540 2.125589 1.067196 0.000000 0.000000 0.000000 1.000000 0.000000 0.000000
2.000000 24.569867 7.081501 2.129838 1.186132 0.000000 0.000000 0.000000 1.000000 0.000000 0.000000
2.000000 24.572825 6.829220 2.221847 1.138774 0.000000 0.000000 0.000000 1.000000 0.000000 0.000000
2.000000 24.576089 7.310148 2.132597 1.000956 0.000000 0.000000 0.000000 1.000000 0.000000 0.000000
2.000000 24.579917 6.975139 2.140481 1.122360 0.000000 0.000000 0.000000 1.000000 0.000000 0.000000
2.000000 24.582914 6.762243 2.247350 1.065716 0.000000 0.000000 0.000000 1.000000 0.000000 0.000000
2.000000 24.586353 7.216712 2.146480 0.922521 0.000000 0.000000 0.000000 1.000000 0.000000 0.000000
2.000000 24.589964 6.879489 2.153511 1.040960 0.000000 0.000000 0.000000 1.000000 0.000000 0.000000
2.000000 24.592811 6.668555 2.252546 0.995592 0.000000 0.000000 0.000000 1.000000 0.000000 0.000000
2.000000 24.596224 7.136793 2.159615 0.846956 0.000000 0.000000 0.000000 1.000000 0.000000 0.000000
2.000000 24.599882 6.796837 2.162629 0.972396 0.000000 0.000000 0.000000 1.000000 0.000000 0.000000
2.000000 24.603126 6.596366 2.266470 0.918736 0.000000 0.000000 0.000000 1.000000 0.000000 0.000000
2.000000 24.606178 7.044429 2.173199 0.769720 0.000000 0.000000 0.000000 1.000000 0.000000 0.000000
2.000000 24.610080 6.704949 2.176619 0.895176 0.000000 0.000000 0.000000 1.000000 0.000000 0.000000
2.000000 24.612904 6.534077 2.283407 0.844100 0.000000 0.000000 0.000000 1.000000 0.000000 0.000000
2.000000 24.616148 6.953672 2.182092 0.696921 0.000000 0.000000 0.000000 1.000000 0.000000 0.000000
2.000000 24.619874 6.619402 2.183614 0.821527 0.000000 0.000000 0.000000 1.000000 0.000000 0.000000
2.000000 24.623083 6.448918 2.292178 0.772133 0.000000 0.000000 0.000000 1.000000 0.000000 0.000000
2.000000 24.626151 6.874450 2.193596 0.617325 0.000000 0.000000 0.000000 1.000000 0.000000 0.000000
2.000000 24.629869 6.541208 2.193858 0.741959 0.000000 0.000000 0.000000 1.000000 0.000000 0.000000
2.000000 24.632977 6.396493 2.314022 0.688256 0.000000 0.000000 0.000000 1.000000 0.000000 0.000000
2.000000 24.636120 6.781204 2.205054 0.539435 0.000000 0.000000 0.000000 1.000000 0.000000 0.000000
2.000000 24.640028 6.429408 2.213389 0.671046 0.000000 0.000000 0.000000 1.000000 0.000000 0.000000
2.000000 24.642992 6.326152 2.341636 0.613171 0.000000 0.000000 0.000000 1.000000 0.000000 0.000000
2.000000 24.646186 6.700831 2.215981 0.459505 0.000000 0.000000 0.000000 1.000000 0.000000 0.000000
2.000000 24.649966 6.364062 2.217091 0.588094 0.000000 0.000000 0.000000 1.000000 0.000000 0.000000
2.000000 24.652878 6.213734 2.337572 0.542551 0.000000 0.000000 0.000000 1.000000 0.000000 0.000000
2.000000 24.656181 6.606527 2.229643 0.380850 0.000000 0.000000 0.000000 1.000000 0.000000 0.000000
2.000000 24.659926 6.279059 2.225396 0.508143 0.000000 0.000000 0.000000 1.000000 0.000000 0.000000
2.000000 24.663005 6.158833 2.353024 0.460176 0.000000 0.000000 0.000000 1.000000 0.000000 0.000000
2.000000 24.666212 6.526706 2.238074 0.296381 0.000000 0.000000 0.000000 1.000000 0.000000 0.000000
2.000000 24.670128 6.189378 2.238739 0.423252 0.000000 0.000000 0.000000 1.000000 0.000000 0.000000
2.000000 24.672881 6.101030 2.372781 0.375110 0.000000 0.000000 0.000000 1.000000 0.000000 0.000000
2.000000 24.676232 6.437874 2.249769 0.218832 0.000000 0.000000 0.000000 1.000000 0.000000 0.000000
2.000000 24.679945 6.110183 2.243579 0.347680 0.000000 0.000000 0.000000 1.000000 0.000000 0.000000
2.000000 24.683006 5.997626 2.380398 0.300726 0.000000 0.000000 0.000000 1.000000 0.000000 0.000000
2.000000 24.686421 6.329600 2.262743 0.142698 0.000000 0.000000 0.000000 1.000000 0.000000 0.000000
2.000000 24.690071 6.016975 2.257900 0.265001 0.000000 0.000000 0.000000 1.000000 0.000000 0.000000
2.000000 24.692908 5.932328 2.399780 0.218069 0.000000 0.000000 0.000000 1.000000 0.000000 0.000000
2.000000 24.696256 6.246473 2.273873 0.061456 0.000000 0.000000 0.000000 1.000000 0.000000 0.000000
2.000000 24.700012 5.925891 2.274294 0.188340 0.000000 0.000000 0.000000 1.000000 0.000000 0.000000
2.000000 24.706301 6.170548 2.284534 -0.001094 0.000000 0.000000 0.000000 1.000000 0.000000 0.000000
2.000000 24.710013 5.790317 2.297990 0.177588 0.000000 0.000000 0.000000 1.000000 0.000000 0.000000
2.000000 24.716212 6.144175 2.285569 0.043986 0.000000 0.000000 0.000000 1.000000 0.000000 0.000000
2.000000 24.720126 5.753914 2.305193 0.228023 0.000000 0.000000 0.000000 1.000000 0.000000 0.000000
2.000000 24.726366 6.092788 2.289138 0.108943 0.000000 0.000000 0.000000 1.000000 0.000000 0.000000
2.000000 24.729977 5.720747 2.302637 0.288343 0.000000 0.000000 0.000000 1.000000 0.000000 0.000000
2.000000 24.736151 6.050734 2.292384 0.169643 0.000000 0.000000 0.000000 1.000000 0.000000 0.000000
2.000000 24.740100 5.667104 2.309298 0.353110 0.000000 0.000000 0.000000 1.000000 0.000000 0.000000
2.000000 24.746432 6.018674 2.293599 0.225123 0.000000 0.000000 0.000000 1.000000 0.000000 0.000000
2.000000 24.750069 5.627106 2.314379 0.414906 0.000000 0.000000 0.000000 1.000000 0.000000 0.000000
2.000000 24.756205 5.970813 2.301231 0.284247 0.000000 0.000000 0.000000 1.000000 0.000000 0.000000
2.000000 24.759981 5.590594 2.319751 0.469889 0.000000 0.000000 0.000000 1.000000 0.000000 0.000000
2.000000 24.766295 5.936825 2.307336 0.337074 0.000000 0.000000 0.000000 1.000000 0.000000 0.000000
2.000000 24.769976 5.545661 2.328603 0.526648 0.000000 0.000000 0.000000 1.000000 0.000000 0.000000
2.000000 24.776316 5.881747 2.310813 0.395849 0.000000 0.000000 0.000000 1.000000 0.000000 0.000000
2.000000 24.779922 5.497589 2.332613 0.579786 0.000000 0.000000 0.000000 1.000000 0.000000 0.000000
2.000000 24.786195 5.851033 2.314503 0.451576 0.000000 0.000000 0.000000 1.000000 0.000000 0.000000
2.000000 24.789924 5.441342 2.349460 0.648702 0.000000 0.000000 0.000000 1.000000 0.000000 0.000000
2.000000 24.796129 5.803527 2.317821 0.500996 0.000000 0.000000 0.000000 1.000000 0.000000 0.000000
2.000000 24.799918 5.414440 2.342059 0.688992 0.000000 0.000000 0.000000 1.000000 0.000000 0.000000
2.000000 24.806430 5.773567 2.320275 0.551837 0.000000 0.000000 0.000000 1.000000 0.000000 0.000000
2.000000 24.810072 5.382650 2.342794 0.743630 0.000000 0.000000 0.000000 1.000000 0.000000 0.000000
2.000000 24.816191 5.729044 2.323303 0.604015 0.000000 0.000000 0.000000 1.000000 0.000000 0.000000
2.000000 24.819965 5.341938 2.349508 0.791745 0.000000 0.000000 0.000000 1.000000 0.000000 0.000000
2.000000 24.826283 5.688434 2.327055 0.654491 0.000000 0.000000 0.000000 1.000000 0.000000 0.000000
2.000000 24.830007 5.302279 2.352622 0.845699 0.000000 0.000000 0.000000 1.000000 0.000000 0.000000
2.000000 24.836189 5.646874 2.333808 0.698911 0.000000 0.000000 0.000000 1.000000 0.000000 0.000000
2.000000 24.839921 5.247955 2.363953 0.891237 0.000000 0.000000 0.000000 1.000000 0.000000 0.000000
2.000000 24.846277 5.618980 2.336869 0.742231 0.000000 0.000000 0.000000 1.000000 0.000000 0.000000
2.000000 24.850067 5.217474 2.370874 0.938308 0.000000 0.000000 0.000000 1.000000 0.000000 0.000000
2.000000 24.856253 5.567544 2.339678 0.788408 0.000000 0.000000 0.000000 1.000000 0.000000 0.000000
2.000000 24.859973 5.176070 2.370864 0.975388 0.000000 0.000000 0.000000 1.000000 0.000000 0.000000
2.000000 24.866249 5.533775 2.343275 0.836731 0.000000 0.000000 0.000000 1.000000 0.000000 0.000000
2.000000 24.870114 5.169062 2.365620 1.019519 0.000000 0.000000 0.000000 1.000000 0.000000 0.000000
2.000000 24.876179 5.495693 2.350045 0.881947 0.000000 0.000000 0.000000 1.000000 0.000000 0.000000
2.000000 24.880040 5.133157 2.372849 1.060892 0.000000 0.000000 0.000000 1.000000 0.000000 0.000000
2.000000 24.886266 5.449264 2.356399 0.925732 0.000000 0.000000 0.000000 1.000000 0.000000 0.000000
2.000000 24.890231 5.077881 2.378728 1.112404 0.000000 0.000000 0.000000 1.000000 0.000000 0.000000
2.000000 24.896233 5.427169 2.354221 0.961578 0.000000 0.000000 0.000000 1.000000 0.000000 0.000000
2.000000 24.899945 5.046457 2.383416 1.151237 0.000000 0.000000 0.000000 1.000000 0.000000 0.000000
2.000000 24.906325 5.389586 2.356916 1.002387 0.000000 0.000000 0.000000 1.000000 0.000000 0.000000
2.000000 24.910116 5.017362 2.383122 1.188586 0.000000 0.000000 0.000000 1.000000 0.000000 0.000000
2.000000 24.916224 5.343055 2.360458 1.044509 0.000000 0.000000 0.000000 1.000000 0.000000 0.000000
2.000000 24.920036 4.972324 2.387913 1.230153 0.000000 0.000000 0.000000 1.000000 0.000000 0.000000
2.000000 24.926291 5.317590 2.364385 1.077384 0.000000 0.000000 0.000000 1.000000 0.000000 0.000000
2.000000 24.930035 4.928804 2.394988 1.268563 0.000000 0.000000 0.000000 1.000000 0.000000 0.000000
2.000000 24.936213 5.273254 2.366276 1.114386 0.000000 0.000000 0.000000 1.000000 0.000000 0.000000
2.000000 24.940003 4.892156 2.394538 1.305931 0.000000 0.000000 0.000000 1.000000 0.000000 0.000000
2.000000 24.946332 5.238646 2.369252 1.143481 0.000000 0.000000 0.000000 1.000000 0.000000 0.000000
2.000000 24.950127 4.841179 2.406308 1.341946 0.000000 0.000000 0.000000 1.000000 0.000000 0.000000
2.000000 24.956301 5.197008 2.370011 1.174836 0.000000 0.000000 0.000000 1.000000 0.000000 0.000000
2.000000 24.959979 4.802761 2.406463 1.373423 0.000000 0.000000 0.000000 1.000000 0.000000 0.000000
2.000000 24.966324 5.171584 2.368725 1.212112 0.000000 0.000000 0.000000 1.000000 0.000000 0.000000
2.000000 24.970120 4.776493 2.404701 1.418774 0.000000 0.000000 0.000000 1.000000 0.000000 0.000000
2.000000 24.976226 5.148571 2.371141 1.241099 0.000000 0.000000 0.000000 1.000000 0.000000 0.000000
2.000000 24.980016 4.748239 2.410223 1.447593 0.000000 0.000000 0.000000 1.000000 0.000000 0.000000
2.000000 24.986242 5.118486 2.367084 1.264917 0.000000 0.000000 0.000000 1.000000 0.000000 0.000000
2.000000 24.990146 4.640872 2.441924 1.491273 0.000000 0.000000 0.000000 1.000000 0.000000 0.000000
2.000000 25.000169 4.634456 2.434064 1.521596 0.000000 0.000000 0.000000 1.000000 0.000000 0.000000
2.000000 25.010166 4.603488 2.431210 1.551444 0.000000 0.000000 0.000000 1.000000 0.000000 0.000000
2.000000 25.020043 4.554400 2.437125 1.582786 0.000000 0.000000 0.000000 1.000000 0.000000 0.000000
2.000000 25.030106 4.506988 2.444343 1.607998 0.000000 0.000000 0.000000 1.000000 0.000000 0.000000
2.000000 25.040070 4.439464 2.463759 1.645570 0.000000 0.000000 0.000000 1.000000 0.000000 0.000000
2.000000 25.050072 4.432659 2.457595 1.660059 0.000000 0.000000 0.000000 1.000000 0.000000 0.000000
2.000000 25.060220 4.408130 2.453730 1.681448 0.000000 0.000000 0.000000 1.000000 0.000000 0.000000
2.000000 25.070229 4.370259 2.458787 1.708833 0.000000 0.000000 0.000000 1.000000 0.000000 0.000000
2.000000 25.080156 4.327151 2.460120 1.728336 0.000000 0.000000 0.000000 1.000000 0.000000 0.000000
2.000000 25.090244 4.270754 2.476047 1.751101 0.000000 0.000000 0.000000 1.000000 0.000000 0.000000
2.000000 25.100196 4.251915 2.471073 1.776551 0.000000 0.000000 0.000000 1.000000 0.000000 0.000000
2.000000 25.110208 4.190317 2.474727 1.792791 0.000000 0.000000 0.000000 1.000000 0.000000 0.000000
2.000000 25.120171 4.209721 2.465000 1.803918 0.000000 0.000000 0.000000 1.000000 0.000000 0.000000
2.000000 25.130088 4.155952 2.468481 1.817418 0.000000 0.000000 0.000000 1.000000 0.000000 0.000000
2.000000 25.139977 4.110471 2.488163 1.835266 0.000000 0.000000 0.000000 1.000000 0.000000 0.000000
2.000000 25.150116 4.052761 2.496952 1.860515 0.000000 0.000000 0.000000 1.000000 0.000000 0.000000
2.000000 25.160037 4.031379 2.483117 1.868334 0.000000 0.000000 0.000000 1.000000 0.000000 0.000000
2.000000 25.170116 3.992456 2.493681 1.885673 0.000000 0.000000 0.000000 1.000000 0.000000 0.000000
2.000000 25.180046 3.925691 2.500688 1.898303 0.000000 0.000000 0.000000 1.000000 0.000000 0.000000
2.000000 25.190162 3.923988 2.500225 1.915306 0.000000 0.000000 0.000000 1.000000 0.000000 0.000000
2.000000 25.200025 3.895476 2.501569 1.919474 0.000000 0.000000 0.000000 1.000000 0.000000 0.000000
2.000000 25.210108 3.843473 2.506035 1.931014 0.000000 0.000000 0.000000 1.000000 0.000000 0.000000
2.000000 25.220062 3.817519 2.512765 1.942501 0.000000 0.000000 0.000000 1.000000 0.000000 0.000000
2.000000 25.230167 3.792181 2.509478 1.947873 0.000000 0.000000 0.000000 1.000000 0.000000 0.000000
2.000000 25.240118 3.691307 2.545193 1.964575 0.000000 0.000000 0.000000 1.000000 0.000000 0.000000
2.000000 25.250145 3.695259 2.522079 1.961953 0.000000 0.000000 0.000000 1.000000 0.000000 0.000000
2.000000 25.260100 3.665027 2.527174 1.957568 0.000000 0.000000 0.000000 1.000000 0.000000 0.000000
2.000000 25.270150 3.637495 2.526383 1.964790 0.000000 0.000000 0.000000 1.000000 0.000000 0.000000
2.000000 25.280144 3.579955 2.540023 1.966453 0.000000 0.000000 0.000000 1.000000 0.000000 0.000000
2.000000 25.290216 3.550391 2.540865 1.967832 0.000000 0.000000 0.000000 1.000000 0.000000 0.000000
2.000000 25.300165 3.507023 2.544844 1.973073 0.000000 0.000000 0.000000 1.000000 0.000000 0.000000
2.000000 25.310195 3.441509 2.554786 1.967280 0.000000 0.000000 0.000000 1.000000 0.000000 0.000000
2.000000 25.320162 3.455895 2.545373 1.965859 0.000000 0.000000 0.000000 1.000000 0.000000 0.000000
2.000000 25.330209 3.397631 2.552545 1.963931 0.000000 0.000000 0.000000 1.000000 0.000000 0.000000
2.000000 25.340113 3.329166 2.582707 1.960810 0.000000 0.000000 0.000000 1.000000 0.000000 0.000000
2.000000 25.350203 3.329538 2.560819 1.953637 0.000000 0.000000 0.000000 1.000000 0.000000 0.000000
2.000000 25.360163 3.278547 2.571568 1.937962 0.000000 0.000000 0.000000 1.000000 0.000000 0.000000
2.000000 25.370221 3.241617 2.572479 1.936782 0.000000 0.000000 0.000000 1.000000 0.000000 0.000000
2.000000 25.380246 3.201433 2.575853 1.928026 0.000000 0.000000 0.000000 1.000000 0.000000 0.000000
2.000000 25.390260 3.131920 2.599269 1.921149 0.000000 0.000000 0.000000 1.000000 0.000000 0.000000
2.000000 25.400182 3.119346 2.589075 1.910365 0.000000 0.000000 0.000000 1.000000 0.000000 0.000000
2.000000 25.410204 3.089775 2.588923 1.896140 0.000000 0.000000 0.000000 1.000000 0.000000 0.000000
2.000000 25.420383 3.048982 2.593422 1.886210 0.000000 0.000000 0.000000 1.000000 0.000000 0.000000
2.000000 25.430243 3.020207 2.596930 1.872848 0.000000 0.000000 0.000000 1.000000 0.000000 0.000000
2.000000 25.440247 2.957125 2.611181 1.861818 0.000000 0.000000 0.000000 1.000000 0.000000 0.000000
2.000000 25.450258 2.941953 2.605535 1.845406 0.000000 0.000000 0.000000 1.000000 0.000000 0.000000
2.000000 25.460260 2.895427 2.614376 1.830405 0.000000 0.000000 0.000000 1.000000 0.000000 0.000000
2.000000 25.470235 2.874315 2.608079 1.809220 0.000000 0.000000 0.000000 1.000000 0.000000 0.000000
2.000000 25.480294 2.839889 2.612416 1.790655 0.000000 0.000000 0.000000 1.000000 0.000000 0.000000
2.000000 25.490208 2.792475 2.621084 1.773400 0.000000 0.000000 0.000000 1.000000 0.000000 0.000000
2.000000 25.500270 2.768005 2.621042 1.751095 0.000000 0.000000 0.000000 1.000000 0.000000 0.000000
2.000000 25.510265 2.728586 2.621460 1.728524 0.000000 0.000000 0.000000 1.000000 0.000000 0.000000
2.000000 25.520279 2.693991 2.630583 1.704936 0.000000 0.000000 0.000000 1.000000 0.000000 0.000000
2.000000 25.530240 2.678109 2.624802 1.674555 0.000000 0.000000 0.000000 1.000000 0.000000 0.000000
2.000000 25.540288 2.625220 2.634985 1.656836 0.000000 0.000000 0.000000 1.000000 0.000000 0.000000
2.000000 25.550300 2.592450 2.642595 1.633041 0.000000 0.000000 0.000000 1.000000 0.000000 0.000000
2.000000 25.560266 2.541089 2.643704 1.602041 0.000000 0.000000 0.000000 1.000000 0.000000 0.000000
2.000000 25.570249 2.515786 2.648480 1.577018 0.000000 0.000000 0.000000 1.000000 0.000000 0.000000
2.000000 25.580239 2.472309 2.654650 1.551498 0.000000 0.000000 0.000000 1.000000 0.000000 0.000000
2.000000 25.590375 2.434776 2.666758 1.524366 0.000000 0.000000 0.000000 1.000000 0.000000 0.000000
2.000000 25.600334 2.411929 2.660252 1.492664 0.000000 0.000000 0.000000 1.000000 0.000000 0.000000
2.000000 25.610456 2.365417 2.662381 1.463887 0.000000 0.000000 0.000000 1.000000 0.000000 0.000000
2.000000 25.620466 2.329952 2.668060 1.426804 0.000000 0.000000 0.000000 1.000000 0.000000 0.000000
2.000000 25.630476 2.285510 2.676579 1.394927 0.000000 0.000000 0.000000 1.000000 0.000000 0.000000
2.000000 25.640307 2.265242 2.671174 1.358777 0.000000 0.000000 0.000000 1.000000 0.000000 0.000000
2.000000 25.650385 2.234523 2.681019 1.321308 0.000000 0.000000 0.000000 1.000000 0.000000 0.000000
2.000000 25.660383 2.189585 2.682458 1.289306 0.000000 0.000000 0.000000 1.000000 0.000000 0.000000
2.000000 25.670542 2.165499 2.685705 1.249157 0.000000 0.000000 0.000000 1.000000 0.000000 0.000000
2.000000 25.680458 2.149107 2.681538 1.201149 0.000000 0.000000 0.000000 1.000000 0.000000 0.000000
2.000000 25.690446 2.108639 2.686860 1.164110 0.000000 0.000000 0.000000 1.000000 0.000000 0.000000
2.000000 25.700347 2.077586 2.692400 1.123066 0.000000 0.000000 0.000000 1.000000 0.000000 0.000000
2.000000 25.710379 2.038747 2.693689 1.077173 0.000000 0.000000 0.000000 1.000000 0.000000 0.000000
2.000000 25.720354 2.005287 2.699679 1.041937 0.000000 0.000000 0.000000 1.000000 0.000000 0.000000
2.000000 25.730384 1.986095 2.695688 0.989467 0.000000 0.000000 0.000000 1.000000 0.000000 0.000000
2.000000 25.740274 1.960731 2.693663 0.947322 0.000000 0.000000 0.000000 1.000000 0.000000 0.000000
