7.000000 72.056502 25.472989 -0.268416 0.415192 0.000000 0.000000 0.000000 1.000000 0.000000 0.000000
7.000000 72.066614 25.103714 -0.245993 0.578427 0.000000 0.000000 0.000000 1.000000 0.000000 0.000000
7.000000 72.076531 25.017704 -0.237025 0.647455 0.000000 0.000000 0.000000 1.000000 0.000000 0.000000
7.000000 72.086651 24.949303 -0.246225 0.751132 0.000000 0.000000 0.000000 1.000000 0.000000 0.000000
7.000000 72.096477 24.763731 -0.229396 0.853145 0.000000 0.000000 0.000000 1.000000 0.000000 0.000000
7.000000 72.106540 24.661732 -0.226392 0.916313 0.000000 0.000000 0.000000 1.000000 0.000000 0.000000
7.000000 72.116511 24.487001 -0.208085 0.997831 0.000000 0.000000 0.000000 1.000000 0.000000 0.000000
7.000000 72.126538 24.395407 -0.225719 1.091307 0.000000 0.000000 0.000000 1.000000 0.000000 0.000000
7.000000 72.129905 22.770627 -0.013290 1.195621 0.000000 0.000000 0.000000 1.000000 0.000000 0.000000
7.000000 72.136580 24.230059 -0.210098 1.174709 0.000000 0.000000 0.000000 1.000000 0.000000 0.000000
7.000000 72.139699 22.669374 -0.014506 1.279180 0.000000 0.000000 0.000000 1.000000 0.000000 0.000000
7.000000 72.146510 24.046986 -0.193852 1.266755 0.000000 0.000000 0.000000 1.000000 0.000000 0.000000
7.000000 72.149902 22.561298 -0.011377 1.357861 0.000000 0.000000 0.000000 1.000000 0.000000 0.000000
7.000000 72.156593 23.922780 -0.196531 1.342913 0.000000 0.000000 0.000000 1.000000 0.000000 0.000000
7.000000 72.159746 22.440396 -0.008533 1.426350 0.000000 0.000000 0.000000 1.000000 0.000000 0.000000
7.000000 72.166562 23.818872 -0.193813 1.414952 0.000000 0.000000 0.000000 1.000000 0.000000 0.000000
7.000000 72.169897 22.340509 -0.005829 1.492821 0.000000 0.000000 0.000000 1.000000 0.000000 0.000000
7.000000 72.176718 23.686780 -0.186701 1.509839 0.000000 0.000000 0.000000 1.000000 0.000000 0.000000
7.000000 72.179767 22.294378 -0.020297 1.590151 0.000000 0.000000 0.000000 1.000000 0.000000 0.000000
7.000000 72.186584 23.672962 -0.198159 1.553210 0.000000 0.000000 0.000000 1.000000 0.000000 0.000000
7.000000 72.189948 22.169404 -0.006616 1.650819 0.000000 0.000000 0.000000 1.000000 0.000000 0.000000
7.000000 72.196549 23.414491 -0.168729 1.647237 0.000000 0.000000 0.000000 1.000000 0.000000 0.000000
7.000000 72.199726 22.068917 -0.010829 1.722380 0.000000 0.000000 0.000000 1.000000 0.000000 0.000000
7.000000 72.206595 23.208675 -0.145173 1.729088 0.000000 0.000000 0.000000 1.000000 0.000000 0.000000
7.000000 72.209898 21.968012 -0.008662 1.789398 0.000000 0.000000 0.000000 1.000000 0.000000 0.000000
7.000000 72.216459 23.098736 -0.142341 1.796182 0.000000 0.000000 0.000000 1.000000 0.000000 0.000000
7.000000 72.219868 21.874013 -0.008421 1.857404 0.000000 0.000000 0.000000 1.000000 0.000000 0.000000
7.000000 72.226620 22.966778 -0.129834 1.869504 0.000000 0.000000 0.000000 1.000000 0.000000 0.000000
7.000000 72.229924 21.783106 -0.006349 1.923511 0.000000 0.000000 0.000000 1.000000 0.000000 0.000000
7.000000 72.236487 22.825275 -0.124277 1.937748 0.000000 0.000000 0.000000 1.000000 0.000000 0.000000
7.000000 72.239813 21.687395 -0.005379 1.986894 0.000000 0.000000 0.000000 1.000000 0.000000 0.000000
7.000000 72.242890 21.151572 -0.034764 2.024935 0.000000 0.000000 0.000000 1.000000 0.000000 0.000000
7.000000 72.246606 22.709604 -0.127372 2.002747 0.000000 0.000000 0.000000 1.000000 0.000000 0.000000
7.000000 72.249910 21.575485 -0.005865 2.052618 0.000000 0.000000 0.000000 1.000000 0.000000 0.000000
7.000000 72.252783 21.051478 -0.022999 2.092624 0.000000 0.000000 0.000000 1.000000 0.000000 0.000000
7.000000 72.256504 22.552046 -0.112208 2.075345 0.000000 0.000000 0.000000 1.000000 0.000000 0.000000
7.000000 72.259887 21.478515 -0.004442 2.116679 0.000000 0.000000 0.000000 1.000000 0.000000 0.000000
7.000000 72.263122 20.940986 -0.018844 2.147857 0.000000 0.000000 0.000000 1.000000 0.000000 0.000000
7.000000 72.266642 22.418020 -0.104639 2.123747 0.000000 0.000000 0.000000 1.000000 0.000000 0.000000
7.000000 72.269908 21.322623 0.012028 2.158637 0.000000 0.000000 0.000000 1.000000 0.000000 0.000000
7.000000 72.272898 20.825676 -0.015102 2.207693 0.000000 0.000000 0.000000 1.000000 0.000000 0.000000
7.000000 72.276533 22.243571 -0.098180 2.203689 0.000000 0.000000 0.000000 1.000000 0.000000 0.000000
7.000000 72.279890 21.310065 -0.014263 2.237261 0.000000 0.000000 0.000000 1.000000 0.000000 0.000000
7.000000 72.283158 20.708744 -0.006168 2.265665 0.000000 0.000000 0.000000 1.000000 0.000000 0.000000
7.000000 72.286694 22.106530 -0.091018 2.264407 0.000000 0.000000 0.000000 1.000000 0.000000 0.000000
7.000000 72.289976 21.190530 -0.008245 2.288095 0.000000 0.000000 0.000000 1.000000 0.000000 0.000000
7.000000 72.292974 20.581864 -0.007653 2.322859 0.000000 0.000000 0.000000 1.000000 0.000000 0.000000
7.000000 72.296639 22.010677 -0.090628 2.322532 0.000000 0.000000 0.000000 1.000000 0.000000 0.000000
7.000000 72.299917 21.079306 -0.004245 2.349404 0.000000 0.000000 0.000000 1.000000 0.000000 0.000000
7.000000 72.303069 20.454754 -0.002687 2.377095 0.000000 0.000000 0.000000 1.000000 0.000000 0.000000
7.000000 72.306636 21.851948 -0.081452 2.381787 0.000000 0.000000 0.000000 1.000000 0.000000 0.000000
7.000000 72.309944 20.993606 -0.007498 2.407157 0.000000 0.000000 0.000000 1.000000 0.000000 0.000000
7.000000 72.312977 20.354307 0.006630 2.430978 0.000000 0.000000 0.000000 1.000000 0.000000 0.000000
7.000000 72.316583 21.713716 -0.073729 2.446487 0.000000 0.000000 0.000000 1.000000 0.000000 0.000000
7.000000 72.319949 20.920633 -0.014287 2.465480 0.000000 0.000000 0.000000 1.000000 0.000000 0.000000
7.000000 72.322923 20.235023 0.005898 2.488520 0.000000 0.000000 0.000000 1.000000 0.000000 0.000000
7.000000 72.326622 21.616390 -0.069688 2.501575 0.000000 0.000000 0.000000 1.000000 0.000000 0.000000
7.000000 72.329994 20.833627 -0.012804 2.522593 0.000000 0.000000 0.000000 1.000000 0.000000 0.000000
7.000000 72.332846 20.122366 0.009255 2.542582 0.000000 0.000000 0.000000 1.000000 0.000000 0.000000
7.000000 72.336580 21.475412 -0.062724 2.556762 0.000000 0.000000 0.000000 1.000000 0.000000 0.000000
7.000000 72.339891 20.757619 -0.017747 2.572977 0.000000 0.000000 0.000000 1.000000 0.000000 0.000000
7.000000 72.343061 19.994083 0.013141 2.591045 0.000000 0.000000 0.000000 1.000000 0.000000 0.000000
7.000000 72.346651 21.345421 -0.056655 2.609666 0.000000 0.000000 0.000000 1.000000 0.000000 0.000000
7.000000 72.349872 20.667997 -0.020706 2.627442 0.000000 0.000000 0.000000 1.000000 0.000000 0.000000
7.000000 72.352953 19.873610 0.021021 2.639651 0.000000 0.000000 0.000000 1.000000 0.000000 0.000000
7.000000 72.356636 21.185765 -0.048717 2.661990 0.000000 0.000000 0.000000 1.000000 0.000000 0.000000
7.000000 72.359954 20.519044 -0.007295 2.674774 0.000000 0.000000 0.000000 1.000000 0.000000 0.000000
7.000000 72.363133 19.764474 0.022782 2.692199 0.000000 0.000000 0.000000 1.000000 0.000000 0.000000
7.000000 72.366703 21.020208 -0.043013 2.725361 0.000000 0.000000 0.000000 1.000000 0.000000 0.000000
7.000000 72.369969 20.524150 -0.039518 2.735251 0.000000 0.000000 0.000000 1.000000 0.000000 0.000000
7.000000 72.372947 19.645358 0.032274 2.735713 0.000000 0.000000 0.000000 1.000000 0.000000 0.000000
7.000000 72.376624 20.895638 -0.032360 2.766289 0.000000 0.000000 0.000000 1.000000 0.000000 0.000000
7.000000 72.379944 20.381883 -0.023439 2.772926 0.000000 0.000000 0.000000 1.000000 0.000000 0.000000
7.000000 72.382890 19.531328 0.035721 2.787172 0.000000 0.000000 0.000000 1.000000 0.000000 0.000000
7.000000 72.386699 20.818562 -0.026613 2.817126 0.000000 0.000000 0.000000 1.000000 0.000000 0.000000
7.000000 72.390016 20.316483 -0.024887 2.825437 0.000000 0.000000 0.000000 1.000000 0.000000 0.000000
7.000000 72.392987 19.413520 0.039917 2.830285 0.000000 0.000000 0.000000 1.000000 0.000000 0.000000
7.000000 72.396574 20.678664 -0.022330 2.869165 0.000000 0.000000 0.000000 1.000000 0.000000 0.000000
7.000000 72.399957 20.225186 -0.028450 2.878224 0.000000 0.000000 0.000000 1.000000 0.000000 0.000000
7.000000 72.403230 19.270347 0.025689 2.864181 0.000000 0.000000 0.000000 1.000000 0.000000 0.000000
7.000000 72.406825 20.626700 -0.036326 2.901852 0.000000 0.000000 0.000000 1.000000 0.000000 0.000000
7.000000 72.409971 20.145297 -0.028559 2.915970 0.000000 0.000000 0.000000 1.000000 0.000000 0.000000
7.000000 72.416699 20.356606 -0.009050 2.968498 0.000000 0.000000 0.000000 1.000000 0.000000 0.000000
7.000000 72.419983 20.104102 -0.054341 2.967044 0.000000 0.000000 0.000000 1.000000 0.000000 0.000000
7.000000 72.423072 19.074216 0.053209 2.967916 0.000000 0.000000 0.000000 1.000000 0.000000 0.000000
7.000000 72.426617 20.287007 -0.000249 3.005430 0.000000 0.000000 0.000000 1.000000 0.000000 0.000000
7.000000 72.430063 20.014170 -0.044025 3.003755 0.000000 0.000000 0.000000 1.000000 0.000000 0.000000
7.000000 72.432991 18.939310 0.051784 3.007187 0.000000 0.000000 0.000000 1.000000 0.000000 0.000000
7.000000 72.436831 20.195753 -0.001622 3.043540 0.000000 0.000000 0.000000 1.000000 0.000000 0.000000
7.000000 72.440132 19.871578 -0.032363 3.045017 0.000000 0.000000 0.000000 1.000000 0.000000 0.000000
7.000000 72.443162 18.825449 0.061537 3.048565 0.000000 0.000000 0.000000 1.000000 0.000000 0.000000
7.000000 72.446800 20.023446 0.011807 3.087233 0.000000 0.000000 0.000000 1.000000 0.000000 0.000000
7.000000 72.450022 19.810159 -0.044053 3.085046 0.000000 0.000000 0.000000 1.000000 0.000000 0.000000
7.000000 72.453070 18.696297 0.064653 3.079501 0.000000 0.000000 0.000000 1.000000 0.000000 0.000000
7.000000 72.456790 19.931391 0.014121 3.125543 0.000000 0.000000 0.000000 1.000000 0.000000 0.000000
7.000000 72.459941 19.759129 -0.050346 3.126249 0.000000 0.000000 0.000000 1.000000 0.000000 0.000000
7.000000 72.463320 18.586940 0.065640 3.120782 0.000000 0.000000 0.000000 1.000000 0.000000 0.000000
7.000000 72.466877 19.800013 0.016242 3.167587 0.000000 0.000000 0.000000 1.000000 0.000000 0.000000
7.000000 72.469970 19.681493 -0.058683 3.163560 0.000000 0.000000 0.000000 1.000000 0.000000 0.000000
7.000000 72.472899 18.480331 0.073301 3.161047 0.000000 0.000000 0.000000 1.000000 0.000000 0.000000
7.000000 72.476690 19.676579 0.028468 3.208073 0.000000 0.000000 0.000000 1.000000 0.000000 0.000000
7.000000 72.479890 19.643720 -0.069874 3.206580 0.000000 0.000000 0.000000 1.000000 0.000000 0.000000
7.000000 72.483084 18.362496 0.079845 3.199750 0.000000 0.000000 0.000000 1.000000 0.000000 0.000000
7.000000 72.486702 19.542702 0.037597 3.244924 0.000000 0.000000 0.000000 1.000000 0.000000 0.000000
7.000000 72.489952 19.542369 -0.063008 3.240218 0.000000 0.000000 0.000000 1.000000 0.000000 0.000000
7.000000 72.492954 18.219427 0.066065 3.234920 0.000000 0.000000 0.000000 1.000000 0.000000 0.000000
7.000000 72.496831 19.482603 0.022992 3.279413 0.000000 0.000000 0.000000 1.000000 0.000000 0.000000
7.000000 72.499919 19.404601 -0.055884 3.280444 0.000000 0.000000 0.000000 1.000000 0.000000 0.000000
7.000000 72.503093 18.108238 0.080243 3.264501 0.000000 0.000000 0.000000 1.000000 0.000000 0.000000
7.000000 72.506845 19.322811 0.039177 3.314589 0.000000 0.000000 0.000000 1.000000 0.000000 0.000000
7.000000 72.510026 19.370030 -0.070822 3.313648 0.000000 0.000000 0.000000 1.000000 0.000000 0.000000
7.000000 72.512949 17.981573 0.077530 3.291553 0.000000 0.000000 0.000000 1.000000 0.000000 0.000000
7.000000 72.516944 19.167977 0.035995 3.345126 0.000000 0.000000 0.000000 1.000000 0.000000 0.000000
7.000000 72.519867 19.242972 -0.072779 3.340539 0.000000 0.000000 0.000000 1.000000 0.000000 0.000000
7.000000 72.523051 17.857081 0.072485 3.326683 0.000000 0.000000 0.000000 1.000000 0.000000 0.000000
7.000000 72.526733 19.104685 0.034602 3.375732 0.000000 0.000000 0.000000 1.000000 0.000000 0.000000
7.000000 72.529886 19.186925 -0.075718 3.376799 0.000000 0.000000 0.000000 1.000000 0.000000 0.000000
7.000000 72.532979 17.748539 0.085813 3.361224 0.000000 0.000000 0.000000 1.000000 0.000000 0.000000
7.000000 72.536775 18.923370 0.050929 3.409158 0.000000 0.000000 0.000000 1.000000 0.000000 0.000000
7.000000 72.539918 19.071450 -0.072548 3.405473 0.000000 0.000000 0.000000 1.000000 0.000000 0.000000
7.000000 72.543138 17.638297 0.090420 3.385172 0.000000 0.000000 0.000000 1.000000 0.000000 0.000000
7.000000 72.546828 18.814408 0.056764 3.435477 0.000000 0.000000 0.000000 1.000000 0.000000 0.000000
7.000000 72.549992 18.951710 -0.065114 3.438786 0.000000 0.000000 0.000000 1.000000 0.000000 0.000000
7.000000 72.552957 17.500693 0.094071 3.404677 0.000000 0.000000 0.000000 1.000000 0.000000 0.000000
7.000000 72.556741 18.739559 0.061338 3.461816 0.000000 0.000000 0.000000 1.000000 0.000000 0.000000
7.000000 72.559963 18.933673 -0.076538 3.474412 0.000000 0.000000 0.000000 1.000000 0.000000 0.000000
7.000000 72.563273 17.361991 0.091766 3.432893 0.000000 0.000000 0.000000 1.000000 0.000000 0.000000
7.000000 72.566943 18.559990 0.061168 3.491934 0.000000 0.000000 0.000000 1.000000 0.000000 0.000000
7.000000 72.569956 18.824055 -0.086878 3.503279 0.000000 0.000000 0.000000 1.000000 0.000000 0.000000
7.000000 72.572995 17.261193 0.094343 3.459683 0.000000 0.000000 0.000000 1.000000 0.000000 0.000000
7.000000 72.576828 18.447611 0.067632 3.500441 0.000000 0.000000 0.000000 1.000000 0.000000 0.000000
7.000000 72.579940 18.594705 -0.045700 3.506437 0.000000 0.000000 0.000000 1.000000 0.000000 0.000000
7.000000 72.583085 17.152202 0.099099 3.487342 0.000000 0.000000 0.000000 1.000000 0.000000 0.000000
7.000000 72.586949 18.361728 0.073638 3.526951 0.000000 0.000000 0.000000 1.000000 0.000000 0.000000
7.000000 72.589994 18.532790 -0.049784 3.535100 0.000000 0.000000 0.000000 1.000000 0.000000 0.000000
7.000000 72.592995 17.037428 0.105862 3.509056 0.000000 0.000000 0.000000 1.000000 0.000000 0.000000
7.000000 72.596767 18.206962 0.082778 3.543614 0.000000 0.000000 0.000000 1.000000 0.000000 0.000000
7.000000 72.599970 18.360299 -0.033151 3.551251 0.000000 0.000000 0.000000 1.000000 0.000000 0.000000
7.000000 72.603119 16.902372 0.099486 3.538287 0.000000 0.000000 0.000000 1.000000 0.000000 0.000000
7.000000 72.606999 18.092778 0.072947 3.581519 0.000000 0.000000 0.000000 1.000000 0.000000 0.000000
7.000000 72.610043 18.277856 -0.041686 3.579582 0.000000 0.000000 0.000000 1.000000 0.000000 0.000000
7.000000 72.613014 16.814701 0.121747 3.547249 0.000000 0.000000 0.000000 1.000000 0.000000 0.000000
7.000000 72.616701 17.766856 0.100595 3.593511 0.000000 0.000000 0.000000 1.000000 0.000000 0.000000
7.000000 72.619918 18.040465 -0.026159 3.593038 0.000000 0.000000 0.000000 1.000000 0.000000 0.000000
7.000000 72.623163 16.706470 0.121769 3.571047 0.000000 0.000000 0.000000 1.000000 0.000000 0.000000
7.000000 72.626801 17.817030 0.104221 3.600890 0.000000 0.000000 0.000000 1.000000 0.000000 0.000000
7.000000 72.629987 18.012218 -0.020313 3.614276 0.000000 0.000000 0.000000 1.000000 0.000000 0.000000
7.000000 72.633144 16.581192 0.119903 3.603671 0.000000 0.000000 0.000000 1.000000 0.000000 0.000000
7.000000 72.639997 17.222954 0.081426 3.650409 0.000000 0.000000 0.000000 1.000000 0.000000 0.000000
7.000000 72.643179 16.471678 0.129474 3.617087 0.000000 0.000000 0.000000 1.000000 0.000000 0.000000
7.000000 72.647109 17.570979 0.111044 3.651765 0.000000 0.000000 0.000000 1.000000 0.000000 0.000000
7.000000 72.650049 17.815101 -0.019039 3.656071 0.000000 0.000000 0.000000 1.000000 0.000000 0.000000
7.000000 72.652941 16.340739 0.131311 3.628962 0.000000 0.000000 0.000000 1.000000 0.000000 0.000000
7.000000 72.656778 17.475611 0.115323 3.668694 0.000000 0.000000 0.000000 1.000000 0.000000 0.000000
7.000000 72.660152 17.808940 -0.034658 3.679137 0.000000 0.000000 0.000000 1.000000 0.000000 0.000000
7.000000 72.666910 16.629035 0.349953 3.656938 0.000000 0.000000 0.000000 1.000000 0.000000 0.000000
7.000000 72.670104 17.753733 -0.047972 3.703969 0.000000 0.000000 0.000000 1.000000 0.000000 0.000000
7.000000 72.673034 16.140397 0.146557 3.677995 0.000000 0.000000 0.000000 1.000000 0.000000 0.000000
7.000000 72.676862 17.222243 0.132593 3.703466 0.000000 0.000000 0.000000 1.000000 0.000000 0.000000
7.000000 72.680159 17.507216 -0.008085 3.705931 0.000000 0.000000 0.000000 1.000000 0.000000 0.000000
7.000000 72.683109 16.030908 0.156368 3.695216 0.000000 0.000000 0.000000 1.000000 0.000000 0.000000
7.000000 72.686847 17.080342 0.142423 3.723853 0.000000 0.000000 0.000000 1.000000 0.000000 0.000000
7.000000 72.690091 17.403486 -0.005836 3.722745 0.000000 0.000000 0.000000 1.000000 0.000000 0.000000
7.000000 72.696754 16.316533 0.364508 3.695516 0.000000 0.000000 0.000000 1.000000 0.000000 0.000000
7.000000 72.699963 17.335281 -0.006477 3.737505 0.000000 0.000000 0.000000 1.000000 0.000000 0.000000
7.000000 72.706825 16.201963 0.377914 3.712504 0.000000 0.000000 0.000000 1.000000 0.000000 0.000000
7.000000 72.710181 17.304750 -0.017738 3.754242 0.000000 0.000000 0.000000 1.000000 0.000000 0.000000
7.000000 72.716684 16.077902 0.369759 3.721359 0.000000 0.000000 0.000000 1.000000 0.000000 0.000000
7.000000 72.720064 17.111648 -0.001416 3.767826 0.000000 0.000000 0.000000 1.000000 0.000000 0.000000
7.000000 72.726849 16.030753 0.396591 3.747769 0.000000 0.000000 0.000000 1.000000 0.000000 0.000000
7.000000 72.730292 17.282501 -0.043894 3.786301 0.000000 0.000000 0.000000 1.000000 0.000000 0.000000
7.000000 72.733013 15.462499 0.179469 3.753693 0.000000 0.000000 0.000000 1.000000 0.000000 0.000000
7.000000 72.736700 16.590309 0.172367 3.777351 0.000000 0.000000 0.000000 1.000000 0.000000 0.000000
7.000000 72.739962 17.028191 -0.009067 3.787360 0.000000 0.000000 0.000000 1.000000 0.000000 0.000000
7.000000 72.743112 15.375299 0.184698 3.769640 0.000000 0.000000 0.000000 1.000000 0.000000 0.000000
7.000000 72.746807 16.541375 0.177062 3.796154 0.000000 0.000000 0.000000 1.000000 0.000000 0.000000
7.000000 72.750054 17.033193 -0.022536 3.805030 0.000000 0.000000 0.000000 1.000000 0.000000 0.000000
7.000000 72.756755 15.667915 0.406027 3.774061 0.000000 0.000000 0.000000 1.000000 0.000000 0.000000
7.000000 72.760089 16.847559 -0.009800 3.814976 0.000000 0.000000 0.000000 1.000000 0.000000 0.000000
7.000000 72.763103 15.133862 0.198895 3.776945 0.000000 0.000000 0.000000 1.000000 0.000000 0.000000
7.000000 72.766837 16.197064 0.193171 3.813695 0.000000 0.000000 0.000000 1.000000 0.000000 0.000000
7.000000 72.770090 16.730793 -0.008746 3.828137 0.000000 0.000000 0.000000 1.000000 0.000000 0.000000
7.000000 72.773122 15.020695 0.200543 3.786734 0.000000 0.000000 0.000000 1.000000 0.000000 0.000000
7.000000 72.776743 16.070715 0.197047 3.811259 0.000000 0.000000 0.000000 1.000000 0.000000 0.000000
7.000000 72.780129 16.542955 0.011791 3.825296 0.000000 0.000000 0.000000 1.000000 0.000000 0.000000
7.000000 72.781754 15.026275 0.268842 3.755099 0.000000 0.000000 0.000000 1.000000 0.000000 0.000000
7.000000 72.786895 15.349657 0.404703 3.792400 0.000000 0.000000 0.000000 1.000000 0.000000 0.000000
7.000000 72.790371 16.430074 0.017466 3.828629 0.000000 0.000000 0.000000 1.000000 0.000000 0.000000
7.000000 72.791539 14.906302 0.270809 3.765162 0.000000 0.000000 0.000000 1.000000 0.000000 0.000000
7.000000 72.793002 14.800191 0.205642 3.805367 0.000000 0.000000 0.000000 1.000000 0.000000 0.000000
7.000000 72.796817 15.908017 0.201787 3.826653 0.000000 0.000000 0.000000 1.000000 0.000000 0.000000
7.000000 72.800216 16.367814 0.017094 3.837801 0.000000 0.000000 0.000000 1.000000 0.000000 0.000000
7.000000 72.801489 14.798920 0.278056 3.768989 0.000000 0.000000 0.000000 1.000000 0.000000 0.000000
7.000000 72.806906 15.126873 0.413748 3.800045 0.000000 0.000000 0.000000 1.000000 0.000000 0.000000
7.000000 72.810166 16.152638 0.042908 3.837789 0.000000 0.000000 0.000000 1.000000 0.000000 0.000000
7.000000 72.813063 14.573823 0.218381 3.803377 0.000000 0.000000 0.000000 1.000000 0.000000 0.000000
7.000000 72.816749 15.563048 0.216611 3.817355 0.000000 0.000000 0.000000 1.000000 0.000000 0.000000
7.000000 72.820255 15.887717 0.076953 3.832323 0.000000 0.000000 0.000000 1.000000 0.000000 0.000000
7.000000 72.821517 14.594575 0.286398 3.779945 0.000000 0.000000 0.000000 1.000000 0.000000 0.000000
7.000000 72.826816 14.908766 0.414414 3.810532 0.000000 0.000000 0.000000 1.000000 0.000000 0.000000
7.000000 72.830140 15.907434 0.054198 3.843994 0.000000 0.000000 0.000000 1.000000 0.000000 0.000000
7.000000 72.831573 14.474708 0.291811 3.776438 0.000000 0.000000 0.000000 1.000000 0.000000 0.000000
7.000000 72.836764 14.780511 0.416047 3.794936 0.000000 0.000000 0.000000 1.000000 0.000000 0.000000
7.000000 72.840178 15.669612 0.087525 3.830459 0.000000 0.000000 0.000000 1.000000 0.000000 0.000000
7.000000 72.846878 14.662451 0.431604 3.794773 0.000000 0.000000 0.000000 1.000000 0.000000 0.000000
7.000000 72.850148 15.539085 0.106188 3.826491 0.000000 0.000000 0.000000 1.000000 0.000000 0.000000
7.000000 72.856821 14.563687 0.430153 3.805405 0.000000 0.000000 0.000000 1.000000 0.000000 0.000000
7.000000 72.860256 15.495617 0.088893 3.838503 0.000000 0.000000 0.000000 1.000000 0.000000 0.000000
7.000000 72.865231 14.043011 0.250349 3.805498 0.000000 0.000000 0.000000 1.000000 0.000000 0.000000
7.000000 72.866854 14.456780 0.430806 3.809497 0.000000 0.000000 0.000000 1.000000 0.000000 0.000000
7.000000 72.870152 15.369145 0.098203 3.836368 0.000000 0.000000 0.000000 1.000000 0.000000 0.000000
7.000000 72.873107 13.923581 0.240438 3.799765 0.000000 0.000000 0.000000 1.000000 0.000000 0.000000
7.000000 72.876859 14.953275 0.241402 3.815038 0.000000 0.000000 0.000000 1.000000 0.000000 0.000000
7.000000 72.880140 15.322246 0.090930 3.833496 0.000000 0.000000 0.000000 1.000000 0.000000 0.000000
7.000000 72.883147 13.824565 0.252982 3.794235 0.000000 0.000000 0.000000 1.000000 0.000000 0.000000
7.000000 72.886952 14.801690 0.254671 3.800402 0.000000 0.000000 0.000000 1.000000 0.000000 0.000000
7.000000 72.890234 15.103379 0.122760 3.818249 0.000000 0.000000 0.000000 1.000000 0.000000 0.000000
7.000000 72.891848 13.812865 0.326881 3.767996 0.000000 0.000000 0.000000 1.000000 0.000000 0.000000
7.000000 72.893139 13.667024 0.255177 3.776157 0.000000 0.000000 0.000000 1.000000 0.000000 0.000000
7.000000 72.897058 14.645474 0.258130 3.784496 0.000000 0.000000 0.000000 1.000000 0.000000 0.000000
7.000000 72.900231 14.841217 0.161694 3.816468 0.000000 0.000000 0.000000 1.000000 0.000000 0.000000
7.000000 72.901724 13.794214 0.322770 3.769945 0.000000 0.000000 0.000000 1.000000 0.000000 0.000000
7.000000 72.903150 13.654583 0.255124 3.764834 0.000000 0.000000 0.000000 1.000000 0.000000 0.000000
7.000000 72.906834 14.553779 0.257983 3.776217 0.000000 0.000000 0.000000 1.000000 0.000000 0.000000
7.000000 72.910337 14.821659 0.138142 3.809461 0.000000 0.000000 0.000000 1.000000 0.000000 0.000000
7.000000 72.913085 13.415295 0.251961 3.763927 0.000000 0.000000 0.000000 1.000000 0.000000 0.000000
7.000000 72.916791 14.475072 0.253946 3.773383 0.000000 0.000000 0.000000 1.000000 0.000000 0.000000
7.000000 72.919972 14.710732 0.143844 3.802133 0.000000 0.000000 0.000000 1.000000 0.000000 0.000000
7.000000 72.923307 13.328587 0.253993 3.754642 0.000000 0.000000 0.000000 1.000000 0.000000 0.000000
7.000000 72.927050 14.381308 0.258473 3.757918 0.000000 0.000000 0.000000 1.000000 0.000000 0.000000
7.000000 72.930307 14.602931 0.151754 3.792491 0.000000 0.000000 0.000000 1.000000 0.000000 0.000000
7.000000 72.931469 13.405862 0.335179 3.745074 0.000000 0.000000 0.000000 1.000000 0.000000 0.000000
7.000000 72.933115 13.274266 0.270958 3.747880 0.000000 0.000000 0.000000 1.000000 0.000000 0.000000
7.000000 72.936879 14.226152 0.274688 3.754791 0.000000 0.000000 0.000000 1.000000 0.000000 0.000000
7.000000 72.940092 14.477078 0.157729 3.789100 0.000000 0.000000 0.000000 1.000000 0.000000 0.000000
7.000000 72.943305 13.112866 0.267085 3.736908 0.000000 0.000000 0.000000 1.000000 0.000000 0.000000
7.000000 72.946984 14.158692 0.269752 3.742348 0.000000 0.000000 0.000000 1.000000 0.000000 0.000000
7.000000 72.950356 14.352493 0.170334 3.776908 0.000000 0.000000 0.000000 1.000000 0.000000 0.000000
7.000000 72.953080 12.966666 0.260022 3.725876 0.000000 0.000000 0.000000 1.000000 0.000000 0.000000
7.000000 72.956913 14.102555 0.263338 3.727321 0.000000 0.000000 0.000000 1.000000 0.000000 0.000000
7.000000 72.960244 14.284496 0.166126 3.764562 0.000000 0.000000 0.000000 1.000000 0.000000 0.000000
7.000000 72.963365 12.882484 0.275411 3.710278 0.000000 0.000000 0.000000 1.000000 0.000000 0.000000
7.000000 72.966985 14.003729 0.278739 3.718940 0.000000 0.000000 0.000000 1.000000 0.000000 0.000000
7.000000 72.970232 14.244725 0.160161 3.762563 0.000000 0.000000 0.000000 1.000000 0.000000 0.000000
7.000000 72.973290 12.837088 0.286471 3.704024 0.000000 0.000000 0.000000 1.000000 0.000000 0.000000
7.000000 72.977051 13.849822 0.290809 3.713360 0.000000 0.000000 0.000000 1.000000 0.000000 0.000000
7.000000 72.980231 14.127147 0.163515 3.752863 0.000000 0.000000 0.000000 1.000000 0.000000 0.000000
7.000000 72.983296 12.704003 0.278739 3.693244 0.000000 0.000000 0.000000 1.000000 0.000000 0.000000
7.000000 72.987029 13.786431 0.284970 3.696997 0.000000 0.000000 0.000000 1.000000 0.000000 0.000000
7.000000 72.990213 14.041451 0.163219 3.742710 0.000000 0.000000 0.000000 1.000000 0.000000 0.000000
7.000000 72.993239 12.561532 0.290748 3.680488 0.000000 0.000000 0.000000 1.000000 0.000000 0.000000
7.000000 72.996920 13.650695 0.296198 3.684860 0.000000 0.000000 0.000000 1.000000 0.000000 0.000000
7.000000 73.000059 13.894555 0.179992 3.724693 0.000000 0.000000 0.000000 1.000000 0.000000 0.000000
7.000000 73.003427 12.433943 0.301248 3.672556 0.000000 0.000000 0.000000 1.000000 0.000000 0.000000
7.000000 73.007061 13.521670 0.306089 3.671657 0.000000 0.000000 0.000000 1.000000 0.000000 0.000000
7.000000 73.010195 13.770654 0.186160 3.704516 0.000000 0.000000 0.000000 1.000000 0.000000 0.000000
7.000000 73.013238 12.372902 0.302084 3.651560 0.000000 0.000000 0.000000 1.000000 0.000000 0.000000
7.000000 73.016976 13.389627 0.305517 3.649252 0.000000 0.000000 0.000000 1.000000 0.000000 0.000000
7.000000 73.020233 13.562074 0.211657 3.683472 0.000000 0.000000 0.000000 1.000000 0.000000 0.000000
7.000000 73.023315 12.325253 0.316570 3.636081 0.000000 0.000000 0.000000 1.000000 0.000000 0.000000
7.000000 73.026982 13.295574 0.321234 3.632580 0.000000 0.000000 0.000000 1.000000 0.000000 0.000000
7.000000 73.030121 13.537581 0.200990 3.667329 0.000000 0.000000 0.000000 1.000000 0.000000 0.000000
7.000000 73.033299 12.256561 0.321249 3.614136 0.000000 0.000000 0.000000 1.000000 0.000000 0.000000
7.000000 73.037073 13.175400 0.324264 3.612218 0.000000 0.000000 0.000000 1.000000 0.000000 0.000000
7.000000 73.040160 13.403141 0.207698 3.647614 0.000000 0.000000 0.000000 1.000000 0.000000 0.000000
7.000000 73.043263 12.101956 0.319017 3.597872 0.000000 0.000000 0.000000 1.000000 0.000000 0.000000
7.000000 73.047108 13.089380 0.323840 3.589509 0.000000 0.000000 0.000000 1.000000 0.000000 0.000000
7.000000 73.050195 13.268622 0.224377 3.627023 0.000000 0.000000 0.000000 1.000000 0.000000 0.000000
7.000000 73.053330 12.027840 0.332637 3.567978 0.000000 0.000000 0.000000 1.000000 0.000000 0.000000
7.000000 73.057058 12.948796 0.335972 3.564661 0.000000 0.000000 0.000000 1.000000 0.000000 0.000000
7.000000 73.060205 13.134730 0.233142 3.604921 0.000000 0.000000 0.000000 1.000000 0.000000 0.000000
7.000000 73.063511 11.872728 0.338461 3.543307 0.000000 0.000000 0.000000 1.000000 0.000000 0.000000
7.000000 73.067072 12.823801 0.342812 3.533233 0.000000 0.000000 0.000000 1.000000 0.000000 0.000000
7.000000 73.070284 12.989550 0.243426 3.576735 0.000000 0.000000 0.000000 1.000000 0.000000 0.000000
7.000000 73.073236 11.781569 0.335437 3.525968 0.000000 0.000000 0.000000 1.000000 0.000000 0.000000
7.000000 73.076970 12.806885 0.339975 3.515392 0.000000 0.000000 0.000000 1.000000 0.000000 0.000000
7.000000 73.080159 12.989227 0.234683 3.559109 0.000000 0.000000 0.000000 1.000000 0.000000 0.000000
7.000000 73.083267 11.688329 0.338433 3.501508 0.000000 0.000000 0.000000 1.000000 0.000000 0.000000
7.000000 73.087103 12.665190 0.342896 3.489402 0.000000 0.000000 0.000000 1.000000 0.000000 0.000000
7.000000 73.090209 12.824039 0.246035 3.533826 0.000000 0.000000 0.000000 1.000000 0.000000 0.000000
7.000000 73.093349 11.602159 0.350413 3.477750 0.000000 0.000000 0.000000 1.000000 0.000000 0.000000
7.000000 73.096947 12.545137 0.354563 3.463148 0.000000 0.000000 0.000000 1.000000 0.000000 0.000000
7.000000 73.100162 12.698417 0.260857 3.501825 0.000000 0.000000 0.000000 1.000000 0.000000 0.000000
7.000000 73.103415 11.443401 0.348592 3.446790 0.000000 0.000000 0.000000 1.000000 0.000000 0.000000
7.000000 73.106944 12.435312 0.352782 3.431717 0.000000 0.000000 0.000000 1.000000 0.000000 0.000000
7.000000 73.110296 12.562255 0.264639 3.481470 0.000000 0.000000 0.000000 1.000000 0.000000 0.000000
7.000000 73.113368 11.370664 0.356808 3.423920 0.000000 0.000000 0.000000 1.000000 0.000000 0.000000
7.000000 73.117061 12.303466 0.361828 3.398306 0.000000 0.000000 0.000000 1.000000 0.000000 0.000000
7.000000 73.120198 12.378423 0.289887 3.446093 0.000000 0.000000 0.000000 1.000000 0.000000 0.000000
7.000000 73.123363 11.299707 0.364555 3.394403 0.000000 0.000000 0.000000 1.000000 0.000000 0.000000
7.000000 73.126914 12.203263 0.369570 3.369303 0.000000 0.000000 0.000000 1.000000 0.000000 0.000000
7.000000 73.130124 12.297732 0.288943 3.418891 0.000000 0.000000 0.000000 1.000000 0.000000 0.000000
7.000000 73.133404 11.138639 0.358508 3.366224 0.000000 0.000000 0.000000 1.000000 0.000000 0.000000
7.000000 73.137022 12.155568 0.364108 3.340471 0.000000 0.000000 0.000000 1.000000 0.000000 0.000000
7.000000 73.140183 12.240721 0.287299 3.395519 0.000000 0.000000 0.000000 1.000000 0.000000 0.000000
7.000000 73.143451 11.037480 0.376337 3.335585 0.000000 0.000000 0.000000 1.000000 0.000000 0.000000
7.000000 73.146903 12.008390 0.381439 3.310293 0.000000 0.000000 0.000000 1.000000 0.000000 0.000000
7.000000 73.150209 12.084544 0.307486 3.365322 0.000000 0.000000 0.000000 1.000000 0.000000 0.000000
7.000000 73.153224 10.883583 0.359521 3.293762 0.000000 0.000000 0.000000 1.000000 0.000000 0.000000
7.000000 73.156919 11.981933 0.362525 3.265894 0.000000 0.000000 0.000000 1.000000 0.000000 0.000000
7.000000 73.160096 12.028975 0.295129 3.331049 0.000000 0.000000 0.000000 1.000000 0.000000 0.000000
7.000000 73.163259 10.850978 0.382803 3.271943 0.000000 0.000000 0.000000 1.000000 0.000000 0.000000
7.000000 73.166887 11.797039 0.386520 3.239163 0.000000 0.000000 0.000000 1.000000 0.000000 0.000000
7.000000 73.170271 11.844264 0.317223 3.297731 0.000000 0.000000 0.000000 1.000000 0.000000 0.000000
7.000000 73.173212 10.771521 0.386967 3.241507 0.000000 0.000000 0.000000 1.000000 0.000000 0.000000
7.000000 73.176856 11.700308 0.393653 3.207993 0.000000 0.000000 0.000000 1.000000 0.000000 0.000000
7.000000 73.180165 11.800877 0.303977 3.268311 0.000000 0.000000 0.000000 1.000000 0.000000 0.000000
7.000000 73.183299 10.682369 0.390564 3.206938 0.000000 0.000000 0.000000 1.000000 0.000000 0.000000
7.000000 73.186994 11.601918 0.395236 3.171749 0.000000 0.000000 0.000000 1.000000 0.000000 0.000000
7.000000 73.190273 11.668265 0.317677 3.231731 0.000000 0.000000 0.000000 1.000000 0.000000 0.000000
7.000000 73.193237 10.542473 0.399748 3.169371 0.000000 0.000000 0.000000 1.000000 0.000000 0.000000
7.000000 73.196970 11.509018 0.401008 3.133101 0.000000 0.000000 0.000000 1.000000 0.000000 0.000000
7.000000 73.200245 11.506176 0.348020 3.198088 0.000000 0.000000 0.000000 1.000000 0.000000 0.000000
7.000000 73.203295 10.370240 0.401931 3.138437 0.000000 0.000000 0.000000 1.000000 0.000000 0.000000
7.000000 73.206984 11.401873 0.404607 3.099627 0.000000 0.000000 0.000000 1.000000 0.000000 0.000000
7.000000 73.210161 11.453516 0.330693 3.164486 0.000000 0.000000 0.000000 1.000000 0.000000 0.000000
7.000000 73.213233 10.327837 0.405986 3.098101 0.000000 0.000000 0.000000 1.000000 0.000000 0.000000
7.000000 73.217034 11.252940 0.407979 3.057684 0.000000 0.000000 0.000000 1.000000 0.000000 0.000000
7.000000 73.220234 11.281733 0.342083 3.120802 0.000000 0.000000 0.000000 1.000000 0.000000 0.000000
7.000000 73.223399 10.244400 0.409764 3.062963 0.000000 0.000000 0.000000 1.000000 0.000000 0.000000
7.000000 73.226957 11.193252 0.415202 3.014847 0.000000 0.000000 0.000000 1.000000 0.000000 0.000000
7.000000 73.230219 11.228867 0.341065 3.085502 0.000000 0.000000 0.000000 1.000000 0.000000 0.000000
7.000000 73.233231 10.156416 0.416920 3.023972 0.000000 0.000000 0.000000 1.000000 0.000000 0.000000
7.000000 73.236912 11.094190 0.421488 2.977515 0.000000 0.000000 0.000000 1.000000 0.000000 0.000000
7.000000 73.240212 11.127887 0.347828 3.050424 0.000000 0.000000 0.000000 1.000000 0.000000 0.000000
7.000000 73.243299 10.030492 0.425101 2.980058 0.000000 0.000000 0.000000 1.000000 0.000000 0.000000
7.000000 73.246912 10.998843 0.424003 2.934576 0.000000 0.000000 0.000000 1.000000 0.000000 0.000000
7.000000 73.250529 10.998914 0.362002 3.009338 0.000000 0.000000 0.000000 1.000000 0.000000 0.000000
7.000000 73.253246 9.923480 0.425003 2.944960 0.000000 0.000000 0.000000 1.000000 0.000000 0.000000
7.000000 73.256933 10.912660 0.425882 2.890145 0.000000 0.000000 0.000000 1.000000 0.000000 0.000000
7.000000 73.260288 10.919052 0.358484 2.964820 0.000000 0.000000 0.000000 1.000000 0.000000 0.000000
7.000000 73.263314 9.850775 0.428353 2.908557 0.000000 0.000000 0.000000 1.000000 0.000000 0.000000
7.000000 73.266949 10.768522 0.429485 2.848126 0.000000 0.000000 0.000000 1.000000 0.000000 0.000000
7.000000 73.270301 10.746702 0.373130 2.918530 0.000000 0.000000 0.000000 1.000000 0.000000 0.000000
7.000000 73.273226 9.765000 0.432486 2.864475 0.000000 0.000000 0.000000 1.000000 0.000000 0.000000
7.000000 73.276911 10.693910 0.432551 2.803603 0.000000 0.000000 0.000000 1.000000 0.000000 0.000000
7.000000 73.280380 10.657575 0.380045 2.879832 0.000000 0.000000 0.000000 1.000000 0.000000 0.000000
7.000000 73.283355 9.659647 0.442437 2.820183 0.000000 0.000000 0.000000 1.000000 0.000000 0.000000
7.000000 73.287084 10.576060 0.443496 2.763034 0.000000 0.000000 0.000000 1.000000 0.000000 0.000000
7.000000 73.290244 10.579730 0.376473 2.839759 0.000000 0.000000 0.000000 1.000000 0.000000 0.000000
7.000000 73.293290 9.545080 0.439438 2.773309 0.000000 0.000000 0.000000 1.000000 0.000000 0.000000
7.000000 73.297151 10.495406 0.437685 2.708306 0.000000 0.000000 0.000000 1.000000 0.000000 0.000000
7.000000 73.300277 10.455495 0.384164 2.789562 0.000000 0.000000 0.000000 1.000000 0.000000 0.000000
7.000000 73.303357 9.368049 0.437060 2.731069 0.000000 0.000000 0.000000 1.000000 0.000000 0.000000
7.000000 73.307321 10.411506 0.434644 2.657218 0.000000 0.000000 0.000000 1.000000 0.000000 0.000000
7.000000 73.310408 10.295966 0.412506 2.748888 0.000000 0.000000 0.000000 1.000000 0.000000 0.000000
7.000000 73.313211 9.336288 0.452425 2.679975 0.000000 0.000000 0.000000 1.000000 0.000000 0.000000
7.000000 73.317044 10.312700 0.445390 2.607421 0.000000 0.000000 0.000000 1.000000 0.000000 0.000000
7.000000 73.320335 10.208972 0.412573 2.698089 0.000000 0.000000 0.000000 1.000000 0.000000 0.000000
7.000000 73.323370 9.256139 0.451738 2.637348 0.000000 0.000000 0.000000 1.000000 0.000000 0.000000
7.000000 73.326981 10.206447 0.448092 2.562102 0.000000 0.000000 0.000000 1.000000 0.000000 0.000000
7.000000 73.330241 10.150737 0.396867 2.647353 0.000000 0.000000 0.000000 1.000000 0.000000 0.000000
7.000000 73.333296 9.148348 0.458418 2.590553 0.000000 0.000000 0.000000 1.000000 0.000000 0.000000
7.000000 73.337125 10.102836 0.456939 2.508364 0.000000 0.000000 0.000000 1.000000 0.000000 0.000000
7.000000 73.340355 10.004893 0.419464 2.603241 0.000000 0.000000 0.000000 1.000000 0.000000 0.000000
7.000000 73.343303 9.043268 0.462028 2.543282 0.000000 0.000000 0.000000 1.000000 0.000000 0.000000
7.000000 73.347026 10.008824 0.458100 2.455738 0.000000 0.000000 0.000000 1.000000 0.000000 0.000000
7.000000 73.350478 9.894739 0.428087 2.548317 0.000000 0.000000 0.000000 1.000000 0.000000 0.000000
7.000000 73.353270 8.914128 0.466755 2.491555 0.000000 0.000000 0.000000 1.000000 0.000000 0.000000
7.000000 73.357079 9.917581 0.456004 2.402412 0.000000 0.000000 0.000000 1.000000 0.000000 0.000000
7.000000 73.360357 9.782651 0.432911 2.500194 0.000000 0.000000 0.000000 1.000000 0.000000 0.000000
7.000000 73.363355 8.820375 0.473828 2.438130 0.000000 0.000000 0.000000 1.000000 0.000000 0.000000
7.000000 73.367139 9.821697 0.462333 2.350888 0.000000 0.000000 0.000000 1.000000 0.000000 0.000000
7.000000 73.370349 9.742528 0.417378 2.444212 0.000000 0.000000 0.000000 1.000000 0.000000 0.000000
7.000000 73.373270 8.793280 0.478417 2.395048 0.000000 0.000000 0.000000 1.000000 0.000000 0.000000
7.000000 73.377091 9.730586 0.468134 2.305005 0.000000 0.000000 0.000000 1.000000 0.000000 0.000000
7.000000 73.380518 9.618621 0.435269 2.399755 0.000000 0.000000 0.000000 1.000000 0.000000 0.000000
7.000000 73.383328 8.719101 0.494264 2.344807 0.000000 0.000000 0.000000 1.000000 0.000000 0.000000
7.000000 73.387099 9.622566 0.482474 2.255624 0.000000 0.000000 0.000000 1.000000 0.000000 0.000000
7.000000 73.390321 9.531115 0.440117 2.347002 0.000000 0.000000 0.000000 1.000000 0.000000 0.000000
7.000000 73.393304 8.627984 0.503623 2.282521 0.000000 0.000000 0.000000 1.000000 0.000000 0.000000
7.000000 73.397157 9.528833 0.481007 2.197684 0.000000 0.000000 0.000000 1.000000 0.000000 0.000000
7.000000 73.400505 9.404993 0.452361 2.293959 0.000000 0.000000 0.000000 1.000000 0.000000 0.000000
7.000000 73.403351 8.499224 0.509852 2.237249 0.000000 0.000000 0.000000 1.000000 0.000000 0.000000
7.000000 73.407503 9.441383 0.488594 2.135817 0.000000 0.000000 0.000000 1.000000 0.000000 0.000000
7.000000 73.410344 9.301547 0.461051 2.234436 0.000000 0.000000 0.000000 1.000000 0.000000 0.000000
7.000000 73.413285 8.415012 0.514740 2.183063 0.000000 0.000000 0.000000 1.000000 0.000000 0.000000
7.000000 73.417156 9.319407 0.493256 2.080857 0.000000 0.000000 0.000000 1.000000 0.000000 0.000000
7.000000 73.420346 9.199184 0.455083 2.177988 0.000000 0.000000 0.000000 1.000000 0.000000 0.000000
7.000000 73.423300 8.372636 0.518331 2.124618 0.000000 0.000000 0.000000 1.000000 0.000000 0.000000
7.000000 73.427154 9.222750 0.498368 2.025529 0.000000 0.000000 0.000000 1.000000 0.000000 0.000000
7.000000 73.430450 9.107202 0.457898 2.124004 0.000000 0.000000 0.000000 1.000000 0.000000 0.000000
7.000000 73.433285 8.289874 0.526054 2.066172 0.000000 0.000000 0.000000 1.000000 0.000000 0.000000
7.000000 73.437264 9.125724 0.500773 1.969891 0.000000 0.000000 0.000000 1.000000 0.000000 0.000000
7.000000 73.440347 9.011810 0.461964 2.066942 0.000000 0.000000 0.000000 1.000000 0.000000 0.000000
7.000000 73.443326 8.200800 0.535821 2.003041 0.000000 0.000000 0.000000 1.000000 0.000000 0.000000
7.000000 73.447028 9.059796 0.500837 1.907463 0.000000 0.000000 0.000000 1.000000 0.000000 0.000000
7.000000 73.450386 8.943536 0.462740 2.007140 0.000000 0.000000 0.000000 1.000000 0.000000 0.000000
7.000000 73.453298 8.123560 0.547855 1.950304 0.000000 0.000000 0.000000 1.000000 0.000000 0.000000
7.000000 73.457074 8.931465 0.513299 1.852586 0.000000 0.000000 0.000000 1.000000 0.000000 0.000000
7.000000 73.460329 8.817662 0.472130 1.948697 0.000000 0.000000 0.000000 1.000000 0.000000 0.000000
7.000000 73.463573 8.029357 0.549562 1.892960 0.000000 0.000000 0.000000 1.000000 0.000000 0.000000
7.000000 73.467147 8.807485 0.513390 1.793997 0.000000 0.000000 0.000000 1.000000 0.000000 0.000000
7.000000 73.470460 8.688068 0.479934 1.884053 0.000000 0.000000 0.000000 1.000000 0.000000 0.000000
7.000000 73.473289 7.954109 0.548636 1.831097 0.000000 0.000000 0.000000 1.000000 0.000000 0.000000
7.000000 73.477108 8.779429 0.512687 1.718972 0.000000 0.000000 0.000000 1.000000 0.000000 0.000000
7.000000 73.480577 8.624520 0.485418 1.825008 0.000000 0.000000 0.000000 1.000000 0.000000 0.000000
7.000000 73.483505 7.850908 0.552122 1.764125 0.000000 0.000000 0.000000 1.000000 0.000000 0.000000
7.000000 73.487052 8.663293 0.520972 1.655066 0.000000 0.000000 0.000000 1.000000 0.000000 0.000000
7.000000 73.490381 8.536761 0.484501 1.762620 0.000000 0.000000 0.000000 1.000000 0.000000 0.000000
7.000000 73.493348 7.819677 0.575956 1.704051 0.000000 0.000000 0.000000 1.000000 0.000000 0.000000
7.000000 73.497045 8.582971 0.524116 1.599943 0.000000 0.000000 0.000000 1.000000 0.000000 0.000000
7.000000 73.500635 8.441185 0.493275 1.699014 0.000000 0.000000 0.000000 1.000000 0.000000 0.000000
7.000000 73.503371 7.731606 0.584339 1.647495 0.000000 0.000000 0.000000 1.000000 0.000000 0.000000
7.000000 73.507247 8.470857 0.538296 1.537447 0.000000 0.000000 0.000000 1.000000 0.000000 0.000000
7.000000 73.510426 8.340415 0.496270 1.637971 0.000000 0.000000 0.000000 1.000000 0.000000 0.000000
7.000000 73.513282 7.651626 0.592004 1.576349 0.000000 0.000000 0.000000 1.000000 0.000000 0.000000
7.000000 73.517149 8.340846 0.534615 1.475615 0.000000 0.000000 0.000000 1.000000 0.000000 0.000000
7.000000 73.520463 8.220115 0.495826 1.566460 0.000000 0.000000 0.000000 1.000000 0.000000 0.000000
7.000000 73.523342 7.579542 0.592392 1.514434 0.000000 0.000000 0.000000 1.000000 0.000000 0.000000
7.000000 73.527183 8.282163 0.538819 1.405792 0.000000 0.000000 0.000000 1.000000 0.000000 0.000000
7.000000 73.530484 8.145018 0.503514 1.505583 0.000000 0.000000 0.000000 1.000000 0.000000 0.000000
7.000000 73.533313 7.511172 0.599139 1.450383 0.000000 0.000000 0.000000 1.000000 0.000000 0.000000
7.000000 73.537169 8.204007 0.544374 1.337137 0.000000 0.000000 0.000000 1.000000 0.000000 0.000000
7.000000 73.540546 8.084642 0.497256 1.433304 0.000000 0.000000 0.000000 1.000000 0.000000 0.000000
7.000000 73.543426 7.396319 0.607616 1.394120 0.000000 0.000000 0.000000 1.000000 0.000000 0.000000
7.000000 73.547082 8.093663 0.548414 1.275092 0.000000 0.000000 0.000000 1.000000 0.000000 0.000000
7.000000 73.550391 7.957776 0.511825 1.370748 0.000000 0.000000 0.000000 1.000000 0.000000 0.000000
7.000000 73.553369 7.312710 0.616665 1.324322 0.000000 0.000000 0.000000 1.000000 0.000000 0.000000
7.000000 73.557055 8.009788 0.553039 1.203603 0.000000 0.000000 0.000000 1.000000 0.000000 0.000000
7.000000 73.560511 7.849048 0.522564 1.312777 0.000000 0.000000 0.000000 1.000000 0.000000 0.000000
7.000000 73.563411 7.224516 0.615605 1.267120 0.000000 0.000000 0.000000 1.000000 0.000000 0.000000
7.000000 73.567090 7.906218 0.557586 1.135812 0.000000 0.000000 0.000000 1.000000 0.000000 0.000000
7.000000 73.570676 7.751581 0.521527 1.239241 0.000000 0.000000 0.000000 1.000000 0.000000 0.000000
7.000000 73.573357 7.154688 0.622554 1.190762 0.000000 0.000000 0.000000 1.000000 0.000000 0.000000
7.000000 73.577089 7.833670 0.560280 1.061188 0.000000 0.000000 0.000000 1.000000 0.000000 0.000000
7.000000 73.580707 7.668989 0.525393 1.176092 0.000000 0.000000 0.000000 1.000000 0.000000 0.000000
7.000000 73.583392 7.073276 0.628088 1.128061 0.000000 0.000000 0.000000 1.000000 0.000000 0.000000
7.000000 73.587319 7.740158 0.563457 0.992955 0.000000 0.000000 0.000000 1.000000 0.000000 0.000000
7.000000 73.590487 7.592403 0.521895 1.097477 0.000000 0.000000 0.000000 1.000000 0.000000 0.000000
7.000000 73.593366 7.015743 0.636738 1.050860 0.000000 0.000000 0.000000 1.000000 0.000000 0.000000
7.000000 73.597412 7.644428 0.566879 0.921891 0.000000 0.000000 0.000000 1.000000 0.000000 0.000000
7.000000 73.600555 7.489745 0.528612 1.029296 0.000000 0.000000 0.000000 1.000000 0.000000 0.000000
7.000000 73.603442 6.923932 0.647482 0.979177 0.000000 0.000000 0.000000 1.000000 0.000000 0.000000
7.000000 73.607149 7.551797 0.572291 0.848873 0.000000 0.000000 0.000000 1.000000 0.000000 0.000000
7.000000 73.610448 7.409268 0.526547 0.956610 0.000000 0.000000 0.000000 1.000000 0.000000 0.000000
7.000000 73.613376 6.831303 0.649824 0.912826 0.000000 0.000000 0.000000 1.000000 0.000000 0.000000
7.000000 73.617309 7.441404 0.574618 0.777567 0.000000 0.000000 0.000000 1.000000 0.000000 0.000000
7.000000 73.620410 7.282691 0.538152 0.884935 0.000000 0.000000 0.000000 1.000000 0.000000 0.000000
7.000000 73.623477 6.774902 0.653377 0.839113 0.000000 0.000000 0.000000 1.000000 0.000000 0.000000
7.000000 73.627168 7.375016 0.579053 0.700245 0.000000 0.000000 0.000000 1.000000 0.000000 0.000000
7.000000 73.630486 7.230619 0.530779 0.806338 0.000000 0.000000 0.000000 1.000000 0.000000 0.000000
7.000000 73.633386 6.704455 0.663653 0.762076 0.000000 0.000000 0.000000 1.000000 0.000000 0.000000
7.000000 73.637406 7.285418 0.585270 0.624757 0.000000 0.000000 0.000000 1.000000 0.000000 0.000000
7.000000 73.640330 7.122873 0.549010 0.734579 0.000000 0.000000 0.000000 1.000000 0.000000 0.000000
7.000000 73.643610 6.645583 0.675242 0.682480 0.000000 0.000000 0.000000 1.000000 0.000000 0.000000
7.000000 73.647192 7.186560 0.590049 0.553509 0.000000 0.000000 0.000000 1.000000 0.000000 0.000000
7.000000 73.650502 7.023862 0.551345 0.666636 0.000000 0.000000 0.000000 1.000000 0.000000 0.000000
7.000000 73.653495 6.499811 0.673413 0.627128 0.000000 0.000000 0.000000 1.000000 0.000000 0.000000
7.000000 73.657167 7.107531 0.589445 0.471474 0.000000 0.000000 0.000000 1.000000 0.000000 0.000000
7.000000 73.660379 6.964790 0.540671 0.575814 0.000000 0.000000 0.000000 1.000000 0.000000 0.000000
7.000000 73.663535 6.456322 0.683708 0.540823 0.000000 0.000000 0.000000 1.000000 0.000000 0.000000
7.000000 73.667118 7.009317 0.591798 0.385435 0.000000 0.000000 0.000000 1.000000 0.000000 0.000000
7.000000 73.670579 6.825379 0.558312 0.494690 0.000000 0.000000 0.000000 1.000000 0.000000 0.000000
7.000000 73.673442 6.398224 0.691971 0.463035 0.000000 0.000000 0.000000 1.000000 0.000000 0.000000
7.000000 73.677174 6.933869 0.599303 0.318050 0.000000 0.000000 0.000000 1.000000 0.000000 0.000000
7.000000 73.680592 6.796942 0.538380 0.425853 0.000000 0.000000 0.000000 1.000000 0.000000 0.000000
7.000000 73.683549 6.331700 0.699014 0.385021 0.000000 0.000000 0.000000 1.000000 0.000000 0.000000
7.000000 73.687334 6.842365 0.604111 0.242262 0.000000 0.000000 0.000000 1.000000 0.000000 0.000000
7.000000 73.690473 6.731996 0.526466 0.342401 0.000000 0.000000 0.000000 1.000000 0.000000 0.000000
7.000000 73.693502 6.304489 0.715317 0.288030 0.000000 0.000000 0.000000 1.000000 0.000000 0.000000
7.000000 73.697202 6.750552 0.607244 0.163260 0.000000 0.000000 0.000000 1.000000 0.000000 0.000000
7.000000 73.700492 6.599579 0.557193 0.272127 0.000000 0.000000 0.000000 1.000000 0.000000 0.000000
7.000000 73.703551 6.176525 0.716975 0.227656 0.000000 0.000000 0.000000 1.000000 0.000000 0.000000
7.000000 73.707176 6.666720 0.608603 0.081222 0.000000 0.000000 0.000000 1.000000 0.000000 0.000000
7.000000 73.710452 6.507508 0.561828 0.191279 0.000000 0.000000 0.000000 1.000000 0.000000 0.000000
7.000000 73.713454 6.075400 0.717588 0.161203 0.000000 0.000000 0.000000 1.000000 0.000000 0.000000
7.000000 73.717262 6.590477 0.618024 0.006493 0.000000 0.000000 0.000000 1.000000 0.000000 0.000000
7.000000 73.720436 6.405046 0.562442 0.152798 0.000000 0.000000 0.000000 1.000000 0.000000 0.000000
7.000000 73.723543 6.079265 0.722284 0.170418 0.000000 0.000000 0.000000 1.000000 0.000000 0.000000
7.000000 73.727380 6.532362 0.613007 0.059551 0.000000 0.000000 0.000000 1.000000 0.000000 0.000000
7.000000 73.730724 6.336736 0.579065 0.221612 0.000000 0.000000 0.000000 1.000000 0.000000 0.000000
7.000000 73.733482 6.017692 0.723442 0.231184 0.000000 0.000000 0.000000 1.000000 0.000000 0.000000
7.000000 73.737390 6.488364 0.613009 0.116941 0.000000 0.000000 0.000000 1.000000 0.000000 0.000000
7.000000 73.740489 6.297787 0.577979 0.278166 0.000000 0.000000 0.000000 1.000000 0.000000 0.000000
7.000000 73.743553 5.972734 0.722538 0.289176 0.000000 0.000000 0.000000 1.000000 0.000000 0.000000
7.000000 73.747273 6.434347 0.614043 0.180561 0.000000 0.000000 0.000000 1.000000 0.000000 0.000000
7.000000 73.750473 6.258520 0.570287 0.340670 0.000000 0.000000 0.000000 1.000000 0.000000 0.000000
7.000000 73.753476 5.905124 0.721947 0.348364 0.000000 0.000000 0.000000 1.000000 0.000000 0.000000
7.000000 73.757237 6.401556 0.611122 0.232560 0.000000 0.000000 0.000000 1.000000 0.000000 0.000000
7.000000 73.760478 6.210409 0.574700 0.402946 0.000000 0.000000 0.000000 1.000000 0.000000 0.000000
7.000000 73.763564 5.872352 0.729742 0.395126 0.000000 0.000000 0.000000 1.000000 0.000000 0.000000
7.000000 73.767252 6.350859 0.615419 0.285237 0.000000 0.000000 0.000000 1.000000 0.000000 0.000000
7.000000 73.770592 6.163803 0.573724 0.456552 0.000000 0.000000 0.000000 1.000000 0.000000 0.000000
7.000000 73.773471 5.790046 0.718893 0.461630 0.000000 0.000000 0.000000 1.000000 0.000000 0.000000
7.000000 73.777318 6.280451 0.612762 0.349036 0.000000 0.000000 0.000000 1.000000 0.000000 0.000000
7.000000 73.780547 6.106137 0.572921 0.511801 0.000000 0.000000 0.000000 1.000000 0.000000 0.000000
7.000000 73.783599 5.736405 0.720175 0.518970 0.000000 0.000000 0.000000 1.000000 0.000000 0.000000
7.000000 73.787232 6.247704 0.617579 0.401633 0.000000 0.000000 0.000000 1.000000 0.000000 0.000000
7.000000 73.790500 6.068059 0.577269 0.571981 0.000000 0.000000 0.000000 1.000000 0.000000 0.000000
7.000000 73.793470 5.658930 0.721875 0.579090 0.000000 0.000000 0.000000 1.000000 0.000000 0.000000
7.000000 73.797154 6.183611 0.617138 0.460575 0.000000 0.000000 0.000000 1.000000 0.000000 0.000000
7.000000 73.800514 6.004599 0.581158 0.629919 0.000000 0.000000 0.000000 1.000000 0.000000 0.000000
7.000000 73.803553 5.654886 0.730078 0.609686 0.000000 0.000000 0.000000 1.000000 0.000000 0.000000
7.000000 73.807250 6.136410 0.616322 0.510746 0.000000 0.000000 0.000000 1.000000 0.000000 0.000000
7.000000 73.810584 5.970378 0.576733 0.677655 0.000000 0.000000 0.000000 1.000000 0.000000 0.000000
7.000000 73.813484 5.595730 0.728814 0.665671 0.000000 0.000000 0.000000 1.000000 0.000000 0.000000
7.000000 73.817397 6.075936 0.622426 0.565551 0.000000 0.000000 0.000000 1.000000 0.000000 0.000000
7.000000 73.820579 5.923463 0.577085 0.726595 0.000000 0.000000 0.000000 1.000000 0.000000 0.000000
7.000000 73.823598 5.496484 0.715586 0.730147 0.000000 0.000000 0.000000 1.000000 0.000000 0.000000
7.000000 73.827140 6.040282 0.617975 0.615241 0.000000 0.000000 0.000000 1.000000 0.000000 0.000000
7.000000 73.830516 5.898924 0.562769 0.784159 0.000000 0.000000 0.000000 1.000000 0.000000 0.000000
7.000000 73.833483 5.435503 0.718084 0.781334 0.000000 0.000000 0.000000 1.000000 0.000000 0.000000
7.000000 73.837391 5.990244 0.622891 0.662303 0.000000 0.000000 0.000000 1.000000 0.000000 0.000000
7.000000 73.840546 5.838221 0.577714 0.830374 0.000000 0.000000 0.000000 1.000000 0.000000 0.000000
7.000000 73.843513 5.385495 0.720628 0.822545 0.000000 0.000000 0.000000 1.000000 0.000000 0.000000
7.000000 73.847219 5.941217 0.615528 0.710572 0.000000 0.000000 0.000000 1.000000 0.000000 0.000000
7.000000 73.850634 5.779969 0.577038 0.887137 0.000000 0.000000 0.000000 1.000000 0.000000 0.000000
7.000000 73.853492 5.320662 0.713001 0.877935 0.000000 0.000000 0.000000 1.000000 0.000000 0.000000
7.000000 73.857211 5.893641 0.619759 0.758574 0.000000 0.000000 0.000000 1.000000 0.000000 0.000000
7.000000 73.860490 5.739018 0.579610 0.931042 0.000000 0.000000 0.000000 1.000000 0.000000 0.000000
7.000000 73.863566 5.265102 0.715008 0.921301 0.000000 0.000000 0.000000 1.000000 0.000000 0.000000
7.000000 73.867175 5.818091 0.618937 0.807940 0.000000 0.000000 0.000000 1.000000 0.000000 0.000000
7.000000 73.870538 5.667788 0.581376 0.974407 0.000000 0.000000 0.000000 1.000000 0.000000 0.000000
7.000000 73.873502 5.199187 0.714747 0.970019 0.000000 0.000000 0.000000 1.000000 0.000000 0.000000
7.000000 73.877202 5.796191 0.619769 0.847981 0.000000 0.000000 0.000000 1.000000 0.000000 0.000000
7.000000 73.880718 5.647878 0.581206 1.018448 0.000000 0.000000 0.000000 1.000000 0.000000 0.000000
7.000000 73.883627 5.166455 0.715435 1.008696 0.000000 0.000000 0.000000 1.000000 0.000000 0.000000
7.000000 73.887273 5.748957 0.622185 0.892058 0.000000 0.000000 0.000000 1.000000 0.000000 0.000000
7.000000 73.890590 5.619356 0.573689 1.058051 0.000000 0.000000 0.000000 1.000000 0.000000 0.000000
7.000000 73.893485 5.083880 0.710521 1.059108 0.000000 0.000000 0.000000 1.000000 0.000000 0.000000
7.000000 73.897242 5.685225 0.624170 0.937677 0.000000 0.000000 0.000000 1.000000 0.000000 0.000000
7.000000 73.900714 5.556122 0.578315 1.103619 0.000000 0.000000 0.000000 1.000000 0.000000 0.000000
7.000000 73.903572 5.058730 0.721197 1.089965 0.000000 0.000000 0.000000 1.000000 0.000000 0.000000
7.000000 73.907226 5.647526 0.623434 0.976867 0.000000 0.000000 0.000000 1.000000 0.000000 0.000000
7.000000 73.910526 5.537507 0.566856 1.139982 0.000000 0.000000 0.000000 1.000000 0.000000 0.000000
7.000000 73.913598 4.973298 0.716576 1.141330 0.000000 0.000000 0.000000 1.000000 0.000000 0.000000
7.000000 73.917277 5.596951 0.622775 1.015035 0.000000 0.000000 0.000000 1.000000 0.000000 0.000000
7.000000 73.920523 5.493197 0.561948 1.174855 0.000000 0.000000 0.000000 1.000000 0.000000 0.000000
7.000000 73.923780 4.934025 0.709983 1.176911 0.000000 0.000000 0.000000 1.000000 0.000000 0.000000
7.000000 73.927245 5.555965 0.626529 1.054430 0.000000 0.000000 0.000000 1.000000 0.000000 0.000000
7.000000 73.930717 5.439752 0.574174 1.223274 0.000000 0.000000 0.000000 1.000000 0.000000 0.000000
7.000000 73.933587 4.872359 0.709085 1.214390 0.000000 0.000000 0.000000 1.000000 0.000000 0.000000
7.000000 73.937375 5.507700 0.625194 1.089587 0.000000 0.000000 0.000000 1.000000 0.000000 0.000000
7.000000 73.940559 5.403316 0.565003 1.258847 0.000000 0.000000 0.000000 1.000000 0.000000 0.000000
7.000000 73.943615 4.790291 0.717927 1.254518 0.000000 0.000000 0.000000 1.000000 0.000000 0.000000
7.000000 73.947256 5.454503 0.623234 1.125819 0.000000 0.000000 0.000000 1.000000 0.000000 0.000000
7.000000 73.950634 5.337803 0.572933 1.299056 0.000000 0.000000 0.000000 1.000000 0.000000 0.000000
7.000000 73.953525 4.754329 0.715797 1.290626 0.000000 0.000000 0.000000 1.000000 0.000000 0.000000
7.000000 73.957435 5.404098 0.627978 1.166174 0.000000 0.000000 0.000000 1.000000 0.000000 0.000000
7.000000 73.960470 5.296212 0.574172 1.337076 0.000000 0.000000 0.000000 1.000000 0.000000 0.000000
7.000000 73.963598 4.683841 0.711032 1.329950 0.000000 0.000000 0.000000 1.000000 0.000000 0.000000
7.000000 73.967246 5.358664 0.628600 1.197068 0.000000 0.000000 0.000000 1.000000 0.000000 0.000000
7.000000 73.970651 5.251024 0.574676 1.368203 0.000000 0.000000 0.000000 1.000000 0.000000 0.000000
7.000000 73.973552 4.655108 0.708589 1.359009 0.000000 0.000000 0.000000 1.000000 0.000000 0.000000
7.000000 73.977242 5.312239 0.625689 1.234476 0.000000 0.000000 0.000000 1.000000 0.000000 0.000000
7.000000 73.980565 5.209204 0.574342 1.401925 0.000000 0.000000 0.000000 1.000000 0.000000 0.000000
7.000000 73.983732 4.578999 0.706030 1.397145 0.000000 0.000000 0.000000 1.000000 0.000000 0.000000
7.000000 73.987226 5.257846 0.630165 1.267317 0.000000 0.000000 0.000000 1.000000 0.000000 0.000000
7.000000 73.990668 5.162915 0.569740 1.442388 0.000000 0.000000 0.000000 1.000000 0.000000 0.000000
7.000000 73.993515 4.461534 0.703753 1.445241 0.000000 0.000000 0.000000 1.000000 0.000000 0.000000
7.000000 73.997314 5.210332 0.630507 1.300228 0.000000 0.000000 0.000000 1.000000 0.000000 0.000000
7.000000 74.000636 5.122881 0.569090 1.474298 0.000000 0.000000 0.000000 1.000000 0.000000 0.000000
7.000000 74.003560 4.453630 0.706910 1.463781 0.000000 0.000000 0.000000 1.000000 0.000000 0.000000
7.000000 74.007287 5.171666 0.626066 1.327213 0.000000 0.000000 0.000000 1.000000 0.000000 0.000000
7.000000 74.010533 5.072038 0.570194 1.506808 0.000000 0.000000 0.000000 1.000000 0.000000 0.000000
7.000000 74.013576 4.408301 0.713246 1.487884 0.000000 0.000000 0.000000 1.000000 0.000000 0.000000
7.000000 74.017262 5.113768 0.628623 1.354453 0.000000 0.000000 0.000000 1.000000 0.000000 0.000000
7.000000 74.020720 5.013780 0.573114 1.534776 0.000000 0.000000 0.000000 1.000000 0.000000 0.000000
7.000000 74.023609 4.335383 0.700967 1.522898 0.000000 0.000000 0.000000 1.000000 0.000000 0.000000
7.000000 74.027298 5.069441 0.630204 1.384225 0.000000 0.000000 0.000000 1.000000 0.000000 0.000000
7.000000 74.030457 4.988075 0.563304 1.567038 0.000000 0.000000 0.000000 1.000000 0.000000 0.000000
7.000000 74.033572 4.294693 0.703457 1.552513 0.000000 0.000000 0.000000 1.000000 0.000000 0.000000
7.000000 74.037257 5.019352 0.628847 1.415995 0.000000 0.000000 0.000000 1.000000 0.000000 0.000000
7.000000 74.040665 4.938891 0.565431 1.592028 0.000000 0.000000 0.000000 1.000000 0.000000 0.000000
7.000000 74.043669 4.249438 0.715051 1.574135 0.000000 0.000000 0.000000 1.000000 0.000000 0.000000
7.000000 74.047292 4.953319 0.634085 1.445870 0.000000 0.000000 0.000000 1.000000 0.000000 0.000000
7.000000 74.050663 4.887325 0.561819 1.622414 0.000000 0.000000 0.000000 1.000000 0.000000 0.000000
7.000000 74.053543 4.159946 0.701619 1.605848 0.000000 0.000000 0.000000 1.000000 0.000000 0.000000
7.000000 74.057284 4.934661 0.626562 1.459826 0.000000 0.000000 0.000000 1.000000 0.000000 0.000000
7.000000 74.060547 4.848370 0.566145 1.645988 0.000000 0.000000 0.000000 1.000000 0.000000 0.000000
7.000000 74.063714 4.107325 0.703110 1.633741 0.000000 0.000000 0.000000 1.000000 0.000000 0.000000
7.000000 74.067271 4.871189 0.632660 1.488904 0.000000 0.000000 0.000000 1.000000 0.000000 0.000000
7.000000 74.070587 4.787354 0.571359 1.674402 0.000000 0.000000 0.000000 1.000000 0.000000 0.000000
7.000000 74.073561 4.043736 0.702192 1.656137 0.000000 0.000000 0.000000 1.000000 0.000000 0.000000
7.000000 74.077257 4.821244 0.633323 1.511690 0.000000 0.000000 0.000000 1.000000 0.000000 0.000000
7.000000 74.080564 4.782685 0.544868 1.691137 0.000000 0.000000 0.000000 1.000000 0.000000 0.000000
7.000000 74.083695 3.997466 0.702938 1.678381 0.000000 0.000000 0.000000 1.000000 0.000000 0.000000
7.000000 74.087308 4.780171 0.633011 1.533263 0.000000 0.000000 0.000000 1.000000 0.000000 0.000000
7.000000 74.090569 4.734530 0.550418 1.713956 0.000000 0.000000 0.000000 1.000000 0.000000 0.000000
7.000000 74.093589 3.856478 0.703053 1.725700 0.000000 0.000000 0.000000 1.000000 0.000000 0.000000
7.000000 74.097274 4.737753 0.634036 1.554007 0.000000 0.000000 0.000000 1.000000 0.000000 0.000000
7.000000 74.100550 4.640655 0.582809 1.749899 0.000000 0.000000 0.000000 1.000000 0.000000 0.000000
7.000000 74.103712 3.880988 0.716167 1.724343 0.000000 0.000000 0.000000 1.000000 0.000000 0.000000
7.000000 74.107355 4.680411 0.636440 1.576181 0.000000 0.000000 0.000000 1.000000 0.000000 0.000000
7.000000 74.110548 4.592482 0.583600 1.765360 0.000000 0.000000 0.000000 1.000000 0.000000 0.000000
7.000000 74.113625 3.825410 0.706793 1.742773 0.000000 0.000000 0.000000 1.000000 0.000000 0.000000
7.000000 74.117342 4.642830 0.635900 1.584837 0.000000 0.000000 0.000000 1.000000 0.000000 0.000000
7.000000 74.120646 4.570941 0.570818 1.770820 0.000000 0.000000 0.000000 1.000000 0.000000 0.000000
7.000000 74.123669 3.783068 0.703519 1.761099 0.000000 0.000000 0.000000 1.000000 0.000000 0.000000
7.000000 74.127325 4.585845 0.637308 1.612367 0.000000 0.000000 0.000000 1.000000 0.000000 0.000000
7.000000 74.130557 4.538013 0.563340 1.790392 0.000000 0.000000 0.000000 1.000000 0.000000 0.000000
7.000000 74.133564 3.734376 0.703699 1.777335 0.000000 0.000000 0.000000 1.000000 0.000000 0.000000
7.000000 74.137398 4.535720 0.636907 1.629046 0.000000 0.000000 0.000000 1.000000 0.000000 0.000000
7.000000 74.140596 4.489083 0.564136 1.805127 0.000000 0.000000 0.000000 1.000000 0.000000 0.000000
7.000000 74.143672 3.708976 0.714282 1.790041 0.000000 0.000000 0.000000 1.000000 0.000000 0.000000
7.000000 74.147292 4.506366 0.635743 1.643579 0.000000 0.000000 0.000000 1.000000 0.000000 0.000000
7.000000 74.150548 4.450192 0.563877 1.832147 0.000000 0.000000 0.000000 1.000000 0.000000 0.000000
7.000000 74.153608 3.647111 0.712525 1.805495 0.000000 0.000000 0.000000 1.000000 0.000000 0.000000
7.000000 74.157467 4.453368 0.637601 1.656793 0.000000 0.000000 0.000000 1.000000 0.000000 0.000000
7.000000 74.160589 4.390551 0.570473 1.849473 0.000000 0.000000 0.000000 1.000000 0.000000 0.000000
7.000000 74.163725 3.522543 0.700353 1.836726 0.000000 0.000000 0.000000 1.000000 0.000000 0.000000
7.000000 74.167328 4.400030 0.639033 1.668251 0.000000 0.000000 0.000000 1.000000 0.000000 0.000000
7.000000 74.170597 4.329660 0.577436 1.865018 0.000000 0.000000 0.000000 1.000000 0.000000 0.000000
7.000000 74.173646 3.520116 0.702479 1.840601 0.000000 0.000000 0.000000 1.000000 0.000000 0.000000
7.000000 74.177332 4.361601 0.637135 1.680449 0.000000 0.000000 0.000000 1.000000 0.000000 0.000000
7.000000 74.180619 4.285697 0.579018 1.878750 0.000000 0.000000 0.000000 1.000000 0.000000 0.000000
7.000000 74.183670 3.462593 0.702564 1.855297 0.000000 0.000000 0.000000 1.000000 0.000000 0.000000
7.000000 74.187399 4.316560 0.642052 1.691834 0.000000 0.000000 0.000000 1.000000 0.000000 0.000000
7.000000 74.190575 4.257299 0.574733 1.885703 0.000000 0.000000 0.000000 1.000000 0.000000 0.000000
7.000000 74.193663 3.411979 0.716952 1.861559 0.000000 0.000000 0.000000 1.000000 0.000000 0.000000
7.000000 74.197383 4.266586 0.639250 1.698475 0.000000 0.000000 0.000000 1.000000 0.000000 0.000000
7.000000 74.203709 3.390489 0.709306 1.867632 0.000000 0.000000 0.000000 1.000000 0.000000 0.000000
7.000000 74.207369 4.218813 0.640369 1.711922 0.000000 0.000000 0.000000 1.000000 0.000000 0.000000
7.000000 74.210589 4.152691 0.577638 1.912945 0.000000 0.000000 0.000000 1.000000 0.000000 0.000000
7.000000 74.213659 3.355971 0.716865 1.871843 0.000000 0.000000 0.000000 1.000000 0.000000 0.000000
7.000000 74.217391 4.180514 0.643436 1.715319 0.000000 0.000000 0.000000 1.000000 0.000000 0.000000
7.000000 74.220626 4.118386 0.575694 1.919986 0.000000 0.000000 0.000000 1.000000 0.000000 0.000000
7.000000 74.223774 3.263025 0.701653 1.892179 0.000000 0.000000 0.000000 1.000000 0.000000 0.000000
7.000000 74.227366 4.131309 0.640759 1.723603 0.000000 0.000000 0.000000 1.000000 0.000000 0.000000
7.000000 74.230601 4.066721 0.573536 1.935963 0.000000 0.000000 0.000000 1.000000 0.000000 0.000000
7.000000 74.233628 3.228330 0.708247 1.897666 0.000000 0.000000 0.000000 1.000000 0.000000 0.000000
7.000000 74.237612 4.082674 0.643514 1.730322 0.000000 0.000000 0.000000 1.000000 0.000000 0.000000
7.000000 74.240672 4.026424 0.569733 1.942314 0.000000 0.000000 0.000000 1.000000 0.000000 0.000000
7.000000 74.243765 3.202100 0.718879 1.896184 0.000000 0.000000 0.000000 1.000000 0.000000 0.000000
7.000000 74.247375 4.031471 0.643470 1.735371 0.000000 0.000000 0.000000 1.000000 0.000000 0.000000
7.000000 74.250624 3.977148 0.568658 1.948349 0.000000 0.000000 0.000000 1.000000 0.000000 0.000000
7.000000 74.253675 3.140341 0.717569 1.903158 0.000000 0.000000 0.000000 1.000000 0.000000 0.000000
7.000000 74.257393 3.988370 0.643482 1.739022 0.000000 0.000000 0.000000 1.000000 0.000000 0.000000
7.000000 74.260665 3.939235 0.568484 1.948159 0.000000 0.000000 0.000000 1.000000 0.000000 0.000000
7.000000 74.263711 3.097356 0.717732 1.909626 0.000000 0.000000 0.000000 1.000000 0.000000 0.000000
7.000000 74.267405 3.933108 0.643612 1.747767 0.000000 0.000000 0.000000 1.000000 0.000000 0.000000
7.000000 74.270657 3.876775 0.573635 1.960548 0.000000 0.000000 0.000000 1.000000 0.000000 0.000000
7.000000 74.273653 3.031058 0.708785 1.918651 0.000000 0.000000 0.000000 1.000000 0.000000 0.000000
7.000000 74.277395 3.901429 0.648123 1.743649 0.000000 0.000000 0.000000 1.000000 0.000000 0.000000
7.000000 74.280691 3.854906 0.569322 1.958237 0.000000 0.000000 0.000000 1.000000 0.000000 0.000000
7.000000 74.283747 2.977716 0.708671 1.922007 0.000000 0.000000 0.000000 1.000000 0.000000 0.000000
7.000000 74.287403 3.845493 0.647467 1.746534 0.000000 0.000000 0.000000 1.000000 0.000000 0.000000
7.000000 74.290659 3.797492 0.572792 1.955916 0.000000 0.000000 0.000000 1.000000 0.000000 0.000000
7.000000 74.293650 2.956817 0.722137 1.916850 0.000000 0.000000 0.000000 1.000000 0.000000 0.000000
7.000000 74.297578 3.807446 0.645275 1.745062 0.000000 0.000000 0.000000 1.000000 0.000000 0.000000
7.000000 74.300687 3.768766 0.564760 1.950785 0.000000 0.000000 0.000000 1.000000 0.000000 0.000000
7.000000 74.303717 2.897795 0.716181 1.917498 0.000000 0.000000 0.000000 1.000000 0.000000 0.000000
7.000000 74.307416 3.759028 0.647428 1.743630 0.000000 0.000000 0.000000 1.000000 0.000000 0.000000
7.000000 74.310673 3.725411 0.564834 1.950193 0.000000 0.000000 0.000000 1.000000 0.000000 0.000000
7.000000 74.313668 2.854590 0.727324 1.915009 0.000000 0.000000 0.000000 1.000000 0.000000 0.000000
7.000000 74.317635 3.708809 0.648237 1.738871 0.000000 0.000000 0.000000 1.000000 0.000000 0.000000
7.000000 74.320696 3.672084 0.566532 1.946432 0.000000 0.000000 0.000000 1.000000 0.000000 0.000000
7.000000 74.323788 2.806859 0.714322 1.914552 0.000000 0.000000 0.000000 1.000000 0.000000 0.000000
7.000000 74.327442 3.667402 0.648503 1.737347 0.000000 0.000000 0.000000 1.000000 0.000000 0.000000
7.000000 74.330592 3.636238 0.565638 1.942034 0.000000 0.000000 0.000000 1.000000 0.000000 0.000000
7.000000 74.333686 2.761689 0.718390 1.911507 0.000000 0.000000 0.000000 1.000000 0.000000 0.000000
7.000000 74.337569 3.614828 0.650600 1.734234 0.000000 0.000000 0.000000 1.000000 0.000000 0.000000
7.000000 74.343813 2.735728 0.737041 1.905313 0.000000 0.000000 0.000000 1.000000 0.000000 0.000000
7.000000 74.347566 3.579310 0.650515 1.728734 0.000000 0.000000 0.000000 1.000000 0.000000 0.000000
7.000000 74.353728 2.675354 0.735780 1.905900 0.000000 0.000000 0.000000 1.000000 0.000000 0.000000
7.000000 74.357685 3.528580 0.650175 1.722201 0.000000 0.000000 0.000000 1.000000 0.000000 0.000000
7.000000 74.360642 3.482958 0.574092 1.936926 0.000000 0.000000 0.000000 1.000000 0.000000 0.000000
7.000000 74.363814 2.603027 0.725008 1.906495 0.000000 0.000000 0.000000 1.000000 0.000000 0.000000
7.000000 74.367579 3.483782 0.653282 1.713550 0.000000 0.000000 0.000000 1.000000 0.000000 0.000000
7.000000 74.370734 3.448847 0.572879 1.919605 0.000000 0.000000 0.000000 1.000000 0.000000 0.000000
7.000000 74.373699 2.583008 0.722327 1.892685 0.000000 0.000000 0.000000 1.000000 0.000000 0.000000
7.000000 74.377761 3.433570 0.655478 1.707062 0.000000 0.000000 0.000000 1.000000 0.000000 0.000000
7.000000 74.380744 3.406636 0.568845 1.915322 0.000000 0.000000 0.000000 1.000000 0.000000 0.000000
7.000000 74.383828 2.545635 0.724496 1.886799 0.000000 0.000000 0.000000 1.000000 0.000000 0.000000
7.000000 74.387759 3.391043 0.652199 1.698153 0.000000 0.000000 0.000000 1.000000 0.000000 0.000000
7.000000 74.390699 3.341830 0.580430 1.911501 0.000000 0.000000 0.000000 1.000000 0.000000 0.000000
7.000000 74.393725 2.620466 0.746290 1.842863 0.000000 0.000000 0.000000 1.000000 0.000000 0.000000
7.000000 74.397414 3.347963 0.654317 1.686277 0.000000 0.000000 0.000000 1.000000 0.000000 0.000000
7.000000 74.400693 3.309766 0.575892 1.894043 0.000000 0.000000 0.000000 1.000000 0.000000 0.000000
7.000000 74.403772 2.482105 0.739560 1.861285 0.000000 0.000000 0.000000 1.000000 0.000000 0.000000
7.000000 74.407621 3.304512 0.658092 1.675138 0.000000 0.000000 0.000000 1.000000 0.000000 0.000000
7.000000 74.410713 3.270759 0.574568 1.888196 0.000000 0.000000 0.000000 1.000000 0.000000 0.000000
7.000000 74.413745 2.422130 0.726230 1.855356 0.000000 0.000000 0.000000 1.000000 0.000000 0.000000
7.000000 74.417769 3.264370 0.653348 1.656060 0.000000 0.000000 0.000000 1.000000 0.000000 0.000000
7.000000 74.420716 3.201108 0.588205 1.878197 0.000000 0.000000 0.000000 1.000000 0.000000 0.000000
7.000000 74.423889 2.404045 0.736776 1.834911 0.000000 0.000000 0.000000 1.000000 0.000000 0.000000
7.000000 74.427609 3.219591 0.655484 1.644798 0.000000 0.000000 0.000000 1.000000 0.000000 0.000000
7.000000 74.430734 3.192651 0.565163 1.860922 0.000000 0.000000 0.000000 1.000000 0.000000 0.000000
7.000000 74.433728 2.363096 0.736349 1.827205 0.000000 0.000000 0.000000 1.000000 0.000000 0.000000
7.000000 74.437724 3.166576 0.656643 1.637279 0.000000 0.000000 0.000000 1.000000 0.000000 0.000000
7.000000 74.440750 3.154338 0.556627 1.846264 0.000000 0.000000 0.000000 1.000000 0.000000 0.000000
7.000000 74.443839 2.345039 0.749699 1.805399 0.000000 0.000000 0.000000 1.000000 0.000000 0.000000
7.000000 74.447479 3.116585 0.660301 1.621576 0.000000 0.000000 0.000000 1.000000 0.000000 0.000000
7.000000 74.450746 3.092468 0.572703 1.823044 0.000000 0.000000 0.000000 1.000000 0.000000 0.000000
7.000000 74.453732 2.336103 0.755420 1.781912 0.000000 0.000000 0.000000 1.000000 0.000000 0.000000
7.000000 74.457621 3.084795 0.658090 1.600564 0.000000 0.000000 0.000000 1.000000 0.000000 0.000000
7.000000 74.460739 3.064398 0.564455 1.806998 0.000000 0.000000 0.000000 1.000000 0.000000 0.000000
7.000000 74.463935 2.220938 0.741023 1.786341 0.000000 0.000000 0.000000 1.000000 0.000000 0.000000
7.000000 74.467494 3.039777 0.660378 1.580070 0.000000 0.000000 0.000000 1.000000 0.000000 0.000000
7.000000 74.470769 3.021252 0.562198 1.794001 0.000000 0.000000 0.000000 1.000000 0.000000 0.000000
7.000000 74.473750 2.204188 0.746282 1.761486 0.000000 0.000000 0.000000 1.000000 0.000000 0.000000
7.000000 74.477631 2.987865 0.660370 1.565442 0.000000 0.000000 0.000000 1.000000 0.000000 0.000000
7.000000 74.480790 2.972614 0.561478 1.777735 0.000000 0.000000 0.000000 1.000000 0.000000 0.000000
7.000000 74.483825 2.191162 0.754274 1.741336 0.000000 0.000000 0.000000 1.000000 0.000000 0.000000
7.000000 74.487472 2.941706 0.661281 1.551987 0.000000 0.000000 0.000000 1.000000 0.000000 0.000000
7.000000 74.490719 2.938781 0.553871 1.758000 0.000000 0.000000 0.000000 1.000000 0.000000 0.000000
7.000000 74.493746 2.134359 0.749988 1.731140 0.000000 0.000000 0.000000 1.000000 0.000000 0.000000
7.000000 74.497643 2.906250 0.663389 1.528628 0.000000 0.000000 0.000000 1.000000 0.000000 0.000000
7.000000 74.500798 2.896530 0.558423 1.737723 0.000000 0.000000 0.000000 1.000000 0.000000 0.000000
7.000000 74.503819 2.095325 0.771564 1.707124 0.000000 0.000000 0.000000 1.000000 0.000000 0.000000
7.000000 74.507790 2.853291 0.664599 1.505421 0.000000 0.000000 0.000000 1.000000 0.000000 0.000000
7.000000 74.510772 2.837760 0.566716 1.710778 0.000000 0.000000 0.000000 1.000000 0.000000 0.000000
7.000000 74.513794 2.045805 0.753349 1.687816 0.000000 0.000000 0.000000 1.000000 0.000000 0.000000
7.000000 74.517852 2.800224 0.663737 1.485149 0.000000 0.000000 0.000000 1.000000 0.000000 0.000000
7.000000 74.520810 2.783585 0.566832 1.690612 0.000000 0.000000 0.000000 1.000000 0.000000 0.000000
7.000000 74.523879 2.022540 0.757309 1.664231 0.000000 0.000000 0.000000 1.000000 0.000000 0.000000
7.000000 74.527719 2.770818 0.665072 1.458549 0.000000 0.000000 0.000000 1.000000 0.000000 0.000000
7.000000 74.530787 2.771646 0.555292 1.654456 0.000000 0.000000 0.000000 1.000000 0.000000 0.000000
7.000000 74.533796 2.007858 0.765734 1.636470 0.000000 0.000000 0.000000 1.000000 0.000000 0.000000
7.000000 74.537838 2.726466 0.666558 1.435362 0.000000 0.000000 0.000000 1.000000 0.000000 0.000000
7.000000 74.540737 2.710577 0.571452 1.628432 0.000000 0.000000 0.000000 1.000000 0.000000 0.000000
7.000000 74.543877 1.992961 0.780992 1.605695 0.000000 0.000000 0.000000 1.000000 0.000000 0.000000
7.000000 74.547536 2.681834 0.669241 1.410326 0.000000 0.000000 0.000000 1.000000 0.000000 0.000000
7.000000 74.550769 2.663854 0.575526 1.604631 0.000000 0.000000 0.000000 1.000000 0.000000 0.000000
7.000000 74.553778 1.952547 0.776195 1.581369 0.000000 0.000000 0.000000 1.000000 0.000000 0.000000
7.000000 74.557754 2.638936 0.667427 1.382144 0.000000 0.000000 0.000000 1.000000 0.000000 0.000000
7.000000 74.560919 2.642979 0.561165 1.556387 0.000000 0.000000 0.000000 1.000000 0.000000 0.000000
7.000000 74.563869 1.902668 0.775319 1.560218 0.000000 0.000000 0.000000 1.000000 0.000000 0.000000
7.000000 74.567589 2.592661 0.670523 1.356301 0.000000 0.000000 0.000000 1.000000 0.000000 0.000000
7.000000 74.570735 2.600067 0.558973 1.535105 0.000000 0.000000 0.000000 1.000000 0.000000 0.000000
7.000000 74.573908 1.876731 0.778358 1.530327 0.000000 0.000000 0.000000 1.000000 0.000000 0.000000
7.000000 74.577466 2.550074 0.669601 1.327767 0.000000 0.000000 0.000000 1.000000 0.000000 0.000000
7.000000 74.580818 2.548311 0.561359 1.517477 0.000000 0.000000 0.000000 1.000000 0.000000 0.000000
7.000000 74.583945 1.856611 0.781511 1.504154 0.000000 0.000000 0.000000 1.000000 0.000000 0.000000
7.000000 74.587523 2.520275 0.669747 1.298969 0.000000 0.000000 0.000000 1.000000 0.000000 0.000000
7.000000 74.590845 2.509852 0.570275 1.481756 0.000000 0.000000 0.000000 1.000000 0.000000 0.000000
7.000000 74.593794 1.835942 0.795517 1.465509 0.000000 0.000000 0.000000 1.000000 0.000000 0.000000
7.000000 74.597622 2.455829 0.672998 1.270103 0.000000 0.000000 0.000000 1.000000 0.000000 0.000000
7.000000 74.600765 2.450914 0.567940 1.453258 0.000000 0.000000 0.000000 1.000000 0.000000 0.000000
7.000000 74.603844 1.805170 0.803955 1.439134 0.000000 0.000000 0.000000 1.000000 0.000000 0.000000
7.000000 74.607486 2.417247 0.674387 1.236206 0.000000 0.000000 0.000000 1.000000 0.000000 0.000000
7.000000 74.610792 2.399989 0.573466 1.428162 0.000000 0.000000 0.000000 1.000000 0.000000 0.000000
7.000000 74.613945 1.763042 0.806709 1.401514 0.000000 0.000000 0.000000 1.000000 0.000000 0.000000
7.000000 74.617627 2.400353 0.669325 1.192142 0.000000 0.000000 0.000000 1.000000 0.000000 0.000000
7.000000 74.620801 2.374178 0.575321 1.399147 0.000000 0.000000 0.000000 1.000000 0.000000 0.000000
7.000000 74.624026 1.743385 0.796943 1.369811 0.000000 0.000000 0.000000 1.000000 0.000000 0.000000
7.000000 74.627492 2.347169 0.672489 1.168311 0.000000 0.000000 0.000000 1.000000 0.000000 0.000000
7.000000 74.630826 2.316158 0.584247 1.366144 0.000000 0.000000 0.000000 1.000000 0.000000 0.000000
7.000000 74.633927 1.698372 0.801153 1.344415 0.000000 0.000000 0.000000 1.000000 0.000000 0.000000
7.000000 74.637642 2.291056 0.678095 1.140185 0.000000 0.000000 0.000000 1.000000 0.000000 0.000000
7.000000 74.640999 2.253329 0.594004 1.338366 0.000000 0.000000 0.000000 1.000000 0.000000 0.000000
7.000000 74.644037 1.719985 0.806209 1.289276 0.000000 0.000000 0.000000 1.000000 0.000000 0.000000
7.000000 74.647549 2.253738 0.676933 1.102707 0.000000 0.000000 0.000000 1.000000 0.000000 0.000000
7.000000 74.650803 2.236051 0.577809 1.288977 0.000000 0.000000 0.000000 1.000000 0.000000 0.000000
7.000000 74.653893 1.672580 0.818147 1.261179 0.000000 0.000000 0.000000 1.000000 0.000000 0.000000
7.000000 74.657661 2.209454 0.680035 1.067963 0.000000 0.000000 0.000000 1.000000 0.000000 0.000000
7.000000 74.660977 2.173289 0.595118 1.262351 0.000000 0.000000 0.000000 1.000000 0.000000 0.000000
7.000000 74.663905 1.626834 0.808957 1.229121 0.000000 0.000000 0.000000 1.000000 0.000000 0.000000
7.000000 74.667684 2.176382 0.680101 1.023976 0.000000 0.000000 0.000000 1.000000 0.000000 0.000000
7.000000 74.670795 2.186933 0.552516 1.205788 0.000000 0.000000 0.000000 1.000000 0.000000 0.000000
7.000000 74.673883 1.578420 0.814095 1.200724 0.000000 0.000000 0.000000 1.000000 0.000000 0.000000
7.000000 74.677812 2.130165 0.680344 0.987282 0.000000 0.000000 0.000000 1.000000 0.000000 0.000000
7.000000 74.681002 2.095691 0.590753 1.177690 0.000000 0.000000 0.000000 1.000000 0.000000 0.000000
7.000000 74.684000 1.574799 0.823618 1.153163 0.000000 0.000000 0.000000 1.000000 0.000000 0.000000
7.000000 74.687605 2.086593 0.679860 0.952520 0.000000 0.000000 0.000000 1.000000 0.000000 0.000000
7.000000 74.690885 2.055367 0.589888 1.138661 0.000000 0.000000 0.000000 1.000000 0.000000 0.000000
7.000000 74.697696 1.631007 1.018383 1.109272 0.000000 0.000000 0.000000 1.000000 0.000000 0.000000
7.000000 74.700930 2.037819 0.566256 1.098451 0.000000 0.000000 0.000000 1.000000 0.000000 0.000000
7.000000 74.707587 1.583598 1.027938 1.081637 0.000000 0.000000 0.000000 1.000000 0.000000 0.000000
7.000000 74.710873 1.985641 0.584442 1.056575 0.000000 0.000000 0.000000 1.000000 0.000000 0.000000
7.000000 74.717642 1.552406 1.024111 1.039303 0.000000 0.000000 0.000000 1.000000 0.000000 0.000000
7.000000 74.721057 1.947558 0.585146 1.011546 0.000000 0.000000 0.000000 1.000000 0.000000 0.000000
7.000000 74.727701 1.507411 1.023886 0.993035 0.000000 0.000000 0.000000 1.000000 0.000000 0.000000
7.000000 74.730784 1.938446 0.547303 0.955567 0.000000 0.000000 0.000000 1.000000 0.000000 0.000000
7.000000 74.737690 1.486274 1.028920 0.950865 0.000000 0.000000 0.000000 1.000000 0.000000 0.000000
7.000000 74.740817 1.885521 0.579208 0.923501 0.000000 0.000000 0.000000 1.000000 0.000000 0.000000
7.000000 74.750824 -0.313654 0.687206 0.716178 0.000000 0.000000 0.000000 1.000000 0.000000 0.000000
7.000000 74.760833 -0.452660 0.682254 0.651261 0.000000 0.000000 0.000000 1.000000 0.000000 0.000000
7.000000 74.770972 -0.545796 0.671604 0.591775 0.000000 0.000000 0.000000 1.000000 0.000000 0.000000
7.000000 74.781277 -0.574139 0.660280 0.536446 0.000000 0.000000 0.000000 1.000000 0.000000 0.000000
7.000000 74.790981 -0.493466 0.690932 0.500811 0.000000 0.000000 0.000000 1.000000 0.000000 0.000000
7.000000 74.801055 -0.533753 0.701411 0.455000 0.000000 0.000000 0.000000 1.000000 0.000000 0.000000
7.000000 74.810959 -0.643519 0.689644 0.385243 0.000000 0.000000 0.000000 1.000000 0.000000 0.000000
7.000000 74.821024 -0.876165 0.663788 0.313108 0.000000 0.000000 0.000000 1.000000 0.000000 0.000000
7.000000 74.830955 -0.791908 0.687777 0.268089 0.000000 0.000000 0.000000 1.000000 0.000000 0.000000
7.000000 74.841030 -0.892589 0.670897 0.204872 0.000000 0.000000 0.000000 1.000000 0.000000 0.000000
7.000000 74.850955 -0.820343 0.712688 0.175918 0.000000 0.000000 0.000000 1.000000 0.000000 0.000000
7.000000 74.861076 -1.026770 0.695757 0.093798 0.000000 0.000000 0.000000 1.000000 0.000000 0.000000
7.000000 74.870947 -1.097857 0.671062 0.020965 0.000000 0.000000 0.000000 1.000000 0.000000 0.000000
7.000000 74.881138 -1.058949 0.689828 -0.026130 0.000000 0.000000 0.000000 1.000000 0.000000 0.000000
7.000000 74.891521 -1.235089 0.679952 -0.063913 0.000000 0.000000 0.000000 1.000000 0.000000 0.000000
7.000000 74.902279 -1.330204 0.706268 -0.005159 0.000000 0.000000 0.000000 1.000000 0.000000 0.000000
7.000000 74.911141 -1.431599 0.697528 0.000944 0.000000 0.000000 0.000000 1.000000 0.000000 0.000000
7.000000 74.920987 -1.409067 0.675046 0.056882 0.000000 0.000000 0.000000 1.000000 0.000000 0.000000
7.000000 74.922276 -1.394667 0.677287 0.072579 0.000000 0.000000 0.000000 1.000000 0.000000 0.000000
7.000000 74.930952 -1.544587 0.663658 0.088838 0.000000 0.000000 0.000000 1.000000 0.000000 0.000000
7.000000 74.941107 -1.385385 0.706858 0.167446 0.000000 0.000000 0.000000 1.000000 0.000000 0.000000
7.000000 74.942487 -1.177563 0.693398 0.220557 0.000000 0.000000 0.000000 1.000000 0.000000 0.000000
7.000000 74.951085 -1.360327 0.665834 0.214041 0.000000 0.000000 0.000000 1.000000 0.000000 0.000000
7.000000 74.961045 -1.399454 0.709469 0.277041 0.000000 0.000000 0.000000 1.000000 0.000000 0.000000
7.000000 74.970980 -1.561810 0.703650 0.283410 0.000000 0.000000 0.000000 1.000000 0.000000 0.000000
7.000000 74.981072 -1.715154 0.684441 0.309502 0.000000 0.000000 0.000000 1.000000 0.000000 0.000000
7.000000 74.990975 -1.587036 0.715303 0.365878 0.000000 0.000000 0.000000 1.000000 0.000000 0.000000
7.000000 75.001094 -1.677315 0.714508 0.383294 0.000000 0.000000 0.000000 1.000000 0.000000 0.000000
7.000000 75.011132 -1.886459 0.697941 0.410249 0.000000 0.000000 0.000000 1.000000 0.000000 0.000000
7.000000 75.021168 -1.698455 0.722853 0.471482 0.000000 0.000000 0.000000 1.000000 0.000000 0.000000
7.000000 75.031099 -1.745694 0.721939 0.506855 0.000000 0.000000 0.000000 1.000000 0.000000 0.000000
7.000000 75.041160 -1.898653 0.700448 0.520703 0.000000 0.000000 0.000000 1.000000 0.000000 0.000000
7.000000 75.051311 -1.997635 0.712346 0.563305 0.000000 0.000000 0.000000 1.000000 0.000000 0.000000
7.000000 75.061086 -1.967145 0.727994 0.586815 0.000000 0.000000 0.000000 1.000000 0.000000 0.000000
7.000000 75.071104 -2.001016 0.714340 0.614421 0.000000 0.000000 0.000000 1.000000 0.000000 0.000000
7.000000 75.081249 -1.976735 0.731467 0.667411 0.000000 0.000000 0.000000 1.000000 0.000000 0.000000
7.000000 75.091108 -2.126491 0.710108 0.674221 0.000000 0.000000 0.000000 1.000000 0.000000 0.000000
7.000000 75.101270 -2.065441 0.743867 0.710844 0.000000 0.000000 0.000000 1.000000 0.000000 0.000000
7.000000 75.111171 -2.212106 0.739401 0.737957 0.000000 0.000000 0.000000 1.000000 0.000000 0.000000
7.000000 75.121239 -2.147343 0.740199 0.755463 0.000000 0.000000 0.000000 1.000000 0.000000 0.000000
7.000000 75.131139 -2.206088 0.735969 0.773908 0.000000 0.000000 0.000000 1.000000 0.000000 0.000000
7.000000 75.141135 -2.292085 0.740065 0.798646 0.000000 0.000000 0.000000 1.000000 0.000000 0.000000
7.000000 75.150990 -2.248541 0.747590 0.813285 0.000000 0.000000 0.000000 1.000000 0.000000 0.000000
7.000000 75.161251 -2.440855 0.747349 0.814079 0.000000 0.000000 0.000000 1.000000 0.000000 0.000000
7.000000 75.171145 -2.405333 0.749623 0.859206 0.000000 0.000000 0.000000 1.000000 0.000000 0.000000
7.000000 75.181302 -2.404985 0.753443 0.877726 0.000000 0.000000 0.000000 1.000000 0.000000 0.000000
7.000000 75.191199 -2.448042 0.756808 0.895072 0.000000 0.000000 0.000000 1.000000 0.000000 0.000000
7.000000 75.201218 -2.460423 0.763244 0.910901 0.000000 0.000000 0.000000 1.000000 0.000000 0.000000
7.000000 75.211051 -2.651118 0.756530 0.909779 0.000000 0.000000 0.000000 1.000000 0.000000 0.000000
7.000000 75.221267 -2.636910 0.759722 0.919323 0.000000 0.000000 0.000000 1.000000 0.000000 0.000000
7.000000 75.231090 -2.656439 0.754455 0.939728 0.000000 0.000000 0.000000 1.000000 0.000000 0.000000
7.000000 75.241247 -2.724592 0.760599 0.942479 0.000000 0.000000 0.000000 1.000000 0.000000 0.000000
7.000000 75.251160 -2.839969 0.767589 0.946442 0.000000 0.000000 0.000000 1.000000 0.000000 0.000000
7.000000 75.261250 -2.856832 0.770958 0.964263 0.000000 0.000000 0.000000 1.000000 0.000000 0.000000
7.000000 75.271252 -2.918920 0.783340 0.967855 0.000000 0.000000 0.000000 1.000000 0.000000 0.000000
7.000000 75.281303 -2.826125 0.775670 0.978288 0.000000 0.000000 0.000000 1.000000 0.000000 0.000000
7.000000 75.291056 -2.896832 0.774062 0.979731 0.000000 0.000000 0.000000 1.000000 0.000000 0.000000
7.000000 75.311267 -2.995091 0.772044 0.975893 0.000000 0.000000 0.000000 1.000000 0.000000 0.000000
7.000000 75.321329 -2.937067 0.773114 0.982849 0.000000 0.000000 0.000000 1.000000 0.000000 0.000000
7.000000 75.331272 -3.010514 0.763133 0.983125 0.000000 0.000000 0.000000 1.000000 0.000000 0.000000
