9.000000 99.040931 25.350830 -0.181669 0.510907 0.000000 0.000000 0.000000 1.000000 0.000000 0.000000
9.000000 99.050896 25.338473 -0.182021 0.573416 0.000000 0.000000 0.000000 1.000000 0.000000 0.000000
9.000000 99.060911 25.153140 -0.156005 0.664080 0.000000 0.000000 0.000000 1.000000 0.000000 0.000000
9.000000 99.070940 24.876261 -0.126488 0.800863 0.000000 0.000000 0.000000 1.000000 0.000000 0.000000
9.000000 99.080892 24.775862 -0.107053 0.873110 0.000000 0.000000 0.000000 1.000000 0.000000 0.000000
9.000000 99.090889 24.592317 -0.075825 0.963568 0.000000 0.000000 0.000000 1.000000 0.000000 0.000000
9.000000 99.101180 24.507874 -0.070080 1.049758 0.000000 0.000000 0.000000 1.000000 0.000000 0.000000
9.000000 99.111069 24.314654 -0.030736 1.119031 0.000000 0.000000 0.000000 1.000000 0.000000 0.000000
9.000000 99.121163 22.820290 0.130049 1.263070 0.000000 0.000000 0.000000 1.000000 0.000000 0.000000
9.000000 99.129016 22.921625 -0.049811 1.452959 0.000000 0.000000 0.000000 1.000000 0.000000 0.000000
9.000000 99.130900 23.868979 0.021260 1.301462 0.000000 0.000000 0.000000 1.000000 0.000000 0.000000
9.000000 99.139175 22.803851 -0.034182 1.512986 0.000000 0.000000 0.000000 1.000000 0.000000 0.000000
9.000000 99.140918 23.897961 0.037127 1.369569 0.000000 0.000000 0.000000 1.000000 0.000000 0.000000
9.000000 99.149029 22.699854 -0.008223 1.585427 0.000000 0.000000 0.000000 1.000000 0.000000 0.000000
9.000000 99.151021 23.752131 0.066334 1.450015 0.000000 0.000000 0.000000 1.000000 0.000000 0.000000
9.000000 99.159168 22.605542 0.000276 1.654322 0.000000 0.000000 0.000000 1.000000 0.000000 0.000000
9.000000 99.161003 23.627767 0.070556 1.522133 0.000000 0.000000 0.000000 1.000000 0.000000 0.000000
9.000000 99.169072 22.484950 0.020530 1.713319 0.000000 0.000000 0.000000 1.000000 0.000000 0.000000
9.000000 99.170841 23.516755 0.096615 1.590724 0.000000 0.000000 0.000000 1.000000 0.000000 0.000000
9.000000 99.179167 22.365886 0.048735 1.775439 0.000000 0.000000 0.000000 1.000000 0.000000 0.000000
9.000000 99.180977 23.283032 0.128469 1.657347 0.000000 0.000000 0.000000 1.000000 0.000000 0.000000
9.000000 99.189086 22.252836 0.070221 1.839946 0.000000 0.000000 0.000000 1.000000 0.000000 0.000000
9.000000 99.190863 23.209575 0.148187 1.731906 0.000000 0.000000 0.000000 1.000000 0.000000 0.000000
9.000000 99.198994 21.383866 0.270111 1.621354 0.000000 0.000000 0.000000 1.000000 0.000000 0.000000
9.000000 99.199140 21.481103 0.244471 1.850342 0.000000 0.000000 0.000000 1.000000 0.000000 0.000000
9.000000 99.201001 23.062013 0.161561 1.800127 0.000000 0.000000 0.000000 1.000000 0.000000 0.000000
9.000000 99.208690 21.282790 0.281526 1.690044 0.000000 0.000000 0.000000 1.000000 0.000000 0.000000
9.000000 99.209327 21.385369 0.262218 1.917090 0.000000 0.000000 0.000000 1.000000 0.000000 0.000000
9.000000 99.210881 22.965545 0.183600 1.866025 0.000000 0.000000 0.000000 1.000000 0.000000 0.000000
9.000000 99.218798 21.166105 0.300275 1.751292 0.000000 0.000000 0.000000 1.000000 0.000000 0.000000
9.000000 99.219124 21.274215 0.286466 1.975527 0.000000 0.000000 0.000000 1.000000 0.000000 0.000000
9.000000 99.220975 22.776685 0.211106 1.936317 0.000000 0.000000 0.000000 1.000000 0.000000 0.000000
9.000000 99.228742 21.044067 0.321467 1.811897 0.000000 0.000000 0.000000 1.000000 0.000000 0.000000
9.000000 99.229084 21.152043 0.305062 2.035536 0.000000 0.000000 0.000000 1.000000 0.000000 0.000000
9.000000 99.230865 22.561083 0.229763 1.997335 0.000000 0.000000 0.000000 1.000000 0.000000 0.000000
9.000000 99.238672 20.922120 0.341977 1.862360 0.000000 0.000000 0.000000 1.000000 0.000000 0.000000
9.000000 99.239069 21.042325 0.329068 2.092462 0.000000 0.000000 0.000000 1.000000 0.000000 0.000000
9.000000 99.240995 22.492572 0.252041 2.063977 0.000000 0.000000 0.000000 1.000000 0.000000 0.000000
9.000000 99.248720 20.819321 0.358924 1.932491 0.000000 0.000000 0.000000 1.000000 0.000000 0.000000
9.000000 99.249062 20.925402 0.341381 2.148826 0.000000 0.000000 0.000000 1.000000 0.000000 0.000000
9.000000 99.250903 22.362139 0.270980 2.123612 0.000000 0.000000 0.000000 1.000000 0.000000 0.000000
9.000000 99.258679 20.707894 0.373990 1.988611 0.000000 0.000000 0.000000 1.000000 0.000000 0.000000
9.000000 99.259078 20.810043 0.355820 2.206288 0.000000 0.000000 0.000000 1.000000 0.000000 0.000000
9.000000 99.261030 22.280491 0.288797 2.180241 0.000000 0.000000 0.000000 1.000000 0.000000 0.000000
9.000000 99.268784 20.598395 0.397507 2.053472 0.000000 0.000000 0.000000 1.000000 0.000000 0.000000
9.000000 99.269182 20.692106 0.373234 2.261532 0.000000 0.000000 0.000000 1.000000 0.000000 0.000000
9.000000 99.270897 22.139927 0.308611 2.240441 0.000000 0.000000 0.000000 1.000000 0.000000 0.000000
9.000000 99.278741 20.484497 0.418081 2.109734 0.000000 0.000000 0.000000 1.000000 0.000000 0.000000
9.000000 99.279112 20.575824 0.393797 2.317435 0.000000 0.000000 0.000000 1.000000 0.000000 0.000000
9.000000 99.280959 21.941198 0.331928 2.289183 0.000000 0.000000 0.000000 1.000000 0.000000 0.000000
9.000000 99.288752 20.365097 0.431674 2.159200 0.000000 0.000000 0.000000 1.000000 0.000000 0.000000
9.000000 99.289232 20.456359 0.405132 2.362419 0.000000 0.000000 0.000000 1.000000 0.000000 0.000000
9.000000 99.290978 21.893921 0.343857 2.349893 0.000000 0.000000 0.000000 1.000000 0.000000 0.000000
9.000000 99.298671 20.250192 0.453921 2.213312 0.000000 0.000000 0.000000 1.000000 0.000000 0.000000
9.000000 99.299361 20.349440 0.431913 2.414662 0.000000 0.000000 0.000000 1.000000 0.000000 0.000000
9.000000 99.300997 21.737715 0.372096 2.409331 0.000000 0.000000 0.000000 1.000000 0.000000 0.000000
9.000000 99.308760 20.133347 0.471451 2.264112 0.000000 0.000000 0.000000 1.000000 0.000000 0.000000
9.000000 99.309310 20.232073 0.450094 2.464533 0.000000 0.000000 0.000000 1.000000 0.000000 0.000000
9.000000 99.310943 21.591981 0.392663 2.459856 0.000000 0.000000 0.000000 1.000000 0.000000 0.000000
9.000000 99.318699 20.030933 0.493384 2.320792 0.000000 0.000000 0.000000 1.000000 0.000000 0.000000
9.000000 99.319246 20.117108 0.465693 2.514508 0.000000 0.000000 0.000000 1.000000 0.000000 0.000000
9.000000 99.321062 21.473237 0.411472 2.513554 0.000000 0.000000 0.000000 1.000000 0.000000 0.000000
9.000000 99.329050 19.915585 0.506980 2.374022 0.000000 0.000000 0.000000 1.000000 0.000000 0.000000
9.000000 99.329253 20.001444 0.479950 2.566216 0.000000 0.000000 0.000000 1.000000 0.000000 0.000000
9.000000 99.330970 21.295338 0.427835 2.553551 0.000000 0.000000 0.000000 1.000000 0.000000 0.000000
9.000000 99.339303 19.871498 0.494764 2.605270 0.000000 0.000000 0.000000 1.000000 0.000000 0.000000
9.000000 99.341103 21.252161 0.444120 2.611219 0.000000 0.000000 0.000000 1.000000 0.000000 0.000000
9.000000 99.349079 19.752773 0.514380 2.655399 0.000000 0.000000 0.000000 1.000000 0.000000 0.000000
9.000000 99.350914 21.110332 0.466605 2.660650 0.000000 0.000000 0.000000 1.000000 0.000000 0.000000
9.000000 99.359328 19.644906 0.536166 2.697166 0.000000 0.000000 0.000000 1.000000 0.000000 0.000000
9.000000 99.361087 20.965530 0.489290 2.709966 0.000000 0.000000 0.000000 1.000000 0.000000 0.000000
9.000000 99.369384 19.535664 0.551146 2.742596 0.000000 0.000000 0.000000 1.000000 0.000000 0.000000
9.000000 99.370925 20.837468 0.508515 2.758345 0.000000 0.000000 0.000000 1.000000 0.000000 0.000000
9.000000 99.379422 19.410861 0.565988 2.783449 0.000000 0.000000 0.000000 1.000000 0.000000 0.000000
9.000000 99.381201 20.722236 0.526810 2.793934 0.000000 0.000000 0.000000 1.000000 0.000000 0.000000
9.000000 99.389358 19.311340 0.592248 2.828256 0.000000 0.000000 0.000000 1.000000 0.000000 0.000000
9.000000 99.391002 20.558681 0.553119 2.846278 0.000000 0.000000 0.000000 1.000000 0.000000 0.000000
9.000000 99.399398 19.177545 0.608856 2.868367 0.000000 0.000000 0.000000 1.000000 0.000000 0.000000
9.000000 99.401099 20.459176 0.570569 2.891200 0.000000 0.000000 0.000000 1.000000 0.000000 0.000000
9.000000 99.409596 19.070216 0.623322 2.905963 0.000000 0.000000 0.000000 1.000000 0.000000 0.000000
9.000000 99.411012 20.318690 0.587854 2.931826 0.000000 0.000000 0.000000 1.000000 0.000000 0.000000
9.000000 99.419349 18.965017 0.637216 2.948916 0.000000 0.000000 0.000000 1.000000 0.000000 0.000000
9.000000 99.421054 20.208009 0.604970 2.970848 0.000000 0.000000 0.000000 1.000000 0.000000 0.000000
9.000000 99.429145 18.845483 0.655711 2.986005 0.000000 0.000000 0.000000 1.000000 0.000000 0.000000
9.000000 99.431063 20.065276 0.624899 3.006040 0.000000 0.000000 0.000000 1.000000 0.000000 0.000000
9.000000 99.439262 18.726025 0.674245 3.022881 0.000000 0.000000 0.000000 1.000000 0.000000 0.000000
9.000000 99.441150 19.937083 0.647404 3.045628 0.000000 0.000000 0.000000 1.000000 0.000000 0.000000
9.000000 99.449194 18.632007 0.693387 3.052767 0.000000 0.000000 0.000000 1.000000 0.000000 0.000000
9.000000 99.450961 19.847040 0.665001 3.084883 0.000000 0.000000 0.000000 1.000000 0.000000 0.000000
9.000000 99.459301 18.510805 0.704712 3.093400 0.000000 0.000000 0.000000 1.000000 0.000000 0.000000
9.000000 99.461079 19.721640 0.684514 3.118477 0.000000 0.000000 0.000000 1.000000 0.000000 0.000000
9.000000 99.469246 18.389577 0.720668 3.124889 0.000000 0.000000 0.000000 1.000000 0.000000 0.000000
9.000000 99.471018 19.601575 0.701326 3.150745 0.000000 0.000000 0.000000 1.000000 0.000000 0.000000
9.000000 99.479233 18.269757 0.737401 3.152638 0.000000 0.000000 0.000000 1.000000 0.000000 0.000000
9.000000 99.481160 19.433980 0.719030 3.168481 0.000000 0.000000 0.000000 1.000000 0.000000 0.000000
9.000000 99.489195 18.144248 0.755057 3.185229 0.000000 0.000000 0.000000 1.000000 0.000000 0.000000
9.000000 99.491082 19.288124 0.735873 3.215448 0.000000 0.000000 0.000000 1.000000 0.000000 0.000000
9.000000 99.499309 18.054068 0.776075 3.210469 0.000000 0.000000 0.000000 1.000000 0.000000 0.000000
9.000000 99.501095 19.226647 0.759563 3.247128 0.000000 0.000000 0.000000 1.000000 0.000000 0.000000
9.000000 99.509537 17.916503 0.782197 3.247650 0.000000 0.000000 0.000000 1.000000 0.000000 0.000000
9.000000 99.510972 19.145178 0.769174 3.278492 0.000000 0.000000 0.000000 1.000000 0.000000 0.000000
9.000000 99.519322 17.784458 0.794290 3.268706 0.000000 0.000000 0.000000 1.000000 0.000000 0.000000
9.000000 99.521261 19.003892 0.784322 3.297300 0.000000 0.000000 0.000000 1.000000 0.000000 0.000000
9.000000 99.528872 17.691949 0.871206 3.168879 0.000000 0.000000 0.000000 1.000000 0.000000 0.000000
9.000000 99.529204 17.678982 0.812958 3.300156 0.000000 0.000000 0.000000 1.000000 0.000000 0.000000
9.000000 99.531044 18.832348 0.804348 3.325939 0.000000 0.000000 0.000000 1.000000 0.000000 0.000000
9.000000 99.538788 17.555672 0.887213 3.187060 0.000000 0.000000 0.000000 1.000000 0.000000 0.000000
9.000000 99.539208 17.565932 0.836755 3.316835 0.000000 0.000000 0.000000 1.000000 0.000000 0.000000
9.000000 99.541405 18.702142 0.825790 3.356067 0.000000 0.000000 0.000000 1.000000 0.000000 0.000000
9.000000 99.548810 17.443985 0.914510 3.216687 0.000000 0.000000 0.000000 1.000000 0.000000 0.000000
9.000000 99.549313 17.412976 0.844470 3.343216 0.000000 0.000000 0.000000 1.000000 0.000000 0.000000
9.000000 99.551107 18.655957 0.837823 3.381897 0.000000 0.000000 0.000000 1.000000 0.000000 0.000000
9.000000 99.558849 17.353580 0.932150 3.242551 0.000000 0.000000 0.000000 1.000000 0.000000 0.000000
9.000000 99.559242 17.313930 0.859602 3.366573 0.000000 0.000000 0.000000 1.000000 0.000000 0.000000
9.000000 99.561152 18.533437 0.854444 3.404861 0.000000 0.000000 0.000000 1.000000 0.000000 0.000000
9.000000 99.568811 17.269634 0.953948 3.276001 0.000000 0.000000 0.000000 1.000000 0.000000 0.000000
9.000000 99.569277 17.223274 0.883143 3.392165 0.000000 0.000000 0.000000 1.000000 0.000000 0.000000
9.000000 99.571054 18.367262 0.881120 3.424401 0.000000 0.000000 0.000000 1.000000 0.000000 0.000000
9.000000 99.578808 17.148981 0.969958 3.301419 0.000000 0.000000 0.000000 1.000000 0.000000 0.000000
9.000000 99.579195 17.091780 0.896287 3.414642 0.000000 0.000000 0.000000 1.000000 0.000000 0.000000
9.000000 99.581166 18.247500 0.897347 3.444109 0.000000 0.000000 0.000000 1.000000 0.000000 0.000000
9.000000 99.588826 17.003022 0.979103 3.316075 0.000000 0.000000 0.000000 1.000000 0.000000 0.000000
9.000000 99.589233 16.964254 0.913152 3.424557 0.000000 0.000000 0.000000 1.000000 0.000000 0.000000
9.000000 99.591135 18.150165 0.915369 3.463801 0.000000 0.000000 0.000000 1.000000 0.000000 0.000000
9.000000 99.598854 16.911807 1.009410 3.337670 0.000000 0.000000 0.000000 1.000000 0.000000 0.000000
9.000000 99.599223 16.854958 0.936875 3.439627 0.000000 0.000000 0.000000 1.000000 0.000000 0.000000
9.000000 99.601156 17.996557 0.940089 3.478085 0.000000 0.000000 0.000000 1.000000 0.000000 0.000000
9.000000 99.609054 16.790656 1.013694 3.357933 0.000000 0.000000 0.000000 1.000000 0.000000 0.000000
9.000000 99.609364 16.739332 0.946148 3.458108 0.000000 0.000000 0.000000 1.000000 0.000000 0.000000
9.000000 99.611131 17.914325 0.953248 3.497760 0.000000 0.000000 0.000000 1.000000 0.000000 0.000000
9.000000 99.618814 16.691888 1.027672 3.383308 0.000000 0.000000 0.000000 1.000000 0.000000 0.000000
9.000000 99.619256 16.642269 0.964553 3.479246 0.000000 0.000000 0.000000 1.000000 0.000000 0.000000
9.000000 99.621172 17.769141 0.974199 3.512411 0.000000 0.000000 0.000000 1.000000 0.000000 0.000000
9.000000 99.629076 16.607972 1.053434 3.407568 0.000000 0.000000 0.000000 1.000000 0.000000 0.000000
9.000000 99.629267 16.531162 0.980796 3.494837 0.000000 0.000000 0.000000 1.000000 0.000000 0.000000
9.000000 99.631066 17.674511 0.994612 3.517850 0.000000 0.000000 0.000000 1.000000 0.000000 0.000000
9.000000 99.638856 16.478486 1.074564 3.414710 0.000000 0.000000 0.000000 1.000000 0.000000 0.000000
9.000000 99.639257 16.414123 1.001893 3.505372 0.000000 0.000000 0.000000 1.000000 0.000000 0.000000
9.000000 99.641284 17.525585 1.009938 3.545969 0.000000 0.000000 0.000000 1.000000 0.000000 0.000000
9.000000 99.648825 16.377874 1.090408 3.434431 0.000000 0.000000 0.000000 1.000000 0.000000 0.000000
9.000000 99.649281 16.257397 0.999306 3.518956 0.000000 0.000000 0.000000 1.000000 0.000000 0.000000
9.000000 99.651241 17.457860 1.015914 3.552832 0.000000 0.000000 0.000000 1.000000 0.000000 0.000000
9.000000 99.658815 16.262682 1.113372 3.451644 0.000000 0.000000 0.000000 1.000000 0.000000 0.000000
9.000000 99.659367 16.115696 1.011635 3.530586 0.000000 0.000000 0.000000 1.000000 0.000000 0.000000
9.000000 99.661195 17.359461 1.031412 3.559040 0.000000 0.000000 0.000000 1.000000 0.000000 0.000000
9.000000 99.663355 17.232173 0.947011 3.553879 0.000000 0.000000 0.000000 1.000000 0.000000 0.000000
9.000000 99.668881 16.141737 1.117994 3.468573 0.000000 0.000000 0.000000 1.000000 0.000000 0.000000
9.000000 99.669600 16.022177 1.032224 3.545237 0.000000 0.000000 0.000000 1.000000 0.000000 0.000000
9.000000 99.671134 17.229268 1.055248 3.571230 0.000000 0.000000 0.000000 1.000000 0.000000 0.000000
9.000000 99.679339 16.492206 1.032889 3.574573 0.000000 0.000000 0.000000 1.000000 0.000000 0.000000
9.000000 99.679392 15.937227 1.055399 3.554353 0.000000 0.000000 0.000000 1.000000 0.000000 0.000000
9.000000 99.681141 16.364518 1.255486 3.552980 0.000000 0.000000 0.000000 1.000000 0.000000 0.000000
9.000000 99.688864 15.928258 1.159753 3.494228 0.000000 0.000000 0.000000 1.000000 0.000000 0.000000
9.000000 99.689329 15.795076 1.069459 3.562402 0.000000 0.000000 0.000000 1.000000 0.000000 0.000000
9.000000 99.691114 16.966478 1.093427 3.589269 0.000000 0.000000 0.000000 1.000000 0.000000 0.000000
9.000000 99.698848 15.814140 1.175940 3.500478 0.000000 0.000000 0.000000 1.000000 0.000000 0.000000
9.000000 99.699286 15.690195 1.088801 3.569107 0.000000 0.000000 0.000000 1.000000 0.000000 0.000000
9.000000 99.701236 16.842909 1.112019 3.598991 0.000000 0.000000 0.000000 1.000000 0.000000 0.000000
9.000000 99.708883 15.702079 1.188387 3.509025 0.000000 0.000000 0.000000 1.000000 0.000000 0.000000
9.000000 99.709285 15.585995 1.108013 3.575473 0.000000 0.000000 0.000000 1.000000 0.000000 0.000000
9.000000 99.711099 16.704911 1.133729 3.600425 0.000000 0.000000 0.000000 1.000000 0.000000 0.000000
9.000000 99.718878 15.602403 1.203822 3.529178 0.000000 0.000000 0.000000 1.000000 0.000000 0.000000
9.000000 99.719289 15.463490 1.118191 3.589522 0.000000 0.000000 0.000000 1.000000 0.000000 0.000000
9.000000 99.721188 16.630498 1.150232 3.609646 0.000000 0.000000 0.000000 1.000000 0.000000 0.000000
9.000000 99.728886 15.489565 1.222177 3.532366 0.000000 0.000000 0.000000 1.000000 0.000000 0.000000
9.000000 99.729270 15.350499 1.135797 3.595574 0.000000 0.000000 0.000000 1.000000 0.000000 0.000000
9.000000 99.731124 16.449223 1.164584 3.613789 0.000000 0.000000 0.000000 1.000000 0.000000 0.000000
9.000000 99.738878 15.354829 1.239312 3.533952 0.000000 0.000000 0.000000 1.000000 0.000000 0.000000
9.000000 99.739282 15.203098 1.145842 3.594545 0.000000 0.000000 0.000000 1.000000 0.000000 0.000000
9.000000 99.741235 16.427421 1.179004 3.622358 0.000000 0.000000 0.000000 1.000000 0.000000 0.000000
9.000000 99.748909 15.258717 1.257187 3.542712 0.000000 0.000000 0.000000 1.000000 0.000000 0.000000
9.000000 99.749288 15.105916 1.166498 3.598532 0.000000 0.000000 0.000000 1.000000 0.000000 0.000000
9.000000 99.751136 16.268618 1.200221 3.623858 0.000000 0.000000 0.000000 1.000000 0.000000 0.000000
9.000000 99.758949 15.151604 1.271434 3.549129 0.000000 0.000000 0.000000 1.000000 0.000000 0.000000
9.000000 99.759351 15.003930 1.182351 3.604882 0.000000 0.000000 0.000000 1.000000 0.000000 0.000000
9.000000 99.761221 16.142170 1.215396 3.626129 0.000000 0.000000 0.000000 1.000000 0.000000 0.000000
9.000000 99.768888 15.062649 1.284691 3.553888 0.000000 0.000000 0.000000 1.000000 0.000000 0.000000
9.000000 99.769405 14.945441 1.208872 3.607457 0.000000 0.000000 0.000000 1.000000 0.000000 0.000000
9.000000 99.771198 16.042106 1.242284 3.629957 0.000000 0.000000 0.000000 1.000000 0.000000 0.000000
9.000000 99.778945 14.966051 1.307984 3.557566 0.000000 0.000000 0.000000 1.000000 0.000000 0.000000
9.000000 99.779399 14.798999 1.216630 3.612902 0.000000 0.000000 0.000000 1.000000 0.000000 0.000000
9.000000 99.781353 15.902908 1.253681 3.627592 0.000000 0.000000 0.000000 1.000000 0.000000 0.000000
9.000000 99.788897 14.834397 1.333966 3.544613 0.000000 0.000000 0.000000 1.000000 0.000000 0.000000
9.000000 99.789262 14.661351 1.235233 3.605834 0.000000 0.000000 0.000000 1.000000 0.000000 0.000000
9.000000 99.791384 15.810903 1.270190 3.633872 0.000000 0.000000 0.000000 1.000000 0.000000 0.000000
9.000000 99.799170 14.739089 1.342202 3.552407 0.000000 0.000000 0.000000 1.000000 0.000000 0.000000
9.000000 99.799454 14.577333 1.252274 3.611677 0.000000 0.000000 0.000000 1.000000 0.000000 0.000000
9.000000 99.801225 15.708754 1.291448 3.631115 0.000000 0.000000 0.000000 1.000000 0.000000 0.000000
9.000000 99.808936 14.640070 1.356272 3.562089 0.000000 0.000000 0.000000 1.000000 0.000000 0.000000
9.000000 99.809405 14.477684 1.265602 3.609019 0.000000 0.000000 0.000000 1.000000 0.000000 0.000000
9.000000 99.811203 15.629629 1.306126 3.630210 0.000000 0.000000 0.000000 1.000000 0.000000 0.000000
9.000000 99.818895 14.520409 1.369455 3.561447 0.000000 0.000000 0.000000 1.000000 0.000000 0.000000
9.000000 99.819353 14.358312 1.280503 3.607310 0.000000 0.000000 0.000000 1.000000 0.000000 0.000000
9.000000 99.821344 15.497547 1.322587 3.623511 0.000000 0.000000 0.000000 1.000000 0.000000 0.000000
9.000000 99.828939 14.412719 1.387004 3.558576 0.000000 0.000000 0.000000 1.000000 0.000000 0.000000
9.000000 99.829263 14.249848 1.297805 3.606893 0.000000 0.000000 0.000000 1.000000 0.000000 0.000000
9.000000 99.831246 15.340054 1.337568 3.623871 0.000000 0.000000 0.000000 1.000000 0.000000 0.000000
9.000000 99.838928 14.302361 1.404075 3.557068 0.000000 0.000000 0.000000 1.000000 0.000000 0.000000
9.000000 99.839435 14.155885 1.318387 3.601705 0.000000 0.000000 0.000000 1.000000 0.000000 0.000000
9.000000 99.841253 15.263905 1.358816 3.608319 0.000000 0.000000 0.000000 1.000000 0.000000 0.000000
9.000000 99.848884 14.194804 1.433416 3.548873 0.000000 0.000000 0.000000 1.000000 0.000000 0.000000
9.000000 99.849520 13.973983 1.320945 3.595225 0.000000 0.000000 0.000000 1.000000 0.000000 0.000000
9.000000 99.851271 15.212334 1.368161 3.609178 0.000000 0.000000 0.000000 1.000000 0.000000 0.000000
9.000000 99.858937 14.082128 1.450395 3.546489 0.000000 0.000000 0.000000 1.000000 0.000000 0.000000
9.000000 99.859337 13.924723 1.359337 3.595885 0.000000 0.000000 0.000000 1.000000 0.000000 0.000000
9.000000 99.861353 15.023795 1.399016 3.610534 0.000000 0.000000 0.000000 1.000000 0.000000 0.000000
9.000000 99.868969 13.993491 1.453575 3.541039 0.000000 0.000000 0.000000 1.000000 0.000000 0.000000
9.000000 99.869272 13.855759 1.371001 3.587378 0.000000 0.000000 0.000000 1.000000 0.000000 0.000000
9.000000 99.871246 14.929239 1.411257 3.599143 0.000000 0.000000 0.000000 1.000000 0.000000 0.000000
9.000000 99.878957 13.904571 1.479490 3.540928 0.000000 0.000000 0.000000 1.000000 0.000000 0.000000
9.000000 99.879368 13.742854 1.388624 3.583382 0.000000 0.000000 0.000000 1.000000 0.000000 0.000000
9.000000 99.881274 14.823972 1.430821 3.581535 0.000000 0.000000 0.000000 1.000000 0.000000 0.000000
9.000000 99.889182 13.811282 1.508243 3.524732 0.000000 0.000000 0.000000 1.000000 0.000000 0.000000
9.000000 99.889339 13.609002 1.400957 3.563904 0.000000 0.000000 0.000000 1.000000 0.000000 0.000000
9.000000 99.891272 14.721826 1.442488 3.571236 0.000000 0.000000 0.000000 1.000000 0.000000 0.000000
9.000000 99.898959 13.670742 1.513021 3.511188 0.000000 0.000000 0.000000 1.000000 0.000000 0.000000
9.000000 99.899308 13.488105 1.415405 3.557936 0.000000 0.000000 0.000000 1.000000 0.000000 0.000000
9.000000 99.901397 14.611737 1.461396 3.560737 0.000000 0.000000 0.000000 1.000000 0.000000 0.000000
9.000000 99.908928 13.590835 1.540880 3.513280 0.000000 0.000000 0.000000 1.000000 0.000000 0.000000
9.000000 99.909276 13.356516 1.424846 3.547375 0.000000 0.000000 0.000000 1.000000 0.000000 0.000000
9.000000 99.911299 14.522612 1.472655 3.551227 0.000000 0.000000 0.000000 1.000000 0.000000 0.000000
9.000000 99.918951 13.475914 1.548136 3.502187 0.000000 0.000000 0.000000 1.000000 0.000000 0.000000
9.000000 99.919305 13.313025 1.458162 3.535062 0.000000 0.000000 0.000000 1.000000 0.000000 0.000000
9.000000 99.921284 14.383060 1.503430 3.535131 0.000000 0.000000 0.000000 1.000000 0.000000 0.000000
9.000000 99.929197 13.359927 1.558267 3.483347 0.000000 0.000000 0.000000 1.000000 0.000000 0.000000
9.000000 99.929345 13.184956 1.464906 3.526377 0.000000 0.000000 0.000000 1.000000 0.000000 0.000000
9.000000 99.931265 14.275919 1.513118 3.515923 0.000000 0.000000 0.000000 1.000000 0.000000 0.000000
9.000000 99.938913 13.238100 1.577891 3.463238 0.000000 0.000000 0.000000 1.000000 0.000000 0.000000
9.000000 99.939272 13.088719 1.490985 3.504436 0.000000 0.000000 0.000000 1.000000 0.000000 0.000000
9.000000 99.941356 14.166239 1.537088 3.504816 0.000000 0.000000 0.000000 1.000000 0.000000 0.000000
9.000000 99.948943 13.087436 1.598541 3.458657 0.000000 0.000000 0.000000 1.000000 0.000000 0.000000
9.000000 99.949503 12.907497 1.501680 3.490258 0.000000 0.000000 0.000000 1.000000 0.000000 0.000000
9.000000 99.951329 14.043584 1.552553 3.487649 0.000000 0.000000 0.000000 1.000000 0.000000 0.000000
9.000000 99.959382 13.049339 1.622255 3.441281 0.000000 0.000000 0.000000 1.000000 0.000000 0.000000
9.000000 99.959391 12.895926 1.532156 3.468802 0.000000 0.000000 0.000000 1.000000 0.000000 0.000000
9.000000 99.961325 13.944892 1.576081 3.468527 0.000000 0.000000 0.000000 1.000000 0.000000 0.000000
9.000000 99.968987 12.964569 1.629156 3.428397 0.000000 0.000000 0.000000 1.000000 0.000000 0.000000
9.000000 99.969332 12.799212 1.537110 3.451889 0.000000 0.000000 0.000000 1.000000 0.000000 0.000000
9.000000 99.971244 13.846280 1.582874 3.448943 0.000000 0.000000 0.000000 1.000000 0.000000 0.000000
9.000000 99.978969 12.789839 1.638575 3.408774 0.000000 0.000000 0.000000 1.000000 0.000000 0.000000
9.000000 99.979400 12.610314 1.544320 3.438051 0.000000 0.000000 0.000000 1.000000 0.000000 0.000000
9.000000 99.981364 13.707099 1.597150 3.424081 0.000000 0.000000 0.000000 1.000000 0.000000 0.000000
9.000000 99.989208 12.698857 1.661061 3.383189 0.000000 0.000000 0.000000 1.000000 0.000000 0.000000
9.000000 99.989356 12.573123 1.577333 3.410530 0.000000 0.000000 0.000000 1.000000 0.000000 0.000000
9.000000 99.991435 13.612444 1.620740 3.408709 0.000000 0.000000 0.000000 1.000000 0.000000 0.000000
9.000000 99.998986 12.591843 1.693668 3.367806 0.000000 0.000000 0.000000 1.000000 0.000000 0.000000
9.000000 99.999352 12.352734 1.576410 3.398954 0.000000 0.000000 0.000000 1.000000 0.000000 0.000000
9.000000 100.001381 13.518089 1.631378 3.385342 0.000000 0.000000 0.000000 1.000000 0.000000 0.000000
9.000000 100.009355 12.891081 1.595555 3.395124 0.000000 0.000000 0.000000 1.000000 0.000000 0.000000
9.000000 100.009562 12.265601 1.587092 3.379394 0.000000 0.000000 0.000000 1.000000 0.000000 0.000000
9.000000 100.011381 12.874443 1.807518 3.381370 0.000000 0.000000 0.000000 1.000000 0.000000 0.000000
9.000000 100.019396 12.241077 1.615760 3.352531 0.000000 0.000000 0.000000 1.000000 0.000000 0.000000
9.000000 100.021387 13.307273 1.667395 3.336717 0.000000 0.000000 0.000000 1.000000 0.000000 0.000000
9.000000 100.029325 12.130437 1.629780 3.330519 0.000000 0.000000 0.000000 1.000000 0.000000 0.000000
9.000000 100.031259 13.198196 1.683051 3.302783 0.000000 0.000000 0.000000 1.000000 0.000000 0.000000
9.000000 100.039614 11.962959 1.639099 3.306022 0.000000 0.000000 0.000000 1.000000 0.000000 0.000000
9.000000 100.041404 13.134331 1.690930 3.285902 0.000000 0.000000 0.000000 1.000000 0.000000 0.000000
9.000000 100.049541 11.862744 1.666981 3.277027 0.000000 0.000000 0.000000 1.000000 0.000000 0.000000
9.000000 100.051366 12.997313 1.719282 3.254180 0.000000 0.000000 0.000000 1.000000 0.000000 0.000000
9.000000 100.059480 11.833793 1.679005 3.253501 0.000000 0.000000 0.000000 1.000000 0.000000 0.000000
9.000000 100.061369 12.905386 1.731896 3.227621 0.000000 0.000000 0.000000 1.000000 0.000000 0.000000
9.000000 100.069368 11.703742 1.692384 3.224650 0.000000 0.000000 0.000000 1.000000 0.000000 0.000000
9.000000 100.071322 12.810978 1.749633 3.193267 0.000000 0.000000 0.000000 1.000000 0.000000 0.000000
9.000000 100.079410 11.600935 1.712291 3.201587 0.000000 0.000000 0.000000 1.000000 0.000000 0.000000
9.000000 100.081378 12.667070 1.763576 3.169584 0.000000 0.000000 0.000000 1.000000 0.000000 0.000000
9.000000 100.089343 11.479975 1.724977 3.170827 0.000000 0.000000 0.000000 1.000000 0.000000 0.000000
9.000000 100.091316 12.575429 1.777198 3.138635 0.000000 0.000000 0.000000 1.000000 0.000000 0.000000
9.000000 100.099509 11.392953 1.738435 3.141410 0.000000 0.000000 0.000000 1.000000 0.000000 0.000000
9.000000 100.101467 12.487654 1.791017 3.106321 0.000000 0.000000 0.000000 1.000000 0.000000 0.000000
9.000000 100.109411 11.297871 1.763742 3.111079 0.000000 0.000000 0.000000 1.000000 0.000000 0.000000
9.000000 100.111368 12.347969 1.813516 3.075220 0.000000 0.000000 0.000000 1.000000 0.000000 0.000000
9.000000 100.119402 11.203544 1.771892 3.078249 0.000000 0.000000 0.000000 1.000000 0.000000 0.000000
9.000000 100.121494 12.273060 1.820872 3.040689 0.000000 0.000000 0.000000 1.000000 0.000000 0.000000
9.000000 100.129554 11.076191 1.785927 3.046262 0.000000 0.000000 0.000000 1.000000 0.000000 0.000000
9.000000 100.131332 12.138386 1.836878 2.998794 0.000000 0.000000 0.000000 1.000000 0.000000 0.000000
9.000000 100.139368 10.994583 1.810458 3.009827 0.000000 0.000000 0.000000 1.000000 0.000000 0.000000
9.000000 100.141447 12.092896 1.855809 2.962943 0.000000 0.000000 0.000000 1.000000 0.000000 0.000000
9.000000 100.149610 10.909058 1.829530 2.973963 0.000000 0.000000 0.000000 1.000000 0.000000 0.000000
9.000000 100.151418 11.964913 1.871728 2.931068 0.000000 0.000000 0.000000 1.000000 0.000000 0.000000
9.000000 100.159472 10.842569 1.846319 2.939365 0.000000 0.000000 0.000000 1.000000 0.000000 0.000000
9.000000 100.161407 11.861195 1.889600 2.891259 0.000000 0.000000 0.000000 1.000000 0.000000 0.000000
9.000000 100.169558 10.722072 1.857009 2.907767 0.000000 0.000000 0.000000 1.000000 0.000000 0.000000
9.000000 100.171497 11.767130 1.902061 2.854577 0.000000 0.000000 0.000000 1.000000 0.000000 0.000000
9.000000 100.179650 10.652056 1.878309 2.869816 0.000000 0.000000 0.000000 1.000000 0.000000 0.000000
9.000000 100.181497 11.616527 1.909716 2.811220 0.000000 0.000000 0.000000 1.000000 0.000000 0.000000
9.000000 100.189738 10.572855 1.905123 2.824916 0.000000 0.000000 0.000000 1.000000 0.000000 0.000000
9.000000 100.191497 11.570293 1.928608 2.772285 0.000000 0.000000 0.000000 1.000000 0.000000 0.000000
9.000000 100.199657 10.502111 1.924620 2.786644 0.000000 0.000000 0.000000 1.000000 0.000000 0.000000
9.000000 100.201447 11.443819 1.948895 2.731891 0.000000 0.000000 0.000000 1.000000 0.000000 0.000000
9.000000 100.209571 10.413134 1.945074 2.740008 0.000000 0.000000 0.000000 1.000000 0.000000 0.000000
9.000000 100.211378 11.330431 1.961869 2.689403 0.000000 0.000000 0.000000 1.000000 0.000000 0.000000
9.000000 100.219614 10.238304 1.935708 2.711295 0.000000 0.000000 0.000000 1.000000 0.000000 0.000000
9.000000 100.221476 11.267751 1.971015 2.639269 0.000000 0.000000 0.000000 1.000000 0.000000 0.000000
9.000000 100.229519 10.188131 1.959232 2.661087 0.000000 0.000000 0.000000 1.000000 0.000000 0.000000
9.000000 100.231369 11.132152 1.980121 2.591503 0.000000 0.000000 0.000000 1.000000 0.000000 0.000000
9.000000 100.239505 10.108129 1.986584 2.620683 0.000000 0.000000 0.000000 1.000000 0.000000 0.000000
9.000000 100.241477 11.061532 2.001914 2.549695 0.000000 0.000000 0.000000 1.000000 0.000000 0.000000
9.000000 100.249759 10.005797 2.001991 2.575841 0.000000 0.000000 0.000000 1.000000 0.000000 0.000000
9.000000 100.251399 10.960621 2.011726 2.502056 0.000000 0.000000 0.000000 1.000000 0.000000 0.000000
9.000000 100.259619 9.903431 2.007153 2.536222 0.000000 0.000000 0.000000 1.000000 0.000000 0.000000
9.000000 100.261462 10.864335 2.029506 2.452145 0.000000 0.000000 0.000000 1.000000 0.000000 0.000000
9.000000 100.269793 9.841566 2.028767 2.483490 0.000000 0.000000 0.000000 1.000000 0.000000 0.000000
9.000000 100.271426 10.767070 2.046618 2.401373 0.000000 0.000000 0.000000 1.000000 0.000000 0.000000
9.000000 100.279543 9.771373 2.049918 2.435816 0.000000 0.000000 0.000000 1.000000 0.000000 0.000000
9.000000 100.289641 9.666412 2.056630 2.385363 0.000000 0.000000 0.000000 1.000000 0.000000 0.000000
9.000000 100.291461 10.588067 2.066059 2.298335 0.000000 0.000000 0.000000 1.000000 0.000000 0.000000
9.000000 100.299532 9.596250 2.085178 2.342451 0.000000 0.000000 0.000000 1.000000 0.000000 0.000000
9.000000 100.301551 10.493273 2.086924 2.254377 0.000000 0.000000 0.000000 1.000000 0.000000 0.000000
9.000000 100.309672 9.547760 2.105119 2.298200 0.000000 0.000000 0.000000 1.000000 0.000000 0.000000
9.000000 100.311486 10.377464 2.103316 2.208523 0.000000 0.000000 0.000000 1.000000 0.000000 0.000000
9.000000 100.319505 9.495383 2.130834 2.242702 0.000000 0.000000 0.000000 1.000000 0.000000 0.000000
9.000000 100.321574 10.266518 2.120036 2.155394 0.000000 0.000000 0.000000 1.000000 0.000000 0.000000
9.000000 100.329624 9.386478 2.144986 2.188199 0.000000 0.000000 0.000000 1.000000 0.000000 0.000000
9.000000 100.331403 10.188671 2.135459 2.091048 0.000000 0.000000 0.000000 1.000000 0.000000 0.000000
9.000000 100.339645 9.328735 2.172861 2.135570 0.000000 0.000000 0.000000 1.000000 0.000000 0.000000
9.000000 100.341482 10.083711 2.150005 2.044693 0.000000 0.000000 0.000000 1.000000 0.000000 0.000000
9.000000 100.349571 9.293862 2.202665 2.074512 0.000000 0.000000 0.000000 1.000000 0.000000 0.000000
9.000000 100.351360 9.979370 2.164779 1.989609 0.000000 0.000000 0.000000 1.000000 0.000000 0.000000
9.000000 100.359564 9.169678 2.200813 2.030371 0.000000 0.000000 0.000000 1.000000 0.000000 0.000000
9.000000 100.361541 9.889060 2.177773 1.932168 0.000000 0.000000 0.000000 1.000000 0.000000 0.000000
9.000000 100.369686 9.076744 2.213446 1.972778 0.000000 0.000000 0.000000 1.000000 0.000000 0.000000
9.000000 100.371554 9.815992 2.188021 1.869436 0.000000 0.000000 0.000000 1.000000 0.000000 0.000000
9.000000 100.379734 9.017370 2.238105 1.915670 0.000000 0.000000 0.000000 1.000000 0.000000 0.000000
9.000000 100.381576 9.685317 2.203061 1.811897 0.000000 0.000000 0.000000 1.000000 0.000000 0.000000
9.000000 100.389619 8.973209 2.263085 1.855525 0.000000 0.000000 0.000000 1.000000 0.000000 0.000000
9.000000 100.391525 9.604245 2.220532 1.760955 0.000000 0.000000 0.000000 1.000000 0.000000 0.000000
9.000000 100.399709 8.912883 2.287114 1.796739 0.000000 0.000000 0.000000 1.000000 0.000000 0.000000
9.000000 100.401691 9.498516 2.237665 1.701926 0.000000 0.000000 0.000000 1.000000 0.000000 0.000000
9.000000 100.409677 8.762755 2.287830 1.743499 0.000000 0.000000 0.000000 1.000000 0.000000 0.000000
9.000000 100.411528 9.412632 2.245526 1.630815 0.000000 0.000000 0.000000 1.000000 0.000000 0.000000
9.000000 100.419557 8.650204 2.295949 1.677472 0.000000 0.000000 0.000000 1.000000 0.000000 0.000000
9.000000 100.421676 9.323503 2.258049 1.555694 0.000000 0.000000 0.000000 1.000000 0.000000 0.000000
9.000000 100.429772 8.650461 2.329857 1.624766 0.000000 0.000000 0.000000 1.000000 0.000000 0.000000
9.000000 100.431519 9.266468 2.279838 1.511715 0.000000 0.000000 0.000000 1.000000 0.000000 0.000000
9.000000 100.439575 8.594561 2.348706 1.562998 0.000000 0.000000 0.000000 1.000000 0.000000 0.000000
9.000000 100.441711 9.122189 2.292406 1.459156 0.000000 0.000000 0.000000 1.000000 0.000000 0.000000
9.000000 100.449739 8.489044 2.379808 1.505640 0.000000 0.000000 0.000000 1.000000 0.000000 0.000000
9.000000 100.451528 9.034643 2.309943 1.393073 0.000000 0.000000 0.000000 1.000000 0.000000 0.000000
9.000000 100.459655 8.407960 2.384917 1.440294 0.000000 0.000000 0.000000 1.000000 0.000000 0.000000
9.000000 100.461480 8.946585 2.317107 1.325504 0.000000 0.000000 0.000000 1.000000 0.000000 0.000000
9.000000 100.469726 8.316988 2.399858 1.379958 0.000000 0.000000 0.000000 1.000000 0.000000 0.000000
9.000000 100.471393 8.849430 2.334489 1.260513 0.000000 0.000000 0.000000 1.000000 0.000000 0.000000
9.000000 100.479556 8.248446 2.417644 1.315944 0.000000 0.000000 0.000000 1.000000 0.000000 0.000000
9.000000 100.481564 8.751544 2.347058 1.188442 0.000000 0.000000 0.000000 1.000000 0.000000 0.000000
9.000000 100.489773 8.174037 2.440406 1.247830 0.000000 0.000000 0.000000 1.000000 0.000000 0.000000
9.000000 100.491423 8.660758 2.360642 1.128954 0.000000 0.000000 0.000000 1.000000 0.000000 0.000000
9.000000 100.499595 8.076732 2.451347 1.186107 0.000000 0.000000 0.000000 1.000000 0.000000 0.000000
9.000000 100.501525 8.591478 2.371490 1.057787 0.000000 0.000000 0.000000 1.000000 0.000000 0.000000
9.000000 100.509948 8.021553 2.470037 1.114878 0.000000 0.000000 0.000000 1.000000 0.000000 0.000000
9.000000 100.511418 8.480452 2.388912 0.992065 0.000000 0.000000 0.000000 1.000000 0.000000 0.000000
9.000000 100.519683 7.924035 2.480702 1.051029 0.000000 0.000000 0.000000 1.000000 0.000000 0.000000
9.000000 100.521519 8.389207 2.398635 0.921640 0.000000 0.000000 0.000000 1.000000 0.000000 0.000000
9.000000 100.529848 7.843665 2.497891 0.981720 0.000000 0.000000 0.000000 1.000000 0.000000 0.000000
9.000000 100.531425 8.287798 2.413903 0.849301 0.000000 0.000000 0.000000 1.000000 0.000000 0.000000
9.000000 100.539698 7.810163 2.523590 0.902591 0.000000 0.000000 0.000000 1.000000 0.000000 0.000000
9.000000 100.541599 8.211042 2.428374 0.778058 0.000000 0.000000 0.000000 1.000000 0.000000 0.000000
9.000000 100.549939 7.719207 2.537449 0.834889 0.000000 0.000000 0.000000 1.000000 0.000000 0.000000
9.000000 100.551442 7.527291 2.653718 0.836912 0.000000 0.000000 0.000000 1.000000 0.000000 0.000000
9.000000 100.559690 7.609138 2.547405 0.772511 0.000000 0.000000 0.000000 1.000000 0.000000 0.000000
9.000000 100.561566 8.025475 2.455901 0.634354 0.000000 0.000000 0.000000 1.000000 0.000000 0.000000
9.000000 100.569840 7.543216 2.562473 0.696245 0.000000 0.000000 0.000000 1.000000 0.000000 0.000000
9.000000 100.571472 7.952208 2.465871 0.554199 0.000000 0.000000 0.000000 1.000000 0.000000 0.000000
9.000000 100.579947 7.472796 2.579389 0.621284 0.000000 0.000000 0.000000 1.000000 0.000000 0.000000
9.000000 100.581557 7.264168 2.690564 0.623431 0.000000 0.000000 0.000000 1.000000 0.000000 0.000000
9.000000 100.589729 7.396191 2.603681 0.545955 0.000000 0.000000 0.000000 1.000000 0.000000 0.000000
9.000000 100.591591 7.757868 2.493523 0.408020 0.000000 0.000000 0.000000 1.000000 0.000000 0.000000
9.000000 100.599671 7.307608 2.618017 0.477004 0.000000 0.000000 0.000000 1.000000 0.000000 0.000000
9.000000 100.601650 7.065346 2.732747 0.480885 0.000000 0.000000 0.000000 1.000000 0.000000 0.000000
9.000000 100.609784 7.227771 2.630227 0.399759 0.000000 0.000000 0.000000 1.000000 0.000000 0.000000
9.000000 100.611607 7.586689 2.518460 0.251875 0.000000 0.000000 0.000000 1.000000 0.000000 0.000000
9.000000 100.619621 7.137423 2.644466 0.329918 0.000000 0.000000 0.000000 1.000000 0.000000 0.000000
9.000000 100.621620 7.491569 2.533236 0.178065 0.000000 0.000000 0.000000 1.000000 0.000000 0.000000
9.000000 100.631536 7.412064 2.546462 0.093540 0.000000 0.000000 0.000000 1.000000 0.000000 0.000000
9.000000 100.641638 7.309710 2.561763 0.023615 0.000000 0.000000 0.000000 1.000000 0.000000 0.000000
9.000000 100.651550 7.244959 2.568941 0.006997 0.000000 0.000000 0.000000 1.000000 0.000000 0.000000
9.000000 100.661701 7.211609 2.574112 0.055241 0.000000 0.000000 0.000000 1.000000 0.000000 0.000000
9.000000 100.671521 7.148949 2.583278 0.112015 0.000000 0.000000 0.000000 1.000000 0.000000 0.000000
9.000000 100.681572 7.116940 2.588930 0.155214 0.000000 0.000000 0.000000 1.000000 0.000000 0.000000
9.000000 100.691522 7.054646 2.596195 0.214577 0.000000 0.000000 0.000000 1.000000 0.000000 0.000000
9.000000 100.701596 7.005912 2.605649 0.263240 0.000000 0.000000 0.000000 1.000000 0.000000 0.000000
9.000000 100.711528 6.966218 2.608673 0.308602 0.000000 0.000000 0.000000 1.000000 0.000000 0.000000
9.000000 100.721645 6.916609 2.614304 0.357234 0.000000 0.000000 0.000000 1.000000 0.000000 0.000000
9.000000 100.731532 6.850532 2.620315 0.406616 0.000000 0.000000 0.000000 1.000000 0.000000 0.000000
9.000000 100.741673 6.823858 2.629767 0.446406 0.000000 0.000000 0.000000 1.000000 0.000000 0.000000
9.000000 100.751576 6.783746 2.634659 0.490496 0.000000 0.000000 0.000000 1.000000 0.000000 0.000000
9.000000 100.761624 6.737876 2.637143 0.532195 0.000000 0.000000 0.000000 1.000000 0.000000 0.000000
9.000000 100.771551 6.697752 2.640496 0.570761 0.000000 0.000000 0.000000 1.000000 0.000000 0.000000
9.000000 100.781631 6.650354 2.649842 0.611209 0.000000 0.000000 0.000000 1.000000 0.000000 0.000000
9.000000 100.791553 6.613918 2.654500 0.645465 0.000000 0.000000 0.000000 1.000000 0.000000 0.000000
9.000000 100.801919 6.566067 2.661380 0.678917 0.000000 0.000000 0.000000 1.000000 0.000000 0.000000
9.000000 100.811690 6.538822 2.660636 0.712574 0.000000 0.000000 0.000000 1.000000 0.000000 0.000000
9.000000 100.821893 6.500064 2.660088 0.744878 0.000000 0.000000 0.000000 1.000000 0.000000 0.000000
9.000000 100.853806 5.831442 2.752788 1.044773 0.000000 0.000000 0.000000 1.000000 0.000000 0.000000
9.000000 100.863934 5.808565 2.754023 1.071382 0.000000 0.000000 0.000000 1.000000 0.000000 0.000000
9.000000 100.884014 5.750497 2.740636 1.113915 0.000000 0.000000 0.000000 1.000000 0.000000 0.000000
9.000000 100.893904 5.714562 2.745340 1.148818 0.000000 0.000000 0.000000 1.000000 0.000000 0.000000
9.000000 100.903940 5.666090 2.755164 1.173117 0.000000 0.000000 0.000000 1.000000 0.000000 0.000000
9.000000 100.913852 5.621291 2.760004 1.207058 0.000000 0.000000 0.000000 1.000000 0.000000 0.000000
9.000000 100.924013 5.542073 2.780576 1.242029 0.000000 0.000000 0.000000 1.000000 0.000000 0.000000
9.000000 100.933949 5.471095 2.793710 1.264940 0.000000 0.000000 0.000000 1.000000 0.000000 0.000000
9.000000 100.944054 5.472367 2.785685 1.281394 0.000000 0.000000 0.000000 1.000000 0.000000 0.000000
9.000000 100.953998 5.422967 2.801723 1.299157 0.000000 0.000000 0.000000 1.000000 0.000000 0.000000
9.000000 100.961904 5.432947 2.793019 1.303260 0.000000 0.000000 0.000000 1.000000 0.000000 0.000000
9.000000 100.963938 5.347375 2.813980 1.334295 0.000000 0.000000 0.000000 1.000000 0.000000 0.000000
9.000000 100.973973 5.299992 2.820114 1.355835 0.000000 0.000000 0.000000 1.000000 0.000000 0.000000
9.000000 100.983893 5.272086 2.821276 1.365065 0.000000 0.000000 0.000000 1.000000 0.000000 0.000000
9.000000 100.993932 5.227532 2.834175 1.381687 0.000000 0.000000 0.000000 1.000000 0.000000 0.000000
9.000000 101.004018 5.175817 2.836984 1.403922 0.000000 0.000000 0.000000 1.000000 0.000000 0.000000
9.000000 101.014020 5.139949 2.832580 1.419400 0.000000 0.000000 0.000000 1.000000 0.000000 0.000000
9.000000 101.023759 5.079620 2.854429 1.436044 0.000000 0.000000 0.000000 1.000000 0.000000 0.000000
9.000000 101.034001 5.046890 2.842792 1.441451 0.000000 0.000000 0.000000 1.000000 0.000000 0.000000
9.000000 101.044182 4.961451 2.880833 1.466415 0.000000 0.000000 0.000000 1.000000 0.000000 0.000000
9.000000 101.053956 4.922672 2.887119 1.474930 0.000000 0.000000 0.000000 1.000000 0.000000 0.000000
9.000000 101.064017 4.899766 2.880398 1.482470 0.000000 0.000000 0.000000 1.000000 0.000000 0.000000
9.000000 101.073973 4.837504 2.892350 1.497065 0.000000 0.000000 0.000000 1.000000 0.000000 0.000000
9.000000 101.084051 4.791953 2.897727 1.501589 0.000000 0.000000 0.000000 1.000000 0.000000 0.000000
9.000000 101.093974 4.755591 2.899020 1.512344 0.000000 0.000000 0.000000 1.000000 0.000000 0.000000
9.000000 101.104032 4.701648 2.914836 1.519088 0.000000 0.000000 0.000000 1.000000 0.000000 0.000000
9.000000 101.114075 4.655176 2.922950 1.525818 0.000000 0.000000 0.000000 1.000000 0.000000 0.000000
9.000000 101.123996 4.609639 2.926630 1.534193 0.000000 0.000000 0.000000 1.000000 0.000000 0.000000
9.000000 101.133998 4.567695 2.926314 1.529260 0.000000 0.000000 0.000000 1.000000 0.000000 0.000000
9.000000 101.144031 4.543033 2.932212 1.532958 0.000000 0.000000 0.000000 1.000000 0.000000 0.000000
9.000000 101.154122 4.506649 2.935153 1.528743 0.000000 0.000000 0.000000 1.000000 0.000000 0.000000
9.000000 101.164054 4.446870 2.948274 1.533908 0.000000 0.000000 0.000000 1.000000 0.000000 0.000000
9.000000 101.173918 4.374941 2.969003 1.540823 0.000000 0.000000 0.000000 1.000000 0.000000 0.000000
9.000000 101.184190 4.376864 2.957861 1.526743 0.000000 0.000000 0.000000 1.000000 0.000000 0.000000
9.000000 101.193909 4.317881 2.956391 1.532594 0.000000 0.000000 0.000000 1.000000 0.000000 0.000000
9.000000 101.204174 4.280350 2.965765 1.523438 0.000000 0.000000 0.000000 1.000000 0.000000 0.000000
9.000000 101.213932 4.222595 2.969820 1.524214 0.000000 0.000000 0.000000 1.000000 0.000000 0.000000
9.000000 101.224114 4.155808 3.002936 1.522266 0.000000 0.000000 0.000000 1.000000 0.000000 0.000000
9.000000 101.233977 4.110073 3.007216 1.514076 0.000000 0.000000 0.000000 1.000000 0.000000 0.000000
9.000000 101.244173 4.111049 2.982146 1.500026 0.000000 0.000000 0.000000 1.000000 0.000000 0.000000
9.000000 101.254077 4.043571 3.011661 1.492484 0.000000 0.000000 0.000000 1.000000 0.000000 0.000000
9.000000 101.264297 4.006173 3.004911 1.484155 0.000000 0.000000 0.000000 1.000000 0.000000 0.000000
9.000000 101.274046 3.971965 3.008284 1.472984 0.000000 0.000000 0.000000 1.000000 0.000000 0.000000
9.000000 101.284255 3.934876 3.014943 1.453915 0.000000 0.000000 0.000000 1.000000 0.000000 0.000000
9.000000 101.294139 3.888061 3.021797 1.445355 0.000000 0.000000 0.000000 1.000000 0.000000 0.000000
9.000000 101.304235 3.846372 3.025116 1.427003 0.000000 0.000000 0.000000 1.000000 0.000000 0.000000
9.000000 101.313985 3.806150 3.035961 1.412615 0.000000 0.000000 0.000000 1.000000 0.000000 0.000000
9.000000 101.324049 3.756885 3.039768 1.399082 0.000000 0.000000 0.000000 1.000000 0.000000 0.000000
9.000000 101.333990 3.730816 3.040971 1.378472 0.000000 0.000000 0.000000 1.000000 0.000000 0.000000
9.000000 101.344104 3.674032 3.047442 1.363685 0.000000 0.000000 0.000000 1.000000 0.000000 0.000000
9.000000 101.353975 3.642539 3.044959 1.340496 0.000000 0.000000 0.000000 1.000000 0.000000 0.000000
9.000000 101.364075 3.596900 3.061405 1.321442 0.000000 0.000000 0.000000 1.000000 0.000000 0.000000
9.000000 101.373944 3.565391 3.059272 1.301534 0.000000 0.000000 0.000000 1.000000 0.000000 0.000000
9.000000 101.384087 3.544497 3.061690 1.265056 0.000000 0.000000 0.000000 1.000000 0.000000 0.000000
9.000000 101.394143 3.434922 3.108110 1.262693 0.000000 0.000000 0.000000 1.000000 0.000000 0.000000
9.000000 101.404107 3.443339 3.071277 1.228271 0.000000 0.000000 0.000000 1.000000 0.000000 0.000000
9.000000 101.414045 3.395996 3.083938 1.205426 0.000000 0.000000 0.000000 1.000000 0.000000 0.000000
9.000000 101.424061 3.356255 3.090875 1.176440 0.000000 0.000000 0.000000 1.000000 0.000000 0.000000
9.000000 101.434071 3.269672 3.125162 1.158996 0.000000 0.000000 0.000000 1.000000 0.000000 0.000000
9.000000 101.444202 3.303196 3.076457 1.118603 0.000000 0.000000 0.000000 1.000000 0.000000 0.000000
9.000000 101.454077 3.209748 3.138296 1.099303 0.000000 0.000000 0.000000 1.000000 0.000000 0.000000
9.000000 101.464149 3.148346 3.148258 1.076859 0.000000 0.000000 0.000000 1.000000 0.000000 0.000000
9.000000 101.474036 3.100334 3.156425 1.044476 0.000000 0.000000 0.000000 1.000000 0.000000 0.000000
9.000000 101.484119 3.060140 3.158248 1.004554 0.000000 0.000000 0.000000 1.000000 0.000000 0.000000
9.000000 101.494034 3.044174 3.155974 0.972513 0.000000 0.000000 0.000000 1.000000 0.000000 0.000000
9.000000 101.504134 3.000752 3.161222 0.941315 0.000000 0.000000 0.000000 1.000000 0.000000 0.000000
9.000000 101.514101 2.948930 3.179027 0.906925 0.000000 0.000000 0.000000 1.000000 0.000000 0.000000
9.000000 101.524141 2.955135 3.144363 0.859048 0.000000 0.000000 0.000000 1.000000 0.000000 0.000000
9.000000 101.534088 2.890983 3.175536 0.825131 0.000000 0.000000 0.000000 1.000000 0.000000 0.000000
9.000000 101.544114 2.860653 3.178277 0.785162 0.000000 0.000000 0.000000 1.000000 0.000000 0.000000
9.000000 101.554094 2.806898 3.193827 0.751576 0.000000 0.000000 0.000000 1.000000 0.000000 0.000000
9.000000 101.564165 2.752880 3.189968 0.725467 0.000000 0.000000 0.000000 1.000000 0.000000 0.000000
9.000000 101.574051 2.756048 3.177173 0.664405 0.000000 0.000000 0.000000 1.000000 0.000000 0.000000
9.000000 101.581898 2.664321 3.198352 0.650782 0.000000 0.000000 0.000000 1.000000 0.000000 0.000000
9.000000 101.584298 2.714825 3.197600 0.619366 0.000000 0.000000 0.000000 1.000000 0.000000 0.000000
