17.000000 148.809372 25.059984 -0.294218 0.638957 0.000000 0.000000 0.000000 1.000000 0.000000 0.000000
17.000000 148.819396 24.919106 -0.291596 0.727458 0.000000 0.000000 0.000000 1.000000 0.000000 0.000000
17.000000 148.829370 24.773235 -0.300450 0.841653 0.000000 0.000000 0.000000 1.000000 0.000000 0.000000
17.000000 148.839396 24.699440 -0.304855 0.924027 0.000000 0.000000 0.000000 1.000000 0.000000 0.000000
17.000000 148.849363 24.518390 -0.299905 1.014495 0.000000 0.000000 0.000000 1.000000 0.000000 0.000000
17.000000 148.859326 24.390864 -0.300774 1.078828 0.000000 0.000000 0.000000 1.000000 0.000000 0.000000
17.000000 148.869048 23.021835 -0.335453 1.367158 0.000000 0.000000 0.000000 1.000000 0.000000 0.000000
17.000000 148.869382 24.200796 -0.298825 1.182026 0.000000 0.000000 0.000000 1.000000 0.000000 0.000000
17.000000 148.879175 22.921136 -0.347861 1.438409 0.000000 0.000000 0.000000 1.000000 0.000000 0.000000
17.000000 148.879330 24.142862 -0.321453 1.254937 0.000000 0.000000 0.000000 1.000000 0.000000 0.000000
17.000000 148.889093 22.823040 -0.345023 1.519319 0.000000 0.000000 0.000000 1.000000 0.000000 0.000000
17.000000 148.889369 23.918844 -0.308019 1.352021 0.000000 0.000000 0.000000 1.000000 0.000000 0.000000
17.000000 148.899105 22.715127 -0.343772 1.592907 0.000000 0.000000 0.000000 1.000000 0.000000 0.000000
17.000000 148.899472 23.752566 -0.302376 1.436294 0.000000 0.000000 0.000000 1.000000 0.000000 0.000000
17.000000 148.909092 22.608671 -0.353815 1.657351 0.000000 0.000000 0.000000 1.000000 0.000000 0.000000
17.000000 148.909392 23.741181 -0.319458 1.502829 0.000000 0.000000 0.000000 1.000000 0.000000 0.000000
17.000000 148.919148 22.506456 -0.356665 1.727020 0.000000 0.000000 0.000000 1.000000 0.000000 0.000000
17.000000 148.919374 23.530132 -0.320729 1.578142 0.000000 0.000000 0.000000 1.000000 0.000000 0.000000
17.000000 148.929066 22.403919 -0.352898 1.794604 0.000000 0.000000 0.000000 1.000000 0.000000 0.000000
17.000000 148.929393 23.374855 -0.314760 1.661975 0.000000 0.000000 0.000000 1.000000 0.000000 0.000000
17.000000 148.939214 22.308708 -0.355582 1.869870 0.000000 0.000000 0.000000 1.000000 0.000000 0.000000
17.000000 148.939382 23.233271 -0.308877 1.737256 0.000000 0.000000 0.000000 1.000000 0.000000 0.000000
17.000000 148.949106 22.210388 -0.360354 1.926980 0.000000 0.000000 0.000000 1.000000 0.000000 0.000000
17.000000 148.949382 23.134796 -0.323150 1.803192 0.000000 0.000000 0.000000 1.000000 0.000000 0.000000
17.000000 148.959274 22.093544 -0.359260 1.996500 0.000000 0.000000 0.000000 1.000000 0.000000 0.000000
17.000000 148.959336 22.967322 -0.315435 1.880872 0.000000 0.000000 0.000000 1.000000 0.000000 0.000000
17.000000 148.969166 21.979053 -0.360294 2.053791 0.000000 0.000000 0.000000 1.000000 0.000000 0.000000
17.000000 148.969390 22.810499 -0.314687 1.949142 0.000000 0.000000 0.000000 1.000000 0.000000 0.000000
17.000000 148.979237 21.881058 -0.359909 2.121821 0.000000 0.000000 0.000000 1.000000 0.000000 0.000000
17.000000 148.979587 22.603583 -0.313546 2.023617 0.000000 0.000000 0.000000 1.000000 0.000000 0.000000
17.000000 148.989155 21.775029 -0.361934 2.179776 0.000000 0.000000 0.000000 1.000000 0.000000 0.000000
17.000000 148.989358 22.508617 -0.317513 2.087618 0.000000 0.000000 0.000000 1.000000 0.000000 0.000000
17.000000 148.999290 21.678051 -0.369618 2.240419 0.000000 0.000000 0.000000 1.000000 0.000000 0.000000
17.000000 148.999465 22.390539 -0.327516 2.146282 0.000000 0.000000 0.000000 1.000000 0.000000 0.000000
17.000000 148.999971 21.111553 0.033604 2.143574 0.000000 0.000000 0.000000 1.000000 0.000000 0.000000
17.000000 149.009119 21.566062 -0.370794 2.298362 0.000000 0.000000 0.000000 1.000000 0.000000 0.000000
17.000000 149.009598 20.750536 -0.233045 2.232163 0.000000 0.000000 0.000000 1.000000 0.000000 0.000000
17.000000 149.009628 20.995400 0.017244 2.206158 0.000000 0.000000 0.000000 1.000000 0.000000 0.000000
17.000000 149.019236 21.461655 -0.374932 2.357659 0.000000 0.000000 0.000000 1.000000 0.000000 0.000000
17.000000 149.019428 22.136655 -0.331528 2.276906 0.000000 0.000000 0.000000 1.000000 0.000000 0.000000
17.000000 149.019507 20.896486 0.025482 2.261341 0.000000 0.000000 0.000000 1.000000 0.000000 0.000000
17.000000 149.029173 21.320768 -0.373619 2.409839 0.000000 0.000000 0.000000 1.000000 0.000000 0.000000
17.000000 149.029387 22.004969 -0.331392 2.333173 0.000000 0.000000 0.000000 1.000000 0.000000 0.000000
17.000000 149.029585 20.789565 0.019537 2.318033 0.000000 0.000000 0.000000 1.000000 0.000000 0.000000
17.000000 149.039547 21.864282 -0.333770 2.396350 0.000000 0.000000 0.000000 1.000000 0.000000 0.000000
17.000000 149.039684 20.672988 0.012307 2.375394 0.000000 0.000000 0.000000 1.000000 0.000000 0.000000
17.000000 149.049396 21.742806 -0.339102 2.453633 0.000000 0.000000 0.000000 1.000000 0.000000 0.000000
17.000000 149.049683 20.561500 0.006238 2.431137 0.000000 0.000000 0.000000 1.000000 0.000000 0.000000
17.000000 149.059271 21.026010 -0.384130 2.571734 0.000000 0.000000 0.000000 1.000000 0.000000 0.000000
17.000000 149.059415 21.568947 -0.339777 2.511584 0.000000 0.000000 0.000000 1.000000 0.000000 0.000000
17.000000 149.059622 20.432469 -0.006311 2.484174 0.000000 0.000000 0.000000 1.000000 0.000000 0.000000
17.000000 149.069554 21.464857 -0.339117 2.570716 0.000000 0.000000 0.000000 1.000000 0.000000 0.000000
17.000000 149.069715 20.323423 -0.003731 2.542665 0.000000 0.000000 0.000000 1.000000 0.000000 0.000000
17.000000 149.079264 20.806498 -0.382061 2.675916 0.000000 0.000000 0.000000 1.000000 0.000000 0.000000
17.000000 149.079429 21.315866 -0.341125 2.626550 0.000000 0.000000 0.000000 1.000000 0.000000 0.000000
17.000000 149.079552 20.211137 -0.011700 2.591794 0.000000 0.000000 0.000000 1.000000 0.000000 0.000000
17.000000 149.089582 21.185684 -0.342249 2.677418 0.000000 0.000000 0.000000 1.000000 0.000000 0.000000
17.000000 149.089638 20.101895 -0.019059 2.640704 0.000000 0.000000 0.000000 1.000000 0.000000 0.000000
17.000000 149.099524 21.053545 -0.343515 2.729683 0.000000 0.000000 0.000000 1.000000 0.000000 0.000000
17.000000 149.099588 19.981277 -0.021192 2.689186 0.000000 0.000000 0.000000 1.000000 0.000000 0.000000
17.000000 149.109552 19.561068 -0.271505 2.759106 0.000000 0.000000 0.000000 1.000000 0.000000 0.000000
17.000000 149.109659 19.831909 -0.043661 2.742384 0.000000 0.000000 0.000000 1.000000 0.000000 0.000000
17.000000 149.119269 20.377571 -0.392658 2.866519 0.000000 0.000000 0.000000 1.000000 0.000000 0.000000
17.000000 149.119520 20.785006 -0.350764 2.832186 0.000000 0.000000 0.000000 1.000000 0.000000 0.000000
17.000000 149.119539 19.744138 -0.036618 2.793672 0.000000 0.000000 0.000000 1.000000 0.000000 0.000000
17.000000 149.129415 19.336227 -0.282650 2.861113 0.000000 0.000000 0.000000 1.000000 0.000000 0.000000
17.000000 149.129607 19.638733 -0.040519 2.844473 0.000000 0.000000 0.000000 1.000000 0.000000 0.000000
17.000000 149.139409 19.210211 -0.293346 2.904003 0.000000 0.000000 0.000000 1.000000 0.000000 0.000000
17.000000 149.139545 20.569458 -0.363081 2.925740 0.000000 0.000000 0.000000 1.000000 0.000000 0.000000
17.000000 149.149393 20.413274 -0.358028 2.979381 0.000000 0.000000 0.000000 1.000000 0.000000 0.000000
17.000000 149.149570 19.415812 -0.052016 2.932789 0.000000 0.000000 0.000000 1.000000 0.000000 0.000000
17.000000 149.159477 20.269963 -0.368623 3.010743 0.000000 0.000000 0.000000 1.000000 0.000000 0.000000
17.000000 149.159907 19.274058 -0.062164 2.958515 0.000000 0.000000 0.000000 1.000000 0.000000 0.000000
17.000000 149.169465 18.862877 -0.299104 3.031870 0.000000 0.000000 0.000000 1.000000 0.000000 0.000000
17.000000 149.169540 19.175827 -0.062300 3.012213 0.000000 0.000000 0.000000 1.000000 0.000000 0.000000
17.000000 149.179476 20.097988 -0.388976 3.101922 0.000000 0.000000 0.000000 1.000000 0.000000 0.000000
17.000000 149.179646 19.064360 -0.069872 3.058639 0.000000 0.000000 0.000000 1.000000 0.000000 0.000000
17.000000 149.189546 19.927027 -0.378602 3.151120 0.000000 0.000000 0.000000 1.000000 0.000000 0.000000
17.000000 149.189599 18.953097 -0.075247 3.101989 0.000000 0.000000 0.000000 1.000000 0.000000 0.000000
17.000000 149.199490 19.777626 -0.375807 3.189159 0.000000 0.000000 0.000000 1.000000 0.000000 0.000000
17.000000 149.199752 18.832474 -0.079753 3.134013 0.000000 0.000000 0.000000 1.000000 0.000000 0.000000
17.000000 149.209424 19.635191 -0.380293 3.221105 0.000000 0.000000 0.000000 1.000000 0.000000 0.000000
17.000000 149.209659 18.693052 -0.083980 3.163376 0.000000 0.000000 0.000000 1.000000 0.000000 0.000000
17.000000 149.219383 19.288429 -0.421939 3.277018 0.000000 0.000000 0.000000 1.000000 0.000000 0.000000
17.000000 149.219449 19.527750 -0.382385 3.269420 0.000000 0.000000 0.000000 1.000000 0.000000 0.000000
17.000000 149.219587 18.595687 -0.085922 3.207175 0.000000 0.000000 0.000000 1.000000 0.000000 0.000000
17.000000 149.229646 18.156495 -0.328708 3.263117 0.000000 0.000000 0.000000 1.000000 0.000000 0.000000
17.000000 149.229694 18.498921 -0.093461 3.250394 0.000000 0.000000 0.000000 1.000000 0.000000 0.000000
17.000000 149.239496 19.288973 -0.393118 3.337038 0.000000 0.000000 0.000000 1.000000 0.000000 0.000000
17.000000 149.239520 18.376996 -0.102818 3.285515 0.000000 0.000000 0.000000 1.000000 0.000000 0.000000
17.000000 149.249427 19.154808 -0.394492 3.371084 0.000000 0.000000 0.000000 1.000000 0.000000 0.000000
17.000000 149.249519 18.262554 -0.109075 3.316371 0.000000 0.000000 0.000000 1.000000 0.000000 0.000000
17.000000 149.259511 18.902875 -0.395385 3.416274 0.000000 0.000000 0.000000 1.000000 0.000000 0.000000
17.000000 149.259659 18.114297 -0.135150 3.348094 0.000000 0.000000 0.000000 1.000000 0.000000 0.000000
17.000000 149.269406 18.885410 -0.394818 3.437883 0.000000 0.000000 0.000000 1.000000 0.000000 0.000000
17.000000 149.269509 18.023273 -0.114951 3.378142 0.000000 0.000000 0.000000 1.000000 0.000000 0.000000
17.000000 149.279455 17.536859 -0.364300 3.419468 0.000000 0.000000 0.000000 1.000000 0.000000 0.000000
17.000000 149.279504 17.913394 -0.123860 3.412277 0.000000 0.000000 0.000000 1.000000 0.000000 0.000000
17.000000 149.289527 17.453183 -0.350927 3.441404 0.000000 0.000000 0.000000 1.000000 0.000000 0.000000
17.000000 149.289532 17.807761 -0.128318 3.438378 0.000000 0.000000 0.000000 1.000000 0.000000 0.000000
17.000000 149.299387 18.290891 -0.435993 3.511298 0.000000 0.000000 0.000000 1.000000 0.000000 0.000000
17.000000 149.299439 18.600453 -0.420313 3.497938 0.000000 0.000000 0.000000 1.000000 0.000000 0.000000
17.000000 149.299505 17.695482 -0.128541 3.459980 0.000000 0.000000 0.000000 1.000000 0.000000 0.000000
17.000000 149.309608 18.360702 -0.413049 3.518361 0.000000 0.000000 0.000000 1.000000 0.000000 0.000000
17.000000 149.309630 17.530200 -0.142813 3.471158 0.000000 0.000000 0.000000 1.000000 0.000000 0.000000
17.000000 149.319420 17.942930 -0.422440 3.558144 0.000000 0.000000 0.000000 1.000000 0.000000 0.000000
17.000000 149.319473 17.084037 -0.366918 3.514073 0.000000 0.000000 0.000000 1.000000 0.000000 0.000000
17.000000 149.319649 17.451288 -0.145451 3.513312 0.000000 0.000000 0.000000 1.000000 0.000000 0.000000
17.000000 149.329348 17.815383 -0.421063 3.580306 0.000000 0.000000 0.000000 1.000000 0.000000 0.000000
17.000000 149.329526 16.978999 -0.367673 3.540281 0.000000 0.000000 0.000000 1.000000 0.000000 0.000000
17.000000 149.329606 17.332158 -0.156264 3.535551 0.000000 0.000000 0.000000 1.000000 0.000000 0.000000
17.000000 149.339416 17.665282 -0.417119 3.601142 0.000000 0.000000 0.000000 1.000000 0.000000 0.000000
17.000000 149.339505 16.871681 -0.367614 3.560115 0.000000 0.000000 0.000000 1.000000 0.000000 0.000000
17.000000 149.339508 17.218237 -0.163686 3.564398 0.000000 0.000000 0.000000 1.000000 0.000000 0.000000
17.000000 149.349328 17.622133 -0.431433 3.639132 0.000000 0.000000 0.000000 1.000000 0.000000 0.000000
17.000000 149.349583 16.749137 -0.375587 3.594126 0.000000 0.000000 0.000000 1.000000 0.000000 0.000000
17.000000 149.349630 17.122041 -0.155219 3.581412 0.000000 0.000000 0.000000 1.000000 0.000000 0.000000
17.000000 149.359427 17.483789 -0.427569 3.655342 0.000000 0.000000 0.000000 1.000000 0.000000 0.000000
17.000000 149.359595 17.639897 -0.413433 3.662374 0.000000 0.000000 0.000000 1.000000 0.000000 0.000000
17.000000 149.359846 16.959662 -0.182542 3.614221 0.000000 0.000000 0.000000 1.000000 0.000000 0.000000
17.000000 149.369283 17.428151 -0.442591 3.677003 0.000000 0.000000 0.000000 1.000000 0.000000 0.000000
17.000000 149.369604 17.713403 -0.434534 3.662611 0.000000 0.000000 0.000000 1.000000 0.000000 0.000000
17.000000 149.369779 16.890091 -0.160894 3.625728 0.000000 0.000000 0.000000 1.000000 0.000000 0.000000
17.000000 149.379309 17.242509 -0.431513 3.696813 0.000000 0.000000 0.000000 1.000000 0.000000 0.000000
17.000000 149.379532 16.407478 -0.383275 3.655292 0.000000 0.000000 0.000000 1.000000 0.000000 0.000000
17.000000 149.379560 16.783729 -0.168288 3.643472 0.000000 0.000000 0.000000 1.000000 0.000000 0.000000
17.000000 149.389329 17.183071 -0.436091 3.729714 0.000000 0.000000 0.000000 1.000000 0.000000 0.000000
17.000000 149.389560 17.434463 -0.420691 3.713653 0.000000 0.000000 0.000000 1.000000 0.000000 0.000000
17.000000 149.389561 16.684297 -0.169152 3.667468 0.000000 0.000000 0.000000 1.000000 0.000000 0.000000
17.000000 149.399338 16.982095 -0.427219 3.735795 0.000000 0.000000 0.000000 1.000000 0.000000 0.000000
17.000000 149.399565 16.203049 -0.379987 3.694804 0.000000 0.000000 0.000000 1.000000 0.000000 0.000000
17.000000 149.409341 16.906947 -0.441131 3.759988 0.000000 0.000000 0.000000 1.000000 0.000000 0.000000
17.000000 149.409579 16.056444 -0.392004 3.710791 0.000000 0.000000 0.000000 1.000000 0.000000 0.000000
17.000000 149.409609 16.431632 -0.182495 3.698489 0.000000 0.000000 0.000000 1.000000 0.000000 0.000000
17.000000 149.419466 17.326215 -0.525245 3.767757 0.000000 0.000000 0.000000 1.000000 0.000000 0.000000
17.000000 149.419711 16.342078 -0.176184 3.731114 0.000000 0.000000 0.000000 1.000000 0.000000 0.000000
17.000000 149.429329 16.744978 -0.451259 3.795236 0.000000 0.000000 0.000000 1.000000 0.000000 0.000000
17.000000 149.429584 17.001953 -0.441199 3.782037 0.000000 0.000000 0.000000 1.000000 0.000000 0.000000
17.000000 149.429877 16.247305 -0.183233 3.738294 0.000000 0.000000 0.000000 1.000000 0.000000 0.000000
17.000000 149.439369 16.639514 -0.456867 3.804104 0.000000 0.000000 0.000000 1.000000 0.000000 0.000000
17.000000 149.439518 16.934327 -0.451132 3.794291 0.000000 0.000000 0.000000 1.000000 0.000000 0.000000
17.000000 149.439582 16.149656 -0.182442 3.758270 0.000000 0.000000 0.000000 1.000000 0.000000 0.000000
17.000000 149.449308 16.485540 -0.452726 3.818232 0.000000 0.000000 0.000000 1.000000 0.000000 0.000000
17.000000 149.449577 15.617278 -0.408151 3.772898 0.000000 0.000000 0.000000 1.000000 0.000000 0.000000
17.000000 149.449605 16.041485 -0.181780 3.768221 0.000000 0.000000 0.000000 1.000000 0.000000 0.000000
17.000000 149.459413 16.355365 -0.456789 3.830982 0.000000 0.000000 0.000000 1.000000 0.000000 0.000000
17.000000 149.459510 16.613982 -0.452507 3.813167 0.000000 0.000000 0.000000 1.000000 0.000000 0.000000
17.000000 149.459585 15.875779 -0.196440 3.773883 0.000000 0.000000 0.000000 1.000000 0.000000 0.000000
17.000000 149.469300 16.276824 -0.459894 3.839669 0.000000 0.000000 0.000000 1.000000 0.000000 0.000000
17.000000 149.469560 16.587318 -0.456569 3.830179 0.000000 0.000000 0.000000 1.000000 0.000000 0.000000
17.000000 149.469656 15.811886 -0.185601 3.786639 0.000000 0.000000 0.000000 1.000000 0.000000 0.000000
17.000000 149.479485 16.130694 -0.454777 3.852317 0.000000 0.000000 0.000000 1.000000 0.000000 0.000000
17.000000 149.479597 15.290939 -0.411291 3.797345 0.000000 0.000000 0.000000 1.000000 0.000000 0.000000
17.000000 149.479694 15.705979 -0.193985 3.793304 0.000000 0.000000 0.000000 1.000000 0.000000 0.000000
17.000000 149.489315 15.965696 -0.454216 3.863529 0.000000 0.000000 0.000000 1.000000 0.000000 0.000000
17.000000 149.489609 16.294092 -0.449844 3.855506 0.000000 0.000000 0.000000 1.000000 0.000000 0.000000
17.000000 149.489642 15.591857 -0.200533 3.806834 0.000000 0.000000 0.000000 1.000000 0.000000 0.000000
17.000000 149.499337 15.866717 -0.454848 3.867818 0.000000 0.000000 0.000000 1.000000 0.000000 0.000000
17.000000 149.499529 16.163031 -0.451801 3.860130 0.000000 0.000000 0.000000 1.000000 0.000000 0.000000
17.000000 149.499612 15.482274 -0.208562 3.812663 0.000000 0.000000 0.000000 1.000000 0.000000 0.000000
17.000000 149.509303 15.743533 -0.456982 3.878015 0.000000 0.000000 0.000000 1.000000 0.000000 0.000000
17.000000 149.509595 16.018178 -0.456109 3.863186 0.000000 0.000000 0.000000 1.000000 0.000000 0.000000
17.000000 149.509630 15.349098 -0.216133 3.817310 0.000000 0.000000 0.000000 1.000000 0.000000 0.000000
17.000000 149.519517 15.612511 -0.463021 3.881551 0.000000 0.000000 0.000000 1.000000 0.000000 0.000000
17.000000 149.519530 15.919421 -0.463675 3.872558 0.000000 0.000000 0.000000 1.000000 0.000000 0.000000
17.000000 149.519616 15.229156 -0.214026 3.825925 0.000000 0.000000 0.000000 1.000000 0.000000 0.000000
17.000000 149.529330 15.474246 -0.456155 3.881964 0.000000 0.000000 0.000000 1.000000 0.000000 0.000000
17.000000 149.529604 14.759699 -0.421033 3.824739 0.000000 0.000000 0.000000 1.000000 0.000000 0.000000
17.000000 149.529618 15.156672 -0.221221 3.826453 0.000000 0.000000 0.000000 1.000000 0.000000 0.000000
17.000000 149.539451 15.370364 -0.456038 3.888231 0.000000 0.000000 0.000000 1.000000 0.000000 0.000000
17.000000 149.539590 15.672559 -0.455037 3.877075 0.000000 0.000000 0.000000 1.000000 0.000000 0.000000
17.000000 149.539673 15.044706 -0.225482 3.828830 0.000000 0.000000 0.000000 1.000000 0.000000 0.000000
17.000000 149.549344 15.318177 -0.469156 3.888299 0.000000 0.000000 0.000000 1.000000 0.000000 0.000000
17.000000 149.549610 14.523550 -0.431515 3.832439 0.000000 0.000000 0.000000 1.000000 0.000000 0.000000
17.000000 149.549614 14.939651 -0.224905 3.832950 0.000000 0.000000 0.000000 1.000000 0.000000 0.000000
17.000000 149.559540 15.192189 -0.466238 3.881670 0.000000 0.000000 0.000000 1.000000 0.000000 0.000000
17.000000 149.559556 15.377746 -0.464461 3.885517 0.000000 0.000000 0.000000 1.000000 0.000000 0.000000
17.000000 149.559591 14.807041 -0.252388 3.845712 0.000000 0.000000 0.000000 1.000000 0.000000 0.000000
17.000000 149.569422 15.084968 -0.472947 3.878446 0.000000 0.000000 0.000000 1.000000 0.000000 0.000000
17.000000 149.569617 14.299393 -0.439803 3.826517 0.000000 0.000000 0.000000 1.000000 0.000000 0.000000
17.000000 149.569625 14.733602 -0.228718 3.833514 0.000000 0.000000 0.000000 1.000000 0.000000 0.000000
17.000000 149.579427 14.958414 -0.471127 3.882713 0.000000 0.000000 0.000000 1.000000 0.000000 0.000000
17.000000 149.579924 14.204462 -0.437655 3.828418 0.000000 0.000000 0.000000 1.000000 0.000000 0.000000
17.000000 149.589363 14.811544 -0.470193 3.883476 0.000000 0.000000 0.000000 1.000000 0.000000 0.000000
17.000000 149.589609 15.123730 -0.476335 3.867536 0.000000 0.000000 0.000000 1.000000 0.000000 0.000000
17.000000 149.589814 14.501875 -0.244040 3.831344 0.000000 0.000000 0.000000 1.000000 0.000000 0.000000
17.000000 149.599470 14.608523 -0.461571 3.877856 0.000000 0.000000 0.000000 1.000000 0.000000 0.000000
17.000000 149.599581 15.031992 -0.469335 3.852480 0.000000 0.000000 0.000000 1.000000 0.000000 0.000000
17.000000 149.599586 14.412913 -0.238913 3.822660 0.000000 0.000000 0.000000 1.000000 0.000000 0.000000
17.000000 149.609383 14.451826 -0.463093 3.868163 0.000000 0.000000 0.000000 1.000000 0.000000 0.000000
17.000000 149.609665 14.872224 -0.477438 3.844746 0.000000 0.000000 0.000000 1.000000 0.000000 0.000000
17.000000 149.609748 14.266618 -0.250272 3.824041 0.000000 0.000000 0.000000 1.000000 0.000000 0.000000
17.000000 149.619572 14.375606 -0.466900 3.874352 0.000000 0.000000 0.000000 1.000000 0.000000 0.000000
17.000000 149.619588 14.755095 -0.474580 3.853286 0.000000 0.000000 0.000000 1.000000 0.000000 0.000000
17.000000 149.619592 14.157525 -0.248918 3.825233 0.000000 0.000000 0.000000 1.000000 0.000000 0.000000
17.000000 149.629386 14.221707 -0.464495 3.868980 0.000000 0.000000 0.000000 1.000000 0.000000 0.000000
17.000000 149.629718 14.630817 -0.473581 3.844111 0.000000 0.000000 0.000000 1.000000 0.000000 0.000000
17.000000 149.629892 14.055951 -0.255537 3.817983 0.000000 0.000000 0.000000 1.000000 0.000000 0.000000
17.000000 149.639613 14.069908 -0.460756 3.860753 0.000000 0.000000 0.000000 1.000000 0.000000 0.000000
17.000000 149.639642 13.558953 -0.440426 3.812178 0.000000 0.000000 0.000000 1.000000 0.000000 0.000000
17.000000 149.639674 13.949058 -0.258605 3.812406 0.000000 0.000000 0.000000 1.000000 0.000000 0.000000
17.000000 149.649474 13.969811 -0.468805 3.855395 0.000000 0.000000 0.000000 1.000000 0.000000 0.000000
17.000000 149.649706 14.427946 -0.482838 3.829507 0.000000 0.000000 0.000000 1.000000 0.000000 0.000000
17.000000 149.659496 13.786809 -0.466306 3.839179 0.000000 0.000000 0.000000 1.000000 0.000000 0.000000
17.000000 149.659604 14.217989 -0.483286 3.817533 0.000000 0.000000 0.000000 1.000000 0.000000 0.000000
17.000000 149.659604 13.699690 -0.282535 3.803700 0.000000 0.000000 0.000000 1.000000 0.000000 0.000000
17.000000 149.667153 13.363485 -0.423725 3.784006 0.000000 0.000000 0.000000 1.000000 0.000000 0.000000
17.000000 149.669463 13.607760 -0.467318 3.827882 0.000000 0.000000 0.000000 1.000000 0.000000 0.000000
17.000000 149.669665 13.193225 -0.456293 3.778585 0.000000 0.000000 0.000000 1.000000 0.000000 0.000000
17.000000 149.669678 13.624583 -0.261126 3.786701 0.000000 0.000000 0.000000 1.000000 0.000000 0.000000
17.000000 149.677034 14.324677 -0.548439 3.829217 0.000000 0.000000 0.000000 1.000000 0.000000 0.000000
17.000000 149.679631 13.484800 -0.465741 3.817769 0.000000 0.000000 0.000000 1.000000 0.000000 0.000000
17.000000 149.679636 13.087577 -0.456379 3.770077 0.000000 0.000000 0.000000 1.000000 0.000000 0.000000
17.000000 149.689464 13.278920 -0.456684 3.804253 0.000000 0.000000 0.000000 1.000000 0.000000 0.000000
17.000000 149.689642 12.998506 -0.453303 3.762982 0.000000 0.000000 0.000000 1.000000 0.000000 0.000000
17.000000 149.699549 13.217843 -0.467602 3.792206 0.000000 0.000000 0.000000 1.000000 0.000000 0.000000
17.000000 149.699646 12.915416 -0.465809 3.749708 0.000000 0.000000 0.000000 1.000000 0.000000 0.000000
17.000000 149.699677 13.324879 -0.285575 3.767507 0.000000 0.000000 0.000000 1.000000 0.000000 0.000000
17.000000 149.709622 13.168472 -0.475752 3.786927 0.000000 0.000000 0.000000 1.000000 0.000000 0.000000
17.000000 149.709661 12.783850 -0.467827 3.734621 0.000000 0.000000 0.000000 1.000000 0.000000 0.000000
17.000000 149.709730 13.228430 -0.270578 3.743516 0.000000 0.000000 0.000000 1.000000 0.000000 0.000000
17.000000 149.719572 12.978141 -0.468940 3.766205 0.000000 0.000000 0.000000 1.000000 0.000000 0.000000
17.000000 149.719617 12.647788 -0.463729 3.717204 0.000000 0.000000 0.000000 1.000000 0.000000 0.000000
17.000000 149.719702 13.090071 -0.271360 3.739170 0.000000 0.000000 0.000000 1.000000 0.000000 0.000000
17.000000 149.729747 13.529505 -0.495599 3.728319 0.000000 0.000000 0.000000 1.000000 0.000000 0.000000
17.000000 149.729872 12.988115 -0.279192 3.734285 0.000000 0.000000 0.000000 1.000000 0.000000 0.000000
17.000000 149.739615 12.493594 -0.465001 3.695964 0.000000 0.000000 0.000000 1.000000 0.000000 0.000000
17.000000 149.739647 12.903164 -0.288910 3.718639 0.000000 0.000000 0.000000 1.000000 0.000000 0.000000
17.000000 149.747056 13.552340 -0.562927 3.751090 0.000000 0.000000 0.000000 1.000000 0.000000 0.000000
17.000000 149.749737 13.304780 -0.493681 3.696929 0.000000 0.000000 0.000000 1.000000 0.000000 0.000000
17.000000 149.750177 12.793639 -0.287897 3.705086 0.000000 0.000000 0.000000 1.000000 0.000000 0.000000
17.000000 149.759604 13.180342 -0.505598 3.678419 0.000000 0.000000 0.000000 1.000000 0.000000 0.000000
17.000000 149.759704 12.678883 -0.301996 3.684041 0.000000 0.000000 0.000000 1.000000 0.000000 0.000000
17.000000 149.769754 13.178949 -0.524055 3.656656 0.000000 0.000000 0.000000 1.000000 0.000000 0.000000
17.000000 149.769959 12.593000 -0.286380 3.669155 0.000000 0.000000 0.000000 1.000000 0.000000 0.000000
17.000000 149.779646 12.116024 -0.467065 3.632913 0.000000 0.000000 0.000000 1.000000 0.000000 0.000000
17.000000 149.779652 12.512116 -0.299595 3.651046 0.000000 0.000000 0.000000 1.000000 0.000000 0.000000
17.000000 149.789757 12.929727 -0.501673 3.612939 0.000000 0.000000 0.000000 1.000000 0.000000 0.000000
17.000000 149.789958 12.415684 -0.291203 3.626301 0.000000 0.000000 0.000000 1.000000 0.000000 0.000000
17.000000 149.799450 11.766182 -0.463686 3.638480 0.000000 0.000000 0.000000 1.000000 0.000000 0.000000
17.000000 149.799638 11.897038 -0.472361 3.586380 0.000000 0.000000 0.000000 1.000000 0.000000 0.000000
17.000000 149.799674 12.309294 -0.299868 3.605025 0.000000 0.000000 0.000000 1.000000 0.000000 0.000000
17.000000 149.809769 12.625865 -0.508968 3.570739 0.000000 0.000000 0.000000 1.000000 0.000000 0.000000
17.000000 149.809769 12.167556 -0.317285 3.582945 0.000000 0.000000 0.000000 1.000000 0.000000 0.000000
17.000000 149.819572 11.586839 -0.470345 3.596206 0.000000 0.000000 0.000000 1.000000 0.000000 0.000000
17.000000 149.819668 12.596732 -0.509500 3.538320 0.000000 0.000000 0.000000 1.000000 0.000000 0.000000
17.000000 149.819680 12.076573 -0.292408 3.555887 0.000000 0.000000 0.000000 1.000000 0.000000 0.000000
17.000000 149.829777 12.477447 -0.514326 3.511220 0.000000 0.000000 0.000000 1.000000 0.000000 0.000000
17.000000 149.829783 11.981476 -0.306103 3.533569 0.000000 0.000000 0.000000 1.000000 0.000000 0.000000
17.000000 149.839685 12.379156 -0.514203 3.485745 0.000000 0.000000 0.000000 1.000000 0.000000 0.000000
17.000000 149.840798 11.885811 -0.305984 3.509943 0.000000 0.000000 0.000000 1.000000 0.000000 0.000000
17.000000 149.849691 11.168118 -0.469301 3.520132 0.000000 0.000000 0.000000 1.000000 0.000000 0.000000
17.000000 149.849755 11.383624 -0.478033 3.466969 0.000000 0.000000 0.000000 1.000000 0.000000 0.000000
17.000000 149.849856 11.777766 -0.316050 3.483666 0.000000 0.000000 0.000000 1.000000 0.000000 0.000000
17.000000 149.859691 11.256896 -0.478769 3.435344 0.000000 0.000000 0.000000 1.000000 0.000000 0.000000
17.000000 149.860014 11.658426 -0.312734 3.446604 0.000000 0.000000 0.000000 1.000000 0.000000 0.000000
17.000000 149.870041 11.964969 -0.513538 3.400387 0.000000 0.000000 0.000000 1.000000 0.000000 0.000000
17.000000 149.870063 11.520683 -0.320230 3.417293 0.000000 0.000000 0.000000 1.000000 0.000000 0.000000
17.000000 149.879612 10.842245 -0.484935 3.434610 0.000000 0.000000 0.000000 1.000000 0.000000 0.000000
17.000000 149.879732 11.035612 -0.492097 3.383484 0.000000 0.000000 0.000000 1.000000 0.000000 0.000000
17.000000 149.879825 11.469204 -0.316806 3.404196 0.000000 0.000000 0.000000 1.000000 0.000000 0.000000
17.000000 149.889824 11.833944 -0.519006 3.336983 0.000000 0.000000 0.000000 1.000000 0.000000 0.000000
17.000000 149.890033 11.379499 -0.321495 3.371579 0.000000 0.000000 0.000000 1.000000 0.000000 0.000000
17.000000 149.899693 10.852718 -0.491719 3.320846 0.000000 0.000000 0.000000 1.000000 0.000000 0.000000
17.000000 149.899866 11.269514 -0.323377 3.337155 0.000000 0.000000 0.000000 1.000000 0.000000 0.000000
17.000000 149.909907 11.596228 -0.524523 3.274578 0.000000 0.000000 0.000000 1.000000 0.000000 0.000000
17.000000 149.919786 10.630676 -0.493342 3.251162 0.000000 0.000000 0.000000 1.000000 0.000000 0.000000
17.000000 149.919794 11.543705 -0.530197 3.228966 0.000000 0.000000 0.000000 1.000000 0.000000 0.000000
17.000000 149.929889 11.407121 -0.529142 3.195112 0.000000 0.000000 0.000000 1.000000 0.000000 0.000000
17.000000 149.930065 10.969180 -0.334707 3.232525 0.000000 0.000000 0.000000 1.000000 0.000000 0.000000
17.000000 149.939824 10.447457 -0.501660 3.184007 0.000000 0.000000 0.000000 1.000000 0.000000 0.000000
17.000000 149.939860 11.337034 -0.538280 3.157055 0.000000 0.000000 0.000000 1.000000 0.000000 0.000000
17.000000 149.949850 10.353425 -0.502739 3.146886 0.000000 0.000000 0.000000 1.000000 0.000000 0.000000
17.000000 149.949958 10.770523 -0.336255 3.163865 0.000000 0.000000 0.000000 1.000000 0.000000 0.000000
17.000000 149.959746 11.068897 -0.535690 3.086777 0.000000 0.000000 0.000000 1.000000 0.000000 0.000000
17.000000 149.959967 10.642361 -0.341095 3.126884 0.000000 0.000000 0.000000 1.000000 0.000000 0.000000
17.000000 149.969802 11.006613 -0.535591 3.040556 0.000000 0.000000 0.000000 1.000000 0.000000 0.000000
17.000000 149.970073 10.562888 -0.331696 3.074577 0.000000 0.000000 0.000000 1.000000 0.000000 0.000000
17.000000 149.979780 10.921250 -0.543545 3.000832 0.000000 0.000000 0.000000 1.000000 0.000000 0.000000
17.000000 149.979810 10.466265 -0.335948 3.052205 0.000000 0.000000 0.000000 1.000000 0.000000 0.000000
17.000000 149.989837 10.799887 -0.542155 2.958344 0.000000 0.000000 0.000000 1.000000 0.000000 0.000000
17.000000 149.990061 10.365588 -0.343082 3.010602 0.000000 0.000000 0.000000 1.000000 0.000000 0.000000
17.000000 149.999802 10.276243 -0.340040 2.969159 0.000000 0.000000 0.000000 1.000000 0.000000 0.000000
17.000000 149.999829 10.713052 -0.540401 2.912904 0.000000 0.000000 0.000000 1.000000 0.000000 0.000000
17.000000 150.009858 9.780034 -0.502499 2.898511 0.000000 0.000000 0.000000 1.000000 0.000000 0.000000
17.000000 150.009867 10.170905 -0.342996 2.911684 0.000000 0.000000 0.000000 1.000000 0.000000 0.000000
17.000000 150.019754 9.514453 -0.538577 2.884421 0.000000 0.000000 0.000000 1.000000 0.000000 0.000000
17.000000 150.019757 9.642884 -0.510613 2.865021 0.000000 0.000000 0.000000 1.000000 0.000000 0.000000
17.000000 150.019814 10.530701 -0.555361 2.825308 0.000000 0.000000 0.000000 1.000000 0.000000 0.000000
17.000000 150.029645 9.208817 -0.520730 2.890844 0.000000 0.000000 0.000000 1.000000 0.000000 0.000000
17.000000 150.029880 10.405055 -0.550670 2.784683 0.000000 0.000000 0.000000 1.000000 0.000000 0.000000
17.000000 150.029913 9.977969 -0.349905 2.846066 0.000000 0.000000 0.000000 1.000000 0.000000 0.000000
17.000000 150.039623 9.127402 -0.526195 2.849636 0.000000 0.000000 0.000000 1.000000 0.000000 0.000000
17.000000 150.039779 9.473410 -0.511841 2.784949 0.000000 0.000000 0.000000 1.000000 0.000000 0.000000
17.000000 150.039820 9.880489 -0.349216 2.797753 0.000000 0.000000 0.000000 1.000000 0.000000 0.000000
17.000000 150.049852 9.366311 -0.514915 2.735055 0.000000 0.000000 0.000000 1.000000 0.000000 0.000000
17.000000 150.049870 9.771919 -0.353883 2.749894 0.000000 0.000000 0.000000 1.000000 0.000000 0.000000
17.000000 150.059788 9.661217 -0.360447 2.691858 0.000000 0.000000 0.000000 1.000000 0.000000 0.000000
17.000000 150.059834 10.072660 -0.559442 2.635895 0.000000 0.000000 0.000000 1.000000 0.000000 0.000000
17.000000 150.069827 9.145966 -0.515801 2.640984 0.000000 0.000000 0.000000 1.000000 0.000000 0.000000
17.000000 150.069829 9.565871 -0.348905 2.656254 0.000000 0.000000 0.000000 1.000000 0.000000 0.000000
17.000000 150.079765 8.907987 -0.565061 2.611724 0.000000 0.000000 0.000000 1.000000 0.000000 0.000000
17.000000 150.079796 9.482425 -0.362152 2.609009 0.000000 0.000000 0.000000 1.000000 0.000000 0.000000
17.000000 150.079850 9.900036 -0.563998 2.533694 0.000000 0.000000 0.000000 1.000000 0.000000 0.000000
17.000000 150.089857 9.810952 -0.566482 2.480162 0.000000 0.000000 0.000000 1.000000 0.000000 0.000000
17.000000 150.089888 9.382924 -0.358584 2.560833 0.000000 0.000000 0.000000 1.000000 0.000000 0.000000
17.000000 150.099796 8.690727 -0.572649 2.508663 0.000000 0.000000 0.000000 1.000000 0.000000 0.000000
17.000000 150.099833 9.286548 -0.363041 2.507442 0.000000 0.000000 0.000000 1.000000 0.000000 0.000000
17.000000 150.099917 9.710491 -0.569489 2.428631 0.000000 0.000000 0.000000 1.000000 0.000000 0.000000
17.000000 150.109916 8.743416 -0.517781 2.437070 0.000000 0.000000 0.000000 1.000000 0.000000 0.000000
17.000000 150.119805 8.392590 -0.576538 2.390522 0.000000 0.000000 0.000000 1.000000 0.000000 0.000000
17.000000 150.119851 9.043498 -0.354003 2.401201 0.000000 0.000000 0.000000 1.000000 0.000000 0.000000
17.000000 150.119860 9.460821 -0.564246 2.334737 0.000000 0.000000 0.000000 1.000000 0.000000 0.000000
17.000000 150.129730 8.291324 -0.557272 2.416237 0.000000 0.000000 0.000000 1.000000 0.000000 0.000000
17.000000 150.129919 8.605223 -0.521339 2.346553 0.000000 0.000000 0.000000 1.000000 0.000000 0.000000
17.000000 150.129925 8.991951 -0.364780 2.358528 0.000000 0.000000 0.000000 1.000000 0.000000 0.000000
17.000000 150.139866 9.253195 -0.612052 2.349667 0.000000 0.000000 0.000000 1.000000 0.000000 0.000000
17.000000 150.139903 9.325131 -0.572529 2.216470 0.000000 0.000000 0.000000 1.000000 0.000000 0.000000
17.000000 150.140038 8.512340 -0.521655 2.291880 0.000000 0.000000 0.000000 1.000000 0.000000 0.000000
17.000000 150.149709 8.110227 -0.564224 2.311884 0.000000 0.000000 0.000000 1.000000 0.000000 0.000000
17.000000 150.149867 9.216157 -0.573779 2.162013 0.000000 0.000000 0.000000 1.000000 0.000000 0.000000
17.000000 150.149916 8.800591 -0.364553 2.246147 0.000000 0.000000 0.000000 1.000000 0.000000 0.000000
17.000000 150.159806 7.989431 -0.594167 2.169659 0.000000 0.000000 0.000000 1.000000 0.000000 0.000000
17.000000 150.159829 8.671159 -0.361645 2.184005 0.000000 0.000000 0.000000 1.000000 0.000000 0.000000
17.000000 150.159851 9.087724 -0.573389 2.105614 0.000000 0.000000 0.000000 1.000000 0.000000 0.000000
17.000000 150.169640 7.986536 -0.571624 2.198733 0.000000 0.000000 0.000000 1.000000 0.000000 0.000000
17.000000 150.169880 8.219984 -0.512927 2.123868 0.000000 0.000000 0.000000 1.000000 0.000000 0.000000
17.000000 150.169931 8.586487 -0.354759 2.132493 0.000000 0.000000 0.000000 1.000000 0.000000 0.000000
17.000000 150.179813 7.893330 -0.579591 2.142177 0.000000 0.000000 0.000000 1.000000 0.000000 0.000000
17.000000 150.179844 8.154668 -0.523076 2.068212 0.000000 0.000000 0.000000 1.000000 0.000000 0.000000
17.000000 150.179925 8.511556 -0.370052 2.073889 0.000000 0.000000 0.000000 1.000000 0.000000 0.000000
17.000000 150.189927 8.842707 -0.586640 1.927010 0.000000 0.000000 0.000000 1.000000 0.000000 0.000000
17.000000 150.189934 8.419296 -0.367222 2.021787 0.000000 0.000000 0.000000 1.000000 0.000000 0.000000
17.000000 150.199796 7.982145 -0.521840 1.955678 0.000000 0.000000 0.000000 1.000000 0.000000 0.000000
17.000000 150.199990 8.332969 -0.372863 1.966936 0.000000 0.000000 0.000000 1.000000 0.000000 0.000000
17.000000 150.209940 8.642705 -0.584567 1.809822 0.000000 0.000000 0.000000 1.000000 0.000000 0.000000
17.000000 150.210154 8.237195 -0.371598 1.901475 0.000000 0.000000 0.000000 1.000000 0.000000 0.000000
17.000000 150.219819 8.453170 -0.626454 1.879537 0.000000 0.000000 0.000000 1.000000 0.000000 0.000000
17.000000 150.219848 8.105152 -0.355966 1.841515 0.000000 0.000000 0.000000 1.000000 0.000000 0.000000
17.000000 150.219914 7.740550 -0.519958 1.838896 0.000000 0.000000 0.000000 1.000000 0.000000 0.000000
17.000000 150.229912 7.692758 -0.527300 1.766596 0.000000 0.000000 0.000000 1.000000 0.000000 0.000000
17.000000 150.229950 8.059643 -0.369321 1.783103 0.000000 0.000000 0.000000 1.000000 0.000000 0.000000
17.000000 150.239821 8.370006 -0.587839 1.615550 0.000000 0.000000 0.000000 1.000000 0.000000 0.000000
17.000000 150.239893 7.958394 -0.369230 1.711589 0.000000 0.000000 0.000000 1.000000 0.000000 0.000000
17.000000 150.249922 7.566794 -0.516938 1.647099 0.000000 0.000000 0.000000 1.000000 0.000000 0.000000
17.000000 150.249946 7.868140 -0.374422 1.652255 0.000000 0.000000 0.000000 1.000000 0.000000 0.000000
17.000000 150.259866 7.442078 -0.524371 1.585299 0.000000 0.000000 0.000000 1.000000 0.000000 0.000000
17.000000 150.259906 8.164812 -0.597556 1.494093 0.000000 0.000000 0.000000 1.000000 0.000000 0.000000
17.000000 150.269773 7.236512 -0.609912 1.591341 0.000000 0.000000 0.000000 1.000000 0.000000 0.000000
17.000000 150.269934 7.376445 -0.512255 1.517308 0.000000 0.000000 0.000000 1.000000 0.000000 0.000000
17.000000 150.270185 7.678380 -0.364910 1.525763 0.000000 0.000000 0.000000 1.000000 0.000000 0.000000
17.000000 150.279931 7.294912 -0.516113 1.458541 0.000000 0.000000 0.000000 1.000000 0.000000 0.000000
17.000000 150.280118 7.975202 -0.591531 1.369222 0.000000 0.000000 0.000000 1.000000 0.000000 0.000000
17.000000 150.290097 7.220518 -0.518635 1.389526 0.000000 0.000000 0.000000 1.000000 0.000000 0.000000
17.000000 150.290156 7.501403 -0.377319 1.394700 0.000000 0.000000 0.000000 1.000000 0.000000 0.000000
17.000000 150.299884 7.805700 -0.599625 1.228394 0.000000 0.000000 0.000000 1.000000 0.000000 0.000000
17.000000 150.300076 7.406306 -0.371655 1.330269 0.000000 0.000000 0.000000 1.000000 0.000000 0.000000
17.000000 150.310150 7.681106 -0.591889 1.159550 0.000000 0.000000 0.000000 1.000000 0.000000 0.000000
17.000000 150.319920 7.217301 -0.364580 1.196905 0.000000 0.000000 0.000000 1.000000 0.000000 0.000000
17.000000 150.319921 6.946335 -0.509208 1.191842 0.000000 0.000000 0.000000 1.000000 0.000000 0.000000
17.000000 150.329936 7.510093 -0.599223 1.022847 0.000000 0.000000 0.000000 1.000000 0.000000 0.000000
17.000000 150.330024 7.125116 -0.375651 1.132765 0.000000 0.000000 0.000000 1.000000 0.000000 0.000000
17.000000 150.339717 6.699985 -0.642550 1.122880 0.000000 0.000000 0.000000 1.000000 0.000000 0.000000
17.000000 150.339887 7.429056 -0.602870 0.946877 0.000000 0.000000 0.000000 1.000000 0.000000 0.000000
17.000000 150.339931 7.045206 -0.379878 1.058234 0.000000 0.000000 0.000000 1.000000 0.000000 0.000000
17.000000 150.349890 6.711431 -0.516929 0.982359 0.000000 0.000000 0.000000 1.000000 0.000000 0.000000
17.000000 150.350002 6.958605 -0.376633 0.984422 0.000000 0.000000 0.000000 1.000000 0.000000 0.000000
17.000000 150.359811 6.540073 -0.648958 0.981371 0.000000 0.000000 0.000000 1.000000 0.000000 0.000000
17.000000 150.359951 6.614867 -0.510885 0.913811 0.000000 0.000000 0.000000 1.000000 0.000000 0.000000
17.000000 150.360048 6.839266 -0.375470 0.913637 0.000000 0.000000 0.000000 1.000000 0.000000 0.000000
17.000000 150.369914 6.538036 -0.507725 0.837861 0.000000 0.000000 0.000000 1.000000 0.000000 0.000000
17.000000 150.370043 6.754770 -0.371184 0.840599 0.000000 0.000000 0.000000 1.000000 0.000000 0.000000
17.000000 150.379757 6.397304 -0.654627 0.835523 0.000000 0.000000 0.000000 1.000000 0.000000 0.000000
17.000000 150.379945 7.054070 -0.604285 0.656645 0.000000 0.000000 0.000000 1.000000 0.000000 0.000000
17.000000 150.380362 6.680175 -0.376582 0.767299 0.000000 0.000000 0.000000 1.000000 0.000000 0.000000
17.000000 150.390058 6.975568 -0.606935 0.575185 0.000000 0.000000 0.000000 1.000000 0.000000 0.000000
17.000000 150.390092 6.600250 -0.378145 0.689237 0.000000 0.000000 0.000000 1.000000 0.000000 0.000000
17.000000 150.399750 6.237100 -0.661707 0.689876 0.000000 0.000000 0.000000 1.000000 0.000000 0.000000
17.000000 150.399923 6.315220 -0.510253 0.617316 0.000000 0.000000 0.000000 1.000000 0.000000 0.000000
17.000000 150.399996 6.512319 -0.378767 0.618814 0.000000 0.000000 0.000000 1.000000 0.000000 0.000000
17.000000 150.409675 6.175929 -0.665256 0.609092 0.000000 0.000000 0.000000 1.000000 0.000000 0.000000
17.000000 150.409918 6.198062 -0.508420 0.554854 0.000000 0.000000 0.000000 1.000000 0.000000 0.000000
17.000000 150.410104 6.402225 -0.371861 0.551656 0.000000 0.000000 0.000000 1.000000 0.000000 0.000000
17.000000 150.419826 6.100466 -0.671244 0.534543 0.000000 0.000000 0.000000 1.000000 0.000000 0.000000
17.000000 150.420002 6.701921 -0.609497 0.350519 0.000000 0.000000 0.000000 1.000000 0.000000 0.000000
17.000000 150.420458 6.345741 -0.381009 0.458266 0.000000 0.000000 0.000000 1.000000 0.000000 0.000000
17.000000 150.430058 6.078626 -0.510256 0.388062 0.000000 0.000000 0.000000 1.000000 0.000000 0.000000
17.000000 150.430108 6.253057 -0.381858 0.388317 0.000000 0.000000 0.000000 1.000000 0.000000 0.000000
17.000000 150.439825 5.961636 -0.677246 0.377713 0.000000 0.000000 0.000000 1.000000 0.000000 0.000000
17.000000 150.440005 6.526977 -0.612587 0.193386 0.000000 0.000000 0.000000 1.000000 0.000000 0.000000
17.000000 150.440563 6.164695 -0.379592 0.311518 0.000000 0.000000 0.000000 1.000000 0.000000 0.000000
17.000000 150.450034 5.923769 -0.504225 0.233434 0.000000 0.000000 0.000000 1.000000 0.000000 0.000000
17.000000 150.450094 6.073917 -0.379696 0.233854 0.000000 0.000000 0.000000 1.000000 0.000000 0.000000
17.000000 150.459829 5.799660 -0.686408 0.226087 0.000000 0.000000 0.000000 1.000000 0.000000 0.000000
17.000000 150.459906 6.340237 -0.613771 0.033896 0.000000 0.000000 0.000000 1.000000 0.000000 0.000000
17.000000 150.460187 5.988562 -0.384707 0.149072 0.000000 0.000000 0.000000 1.000000 0.000000 0.000000
17.000000 150.470101 5.785450 -0.497922 0.162797 0.000000 0.000000 0.000000 1.000000 0.000000 0.000000
17.000000 150.470235 5.922654 -0.371395 0.163674 0.000000 0.000000 0.000000 1.000000 0.000000 0.000000
17.000000 150.479937 6.243056 -0.615858 0.102808 0.000000 0.000000 0.000000 1.000000 0.000000 0.000000
17.000000 150.480033 5.898415 -0.385637 0.217125 0.000000 0.000000 0.000000 1.000000 0.000000 0.000000
17.000000 150.490183 6.191206 -0.615496 0.162154 0.000000 0.000000 0.000000 1.000000 0.000000 0.000000
17.000000 150.490540 5.851633 -0.387180 0.273753 0.000000 0.000000 0.000000 1.000000 0.000000 0.000000
17.000000 150.499757 5.636337 -0.697849 0.384154 0.000000 0.000000 0.000000 1.000000 0.000000 0.000000
17.000000 150.500030 6.158674 -0.623487 0.211492 0.000000 0.000000 0.000000 1.000000 0.000000 0.000000
17.000000 150.500030 5.798532 -0.382657 0.332790 0.000000 0.000000 0.000000 1.000000 0.000000 0.000000
17.000000 150.510011 6.097863 -0.621960 0.267881 0.000000 0.000000 0.000000 1.000000 0.000000 0.000000
17.000000 150.510042 5.746104 -0.386984 0.386633 0.000000 0.000000 0.000000 1.000000 0.000000 0.000000
17.000000 150.520000 6.055845 -0.620940 0.321831 0.000000 0.000000 0.000000 1.000000 0.000000 0.000000
17.000000 150.520006 5.700454 -0.381104 0.441462 0.000000 0.000000 0.000000 1.000000 0.000000 0.000000
17.000000 150.529987 5.475072 -0.525783 0.490536 0.000000 0.000000 0.000000 1.000000 0.000000 0.000000
17.000000 150.530080 5.668079 -0.391841 0.492274 0.000000 0.000000 0.000000 1.000000 0.000000 0.000000
17.000000 150.540035 5.965601 -0.629419 0.420051 0.000000 0.000000 0.000000 1.000000 0.000000 0.000000
17.000000 150.540598 5.613513 -0.391751 0.540491 0.000000 0.000000 0.000000 1.000000 0.000000 0.000000
17.000000 150.549978 5.364933 -0.530485 0.590816 0.000000 0.000000 0.000000 1.000000 0.000000 0.000000
17.000000 150.550097 5.570820 -0.394809 0.592743 0.000000 0.000000 0.000000 1.000000 0.000000 0.000000
17.000000 150.560013 5.885919 -0.639305 0.513702 0.000000 0.000000 0.000000 1.000000 0.000000 0.000000
17.000000 150.560773 5.516486 -0.391767 0.648494 0.000000 0.000000 0.000000 1.000000 0.000000 0.000000
17.000000 150.570009 5.285882 -0.525705 0.674662 0.000000 0.000000 0.000000 1.000000 0.000000 0.000000
17.000000 150.570131 5.485155 -0.392774 0.680498 0.000000 0.000000 0.000000 1.000000 0.000000 0.000000
17.000000 150.580015 5.205380 -0.540337 0.730788 0.000000 0.000000 0.000000 1.000000 0.000000 0.000000
17.000000 150.580028 5.437345 -0.400392 0.734947 0.000000 0.000000 0.000000 1.000000 0.000000 0.000000
17.000000 150.590056 5.147174 -0.540782 0.778771 0.000000 0.000000 0.000000 1.000000 0.000000 0.000000
17.000000 150.590261 5.388211 -0.399694 0.782148 0.000000 0.000000 0.000000 1.000000 0.000000 0.000000
17.000000 150.600040 5.100029 -0.543579 0.822090 0.000000 0.000000 0.000000 1.000000 0.000000 0.000000
17.000000 150.600120 5.346613 -0.400384 0.825401 0.000000 0.000000 0.000000 1.000000 0.000000 0.000000
17.000000 150.610016 5.029688 -0.538694 0.869602 0.000000 0.000000 0.000000 1.000000 0.000000 0.000000
17.000000 150.610169 5.277364 -0.391416 0.868572 0.000000 0.000000 0.000000 1.000000 0.000000 0.000000
17.000000 150.620020 5.615701 -0.645186 0.777629 0.000000 0.000000 0.000000 1.000000 0.000000 0.000000
17.000000 150.620352 5.256138 -0.399408 0.906884 0.000000 0.000000 0.000000 1.000000 0.000000 0.000000
17.000000 150.630048 4.947916 -0.548543 0.944720 0.000000 0.000000 0.000000 1.000000 0.000000 0.000000
17.000000 150.630240 5.208042 -0.405021 0.948769 0.000000 0.000000 0.000000 1.000000 0.000000 0.000000
17.000000 150.640027 5.520242 -0.647382 0.857007 0.000000 0.000000 0.000000 1.000000 0.000000 0.000000
17.000000 150.640142 5.180895 -0.412983 0.980275 0.000000 0.000000 0.000000 1.000000 0.000000 0.000000
17.000000 150.650063 4.878916 -0.555904 1.010537 0.000000 0.000000 0.000000 1.000000 0.000000 0.000000
17.000000 150.650123 5.136306 -0.415049 1.017031 0.000000 0.000000 0.000000 1.000000 0.000000 0.000000
17.000000 150.659910 4.780478 -0.718105 1.114196 0.000000 0.000000 0.000000 1.000000 0.000000 0.000000
17.000000 150.660026 5.413411 -0.650860 0.934056 0.000000 0.000000 0.000000 1.000000 0.000000 0.000000
17.000000 150.660462 5.055302 -0.405079 1.065182 0.000000 0.000000 0.000000 1.000000 0.000000 0.000000
17.000000 150.670081 4.698666 -0.560091 1.109706 0.000000 0.000000 0.000000 1.000000 0.000000 0.000000
17.000000 150.670115 5.019741 -0.400195 1.113273 0.000000 0.000000 0.000000 1.000000 0.000000 0.000000
17.000000 150.680101 5.341324 -0.655510 1.000039 0.000000 0.000000 0.000000 1.000000 0.000000 0.000000
17.000000 150.680394 5.007529 -0.420934 1.122477 0.000000 0.000000 0.000000 1.000000 0.000000 0.000000
17.000000 150.690136 4.644459 -0.564641 1.162297 0.000000 0.000000 0.000000 1.000000 0.000000 0.000000
17.000000 150.690147 4.947594 -0.413760 1.167844 0.000000 0.000000 0.000000 1.000000 0.000000 0.000000
17.000000 150.700056 5.253427 -0.660471 1.069797 0.000000 0.000000 0.000000 1.000000 0.000000 0.000000
17.000000 150.700144 4.914254 -0.421529 1.195655 0.000000 0.000000 0.000000 1.000000 0.000000 0.000000
17.000000 150.710076 4.520312 -0.562588 1.234423 0.000000 0.000000 0.000000 1.000000 0.000000 0.000000
17.000000 150.710183 4.841312 -0.402352 1.236866 0.000000 0.000000 0.000000 1.000000 0.000000 0.000000
17.000000 150.720184 5.168394 -0.666111 1.127939 0.000000 0.000000 0.000000 1.000000 0.000000 0.000000
17.000000 150.720401 4.805857 -0.411485 1.265157 0.000000 0.000000 0.000000 1.000000 0.000000 0.000000
17.000000 150.730097 4.455075 -0.572383 1.283967 0.000000 0.000000 0.000000 1.000000 0.000000 0.000000
17.000000 150.730130 4.769104 -0.422345 1.290105 0.000000 0.000000 0.000000 1.000000 0.000000 0.000000
17.000000 150.739857 4.315053 -0.728000 1.388271 0.000000 0.000000 0.000000 1.000000 0.000000 0.000000
17.000000 150.740095 5.074813 -0.668310 1.186958 0.000000 0.000000 0.000000 1.000000 0.000000 0.000000
17.000000 150.740095 4.733565 -0.424532 1.315801 0.000000 0.000000 0.000000 1.000000 0.000000 0.000000
17.000000 150.750132 5.031011 -0.664589 1.212849 0.000000 0.000000 0.000000 1.000000 0.000000 0.000000
17.000000 150.750268 4.692714 -0.424683 1.349117 0.000000 0.000000 0.000000 1.000000 0.000000 0.000000
17.000000 150.759926 4.208872 -0.729678 1.444365 0.000000 0.000000 0.000000 1.000000 0.000000 0.000000
17.000000 150.760094 4.975585 -0.669003 1.239522 0.000000 0.000000 0.000000 1.000000 0.000000 0.000000
17.000000 150.760354 4.623674 -0.419096 1.375771 0.000000 0.000000 0.000000 1.000000 0.000000 0.000000
17.000000 150.770186 4.265550 -0.577925 1.390504 0.000000 0.000000 0.000000 1.000000 0.000000 0.000000
17.000000 150.770228 4.599414 -0.422098 1.395555 0.000000 0.000000 0.000000 1.000000 0.000000 0.000000
17.000000 150.780070 4.090066 -0.735440 1.500511 0.000000 0.000000 0.000000 1.000000 0.000000 0.000000
17.000000 150.780111 4.896993 -0.675345 1.288837 0.000000 0.000000 0.000000 1.000000 0.000000 0.000000
17.000000 150.782713 4.550556 -0.427181 1.427236 0.000000 0.000000 0.000000 1.000000 0.000000 0.000000
17.000000 150.790179 4.851733 -0.676577 1.310777 0.000000 0.000000 0.000000 1.000000 0.000000 0.000000
17.000000 150.790202 4.509125 -0.429688 1.448826 0.000000 0.000000 0.000000 1.000000 0.000000 0.000000
17.000000 150.800127 3.997971 -0.735407 1.546856 0.000000 0.000000 0.000000 1.000000 0.000000 0.000000
17.000000 150.800143 4.819342 -0.679629 1.332031 0.000000 0.000000 0.000000 1.000000 0.000000 0.000000
17.000000 150.800161 4.464704 -0.425042 1.474685 0.000000 0.000000 0.000000 1.000000 0.000000 0.000000
17.000000 150.810144 4.048408 -0.579007 1.484651 0.000000 0.000000 0.000000 1.000000 0.000000 0.000000
17.000000 150.810243 4.413780 -0.415914 1.492647 0.000000 0.000000 0.000000 1.000000 0.000000 0.000000
17.000000 150.820105 4.725293 -0.686720 1.371341 0.000000 0.000000 0.000000 1.000000 0.000000 0.000000
17.000000 150.820143 4.370808 -0.427131 1.509385 0.000000 0.000000 0.000000 1.000000 0.000000 0.000000
17.000000 150.830134 3.967186 -0.591462 1.523782 0.000000 0.000000 0.000000 1.000000 0.000000 0.000000
17.000000 150.830302 4.335737 -0.430167 1.528580 0.000000 0.000000 0.000000 1.000000 0.000000 0.000000
17.000000 150.839909 3.757722 -0.744547 1.638786 0.000000 0.000000 0.000000 1.000000 0.000000 0.000000
17.000000 150.840230 4.648543 -0.685838 1.404625 0.000000 0.000000 0.000000 1.000000 0.000000 0.000000
17.000000 150.840908 4.297015 -0.431925 1.553991 0.000000 0.000000 0.000000 1.000000 0.000000 0.000000
17.000000 150.850131 3.848570 -0.596846 1.568866 0.000000 0.000000 0.000000 1.000000 0.000000 0.000000
17.000000 150.850201 4.243642 -0.431136 1.571386 0.000000 0.000000 0.000000 1.000000 0.000000 0.000000
17.000000 150.859963 3.641869 -0.744957 1.673460 0.000000 0.000000 0.000000 1.000000 0.000000 0.000000
17.000000 150.860151 4.555077 -0.689982 1.438258 0.000000 0.000000 0.000000 1.000000 0.000000 0.000000
17.000000 150.860213 4.179217 -0.410312 1.588341 0.000000 0.000000 0.000000 1.000000 0.000000 0.000000
17.000000 150.870232 4.510355 -0.698572 1.449223 0.000000 0.000000 0.000000 1.000000 0.000000 0.000000
17.000000 150.870577 4.144127 -0.428134 1.603214 0.000000 0.000000 0.000000 1.000000 0.000000 0.000000
17.000000 150.880138 4.474727 -0.695021 1.465883 0.000000 0.000000 0.000000 1.000000 0.000000 0.000000
17.000000 150.880465 4.123724 -0.434500 1.611776 0.000000 0.000000 0.000000 1.000000 0.000000 0.000000
17.000000 150.890117 3.666490 -0.604368 1.624685 0.000000 0.000000 0.000000 1.000000 0.000000 0.000000
17.000000 150.890259 4.077066 -0.436423 1.626969 0.000000 0.000000 0.000000 1.000000 0.000000 0.000000
17.000000 150.900121 4.381702 -0.696402 1.488384 0.000000 0.000000 0.000000 1.000000 0.000000 0.000000
17.000000 150.900156 4.016215 -0.425934 1.645081 0.000000 0.000000 0.000000 1.000000 0.000000 0.000000
17.000000 150.910243 4.339682 -0.698120 1.492090 0.000000 0.000000 0.000000 1.000000 0.000000 0.000000
17.000000 150.910422 3.992152 -0.440889 1.645795 0.000000 0.000000 0.000000 1.000000 0.000000 0.000000
17.000000 150.919991 3.369569 -0.752453 1.751558 0.000000 0.000000 0.000000 1.000000 0.000000 0.000000
17.000000 150.920188 4.296154 -0.702158 1.507350 0.000000 0.000000 0.000000 1.000000 0.000000 0.000000
17.000000 150.920354 3.946236 -0.437837 1.652492 0.000000 0.000000 0.000000 1.000000 0.000000 0.000000
17.000000 150.930235 4.248374 -0.700055 1.516455 0.000000 0.000000 0.000000 1.000000 0.000000 0.000000
17.000000 150.930300 3.905587 -0.443506 1.665937 0.000000 0.000000 0.000000 1.000000 0.000000 0.000000
17.000000 150.940139 3.425662 -0.613993 1.678637 0.000000 0.000000 0.000000 1.000000 0.000000 0.000000
17.000000 150.940240 3.860958 -0.440305 1.679235 0.000000 0.000000 0.000000 1.000000 0.000000 0.000000
17.000000 150.950146 3.395726 -0.620144 1.688329 0.000000 0.000000 0.000000 1.000000 0.000000 0.000000
17.000000 150.950236 3.833417 -0.450827 1.688541 0.000000 0.000000 0.000000 1.000000 0.000000 0.000000
17.000000 150.960270 4.116277 -0.708174 1.539221 0.000000 0.000000 0.000000 1.000000 0.000000 0.000000
17.000000 150.960407 3.776378 -0.447375 1.688805 0.000000 0.000000 0.000000 1.000000 0.000000 0.000000
17.000000 150.970176 3.300649 -0.611323 1.689614 0.000000 0.000000 0.000000 1.000000 0.000000 0.000000
17.000000 150.970251 3.731301 -0.437661 1.692961 0.000000 0.000000 0.000000 1.000000 0.000000 0.000000
17.000000 150.980129 3.267094 -0.617647 1.697367 0.000000 0.000000 0.000000 1.000000 0.000000 0.000000
17.000000 150.980333 3.693773 -0.447861 1.697628 0.000000 0.000000 0.000000 1.000000 0.000000 0.000000
17.000000 150.987607 4.118676 -0.862907 1.728282 0.000000 0.000000 0.000000 1.000000 0.000000 0.000000
17.000000 150.990251 3.207707 -0.618753 1.701397 0.000000 0.000000 0.000000 1.000000 0.000000 0.000000
17.000000 150.990347 3.650309 -0.445234 1.703931 0.000000 0.000000 0.000000 1.000000 0.000000 0.000000
17.000000 150.999940 3.026103 -0.767974 1.794460 0.000000 0.000000 0.000000 1.000000 0.000000 0.000000
17.000000 151.000217 3.960647 -0.714361 1.542976 0.000000 0.000000 0.000000 1.000000 0.000000 0.000000
17.000000 151.000221 3.616941 -0.450400 1.706839 0.000000 0.000000 0.000000 1.000000 0.000000 0.000000
17.000000 151.010037 2.974138 -0.771673 1.796055 0.000000 0.000000 0.000000 1.000000 0.000000 0.000000
17.000000 151.010146 3.115080 -0.616014 1.701104 0.000000 0.000000 0.000000 1.000000 0.000000 0.000000
17.000000 151.010246 3.571474 -0.432073 1.701688 0.000000 0.000000 0.000000 1.000000 0.000000 0.000000
17.000000 151.019969 2.942149 -0.773036 1.800055 0.000000 0.000000 0.000000 1.000000 0.000000 0.000000
17.000000 151.020201 3.087004 -0.611106 1.699497 0.000000 0.000000 0.000000 1.000000 0.000000 0.000000
17.000000 151.030214 3.042135 -0.626924 1.701740 0.000000 0.000000 0.000000 1.000000 0.000000 0.000000
17.000000 151.040524 3.003381 -0.626223 1.696809 0.000000 0.000000 0.000000 1.000000 0.000000 0.000000
17.000000 151.050185 2.970688 -0.628263 1.696136 0.000000 0.000000 0.000000 1.000000 0.000000 0.000000
17.000000 151.060163 2.914690 -0.620077 1.693515 0.000000 0.000000 0.000000 1.000000 0.000000 0.000000
17.000000 151.070162 2.895843 -0.622235 1.680546 0.000000 0.000000 0.000000 1.000000 0.000000 0.000000
17.000000 151.079993 2.707085 -0.786380 1.772601 0.000000 0.000000 0.000000 1.000000 0.000000 0.000000
17.000000 151.080317 2.831969 -0.628997 1.682519 0.000000 0.000000 0.000000 1.000000 0.000000 0.000000
17.000000 151.090584 2.791048 -0.633093 1.676602 0.000000 0.000000 0.000000 1.000000 0.000000 0.000000
17.000000 151.099983 2.637036 -0.791309 1.758296 0.000000 0.000000 0.000000 1.000000 0.000000 0.000000
17.000000 151.100171 2.745533 -0.629455 1.670554 0.000000 0.000000 0.000000 1.000000 0.000000 0.000000
17.000000 151.110432 2.697307 -0.619169 1.657848 0.000000 0.000000 0.000000 1.000000 0.000000 0.000000
17.000000 151.120219 2.645479 -0.629077 1.655509 0.000000 0.000000 0.000000 1.000000 0.000000 0.000000
17.000000 151.130357 2.636367 -0.635720 1.636845 0.000000 0.000000 0.000000 1.000000 0.000000 0.000000
17.000000 151.140225 2.605254 -0.633910 1.619869 0.000000 0.000000 0.000000 1.000000 0.000000 0.000000
17.000000 151.150196 2.610407 -0.627042 1.591318 0.000000 0.000000 0.000000 1.000000 0.000000 0.000000
17.000000 151.160182 2.553991 -0.633534 1.588198 0.000000 0.000000 0.000000 1.000000 0.000000 0.000000
17.000000 151.170457 2.462091 -0.633530 1.579055 0.000000 0.000000 0.000000 1.000000 0.000000 0.000000
17.000000 151.180213 2.448267 -0.633522 1.559313 0.000000 0.000000 0.000000 1.000000 0.000000 0.000000
17.000000 151.190227 2.410823 -0.634461 1.544715 0.000000 0.000000 0.000000 1.000000 0.000000 0.000000
17.000000 151.200315 2.374283 -0.624051 1.523194 0.000000 0.000000 0.000000 1.000000 0.000000 0.000000
17.000000 151.210223 2.330397 -0.632324 1.509830 0.000000 0.000000 0.000000 1.000000 0.000000 0.000000
17.000000 151.220293 2.305726 -0.633108 1.485660 0.000000 0.000000 0.000000 1.000000 0.000000 0.000000
17.000000 151.230234 2.268657 -0.638845 1.466178 0.000000 0.000000 0.000000 1.000000 0.000000 0.000000
17.000000 151.240318 2.251839 -0.633610 1.436966 0.000000 0.000000 0.000000 1.000000 0.000000 0.000000
17.000000 151.250241 2.213320 -0.623622 1.410684 0.000000 0.000000 0.000000 1.000000 0.000000 0.000000
17.000000 151.260318 2.168644 -0.626762 1.388931 0.000000 0.000000 0.000000 1.000000 0.000000 0.000000
17.000000 151.270251 2.123819 -0.634643 1.366383 0.000000 0.000000 0.000000 1.000000 0.000000 0.000000
17.000000 151.280320 2.092398 -0.632923 1.342473 0.000000 0.000000 0.000000 1.000000 0.000000 0.000000
17.000000 151.290521 2.058065 -0.628238 1.318184 0.000000 0.000000 0.000000 1.000000 0.000000 0.000000
17.000000 151.300333 2.072761 -0.630565 1.269651 0.000000 0.000000 0.000000 1.000000 0.000000 0.000000
17.000000 151.310555 2.017735 -0.627352 1.241129 0.000000 0.000000 0.000000 1.000000 0.000000 0.000000
17.000000 151.320149 1.918093 -0.847458 1.317720 0.000000 0.000000 0.000000 1.000000 0.000000 0.000000
17.000000 151.320364 1.989977 -0.637120 1.214977 0.000000 0.000000 0.000000 1.000000 0.000000 0.000000
17.000000 151.330289 1.935835 -0.628691 1.196632 0.000000 0.000000 0.000000 1.000000 0.000000 0.000000
17.000000 151.340041 1.889772 -0.865523 1.251002 0.000000 0.000000 0.000000 1.000000 0.000000 0.000000
17.000000 151.340380 1.902593 -0.630218 1.162834 0.000000 0.000000 0.000000 1.000000 0.000000 0.000000
17.000000 151.350539 1.882323 -0.631633 1.126864 0.000000 0.000000 0.000000 1.000000 0.000000 0.000000
17.000000 151.360221 1.848602 -0.876439 1.181626 0.000000 0.000000 0.000000 1.000000 0.000000 0.000000
17.000000 151.360597 1.835504 -0.633384 1.101721 0.000000 0.000000 0.000000 1.000000 0.000000 0.000000
17.000000 151.370280 1.827165 -0.629185 1.053374 0.000000 0.000000 0.000000 1.000000 0.000000 0.000000
17.000000 151.380381 1.792770 -0.629831 1.019620 0.000000 0.000000 0.000000 1.000000 0.000000 0.000000
17.000000 151.390130 1.784766 -0.878181 1.063767 0.000000 0.000000 0.000000 1.000000 0.000000 0.000000
17.000000 151.390329 1.780406 -0.627358 0.978643 0.000000 0.000000 0.000000 1.000000 0.000000 0.000000
17.000000 151.400375 0.216722 -0.931294 0.784782 0.000000 0.000000 0.000000 1.000000 0.000000 0.000000
17.000000 151.407630 0.166438 -0.941304 0.762117 0.000000 0.000000 0.000000 1.000000 0.000000 0.000000
17.000000 151.420495 0.083021 -0.946007 0.680072 0.000000 0.000000 0.000000 1.000000 0.000000 0.000000
17.000000 151.427756 -0.051267 -0.974985 0.635732 0.000000 0.000000 0.000000 1.000000 0.000000 0.000000
17.000000 151.440414 -0.127455 -0.976896 0.588153 0.000000 0.000000 0.000000 1.000000 0.000000 0.000000
17.000000 151.447766 -0.135006 -0.978446 0.555925 0.000000 0.000000 0.000000 1.000000 0.000000 0.000000
17.000000 151.457956 -0.061055 -0.955806 0.527979 0.000000 0.000000 0.000000 1.000000 0.000000 0.000000
17.000000 151.467993 -0.088897 -0.965890 0.485381 0.000000 0.000000 0.000000 1.000000 0.000000 0.000000
17.000000 151.480578 -0.254141 -0.960775 0.383897 0.000000 0.000000 0.000000 1.000000 0.000000 0.000000
17.000000 151.487896 -0.255530 -0.962448 0.362078 0.000000 0.000000 0.000000 1.000000 0.000000 0.000000
17.000000 151.523266 -0.508555 -0.978174 0.174534 0.000000 0.000000 0.000000 1.000000 0.000000 0.000000
17.000000 151.527747 -0.532379 -0.988577 0.147082 0.000000 0.000000 0.000000 1.000000 0.000000 0.000000
17.000000 151.537864 -0.542464 -0.986044 0.097209 0.000000 0.000000 0.000000 1.000000 0.000000 0.000000
17.000000 151.547768 -0.587343 -0.988432 0.042744 0.000000 0.000000 0.000000 1.000000 0.000000 0.000000
17.000000 151.557939 -0.656890 -0.986654 -0.024387 0.000000 0.000000 0.000000 1.000000 0.000000 0.000000
17.000000 151.567902 -0.759645 -1.000446 -0.081601 0.000000 0.000000 0.000000 1.000000 0.000000 0.000000
17.000000 151.581657 -0.861455 -1.017109 -0.018692 0.000000 0.000000 0.000000 1.000000 0.000000 0.000000
17.000000 151.587912 -0.978589 -1.036274 -0.010386 0.000000 0.000000 0.000000 1.000000 0.000000 0.000000
17.000000 151.600553 -0.935327 -1.013416 0.050253 0.000000 0.000000 0.000000 1.000000 0.000000 0.000000
17.000000 151.607779 -1.112041 -1.044175 0.050092 0.000000 0.000000 0.000000 1.000000 0.000000 0.000000
17.000000 151.637839 -1.223391 -1.068370 0.172272 0.000000 0.000000 0.000000 1.000000 0.000000 0.000000
17.000000 151.657831 -1.049112 -1.036143 0.266703 0.000000 0.000000 0.000000 1.000000 0.000000 0.000000
17.000000 151.667936 -1.233140 -1.048007 0.294050 0.000000 0.000000 0.000000 1.000000 0.000000 0.000000
17.000000 151.677891 -1.304487 -1.043073 0.317496 0.000000 0.000000 0.000000 1.000000 0.000000 0.000000
17.000000 151.687817 -1.195226 -1.037776 0.364932 0.000000 0.000000 0.000000 1.000000 0.000000 0.000000
17.000000 151.700680 -1.280886 -1.065604 0.410572 0.000000 0.000000 0.000000 1.000000 0.000000 0.000000
17.000000 151.707940 -1.255528 -1.054745 0.426703 0.000000 0.000000 0.000000 1.000000 0.000000 0.000000
17.000000 151.717891 -1.438090 -1.062069 0.442974 0.000000 0.000000 0.000000 1.000000 0.000000 0.000000
17.000000 151.727838 -1.448600 -1.049036 0.474193 0.000000 0.000000 0.000000 1.000000 0.000000 0.000000
17.000000 151.737880 -1.428857 -1.058357 0.506001 0.000000 0.000000 0.000000 1.000000 0.000000 0.000000
17.000000 151.747804 -1.491157 -1.086114 0.530088 0.000000 0.000000 0.000000 1.000000 0.000000 0.000000
17.000000 151.780648 -1.531382 -1.069227 0.617546 0.000000 0.000000 0.000000 1.000000 0.000000 0.000000
17.000000 151.787915 -1.637110 -1.088151 0.624878 0.000000 0.000000 0.000000 1.000000 0.000000 0.000000
17.000000 151.800693 -1.719475 -1.092194 0.651379 0.000000 0.000000 0.000000 1.000000 0.000000 0.000000
17.000000 151.807906 -1.771513 -1.099705 0.660197 0.000000 0.000000 0.000000 1.000000 0.000000 0.000000
17.000000 151.810847 -1.742007 -1.093575 0.682015 0.000000 0.000000 0.000000 1.000000 0.000000 0.000000
17.000000 151.818050 -1.735450 -1.089920 0.689012 0.000000 0.000000 0.000000 1.000000 0.000000 0.000000
17.000000 151.820976 -1.714489 -1.089960 0.694158 0.000000 0.000000 0.000000 1.000000 0.000000 0.000000
17.000000 151.827998 -1.831110 -1.112555 0.697996 0.000000 0.000000 0.000000 1.000000 0.000000 0.000000
17.000000 151.830610 -1.850956 -1.108498 0.702239 0.000000 0.000000 0.000000 1.000000 0.000000 0.000000
17.000000 151.837927 -1.807542 -1.097135 0.708938 0.000000 0.000000 0.000000 1.000000 0.000000 0.000000
17.000000 151.840858 -1.799024 -1.092985 0.720895 0.000000 0.000000 0.000000 1.000000 0.000000 0.000000
17.000000 151.847862 -1.863552 -1.104967 0.724774 0.000000 0.000000 0.000000 1.000000 0.000000 0.000000
17.000000 151.850608 -1.936357 -1.101505 0.715458 0.000000 0.000000 0.000000 1.000000 0.000000 0.000000
17.000000 151.857937 -2.035566 -1.121542 0.715200 0.000000 0.000000 0.000000 1.000000 0.000000 0.000000
17.000000 151.860719 -1.964351 -1.119685 0.735309 0.000000 0.000000 0.000000 1.000000 0.000000 0.000000
17.000000 151.868000 -2.028213 -1.131452 0.738218 0.000000 0.000000 0.000000 1.000000 0.000000 0.000000
17.000000 151.870574 -2.037264 -1.124864 0.750523 0.000000 0.000000 0.000000 1.000000 0.000000 0.000000
17.000000 151.877997 -2.065755 -1.130197 0.751927 0.000000 0.000000 0.000000 1.000000 0.000000 0.000000
17.000000 151.880721 -2.051806 -1.126703 0.763595 0.000000 0.000000 0.000000 1.000000 0.000000 0.000000
17.000000 151.887968 -2.088396 -1.132429 0.768797 0.000000 0.000000 0.000000 1.000000 0.000000 0.000000
17.000000 151.890531 -2.076851 -1.130529 0.776018 0.000000 0.000000 0.000000 1.000000 0.000000 0.000000
17.000000 151.898103 -2.056778 -1.125857 0.777440 0.000000 0.000000 0.000000 1.000000 0.000000 0.000000
17.000000 151.900774 -2.110838 -1.122184 0.773473 0.000000 0.000000 0.000000 1.000000 0.000000 0.000000
17.000000 151.907996 -2.204577 -1.140617 0.775966 0.000000 0.000000 0.000000 1.000000 0.000000 0.000000
17.000000 151.910556 -2.225748 -1.135460 0.783090 0.000000 0.000000 0.000000 1.000000 0.000000 0.000000
17.000000 151.918057 -2.255356 -1.141730 0.782709 0.000000 0.000000 0.000000 1.000000 0.000000 0.000000
17.000000 151.920664 -2.224211 -1.142064 0.789349 0.000000 0.000000 0.000000 1.000000 0.000000 0.000000
17.000000 151.927920 -2.264118 -1.150789 0.788092 0.000000 0.000000 0.000000 1.000000 0.000000 0.000000
17.000000 151.930941 -2.275816 -1.149286 0.788974 0.000000 0.000000 0.000000 1.000000 0.000000 0.000000
17.000000 151.937998 -2.323684 -1.158813 0.789962 0.000000 0.000000 0.000000 1.000000 0.000000 0.000000
17.000000 151.940773 -2.316864 -1.154994 0.800965 0.000000 0.000000 0.000000 1.000000 0.000000 0.000000
17.000000 151.947942 -2.334739 -1.158529 0.801563 0.000000 0.000000 0.000000 1.000000 0.000000 0.000000
17.000000 151.950774 -2.462869 -1.162778 0.762839 0.000000 0.000000 0.000000 1.000000 0.000000 0.000000
17.000000 151.958088 -2.474926 -1.164428 0.764488 0.000000 0.000000 0.000000 1.000000 0.000000 0.000000
17.000000 151.960716 -2.436600 -1.155570 0.792394 0.000000 0.000000 0.000000 1.000000 0.000000 0.000000
17.000000 151.968031 -2.430984 -1.154124 0.793190 0.000000 0.000000 0.000000 1.000000 0.000000 0.000000
17.000000 151.970533 -2.406532 -1.153933 0.799565 0.000000 0.000000 0.000000 1.000000 0.000000 0.000000
17.000000 151.978105 -2.481354 -1.170873 0.795562 0.000000 0.000000 0.000000 1.000000 0.000000 0.000000
17.000000 151.980901 -2.497791 -1.169455 0.795168 0.000000 0.000000 0.000000 1.000000 0.000000 0.000000
17.000000 151.988031 -2.516394 -1.172674 0.796912 0.000000 0.000000 0.000000 1.000000 0.000000 0.000000
17.000000 151.990750 -2.519497 -1.172029 0.797747 0.000000 0.000000 0.000000 1.000000 0.000000 0.000000
17.000000 151.998227 -2.560778 -1.182537 0.792254 0.000000 0.000000 0.000000 1.000000 0.000000 0.000000
17.000000 152.000949 -2.637464 -1.184301 0.770501 0.000000 0.000000 0.000000 1.000000 0.000000 0.000000
17.000000 152.008040 -2.657279 -1.188998 0.768760 0.000000 0.000000 0.000000 1.000000 0.000000 0.000000
17.000000 152.011043 -2.726580 -1.178939 0.776523 0.000000 0.000000 0.000000 1.000000 0.000000 0.000000
17.000000 152.018247 -2.716405 -1.177633 0.774132 0.000000 0.000000 0.000000 1.000000 0.000000 0.000000
17.000000 152.020782 -2.657576 -1.181726 0.777693 0.000000 0.000000 0.000000 1.000000 0.000000 0.000000
17.000000 152.028262 -2.700875 -1.194090 0.767806 0.000000 0.000000 0.000000 1.000000 0.000000 0.000000
17.000000 152.030630 -2.719457 -1.194398 0.762400 0.000000 0.000000 0.000000 1.000000 0.000000 0.000000
17.000000 152.038239 -2.718644 -1.194705 0.760983 0.000000 0.000000 0.000000 1.000000 0.000000 0.000000
17.000000 152.040934 -2.717165 -1.194785 0.761130 0.000000 0.000000 0.000000 1.000000 0.000000 0.000000
17.000000 152.048105 -2.730631 -1.198153 0.759468 0.000000 0.000000 0.000000 1.000000 0.000000 0.000000
17.000000 152.050741 -2.899003 -1.198525 0.718923 0.000000 0.000000 0.000000 1.000000 0.000000 0.000000
17.000000 152.058319 -2.913085 -1.204418 0.711150 0.000000 0.000000 0.000000 1.000000 0.000000 0.000000
17.000000 152.060837 -2.844646 -1.204289 0.727630 0.000000 0.000000 0.000000 1.000000 0.000000 0.000000
17.000000 152.068070 -2.862825 -1.209961 0.722126 0.000000 0.000000 0.000000 1.000000 0.000000 0.000000
17.000000 152.070683 -2.860196 -1.209477 0.724073 0.000000 0.000000 0.000000 1.000000 0.000000 0.000000
17.000000 152.078254 -2.880883 -1.215080 0.720189 0.000000 0.000000 0.000000 1.000000 0.000000 0.000000
17.000000 152.080905 -2.937181 -1.215922 0.704298 0.000000 0.000000 0.000000 1.000000 0.000000 0.000000
17.000000 152.088258 -2.914420 -1.212900 0.699504 0.000000 0.000000 0.000000 1.000000 0.000000 0.000000
17.000000 152.090728 -2.941585 -1.212817 0.693068 0.000000 0.000000 0.000000 1.000000 0.000000 0.000000
17.000000 152.098030 -2.948450 -1.216046 0.687740 0.000000 0.000000 0.000000 1.000000 0.000000 0.000000
17.000000 152.100869 -3.073406 -1.217138 0.655026 0.000000 0.000000 0.000000 1.000000 0.000000 0.000000
17.000000 152.108153 -3.081787 -1.222341 0.645692 0.000000 0.000000 0.000000 1.000000 0.000000 0.000000
17.000000 152.110806 -3.074525 -1.218902 0.656730 0.000000 0.000000 0.000000 1.000000 0.000000 0.000000
17.000000 152.118293 -3.024348 -1.209340 0.653764 0.000000 0.000000 0.000000 1.000000 0.000000 0.000000
17.000000 152.120866 -3.024481 -1.212854 0.643391 0.000000 0.000000 0.000000 1.000000 0.000000 0.000000
17.000000 152.128131 -3.102541 -1.233452 0.629913 0.000000 0.000000 0.000000 1.000000 0.000000 0.000000
17.000000 152.130680 -3.115489 -1.233175 0.627421 0.000000 0.000000 0.000000 1.000000 0.000000 0.000000
17.000000 152.138170 -3.120794 -1.236169 0.621360 0.000000 0.000000 0.000000 1.000000 0.000000 0.000000
17.000000 152.140817 -3.182418 -1.238229 0.599828 0.000000 0.000000 0.000000 1.000000 0.000000 0.000000
17.000000 152.148166 -3.176760 -1.239092 0.593804 0.000000 0.000000 0.000000 1.000000 0.000000 0.000000
17.000000 152.150786 -3.216884 -1.238038 0.586684 0.000000 0.000000 0.000000 1.000000 0.000000 0.000000
17.000000 152.158006 -3.230753 -1.245108 0.573295 0.000000 0.000000 0.000000 1.000000 0.000000 0.000000
17.000000 152.160969 -3.344439 -1.241323 0.555126 0.000000 0.000000 0.000000 1.000000 0.000000 0.000000
17.000000 152.168114 -3.330497 -1.241235 0.545156 0.000000 0.000000 0.000000 1.000000 0.000000 0.000000
17.000000 152.170788 -3.331232 -1.248505 0.522207 0.000000 0.000000 0.000000 1.000000 0.000000 0.000000
17.000000 152.178142 -3.338062 -1.252300 0.514981 0.000000 0.000000 0.000000 1.000000 0.000000 0.000000
17.000000 152.180795 -3.337252 -1.254596 0.508628 0.000000 0.000000 0.000000 1.000000 0.000000 0.000000
17.000000 152.188137 -3.318955 -1.253683 0.499823 0.000000 0.000000 0.000000 1.000000 0.000000 0.000000
17.000000 152.190801 -3.360891 -1.256216 0.481775 0.000000 0.000000 0.000000 1.000000 0.000000 0.000000
17.000000 152.198124 -3.344784 -1.256734 0.470030 0.000000 0.000000 0.000000 1.000000 0.000000 0.000000
17.000000 152.210722 -3.592914 -1.257164 0.404217 0.000000 0.000000 0.000000 1.000000 0.000000 0.000000
17.000000 152.218100 -3.600249 -1.262533 0.391831 0.000000 0.000000 0.000000 1.000000 0.000000 0.000000
17.000000 152.220754 -3.506789 -1.270692 0.391385 0.000000 0.000000 0.000000 1.000000 0.000000 0.000000
17.000000 152.228117 -3.512482 -1.275451 0.380155 0.000000 0.000000 0.000000 1.000000 0.000000 0.000000
17.000000 152.230768 -3.579600 -1.277021 0.358071 0.000000 0.000000 0.000000 1.000000 0.000000 0.000000
17.000000 152.238137 -3.562169 -1.277076 0.346886 0.000000 0.000000 0.000000 1.000000 0.000000 0.000000
17.000000 152.241045 -3.614531 -1.279466 0.326110 0.000000 0.000000 0.000000 1.000000 0.000000 0.000000
17.000000 152.248062 -3.604246 -1.281179 0.314386 0.000000 0.000000 0.000000 1.000000 0.000000 0.000000
17.000000 152.251134 -3.598667 -1.284870 0.304684 0.000000 0.000000 0.000000 1.000000 0.000000 0.000000
17.000000 152.258223 -3.559590 -1.280648 0.292512 0.000000 0.000000 0.000000 1.000000 0.000000 0.000000
17.000000 152.260805 -3.687602 -1.278133 0.265810 0.000000 0.000000 0.000000 1.000000 0.000000 0.000000
17.000000 152.268167 -3.727231 -1.292929 0.242555 0.000000 0.000000 0.000000 1.000000 0.000000 0.000000
17.000000 152.270860 -3.718662 -1.298771 0.224606 0.000000 0.000000 0.000000 1.000000 0.000000 0.000000
17.000000 152.278164 -3.684526 -1.293544 0.218599 0.000000 0.000000 0.000000 1.000000 0.000000 0.000000
17.000000 152.280879 -3.757269 -1.295523 0.192572 0.000000 0.000000 0.000000 1.000000 0.000000 0.000000
17.000000 152.288131 -3.718187 -1.292260 0.176726 0.000000 0.000000 0.000000 1.000000 0.000000 0.000000
17.000000 152.290876 -3.789833 -1.292919 0.154244 0.000000 0.000000 0.000000 1.000000 0.000000 0.000000
17.000000 152.298199 -3.849457 -1.311800 0.130775 0.000000 0.000000 0.000000 1.000000 0.000000 0.000000
17.000000 152.300891 -3.896104 -1.314826 0.106761 0.000000 0.000000 0.000000 1.000000 0.000000 0.000000
17.000000 152.308250 -3.829549 -1.306526 0.085655 0.000000 0.000000 0.000000 1.000000 0.000000 0.000000
17.000000 152.310743 -3.914143 -1.305200 0.064582 0.000000 0.000000 0.000000 1.000000 0.000000 0.000000
17.000000 152.318248 -3.941067 -1.312111 0.059395 0.000000 0.000000 0.000000 1.000000 0.000000 0.000000
17.000000 152.320805 -3.997511 -1.317826 0.022772 0.000000 0.000000 0.000000 1.000000 0.000000 0.000000
17.000000 152.328259 -4.008446 -1.325057 0.006055 0.000000 0.000000 0.000000 1.000000 0.000000 0.000000
17.000000 152.330997 -4.085247 -1.327472 -0.023134 0.000000 0.000000 0.000000 1.000000 0.000000 0.000000
17.000000 152.338298 -4.058777 -1.328992 -0.047002 0.000000 0.000000 0.000000 1.000000 0.000000 0.000000
17.000000 152.341090 -4.136481 -1.330358 -0.074828 0.000000 0.000000 0.000000 1.000000 0.000000 0.000000
17.000000 152.348146 -4.157844 -1.337923 -0.086213 0.000000 0.000000 0.000000 1.000000 0.000000 0.000000
17.000000 152.361028 -4.102015 -1.338574 -0.076587 0.000000 0.000000 0.000000 1.000000 0.000000 0.000000
17.000000 152.368113 -4.168715 -1.350371 -0.070817 0.000000 0.000000 0.000000 1.000000 0.000000 0.000000
17.000000 152.370722 -4.244208 -1.343787 -0.069293 0.000000 0.000000 0.000000 1.000000 0.000000 0.000000
17.000000 152.378128 -4.296740 -1.351098 -0.058579 0.000000 0.000000 0.000000 1.000000 0.000000 0.000000
17.000000 152.381079 -4.268473 -1.346190 -0.034146 0.000000 0.000000 0.000000 1.000000 0.000000 0.000000
17.000000 152.388182 -4.223848 -1.330733 -0.012194 0.000000 0.000000 0.000000 1.000000 0.000000 0.000000
17.000000 152.390902 -4.134419 -1.330769 0.012266 0.000000 0.000000 0.000000 1.000000 0.000000 0.000000
17.000000 152.398289 -4.184947 -1.337280 0.023935 0.000000 0.000000 0.000000 1.000000 0.000000 0.000000
17.000000 152.400874 -4.134907 -1.331314 0.057681 0.000000 0.000000 0.000000 1.000000 0.000000 0.000000
17.000000 152.408233 -4.181762 -1.335904 0.074502 0.000000 0.000000 0.000000 1.000000 0.000000 0.000000
17.000000 152.410873 -4.251656 -1.331113 0.071081 0.000000 0.000000 0.000000 1.000000 0.000000 0.000000
17.000000 152.418313 -4.308042 -1.339120 0.080764 0.000000 0.000000 0.000000 1.000000 0.000000 0.000000
17.000000 152.421031 -4.279869 -1.334391 0.102424 0.000000 0.000000 0.000000 1.000000 0.000000 0.000000
17.000000 152.428211 -4.343222 -1.345304 0.107860 0.000000 0.000000 0.000000 1.000000 0.000000 0.000000
17.000000 152.430940 -4.343404 -1.340701 0.122187 0.000000 0.000000 0.000000 1.000000 0.000000 0.000000
17.000000 152.438248 -4.442069 -1.360969 0.120706 0.000000 0.000000 0.000000 1.000000 0.000000 0.000000
17.000000 152.440939 -4.421455 -1.357128 0.138700 0.000000 0.000000 0.000000 1.000000 0.000000 0.000000
17.000000 152.448180 -4.449823 -1.360017 0.148136 0.000000 0.000000 0.000000 1.000000 0.000000 0.000000
17.000000 152.450748 -4.473742 -1.351131 0.173320 0.000000 0.000000 0.000000 1.000000 0.000000 0.000000
17.000000 152.458264 -4.523331 -1.359877 0.179216 0.000000 0.000000 0.000000 1.000000 0.000000 0.000000
17.000000 152.461149 -4.555595 -1.356038 0.184964 0.000000 0.000000 0.000000 1.000000 0.000000 0.000000
17.000000 152.468255 -4.569907 -1.357938 0.189170 0.000000 0.000000 0.000000 1.000000 0.000000 0.000000
17.000000 152.470904 -4.537197 -1.357211 0.201509 0.000000 0.000000 0.000000 1.000000 0.000000 0.000000
17.000000 152.478303 -4.507505 -1.345161 0.223850 0.000000 0.000000 0.000000 1.000000 0.000000 0.000000
17.000000 152.490909 -4.452874 -1.380818 0.256892 0.000000 0.000000 0.000000 1.000000 0.000000 0.000000
17.000000 152.498288 -4.401492 -1.367927 0.265108 0.000000 0.000000 0.000000 1.000000 0.000000 0.000000
17.000000 152.500940 -4.610321 -1.355963 0.252335 0.000000 0.000000 0.000000 1.000000 0.000000 0.000000
17.000000 152.508222 -4.623385 -1.356286 0.261592 0.000000 0.000000 0.000000 1.000000 0.000000 0.000000
17.000000 152.510857 -4.600630 -1.354770 0.273795 0.000000 0.000000 0.000000 1.000000 0.000000 0.000000
17.000000 152.518169 -4.627008 -1.356586 0.287240 0.000000 0.000000 0.000000 1.000000 0.000000 0.000000
17.000000 152.520835 -4.699270 -1.351054 0.287620 0.000000 0.000000 0.000000 1.000000 0.000000 0.000000
17.000000 152.528218 -4.740859 -1.358789 0.290490 0.000000 0.000000 0.000000 1.000000 0.000000 0.000000
17.000000 152.530851 -4.511174 -1.365433 0.328275 0.000000 0.000000 0.000000 1.000000 0.000000 0.000000
17.000000 152.538258 -4.524982 -1.365079 0.339548 0.000000 0.000000 0.000000 1.000000 0.000000 0.000000
17.000000 152.540830 -4.747427 -1.352853 0.323542 0.000000 0.000000 0.000000 1.000000 0.000000 0.000000
17.000000 152.548301 -4.762061 -1.356414 0.321453 0.000000 0.000000 0.000000 1.000000 0.000000 0.000000
17.000000 152.550906 -4.834547 -1.355275 0.305980 0.000000 0.000000 0.000000 1.000000 0.000000 0.000000
17.000000 152.558522 -4.869467 -1.359158 0.316801 0.000000 0.000000 0.000000 1.000000 0.000000 0.000000
17.000000 152.570859 -4.862362 -1.355353 0.348381 0.000000 0.000000 0.000000 1.000000 0.000000 0.000000
17.000000 152.578213 -4.914353 -1.365791 0.348892 0.000000 0.000000 0.000000 1.000000 0.000000 0.000000
17.000000 152.581052 -4.955858 -1.361411 0.353607 0.000000 0.000000 0.000000 1.000000 0.000000 0.000000
17.000000 152.588337 -5.198578 -1.413675 0.343099 0.000000 0.000000 0.000000 1.000000 0.000000 0.000000
17.000000 152.590850 -5.065767 -1.372370 0.351301 0.000000 0.000000 0.000000 1.000000 0.000000 0.000000
17.000000 152.598325 -5.264809 -1.415956 0.340092 0.000000 0.000000 0.000000 1.000000 0.000000 0.000000
17.000000 152.602345 -4.824122 -1.381436 0.402811 0.000000 0.000000 0.000000 1.000000 0.000000 0.000000
17.000000 152.608311 -4.957753 -1.409581 0.401203 0.000000 0.000000 0.000000 1.000000 0.000000 0.000000
17.000000 152.611327 -5.003608 -1.375975 0.379259 0.000000 0.000000 0.000000 1.000000 0.000000 0.000000
17.000000 152.618293 -5.151318 -1.408420 0.370834 0.000000 0.000000 0.000000 1.000000 0.000000 0.000000
17.000000 152.621356 -5.068976 -1.386327 0.374642 0.000000 0.000000 0.000000 1.000000 0.000000 0.000000
17.000000 152.628408 -5.192202 -1.412853 0.369535 0.000000 0.000000 0.000000 1.000000 0.000000 0.000000
17.000000 152.630804 -5.040029 -1.377473 0.384736 0.000000 0.000000 0.000000 1.000000 0.000000 0.000000
17.000000 152.638339 -5.096098 -1.391689 0.374495 0.000000 0.000000 0.000000 1.000000 0.000000 0.000000
17.000000 152.641146 -5.100061 -1.391460 0.374309 0.000000 0.000000 0.000000 1.000000 0.000000 0.000000
17.000000 152.648327 -5.186053 -1.410374 0.369498 0.000000 0.000000 0.000000 1.000000 0.000000 0.000000
17.000000 152.650860 -5.250185 -1.404915 0.373545 0.000000 0.000000 0.000000 1.000000 0.000000 0.000000
17.000000 152.658321 -5.259219 -1.406224 0.375840 0.000000 0.000000 0.000000 1.000000 0.000000 0.000000
17.000000 152.660996 -5.280062 -1.406141 0.370546 0.000000 0.000000 0.000000 1.000000 0.000000 0.000000
17.000000 152.668224 -5.292874 -1.408745 0.370659 0.000000 0.000000 0.000000 1.000000 0.000000 0.000000
17.000000 152.670880 -5.292052 -1.407386 0.376253 0.000000 0.000000 0.000000 1.000000 0.000000 0.000000
17.000000 152.678328 -5.261763 -1.400202 0.380035 0.000000 0.000000 0.000000 1.000000 0.000000 0.000000
17.000000 152.680980 -5.264594 -1.400361 0.378620 0.000000 0.000000 0.000000 1.000000 0.000000 0.000000
17.000000 152.688427 -5.296583 -1.407737 0.375483 0.000000 0.000000 0.000000 1.000000 0.000000 0.000000
17.000000 152.690864 -5.288237 -1.408173 0.376005 0.000000 0.000000 0.000000 1.000000 0.000000 0.000000
17.000000 152.698310 -5.346821 -1.421755 0.369977 0.000000 0.000000 0.000000 1.000000 0.000000 0.000000
17.000000 152.701259 -5.425181 -1.422421 0.347105 0.000000 0.000000 0.000000 1.000000 0.000000 0.000000
17.000000 152.708312 -5.435654 -1.425502 0.343638 0.000000 0.000000 0.000000 1.000000 0.000000 0.000000
17.000000 152.710858 -5.446650 -1.422812 0.350873 0.000000 0.000000 0.000000 1.000000 0.000000 0.000000
17.000000 152.718343 -5.478779 -1.429980 0.348579 0.000000 0.000000 0.000000 1.000000 0.000000 0.000000
17.000000 152.721078 -5.535240 -1.428792 0.338338 0.000000 0.000000 0.000000 1.000000 0.000000 0.000000
17.000000 152.728318 -5.600886 -1.446192 0.322671 0.000000 0.000000 0.000000 1.000000 0.000000 0.000000
17.000000 152.730913 -5.634171 -1.445347 0.317183 0.000000 0.000000 0.000000 1.000000 0.000000 0.000000
17.000000 152.738317 -5.567047 -1.429690 0.324838 0.000000 0.000000 0.000000 1.000000 0.000000 0.000000
17.000000 152.740979 -5.595654 -1.428269 0.322896 0.000000 0.000000 0.000000 1.000000 0.000000 0.000000
17.000000 152.748350 -5.626896 -1.435000 0.321577 0.000000 0.000000 0.000000 1.000000 0.000000 0.000000
17.000000 152.760995 -5.811534 -1.455960 0.263900 0.000000 0.000000 0.000000 1.000000 0.000000 0.000000
17.000000 152.768382 -5.762995 -1.446800 0.261765 0.000000 0.000000 0.000000 1.000000 0.000000 0.000000
17.000000 152.770932 -5.685242 -1.448080 0.277076 0.000000 0.000000 0.000000 1.000000 0.000000 0.000000
17.000000 152.778339 -5.654311 -1.442259 0.275135 0.000000 0.000000 0.000000 1.000000 0.000000 0.000000
17.000000 152.781226 -5.560162 -1.447656 0.278963 0.000000 0.000000 0.000000 1.000000 0.000000 0.000000
17.000000 152.788366 -5.554283 -1.447586 0.274631 0.000000 0.000000 0.000000 1.000000 0.000000 0.000000
17.000000 152.791105 -5.520885 -1.449335 0.276658 0.000000 0.000000 0.000000 1.000000 0.000000 0.000000
17.000000 152.798345 -5.432562 -1.430020 0.281509 0.000000 0.000000 0.000000 1.000000 0.000000 0.000000
17.000000 152.801047 -5.785670 -1.419890 0.226846 0.000000 0.000000 0.000000 1.000000 0.000000 0.000000
17.000000 152.808350 -5.977653 -1.465975 0.198263 0.000000 0.000000 0.000000 1.000000 0.000000 0.000000
17.000000 152.810940 -5.987743 -1.463585 0.205566 0.000000 0.000000 0.000000 1.000000 0.000000 0.000000
17.000000 152.818314 -5.938999 -1.454768 0.199998 0.000000 0.000000 0.000000 1.000000 0.000000 0.000000
17.000000 152.821625 -5.782353 -1.465541 0.196740 0.000000 0.000000 0.000000 1.000000 0.000000 0.000000
17.000000 152.828330 -5.667251 -1.441326 0.199786 0.000000 0.000000 0.000000 1.000000 0.000000 0.000000
17.000000 152.830934 -5.586429 -1.446092 0.202374 0.000000 0.000000 0.000000 1.000000 0.000000 0.000000
17.000000 152.838339 -5.776209 -1.491956 0.173944 0.000000 0.000000 0.000000 1.000000 0.000000 0.000000
17.000000 152.841089 -6.108610 -1.480462 0.132531 0.000000 0.000000 0.000000 1.000000 0.000000 0.000000
17.000000 152.848344 -6.071295 -1.473708 0.128583 0.000000 0.000000 0.000000 1.000000 0.000000 0.000000
17.000000 152.861062 -6.091999 -1.451120 0.086285 0.000000 0.000000 0.000000 1.000000 0.000000 0.000000
17.000000 152.868322 -6.081985 -1.450601 0.079273 0.000000 0.000000 0.000000 1.000000 0.000000 0.000000
17.000000 152.871248 -5.794282 -1.464440 0.099317 0.000000 0.000000 0.000000 1.000000 0.000000 0.000000
17.000000 152.878366 -5.902744 -1.491654 0.078164 0.000000 0.000000 0.000000 1.000000 0.000000 0.000000
17.000000 152.881064 -5.926893 -1.493706 0.063127 0.000000 0.000000 0.000000 1.000000 0.000000 0.000000
17.000000 152.888348 -5.934461 -1.498435 0.050022 0.000000 0.000000 0.000000 1.000000 0.000000 0.000000
17.000000 152.890976 -6.010482 -1.498173 0.030403 0.000000 0.000000 0.000000 1.000000 0.000000 0.000000
17.000000 152.898401 -5.954658 -1.489627 0.017899 0.000000 0.000000 0.000000 1.000000 0.000000 0.000000
17.000000 152.901322 -6.364893 -1.479853 -0.054356 0.000000 0.000000 0.000000 1.000000 0.000000 0.000000
17.000000 152.908403 -6.423118 -1.494345 -0.066290 0.000000 0.000000 0.000000 1.000000 0.000000 0.000000
17.000000 152.911726 -6.414212 -1.497657 -0.077876 0.000000 0.000000 0.000000 1.000000 0.000000 0.000000
17.000000 152.918425 -6.233442 -1.460301 -0.073256 0.000000 0.000000 0.000000 1.000000 0.000000 0.000000
17.000000 152.921077 -6.220386 -1.460070 -0.068327 0.000000 0.000000 0.000000 1.000000 0.000000 0.000000
17.000000 152.928414 -6.359511 -1.493421 -0.092108 0.000000 0.000000 0.000000 1.000000 0.000000 0.000000
17.000000 152.950987 -6.331434 -1.485208 -0.076575 0.000000 0.000000 0.000000 1.000000 0.000000 0.000000
17.000000 152.958425 -6.419340 -1.503087 -0.077918 0.000000 0.000000 0.000000 1.000000 0.000000 0.000000
17.000000 152.971046 -6.245445 -1.492456 -0.011446 0.000000 0.000000 0.000000 1.000000 0.000000 0.000000
17.000000 152.978446 -6.352246 -1.513871 -0.010990 0.000000 0.000000 0.000000 1.000000 0.000000 0.000000
17.000000 152.991000 -6.355856 -1.512897 0.017630 0.000000 0.000000 0.000000 1.000000 0.000000 0.000000
17.000000 152.998409 -6.357553 -1.510475 0.029538 0.000000 0.000000 0.000000 1.000000 0.000000 0.000000
17.000000 153.011035 -6.768386 -1.507563 0.022070 0.000000 0.000000 0.000000 1.000000 0.000000 0.000000
17.000000 153.018473 -6.803682 -1.514201 0.024416 0.000000 0.000000 0.000000 1.000000 0.000000 0.000000
17.000000 153.031026 -6.442999 -1.494013 0.091295 0.000000 0.000000 0.000000 1.000000 0.000000 0.000000
17.000000 153.038459 -6.532101 -1.514264 0.081606 0.000000 0.000000 0.000000 1.000000 0.000000 0.000000
17.000000 153.041132 -6.509077 -1.513024 0.093486 0.000000 0.000000 0.000000 1.000000 0.000000 0.000000
17.000000 153.048429 -6.603378 -1.531888 0.094582 0.000000 0.000000 0.000000 1.000000 0.000000 0.000000
17.000000 153.051165 -6.799469 -1.520828 0.092238 0.000000 0.000000 0.000000 1.000000 0.000000 0.000000
17.000000 153.058460 -6.675785 -1.491207 0.113867 0.000000 0.000000 0.000000 1.000000 0.000000 0.000000
