4.000000 46.277047 25.406036 -0.290374 0.436015 0.000000 0.000000 0.000000 1.000000 0.000000 0.000000
4.000000 46.287213 25.299264 -0.309079 0.538929 0.000000 0.000000 0.000000 1.000000 0.000000 0.000000
4.000000 46.297163 25.049121 -0.303768 0.631564 0.000000 0.000000 0.000000 1.000000 0.000000 0.000000
4.000000 46.307158 24.963530 -0.325508 0.726208 0.000000 0.000000 0.000000 1.000000 0.000000 0.000000
4.000000 46.317122 24.768763 -0.333328 0.831288 0.000000 0.000000 0.000000 1.000000 0.000000 0.000000
4.000000 46.327232 24.636289 -0.343206 0.924756 0.000000 0.000000 0.000000 1.000000 0.000000 0.000000
4.000000 46.337244 24.605434 -0.353094 0.988414 0.000000 0.000000 0.000000 1.000000 0.000000 0.000000
4.000000 46.347153 24.436941 -0.364179 1.074993 0.000000 0.000000 0.000000 1.000000 0.000000 0.000000
4.000000 46.354638 23.084715 -0.392784 1.336178 0.000000 0.000000 0.000000 1.000000 0.000000 0.000000
4.000000 46.357208 24.212325 -0.365034 1.161758 0.000000 0.000000 0.000000 1.000000 0.000000 0.000000
4.000000 46.364582 22.978403 -0.392347 1.407505 0.000000 0.000000 0.000000 1.000000 0.000000 0.000000
4.000000 46.367282 24.052544 -0.367360 1.246692 0.000000 0.000000 0.000000 1.000000 0.000000 0.000000
4.000000 46.374721 22.905540 -0.407096 1.495191 0.000000 0.000000 0.000000 1.000000 0.000000 0.000000
4.000000 46.377231 23.916372 -0.375494 1.338863 0.000000 0.000000 0.000000 1.000000 0.000000 0.000000
4.000000 46.384664 22.789065 -0.430758 1.559485 0.000000 0.000000 0.000000 1.000000 0.000000 0.000000
4.000000 46.387112 23.907117 -0.413220 1.395791 0.000000 0.000000 0.000000 1.000000 0.000000 0.000000
4.000000 46.394731 22.658593 -0.419513 1.626062 0.000000 0.000000 0.000000 1.000000 0.000000 0.000000
4.000000 46.397276 23.605887 -0.384896 1.489499 0.000000 0.000000 0.000000 1.000000 0.000000 0.000000
4.000000 46.404652 22.541930 -0.426582 1.694384 0.000000 0.000000 0.000000 1.000000 0.000000 0.000000
4.000000 46.407226 23.478530 -0.392953 1.563840 0.000000 0.000000 0.000000 1.000000 0.000000 0.000000
4.000000 46.414721 22.444325 -0.437493 1.761660 0.000000 0.000000 0.000000 1.000000 0.000000 0.000000
4.000000 46.417253 23.315575 -0.406194 1.641288 0.000000 0.000000 0.000000 1.000000 0.000000 0.000000
4.000000 46.424629 22.351814 -0.457608 1.827777 0.000000 0.000000 0.000000 1.000000 0.000000 0.000000
4.000000 46.427197 23.312141 -0.436087 1.696187 0.000000 0.000000 0.000000 1.000000 0.000000 0.000000
4.000000 46.434761 22.222036 -0.446347 1.893214 0.000000 0.000000 0.000000 1.000000 0.000000 0.000000
4.000000 46.437274 23.025120 -0.410081 1.784201 0.000000 0.000000 0.000000 1.000000 0.000000 0.000000
4.000000 46.444690 22.116957 -0.452674 1.956373 0.000000 0.000000 0.000000 1.000000 0.000000 0.000000
4.000000 46.447218 22.859927 -0.414043 1.855005 0.000000 0.000000 0.000000 1.000000 0.000000 0.000000
4.000000 46.454846 22.017114 -0.464708 2.022845 0.000000 0.000000 0.000000 1.000000 0.000000 0.000000
4.000000 46.457165 22.770323 -0.427185 1.922049 0.000000 0.000000 0.000000 1.000000 0.000000 0.000000
4.000000 46.464721 21.901427 -0.467320 2.081180 0.000000 0.000000 0.000000 1.000000 0.000000 0.000000
4.000000 46.467259 22.599160 -0.430647 1.991363 0.000000 0.000000 0.000000 1.000000 0.000000 0.000000
4.000000 46.474788 21.791885 -0.473235 2.142460 0.000000 0.000000 0.000000 1.000000 0.000000 0.000000
4.000000 46.477122 22.439140 -0.433737 2.054961 0.000000 0.000000 0.000000 1.000000 0.000000 0.000000
4.000000 46.484696 21.696211 -0.486715 2.202054 0.000000 0.000000 0.000000 1.000000 0.000000 0.000000
4.000000 46.487159 22.346650 -0.452545 2.115133 0.000000 0.000000 0.000000 1.000000 0.000000 0.000000
4.000000 46.488948 21.046902 -0.082134 2.128923 0.000000 0.000000 0.000000 1.000000 0.000000 0.000000
4.000000 46.494796 21.575855 -0.489936 2.258547 0.000000 0.000000 0.000000 1.000000 0.000000 0.000000
4.000000 46.497270 22.157262 -0.449499 2.182345 0.000000 0.000000 0.000000 1.000000 0.000000 0.000000
4.000000 46.498853 20.911549 -0.087899 2.179508 0.000000 0.000000 0.000000 1.000000 0.000000 0.000000
4.000000 46.504567 21.468601 -0.492409 2.317130 0.000000 0.000000 0.000000 1.000000 0.000000 0.000000
4.000000 46.507199 22.011026 -0.454458 2.247260 0.000000 0.000000 0.000000 1.000000 0.000000 0.000000
4.000000 46.517258 21.850619 -0.464032 2.301678 0.000000 0.000000 0.000000 1.000000 0.000000 0.000000
4.000000 46.518827 20.661328 -0.116594 2.293849 0.000000 0.000000 0.000000 1.000000 0.000000 0.000000
4.000000 46.527163 21.751456 -0.475949 2.362068 0.000000 0.000000 0.000000 1.000000 0.000000 0.000000
4.000000 46.528977 20.541063 -0.117024 2.353488 0.000000 0.000000 0.000000 1.000000 0.000000 0.000000
4.000000 46.537282 21.622253 -0.478030 2.418221 0.000000 0.000000 0.000000 1.000000 0.000000 0.000000
4.000000 46.538842 20.432181 -0.125369 2.408065 0.000000 0.000000 0.000000 1.000000 0.000000 0.000000
4.000000 46.547277 21.485794 -0.486009 2.477138 0.000000 0.000000 0.000000 1.000000 0.000000 0.000000
4.000000 46.548925 20.314003 -0.135054 2.458627 0.000000 0.000000 0.000000 1.000000 0.000000 0.000000
4.000000 46.557435 21.300121 -0.490660 2.533922 0.000000 0.000000 0.000000 1.000000 0.000000 0.000000
4.000000 46.558838 20.189488 -0.158347 2.516608 0.000000 0.000000 0.000000 1.000000 0.000000 0.000000
4.000000 46.567267 21.181864 -0.498425 2.583281 0.000000 0.000000 0.000000 1.000000 0.000000 0.000000
4.000000 46.568963 20.069231 -0.161597 2.562587 0.000000 0.000000 0.000000 1.000000 0.000000 0.000000
4.000000 46.577188 21.077374 -0.511353 2.638889 0.000000 0.000000 0.000000 1.000000 0.000000 0.000000
4.000000 46.578854 19.955984 -0.171174 2.617980 0.000000 0.000000 0.000000 1.000000 0.000000 0.000000
4.000000 46.587354 20.941235 -0.512798 2.686272 0.000000 0.000000 0.000000 1.000000 0.000000 0.000000
4.000000 46.588936 19.825614 -0.173298 2.663709 0.000000 0.000000 0.000000 1.000000 0.000000 0.000000
4.000000 46.597219 20.789793 -0.519268 2.733116 0.000000 0.000000 0.000000 1.000000 0.000000 0.000000
4.000000 46.599143 19.709624 -0.187616 2.704281 0.000000 0.000000 0.000000 1.000000 0.000000 0.000000
4.000000 46.607364 20.640254 -0.523834 2.787873 0.000000 0.000000 0.000000 1.000000 0.000000 0.000000
4.000000 46.609022 19.592303 -0.198483 2.752784 0.000000 0.000000 0.000000 1.000000 0.000000 0.000000
4.000000 46.617233 20.453240 -0.533650 2.830817 0.000000 0.000000 0.000000 1.000000 0.000000 0.000000
4.000000 46.619248 19.455498 -0.221034 2.790535 0.000000 0.000000 0.000000 1.000000 0.000000 0.000000
4.000000 46.627253 20.368204 -0.541501 2.880526 0.000000 0.000000 0.000000 1.000000 0.000000 0.000000
4.000000 46.629019 19.335946 -0.217729 2.845038 0.000000 0.000000 0.000000 1.000000 0.000000 0.000000
4.000000 46.637263 20.247876 -0.546582 2.921400 0.000000 0.000000 0.000000 1.000000 0.000000 0.000000
4.000000 46.639121 19.229280 -0.226739 2.887578 0.000000 0.000000 0.000000 1.000000 0.000000 0.000000
4.000000 46.647266 20.133407 -0.560603 2.963789 0.000000 0.000000 0.000000 1.000000 0.000000 0.000000
4.000000 46.649279 19.112093 -0.239215 2.928468 0.000000 0.000000 0.000000 1.000000 0.000000 0.000000
4.000000 46.657218 19.967332 -0.554511 3.010707 0.000000 0.000000 0.000000 1.000000 0.000000 0.000000
4.000000 46.658881 18.990078 -0.244219 2.971323 0.000000 0.000000 0.000000 1.000000 0.000000 0.000000
4.000000 46.667479 19.820039 -0.570658 3.046920 0.000000 0.000000 0.000000 1.000000 0.000000 0.000000
4.000000 46.669034 18.861134 -0.263738 3.000155 0.000000 0.000000 0.000000 1.000000 0.000000 0.000000
4.000000 46.677312 19.719220 -0.573267 3.089074 0.000000 0.000000 0.000000 1.000000 0.000000 0.000000
4.000000 46.678986 18.761343 -0.267334 3.052374 0.000000 0.000000 0.000000 1.000000 0.000000 0.000000
4.000000 46.687270 19.602347 -0.578138 3.125006 0.000000 0.000000 0.000000 1.000000 0.000000 0.000000
4.000000 46.689270 18.658384 -0.275352 3.088321 0.000000 0.000000 0.000000 1.000000 0.000000 0.000000
4.000000 46.697243 19.441353 -0.582720 3.167083 0.000000 0.000000 0.000000 1.000000 0.000000 0.000000
4.000000 46.699131 18.514883 -0.285382 3.137386 0.000000 0.000000 0.000000 1.000000 0.000000 0.000000
4.000000 46.707231 19.307356 -0.589064 3.201381 0.000000 0.000000 0.000000 1.000000 0.000000 0.000000
4.000000 46.717280 19.217294 -0.601322 3.237723 0.000000 0.000000 0.000000 1.000000 0.000000 0.000000
4.000000 46.718985 18.279143 -0.294122 3.190557 0.000000 0.000000 0.000000 1.000000 0.000000 0.000000
4.000000 46.727285 19.077606 -0.605022 3.273066 0.000000 0.000000 0.000000 1.000000 0.000000 0.000000
4.000000 46.729047 18.168402 -0.307614 3.232747 0.000000 0.000000 0.000000 1.000000 0.000000 0.000000
4.000000 46.737230 18.950486 -0.618570 3.308069 0.000000 0.000000 0.000000 1.000000 0.000000 0.000000
4.000000 46.739223 18.047379 -0.322271 3.271867 0.000000 0.000000 0.000000 1.000000 0.000000 0.000000
4.000000 46.747252 18.803036 -0.624219 3.336471 0.000000 0.000000 0.000000 1.000000 0.000000 0.000000
4.000000 46.749044 17.947885 -0.339978 3.294643 0.000000 0.000000 0.000000 1.000000 0.000000 0.000000
4.000000 46.757304 18.688923 -0.640630 3.359245 0.000000 0.000000 0.000000 1.000000 0.000000 0.000000
4.000000 46.767303 18.506417 -0.638706 3.384761 0.000000 0.000000 0.000000 1.000000 0.000000 0.000000
4.000000 46.769083 17.661174 -0.355247 3.341197 0.000000 0.000000 0.000000 1.000000 0.000000 0.000000
4.000000 46.777314 18.429586 -0.650102 3.419696 0.000000 0.000000 0.000000 1.000000 0.000000 0.000000
4.000000 46.778973 17.571881 -0.360564 3.371975 0.000000 0.000000 0.000000 1.000000 0.000000 0.000000
4.000000 46.787270 18.308548 -0.662321 3.442118 0.000000 0.000000 0.000000 1.000000 0.000000 0.000000
4.000000 46.789098 17.453052 -0.375344 3.414011 0.000000 0.000000 0.000000 1.000000 0.000000 0.000000
4.000000 46.797342 18.178149 -0.665284 3.468175 0.000000 0.000000 0.000000 1.000000 0.000000 0.000000
4.000000 46.798979 17.339463 -0.379154 3.424243 0.000000 0.000000 0.000000 1.000000 0.000000 0.000000
4.000000 46.807284 18.011547 -0.662135 3.488201 0.000000 0.000000 0.000000 1.000000 0.000000 0.000000
4.000000 46.809119 17.201637 -0.384314 3.447288 0.000000 0.000000 0.000000 1.000000 0.000000 0.000000
4.000000 46.817365 17.869430 -0.671615 3.506068 0.000000 0.000000 0.000000 1.000000 0.000000 0.000000
4.000000 46.818975 17.082077 -0.399622 3.465627 0.000000 0.000000 0.000000 1.000000 0.000000 0.000000
4.000000 46.827359 17.760439 -0.678812 3.529492 0.000000 0.000000 0.000000 1.000000 0.000000 0.000000
4.000000 46.829211 16.981927 -0.409214 3.490232 0.000000 0.000000 0.000000 1.000000 0.000000 0.000000
4.000000 46.837341 17.635545 -0.683455 3.541979 0.000000 0.000000 0.000000 1.000000 0.000000 0.000000
4.000000 46.839101 16.857064 -0.416485 3.522222 0.000000 0.000000 0.000000 1.000000 0.000000 0.000000
4.000000 46.847320 17.531797 -0.697311 3.554005 0.000000 0.000000 0.000000 1.000000 0.000000 0.000000
4.000000 46.849287 16.737492 -0.425299 3.534441 0.000000 0.000000 0.000000 1.000000 0.000000 0.000000
4.000000 46.859126 16.238501 -0.649059 3.540435 0.000000 0.000000 0.000000 1.000000 0.000000 0.000000
4.000000 46.867296 17.298132 -0.708785 3.584957 0.000000 0.000000 0.000000 1.000000 0.000000 0.000000
4.000000 46.869220 16.510726 -0.432789 3.552971 0.000000 0.000000 0.000000 1.000000 0.000000 0.000000
4.000000 46.877330 17.148535 -0.714541 3.609339 0.000000 0.000000 0.000000 1.000000 0.000000 0.000000
4.000000 46.879161 16.397054 -0.449612 3.578887 0.000000 0.000000 0.000000 1.000000 0.000000 0.000000
4.000000 46.887362 17.007280 -0.715749 3.617988 0.000000 0.000000 0.000000 1.000000 0.000000 0.000000
4.000000 46.889347 16.279217 -0.460613 3.607214 0.000000 0.000000 0.000000 1.000000 0.000000 0.000000
4.000000 46.897363 16.923197 -0.732233 3.632371 0.000000 0.000000 0.000000 1.000000 0.000000 0.000000
4.000000 46.899158 16.165280 -0.465822 3.624332 0.000000 0.000000 0.000000 1.000000 0.000000 0.000000
4.000000 46.907529 16.749714 -0.729464 3.645140 0.000000 0.000000 0.000000 1.000000 0.000000 0.000000
4.000000 46.909256 16.035739 -0.473388 3.620101 0.000000 0.000000 0.000000 1.000000 0.000000 0.000000
4.000000 46.917405 16.641739 -0.743194 3.650764 0.000000 0.000000 0.000000 1.000000 0.000000 0.000000
4.000000 46.919122 15.925507 -0.485610 3.626263 0.000000 0.000000 0.000000 1.000000 0.000000 0.000000
4.000000 46.927387 16.451253 -0.741062 3.669346 0.000000 0.000000 0.000000 1.000000 0.000000 0.000000
4.000000 46.929180 15.786251 -0.502706 3.659461 0.000000 0.000000 0.000000 1.000000 0.000000 0.000000
4.000000 46.937641 16.359350 -0.739028 3.666612 0.000000 0.000000 0.000000 1.000000 0.000000 0.000000
4.000000 46.939392 15.698501 -0.498793 3.638152 0.000000 0.000000 0.000000 1.000000 0.000000 0.000000
4.000000 46.947389 16.304562 -0.753657 3.680305 0.000000 0.000000 0.000000 1.000000 0.000000 0.000000
4.000000 46.949245 15.594742 -0.496742 3.669480 0.000000 0.000000 0.000000 1.000000 0.000000 0.000000
4.000000 46.957367 16.183196 -0.754639 3.689037 0.000000 0.000000 0.000000 1.000000 0.000000 0.000000
4.000000 46.959115 15.491228 -0.501550 3.670677 0.000000 0.000000 0.000000 1.000000 0.000000 0.000000
4.000000 46.967365 15.979982 -0.763738 3.690531 0.000000 0.000000 0.000000 1.000000 0.000000 0.000000
4.000000 46.969306 15.371476 -0.539872 3.673690 0.000000 0.000000 0.000000 1.000000 0.000000 0.000000
4.000000 46.977409 15.873935 -0.761032 3.705098 0.000000 0.000000 0.000000 1.000000 0.000000 0.000000
4.000000 46.979059 15.256562 -0.533661 3.699447 0.000000 0.000000 0.000000 1.000000 0.000000 0.000000
4.000000 46.987459 15.766244 -0.773875 3.709607 0.000000 0.000000 0.000000 1.000000 0.000000 0.000000
4.000000 46.989248 15.181310 -0.554895 3.691269 0.000000 0.000000 0.000000 1.000000 0.000000 0.000000
4.000000 46.997449 15.663567 -0.786523 3.707762 0.000000 0.000000 0.000000 1.000000 0.000000 0.000000
4.000000 46.999119 15.062566 -0.561201 3.693469 0.000000 0.000000 0.000000 1.000000 0.000000 0.000000
4.000000 47.007610 15.557417 -0.796132 3.708134 0.000000 0.000000 0.000000 1.000000 0.000000 0.000000
4.000000 47.009293 14.896684 -0.547065 3.694484 0.000000 0.000000 0.000000 1.000000 0.000000 0.000000
4.000000 47.017355 15.377221 -0.794057 3.714115 0.000000 0.000000 0.000000 1.000000 0.000000 0.000000
4.000000 47.019115 14.832489 -0.585784 3.695139 0.000000 0.000000 0.000000 1.000000 0.000000 0.000000
4.000000 47.029206 14.431215 -0.748510 3.694993 0.000000 0.000000 0.000000 1.000000 0.000000 0.000000
4.000000 47.039122 14.289980 -0.760469 3.692849 0.000000 0.000000 0.000000 1.000000 0.000000 0.000000
4.000000 47.049178 14.059491 -0.774170 3.708183 0.000000 0.000000 0.000000 1.000000 0.000000 0.000000
4.000000 47.057406 14.989593 -0.828808 3.711520 0.000000 0.000000 0.000000 1.000000 0.000000 0.000000
4.000000 47.059080 14.347087 -0.579301 3.705359 0.000000 0.000000 0.000000 1.000000 0.000000 0.000000
4.000000 47.067445 14.832257 -0.832362 3.715738 0.000000 0.000000 0.000000 1.000000 0.000000 0.000000
4.000000 47.069211 14.225424 -0.593187 3.702485 0.000000 0.000000 0.000000 1.000000 0.000000 0.000000
4.000000 47.077415 14.727482 -0.846020 3.702199 0.000000 0.000000 0.000000 1.000000 0.000000 0.000000
4.000000 47.079323 14.173735 -0.627712 3.688365 0.000000 0.000000 0.000000 1.000000 0.000000 0.000000
4.000000 47.087433 14.627530 -0.847491 3.699364 0.000000 0.000000 0.000000 1.000000 0.000000 0.000000
4.000000 47.089203 14.087983 -0.633628 3.692925 0.000000 0.000000 0.000000 1.000000 0.000000 0.000000
4.000000 47.097438 14.519628 -0.852639 3.698445 0.000000 0.000000 0.000000 1.000000 0.000000 0.000000
4.000000 47.099066 13.917668 -0.616456 3.717000 0.000000 0.000000 0.000000 1.000000 0.000000 0.000000
4.000000 47.107498 14.382573 -0.859686 3.693198 0.000000 0.000000 0.000000 1.000000 0.000000 0.000000
4.000000 47.109267 13.813495 -0.630646 3.690953 0.000000 0.000000 0.000000 1.000000 0.000000 0.000000
4.000000 47.117649 14.247666 -0.866307 3.692278 0.000000 0.000000 0.000000 1.000000 0.000000 0.000000
4.000000 47.119132 13.741383 -0.660772 3.688787 0.000000 0.000000 0.000000 1.000000 0.000000 0.000000
4.000000 47.127452 14.163325 -0.869458 3.682398 0.000000 0.000000 0.000000 1.000000 0.000000 0.000000
4.000000 47.129259 13.643912 -0.657888 3.679669 0.000000 0.000000 0.000000 1.000000 0.000000 0.000000
4.000000 47.137632 14.027684 -0.868946 3.678014 0.000000 0.000000 0.000000 1.000000 0.000000 0.000000
4.000000 47.139133 13.473927 -0.645102 3.691596 0.000000 0.000000 0.000000 1.000000 0.000000 0.000000
4.000000 47.147524 13.924301 -0.869646 3.664689 0.000000 0.000000 0.000000 1.000000 0.000000 0.000000
4.000000 47.149266 13.375361 -0.645659 3.671799 0.000000 0.000000 0.000000 1.000000 0.000000 0.000000
4.000000 47.157682 13.800823 -0.881506 3.652450 0.000000 0.000000 0.000000 1.000000 0.000000 0.000000
4.000000 47.159151 13.263918 -0.658177 3.644459 0.000000 0.000000 0.000000 1.000000 0.000000 0.000000
4.000000 47.167495 13.721697 -0.894774 3.641430 0.000000 0.000000 0.000000 1.000000 0.000000 0.000000
4.000000 47.169271 13.147363 -0.660015 3.666529 0.000000 0.000000 0.000000 1.000000 0.000000 0.000000
4.000000 47.177628 13.600331 -0.895495 3.622940 0.000000 0.000000 0.000000 1.000000 0.000000 0.000000
4.000000 47.179145 13.064825 -0.671996 3.626868 0.000000 0.000000 0.000000 1.000000 0.000000 0.000000
4.000000 47.187517 13.505615 -0.910149 3.602577 0.000000 0.000000 0.000000 1.000000 0.000000 0.000000
4.000000 47.189260 12.961473 -0.681950 3.609341 0.000000 0.000000 0.000000 1.000000 0.000000 0.000000
4.000000 47.197477 13.353919 -0.896815 3.593475 0.000000 0.000000 0.000000 1.000000 0.000000 0.000000
4.000000 47.199207 12.838958 -0.677184 3.586684 0.000000 0.000000 0.000000 1.000000 0.000000 0.000000
4.000000 47.207540 13.260512 -0.906104 3.567945 0.000000 0.000000 0.000000 1.000000 0.000000 0.000000
4.000000 47.209285 12.738606 -0.683722 3.573615 0.000000 0.000000 0.000000 1.000000 0.000000 0.000000
4.000000 47.217606 13.102721 -0.902038 3.553188 0.000000 0.000000 0.000000 1.000000 0.000000 0.000000
4.000000 47.219104 12.657492 -0.710681 3.557407 0.000000 0.000000 0.000000 1.000000 0.000000 0.000000
4.000000 47.227707 13.014411 -0.917563 3.531761 0.000000 0.000000 0.000000 1.000000 0.000000 0.000000
4.000000 47.229300 12.533835 -0.710414 3.541947 0.000000 0.000000 0.000000 1.000000 0.000000 0.000000
4.000000 47.237823 12.933813 -0.936291 3.503478 0.000000 0.000000 0.000000 1.000000 0.000000 0.000000
4.000000 47.239510 12.410640 -0.710108 3.521850 0.000000 0.000000 0.000000 1.000000 0.000000 0.000000
4.000000 47.247665 12.783073 -0.925241 3.483743 0.000000 0.000000 0.000000 1.000000 0.000000 0.000000
4.000000 47.249287 12.287352 -0.710020 3.498248 0.000000 0.000000 0.000000 1.000000 0.000000 0.000000
4.000000 47.257613 12.697099 -0.940559 3.464705 0.000000 0.000000 0.000000 1.000000 0.000000 0.000000
4.000000 47.259215 12.174642 -0.712332 3.483167 0.000000 0.000000 0.000000 1.000000 0.000000 0.000000
4.000000 47.267522 12.559556 -0.939130 3.443965 0.000000 0.000000 0.000000 1.000000 0.000000 0.000000
4.000000 47.269385 12.077585 -0.730093 3.482963 0.000000 0.000000 0.000000 1.000000 0.000000 0.000000
4.000000 47.277483 12.488959 -0.949913 3.413470 0.000000 0.000000 0.000000 1.000000 0.000000 0.000000
4.000000 47.279485 11.996693 -0.736266 3.458111 0.000000 0.000000 0.000000 1.000000 0.000000 0.000000
4.000000 47.287523 12.345268 -0.952838 3.393154 0.000000 0.000000 0.000000 1.000000 0.000000 0.000000
4.000000 47.289548 11.867240 -0.742454 3.433526 0.000000 0.000000 0.000000 1.000000 0.000000 0.000000
4.000000 47.297644 12.248175 -0.953851 3.361915 0.000000 0.000000 0.000000 1.000000 0.000000 0.000000
4.000000 47.299207 11.773717 -0.743260 3.398070 0.000000 0.000000 0.000000 1.000000 0.000000 0.000000
4.000000 47.307640 12.113630 -0.962143 3.327448 0.000000 0.000000 0.000000 1.000000 0.000000 0.000000
4.000000 47.309370 11.647180 -0.755477 3.372451 0.000000 0.000000 0.000000 1.000000 0.000000 0.000000
4.000000 47.317758 12.042865 -0.970159 3.305923 0.000000 0.000000 0.000000 1.000000 0.000000 0.000000
4.000000 47.319681 11.550384 -0.750468 3.356475 0.000000 0.000000 0.000000 1.000000 0.000000 0.000000
4.000000 47.327482 11.920589 -0.977806 3.276650 0.000000 0.000000 0.000000 1.000000 0.000000 0.000000
4.000000 47.329532 11.397331 -0.738351 3.308621 0.000000 0.000000 0.000000 1.000000 0.000000 0.000000
4.000000 47.337814 11.841110 -0.995222 3.244045 0.000000 0.000000 0.000000 1.000000 0.000000 0.000000
4.000000 47.339204 11.297101 -0.744590 3.279276 0.000000 0.000000 0.000000 1.000000 0.000000 0.000000
4.000000 47.347555 11.676830 -0.979611 3.217210 0.000000 0.000000 0.000000 1.000000 0.000000 0.000000
4.000000 47.349497 11.229920 -0.769246 3.238378 0.000000 0.000000 0.000000 1.000000 0.000000 0.000000
4.000000 47.357682 11.588186 -0.986885 3.182784 0.000000 0.000000 0.000000 1.000000 0.000000 0.000000
4.000000 47.359484 11.122519 -0.767579 3.207350 0.000000 0.000000 0.000000 1.000000 0.000000 0.000000
4.000000 47.367540 11.495990 -1.003066 3.148930 0.000000 0.000000 0.000000 1.000000 0.000000 0.000000
4.000000 47.369257 11.022907 -0.780383 3.181952 0.000000 0.000000 0.000000 1.000000 0.000000 0.000000
4.000000 47.377693 11.384007 -1.002601 3.114296 0.000000 0.000000 0.000000 1.000000 0.000000 0.000000
4.000000 47.379249 10.938049 -0.791498 3.149203 0.000000 0.000000 0.000000 1.000000 0.000000 0.000000
4.000000 47.387573 11.263076 -1.002923 3.079584 0.000000 0.000000 0.000000 1.000000 0.000000 0.000000
4.000000 47.389263 10.825629 -0.793963 3.117299 0.000000 0.000000 0.000000 1.000000 0.000000 0.000000
4.000000 47.397686 11.173046 -1.019302 3.040387 0.000000 0.000000 0.000000 1.000000 0.000000 0.000000
4.000000 47.399210 10.708464 -0.795169 3.073276 0.000000 0.000000 0.000000 1.000000 0.000000 0.000000
4.000000 47.407545 11.024950 -1.017670 3.008390 0.000000 0.000000 0.000000 1.000000 0.000000 0.000000
4.000000 47.409332 10.618786 -0.821457 3.047170 0.000000 0.000000 0.000000 1.000000 0.000000 0.000000
4.000000 47.417662 10.906702 -1.020530 2.966791 0.000000 0.000000 0.000000 1.000000 0.000000 0.000000
4.000000 47.419191 10.487350 -0.815341 2.999286 0.000000 0.000000 0.000000 1.000000 0.000000 0.000000
4.000000 47.427554 10.832764 -1.028988 2.930123 0.000000 0.000000 0.000000 1.000000 0.000000 0.000000
4.000000 47.429286 10.324039 -0.780534 2.982432 0.000000 0.000000 0.000000 1.000000 0.000000 0.000000
4.000000 47.437688 10.739860 -1.030925 2.892400 0.000000 0.000000 0.000000 1.000000 0.000000 0.000000
4.000000 47.439416 10.233649 -0.782151 2.948377 0.000000 0.000000 0.000000 1.000000 0.000000 0.000000
4.000000 47.447569 10.632195 -1.036670 2.848596 0.000000 0.000000 0.000000 1.000000 0.000000 0.000000
4.000000 47.449374 10.246892 -0.844954 2.890108 0.000000 0.000000 0.000000 1.000000 0.000000 0.000000
4.000000 47.457742 10.536109 -1.048462 2.804058 0.000000 0.000000 0.000000 1.000000 0.000000 0.000000
4.000000 47.459233 10.097327 -0.828428 2.847022 0.000000 0.000000 0.000000 1.000000 0.000000 0.000000
4.000000 47.467686 10.427966 -1.047462 2.764259 0.000000 0.000000 0.000000 1.000000 0.000000 0.000000
4.000000 47.469310 10.005681 -0.833760 2.807788 0.000000 0.000000 0.000000 1.000000 0.000000 0.000000
4.000000 47.477638 10.352259 -1.063983 2.717143 0.000000 0.000000 0.000000 1.000000 0.000000 0.000000
4.000000 47.479304 9.906253 -0.839586 2.773696 0.000000 0.000000 0.000000 1.000000 0.000000 0.000000
4.000000 47.487613 10.225897 -1.072231 2.674030 0.000000 0.000000 0.000000 1.000000 0.000000 0.000000
4.000000 47.489290 9.797331 -0.854590 2.734685 0.000000 0.000000 0.000000 1.000000 0.000000 0.000000
4.000000 47.497702 10.116536 -1.072047 2.627679 0.000000 0.000000 0.000000 1.000000 0.000000 0.000000
4.000000 47.499263 9.695426 -0.855646 2.686143 0.000000 0.000000 0.000000 1.000000 0.000000 0.000000
4.000000 47.507608 10.019469 -1.082281 2.582302 0.000000 0.000000 0.000000 1.000000 0.000000 0.000000
4.000000 47.509313 9.588536 -0.858009 2.636449 0.000000 0.000000 0.000000 1.000000 0.000000 0.000000
4.000000 47.517663 9.873264 -1.083434 2.538038 0.000000 0.000000 0.000000 1.000000 0.000000 0.000000
4.000000 47.519214 9.459544 -0.866301 2.591875 0.000000 0.000000 0.000000 1.000000 0.000000 0.000000
4.000000 47.527616 9.791903 -1.085194 2.491500 0.000000 0.000000 0.000000 1.000000 0.000000 0.000000
4.000000 47.529742 9.381281 -0.868940 2.553650 0.000000 0.000000 0.000000 1.000000 0.000000 0.000000
4.000000 47.537726 9.712573 -1.101640 2.436158 0.000000 0.000000 0.000000 1.000000 0.000000 0.000000
4.000000 47.539325 9.285733 -0.876512 2.503399 0.000000 0.000000 0.000000 1.000000 0.000000 0.000000
4.000000 47.547808 9.613535 -1.103848 2.383340 0.000000 0.000000 0.000000 1.000000 0.000000 0.000000
4.000000 47.549275 9.191475 -0.879436 2.451298 0.000000 0.000000 0.000000 1.000000 0.000000 0.000000
4.000000 47.557742 9.492928 -1.102870 2.338212 0.000000 0.000000 0.000000 1.000000 0.000000 0.000000
4.000000 47.559272 9.110842 -0.899169 2.404700 0.000000 0.000000 0.000000 1.000000 0.000000 0.000000
4.000000 47.567856 9.344660 -1.100982 2.291190 0.000000 0.000000 0.000000 1.000000 0.000000 0.000000
4.000000 47.569324 8.943475 -0.885968 2.356908 0.000000 0.000000 0.000000 1.000000 0.000000 0.000000
4.000000 47.577934 9.273748 -1.108443 2.240025 0.000000 0.000000 0.000000 1.000000 0.000000 0.000000
4.000000 47.579320 8.870267 -0.888489 2.304298 0.000000 0.000000 0.000000 1.000000 0.000000 0.000000
4.000000 47.587887 9.176179 -1.116887 2.187729 0.000000 0.000000 0.000000 1.000000 0.000000 0.000000
4.000000 47.589349 8.758745 -0.888287 2.258070 0.000000 0.000000 0.000000 1.000000 0.000000 0.000000
4.000000 47.597898 9.077324 -1.119177 2.132444 0.000000 0.000000 0.000000 1.000000 0.000000 0.000000
4.000000 47.599304 8.699866 -0.908476 2.186198 0.000000 0.000000 0.000000 1.000000 0.000000 0.000000
4.000000 47.607655 8.952669 -1.122698 2.078524 0.000000 0.000000 0.000000 1.000000 0.000000 0.000000
4.000000 47.609298 8.573564 -0.912447 2.143763 0.000000 0.000000 0.000000 1.000000 0.000000 0.000000
4.000000 47.617795 8.862106 -1.129683 2.014663 0.000000 0.000000 0.000000 1.000000 0.000000 0.000000
4.000000 47.619292 8.480042 -0.918910 2.085575 0.000000 0.000000 0.000000 1.000000 0.000000 0.000000
4.000000 47.627711 8.782598 -1.134421 1.964632 0.000000 0.000000 0.000000 1.000000 0.000000 0.000000
4.000000 47.629355 8.380142 -0.907971 2.041108 0.000000 0.000000 0.000000 1.000000 0.000000 0.000000
4.000000 47.637812 8.678538 -1.139715 1.903808 0.000000 0.000000 0.000000 1.000000 0.000000 0.000000
4.000000 47.639308 8.232399 -0.887717 1.992208 0.000000 0.000000 0.000000 1.000000 0.000000 0.000000
4.000000 47.647674 8.560813 -1.140700 1.851467 0.000000 0.000000 0.000000 1.000000 0.000000 0.000000
4.000000 47.649364 8.191614 -0.931034 1.922832 0.000000 0.000000 0.000000 1.000000 0.000000 0.000000
4.000000 47.657816 8.478213 -1.151945 1.780309 0.000000 0.000000 0.000000 1.000000 0.000000 0.000000
4.000000 47.659354 8.094270 -0.934106 1.853544 0.000000 0.000000 0.000000 1.000000 0.000000 0.000000
4.000000 47.667868 8.385359 -1.154299 1.724518 0.000000 0.000000 0.000000 1.000000 0.000000 0.000000
4.000000 47.669362 7.972197 -0.911651 1.813757 0.000000 0.000000 0.000000 1.000000 0.000000 0.000000
4.000000 47.677881 8.291788 -1.158713 1.675735 0.000000 0.000000 0.000000 1.000000 0.000000 0.000000
4.000000 47.679713 7.898944 -0.926688 1.753604 0.000000 0.000000 0.000000 1.000000 0.000000 0.000000
4.000000 47.687915 8.192961 -1.163624 1.619681 0.000000 0.000000 0.000000 1.000000 0.000000 0.000000
4.000000 47.689778 7.811700 -0.935533 1.696940 0.000000 0.000000 0.000000 1.000000 0.000000 0.000000
4.000000 47.697812 8.099894 -1.168853 1.551828 0.000000 0.000000 0.000000 1.000000 0.000000 0.000000
4.000000 47.699315 7.730134 -0.946674 1.630933 0.000000 0.000000 0.000000 1.000000 0.000000 0.000000
4.000000 47.707781 7.976083 -1.170300 1.493469 0.000000 0.000000 0.000000 1.000000 0.000000 0.000000
4.000000 47.709372 7.617080 -0.948258 1.558767 0.000000 0.000000 0.000000 1.000000 0.000000 0.000000
4.000000 47.717865 7.873683 -1.170657 1.433298 0.000000 0.000000 0.000000 1.000000 0.000000 0.000000
4.000000 47.719340 7.525436 -0.957254 1.509904 0.000000 0.000000 0.000000 1.000000 0.000000 0.000000
4.000000 47.727745 7.817681 -1.185079 1.354193 0.000000 0.000000 0.000000 1.000000 0.000000 0.000000
4.000000 47.729448 7.430259 -0.948298 1.439361 0.000000 0.000000 0.000000 1.000000 0.000000 0.000000
4.000000 47.737856 7.707197 -1.186870 1.293374 0.000000 0.000000 0.000000 1.000000 0.000000 0.000000
4.000000 47.739624 7.328570 -0.953434 1.380681 0.000000 0.000000 0.000000 1.000000 0.000000 0.000000
4.000000 47.747877 7.599464 -1.189321 1.235537 0.000000 0.000000 0.000000 1.000000 0.000000 0.000000
4.000000 47.749390 7.259170 -0.977752 1.316825 0.000000 0.000000 0.000000 1.000000 0.000000 0.000000
4.000000 47.757788 7.490427 -1.195257 1.168605 0.000000 0.000000 0.000000 1.000000 0.000000 0.000000
4.000000 47.759349 7.129501 -0.970610 1.255932 0.000000 0.000000 0.000000 1.000000 0.000000 0.000000
4.000000 47.767820 7.402052 -1.192672 1.101541 0.000000 0.000000 0.000000 1.000000 0.000000 0.000000
4.000000 47.769688 7.051400 -0.969400 1.187706 0.000000 0.000000 0.000000 1.000000 0.000000 0.000000
4.000000 47.777904 7.321533 -1.204913 1.027467 0.000000 0.000000 0.000000 1.000000 0.000000 0.000000
4.000000 47.779468 6.953765 -0.970358 1.123481 0.000000 0.000000 0.000000 1.000000 0.000000 0.000000
4.000000 47.787832 7.213027 -1.206025 0.962964 0.000000 0.000000 0.000000 1.000000 0.000000 0.000000
4.000000 47.789661 6.861847 -0.981304 1.055786 0.000000 0.000000 0.000000 1.000000 0.000000 0.000000
4.000000 47.797849 7.119237 -1.209466 0.893228 0.000000 0.000000 0.000000 1.000000 0.000000 0.000000
4.000000 47.799383 6.780490 -0.988037 0.978796 0.000000 0.000000 0.000000 1.000000 0.000000 0.000000
4.000000 47.807733 7.023134 -1.217269 0.817359 0.000000 0.000000 0.000000 1.000000 0.000000 0.000000
4.000000 47.809460 6.673575 -0.988806 0.908582 0.000000 0.000000 0.000000 1.000000 0.000000 0.000000
4.000000 47.817870 6.949734 -1.221768 0.747392 0.000000 0.000000 0.000000 1.000000 0.000000 0.000000
4.000000 47.819389 6.611492 -0.995897 0.833559 0.000000 0.000000 0.000000 1.000000 0.000000 0.000000
4.000000 47.827721 6.852215 -1.227161 0.674684 0.000000 0.000000 0.000000 1.000000 0.000000 0.000000
4.000000 47.829444 6.499558 -0.993224 0.772006 0.000000 0.000000 0.000000 1.000000 0.000000 0.000000
4.000000 47.837827 6.745905 -1.228131 0.607210 0.000000 0.000000 0.000000 1.000000 0.000000 0.000000
4.000000 47.839372 6.456533 -1.031161 0.686385 0.000000 0.000000 0.000000 1.000000 0.000000 0.000000
4.000000 47.847774 6.659951 -1.235410 0.531372 0.000000 0.000000 0.000000 1.000000 0.000000 0.000000
4.000000 47.849437 6.266506 -0.962671 0.633139 0.000000 0.000000 0.000000 1.000000 0.000000 0.000000
4.000000 47.857899 6.547744 -1.234950 0.462939 0.000000 0.000000 0.000000 1.000000 0.000000 0.000000
4.000000 47.859369 6.226469 -1.008126 0.542207 0.000000 0.000000 0.000000 1.000000 0.000000 0.000000
4.000000 47.867743 6.474476 -1.245223 0.381705 0.000000 0.000000 0.000000 1.000000 0.000000 0.000000
4.000000 47.869450 6.138848 -1.009761 0.473400 0.000000 0.000000 0.000000 1.000000 0.000000 0.000000
4.000000 47.877868 6.382784 -1.247007 0.306985 0.000000 0.000000 0.000000 1.000000 0.000000 0.000000
4.000000 47.879413 6.051324 -1.013594 0.401003 0.000000 0.000000 0.000000 1.000000 0.000000 0.000000
4.000000 47.887845 6.292875 -1.252641 0.230303 0.000000 0.000000 0.000000 1.000000 0.000000 0.000000
4.000000 47.889431 5.962952 -1.016696 0.323353 0.000000 0.000000 0.000000 1.000000 0.000000 0.000000
4.000000 47.897849 6.194958 -1.255224 0.153613 0.000000 0.000000 0.000000 1.000000 0.000000 0.000000
4.000000 47.907766 6.084318 -1.257246 0.078225 0.000000 0.000000 0.000000 1.000000 0.000000 0.000000
4.000000 47.909591 5.783511 -1.040034 0.163486 0.000000 0.000000 0.000000 1.000000 0.000000 0.000000
4.000000 47.917974 6.038134 -1.265036 0.028161 0.000000 0.000000 0.000000 1.000000 0.000000 0.000000
4.000000 47.919520 5.708532 -1.027383 0.155022 0.000000 0.000000 0.000000 1.000000 0.000000 0.000000
4.000000 47.927942 5.993944 -1.270043 0.090261 0.000000 0.000000 0.000000 1.000000 0.000000 0.000000
4.000000 47.929793 5.668202 -1.031631 0.211239 0.000000 0.000000 0.000000 1.000000 0.000000 0.000000
4.000000 47.937928 5.954923 -1.278418 0.149951 0.000000 0.000000 0.000000 1.000000 0.000000 0.000000
4.000000 47.939662 5.620731 -1.035217 0.276741 0.000000 0.000000 0.000000 1.000000 0.000000 0.000000
4.000000 47.947789 5.903204 -1.278467 0.210904 0.000000 0.000000 0.000000 1.000000 0.000000 0.000000
4.000000 47.949496 5.581003 -1.047192 0.342540 0.000000 0.000000 0.000000 1.000000 0.000000 0.000000
4.000000 47.958031 5.847331 -1.286108 0.269016 0.000000 0.000000 0.000000 1.000000 0.000000 0.000000
4.000000 47.959637 5.545523 -1.062969 0.379093 0.000000 0.000000 0.000000 1.000000 0.000000 0.000000
4.000000 47.967858 5.817918 -1.290923 0.321177 0.000000 0.000000 0.000000 1.000000 0.000000 0.000000
4.000000 47.969510 5.491540 -1.053552 0.447799 0.000000 0.000000 0.000000 1.000000 0.000000 0.000000
4.000000 47.977972 5.784248 -1.296749 0.378022 0.000000 0.000000 0.000000 1.000000 0.000000 0.000000
4.000000 47.979486 5.456089 -1.056273 0.507370 0.000000 0.000000 0.000000 1.000000 0.000000 0.000000
4.000000 47.987909 5.740449 -1.298581 0.435121 0.000000 0.000000 0.000000 1.000000 0.000000 0.000000
4.000000 47.989517 5.461879 -1.093844 0.546584 0.000000 0.000000 0.000000 1.000000 0.000000 0.000000
4.000000 47.997896 5.712712 -1.308595 0.483440 0.000000 0.000000 0.000000 1.000000 0.000000 0.000000
4.000000 47.999537 5.395676 -1.074914 0.609915 0.000000 0.000000 0.000000 1.000000 0.000000 0.000000
4.000000 48.007870 5.661890 -1.316131 0.538064 0.000000 0.000000 0.000000 1.000000 0.000000 0.000000
4.000000 48.009719 5.338253 -1.075393 0.662310 0.000000 0.000000 0.000000 1.000000 0.000000 0.000000
4.000000 48.017975 5.620523 -1.316439 0.587024 0.000000 0.000000 0.000000 1.000000 0.000000 0.000000
4.000000 48.019679 5.341299 -1.113561 0.703264 0.000000 0.000000 0.000000 1.000000 0.000000 0.000000
4.000000 48.027821 5.604496 -1.330983 0.632525 0.000000 0.000000 0.000000 1.000000 0.000000 0.000000
4.000000 48.029566 5.313672 -1.118174 0.755004 0.000000 0.000000 0.000000 1.000000 0.000000 0.000000
4.000000 48.037984 5.533347 -1.326481 0.691500 0.000000 0.000000 0.000000 1.000000 0.000000 0.000000
4.000000 48.039489 5.255130 -1.123343 0.813926 0.000000 0.000000 0.000000 1.000000 0.000000 0.000000
4.000000 48.047842 5.498612 -1.333799 0.736106 0.000000 0.000000 0.000000 1.000000 0.000000 0.000000
4.000000 48.049592 5.190099 -1.101414 0.859299 0.000000 0.000000 0.000000 1.000000 0.000000 0.000000
4.000000 48.058007 5.453907 -1.343088 0.781368 0.000000 0.000000 0.000000 1.000000 0.000000 0.000000
4.000000 48.059502 5.113096 -1.092137 0.925454 0.000000 0.000000 0.000000 1.000000 0.000000 0.000000
4.000000 48.067909 5.428706 -1.347231 0.826218 0.000000 0.000000 0.000000 1.000000 0.000000 0.000000
4.000000 48.069600 5.160133 -1.151317 0.950340 0.000000 0.000000 0.000000 1.000000 0.000000 0.000000
4.000000 48.078000 5.377283 -1.347238 0.871478 0.000000 0.000000 0.000000 1.000000 0.000000 0.000000
4.000000 48.079536 5.117426 -1.155576 0.991791 0.000000 0.000000 0.000000 1.000000 0.000000 0.000000
4.000000 48.087876 5.332643 -1.353390 0.916996 0.000000 0.000000 0.000000 1.000000 0.000000 0.000000
4.000000 48.089587 5.018001 -1.116548 1.049307 0.000000 0.000000 0.000000 1.000000 0.000000 0.000000
4.000000 48.098112 5.297244 -1.361409 0.958183 0.000000 0.000000 0.000000 1.000000 0.000000 0.000000
4.000000 48.099588 4.986618 -1.122565 1.080332 0.000000 0.000000 0.000000 1.000000 0.000000 0.000000
4.000000 48.108155 5.256472 -1.368234 0.996160 0.000000 0.000000 0.000000 1.000000 0.000000 0.000000
4.000000 48.109605 4.931849 -1.121514 1.126877 0.000000 0.000000 0.000000 1.000000 0.000000 0.000000
4.000000 48.118017 5.213555 -1.365242 1.042663 0.000000 0.000000 0.000000 1.000000 0.000000 0.000000
4.000000 48.119545 4.948053 -1.165707 1.165547 0.000000 0.000000 0.000000 1.000000 0.000000 0.000000
4.000000 48.127975 5.175424 -1.374244 1.077634 0.000000 0.000000 0.000000 1.000000 0.000000 0.000000
4.000000 48.129623 4.904399 -1.169277 1.201471 0.000000 0.000000 0.000000 1.000000 0.000000 0.000000
4.000000 48.138116 5.138856 -1.376056 1.115196 0.000000 0.000000 0.000000 1.000000 0.000000 0.000000
4.000000 48.139572 4.869756 -1.173067 1.241110 0.000000 0.000000 0.000000 1.000000 0.000000 0.000000
4.000000 48.147884 5.080898 -1.382085 1.153383 0.000000 0.000000 0.000000 1.000000 0.000000 0.000000
4.000000 48.149612 4.773269 -1.144786 1.284720 0.000000 0.000000 0.000000 1.000000 0.000000 0.000000
4.000000 48.158041 5.047834 -1.381879 1.186059 0.000000 0.000000 0.000000 1.000000 0.000000 0.000000
4.000000 48.159653 4.741541 -1.147442 1.317439 0.000000 0.000000 0.000000 1.000000 0.000000 0.000000
4.000000 48.167886 5.018860 -1.395076 1.216550 0.000000 0.000000 0.000000 1.000000 0.000000 0.000000
4.000000 48.169706 4.751232 -1.193625 1.345125 0.000000 0.000000 0.000000 1.000000 0.000000 0.000000
4.000000 48.178044 4.976635 -1.396678 1.254230 0.000000 0.000000 0.000000 1.000000 0.000000 0.000000
4.000000 48.179533 4.693014 -1.180639 1.388833 0.000000 0.000000 0.000000 1.000000 0.000000 0.000000
4.000000 48.187964 4.923758 -1.402782 1.290986 0.000000 0.000000 0.000000 1.000000 0.000000 0.000000
4.000000 48.189584 4.625260 -1.170904 1.427057 0.000000 0.000000 0.000000 1.000000 0.000000 0.000000
4.000000 48.198053 4.885331 -1.405617 1.323787 0.000000 0.000000 0.000000 1.000000 0.000000 0.000000
4.000000 48.199594 4.575068 -1.161928 1.457718 0.000000 0.000000 0.000000 1.000000 0.000000 0.000000
4.000000 48.207939 4.867255 -1.412514 1.346593 0.000000 0.000000 0.000000 1.000000 0.000000 0.000000
4.000000 48.209636 4.550344 -1.166922 1.494112 0.000000 0.000000 0.000000 1.000000 0.000000 0.000000
4.000000 48.218011 4.848706 -1.421430 1.359170 0.000000 0.000000 0.000000 1.000000 0.000000 0.000000
4.000000 48.219601 4.516680 -1.167679 1.511415 0.000000 0.000000 0.000000 1.000000 0.000000 0.000000
4.000000 48.229618 4.118199 -1.320132 1.534727 0.000000 0.000000 0.000000 1.000000 0.000000 0.000000
4.000000 48.239570 4.070296 -1.329955 1.567929 0.000000 0.000000 0.000000 1.000000 0.000000 0.000000
4.000000 48.249633 4.035779 -1.319672 1.579369 0.000000 0.000000 0.000000 1.000000 0.000000 0.000000
4.000000 48.259607 3.962057 -1.328822 1.616925 0.000000 0.000000 0.000000 1.000000 0.000000 0.000000
4.000000 48.269694 3.937597 -1.340151 1.642999 0.000000 0.000000 0.000000 1.000000 0.000000 0.000000
4.000000 48.279617 3.876908 -1.350405 1.666000 0.000000 0.000000 0.000000 1.000000 0.000000 0.000000
4.000000 48.290131 3.853390 -1.350755 1.687961 0.000000 0.000000 0.000000 1.000000 0.000000 0.000000
4.000000 48.299659 3.765294 -1.343095 1.712429 0.000000 0.000000 0.000000 1.000000 0.000000 0.000000
4.000000 48.309665 3.731337 -1.349227 1.733772 0.000000 0.000000 0.000000 1.000000 0.000000 0.000000
4.000000 48.319582 3.736361 -1.363961 1.746527 0.000000 0.000000 0.000000 1.000000 0.000000 0.000000
4.000000 48.329614 3.698414 -1.366519 1.766256 0.000000 0.000000 0.000000 1.000000 0.000000 0.000000
4.000000 48.339585 3.650942 -1.374327 1.786918 0.000000 0.000000 0.000000 1.000000 0.000000 0.000000
4.000000 48.349718 3.587058 -1.374813 1.804839 0.000000 0.000000 0.000000 1.000000 0.000000 0.000000
4.000000 48.359599 3.576700 -1.368922 1.798308 0.000000 0.000000 0.000000 1.000000 0.000000 0.000000
4.000000 48.369948 3.485183 -1.380094 1.838046 0.000000 0.000000 0.000000 1.000000 0.000000 0.000000
4.000000 48.379871 3.493472 -1.388241 1.842455 0.000000 0.000000 0.000000 1.000000 0.000000 0.000000
4.000000 48.389679 3.443440 -1.393675 1.855993 0.000000 0.000000 0.000000 1.000000 0.000000 0.000000
4.000000 48.399637 3.418123 -1.396087 1.856413 0.000000 0.000000 0.000000 1.000000 0.000000 0.000000
4.000000 48.409701 3.368024 -1.397997 1.865314 0.000000 0.000000 0.000000 1.000000 0.000000 0.000000
4.000000 48.419893 3.330777 -1.405034 1.885372 0.000000 0.000000 0.000000 1.000000 0.000000 0.000000
4.000000 48.429718 3.285253 -1.410274 1.892583 0.000000 0.000000 0.000000 1.000000 0.000000 0.000000
4.000000 48.439660 3.236953 -1.415135 1.903604 0.000000 0.000000 0.000000 1.000000 0.000000 0.000000
4.000000 48.449762 3.189527 -1.412950 1.904929 0.000000 0.000000 0.000000 1.000000 0.000000 0.000000
4.000000 48.459654 3.160959 -1.414129 1.904830 0.000000 0.000000 0.000000 1.000000 0.000000 0.000000
4.000000 48.465493 3.129262 -1.603460 2.014775 0.000000 0.000000 0.000000 1.000000 0.000000 0.000000
4.000000 48.469719 3.105194 -1.416494 1.916144 0.000000 0.000000 0.000000 1.000000 0.000000 0.000000
4.000000 48.475591 3.118350 -1.610769 2.009032 0.000000 0.000000 0.000000 1.000000 0.000000 0.000000
4.000000 48.479821 3.092932 -1.427375 1.913668 0.000000 0.000000 0.000000 1.000000 0.000000 0.000000
4.000000 48.485519 3.072000 -1.615798 2.019484 0.000000 0.000000 0.000000 1.000000 0.000000 0.000000
4.000000 48.489745 3.050722 -1.431952 1.922741 0.000000 0.000000 0.000000 1.000000 0.000000 0.000000
4.000000 48.495602 3.002295 -1.609259 2.016158 0.000000 0.000000 0.000000 1.000000 0.000000 0.000000
4.000000 48.499636 2.977650 -1.428439 1.920404 0.000000 0.000000 0.000000 1.000000 0.000000 0.000000
4.000000 48.505509 2.966743 -1.612429 2.017521 0.000000 0.000000 0.000000 1.000000 0.000000 0.000000
4.000000 48.509681 2.951259 -1.432321 1.919252 0.000000 0.000000 0.000000 1.000000 0.000000 0.000000
4.000000 48.515567 2.927604 -1.615234 2.020019 0.000000 0.000000 0.000000 1.000000 0.000000 0.000000
4.000000 48.519665 2.930475 -1.441960 1.922303 0.000000 0.000000 0.000000 1.000000 0.000000 0.000000
4.000000 48.525486 2.927859 -1.630477 2.013733 0.000000 0.000000 0.000000 1.000000 0.000000 0.000000
4.000000 48.530094 2.892638 -1.445568 1.919976 0.000000 0.000000 0.000000 1.000000 0.000000 0.000000
4.000000 48.535566 2.929805 -1.655715 2.010180 0.000000 0.000000 0.000000 1.000000 0.000000 0.000000
4.000000 48.539688 2.815548 -1.442278 1.920960 0.000000 0.000000 0.000000 1.000000 0.000000 0.000000
4.000000 48.545535 2.896299 -1.650079 1.999713 0.000000 0.000000 0.000000 1.000000 0.000000 0.000000
4.000000 48.549808 2.806190 -1.446632 1.911030 0.000000 0.000000 0.000000 1.000000 0.000000 0.000000
4.000000 48.555743 2.798047 -1.640477 2.003504 0.000000 0.000000 0.000000 1.000000 0.000000 0.000000
4.000000 48.559659 2.768687 -1.447259 1.896818 0.000000 0.000000 0.000000 1.000000 0.000000 0.000000
4.000000 48.565639 2.848051 -1.677505 1.996207 0.000000 0.000000 0.000000 1.000000 0.000000 0.000000
4.000000 48.569742 2.692285 -1.446226 1.907998 0.000000 0.000000 0.000000 1.000000 0.000000 0.000000
4.000000 48.575708 2.801359 -1.671479 1.978079 0.000000 0.000000 0.000000 1.000000 0.000000 0.000000
4.000000 48.579710 2.671244 -1.452196 1.890654 0.000000 0.000000 0.000000 1.000000 0.000000 0.000000
4.000000 48.585686 2.773616 -1.675144 1.972352 0.000000 0.000000 0.000000 1.000000 0.000000 0.000000
4.000000 48.589946 2.669235 -1.467455 1.886013 0.000000 0.000000 0.000000 1.000000 0.000000 0.000000
4.000000 48.595676 2.737526 -1.679113 1.962652 0.000000 0.000000 0.000000 1.000000 0.000000 0.000000
4.000000 48.599672 2.654364 -1.469208 1.864417 0.000000 0.000000 0.000000 1.000000 0.000000 0.000000
4.000000 48.605594 2.695897 -1.686127 1.956249 0.000000 0.000000 0.000000 1.000000 0.000000 0.000000
4.000000 48.610358 2.595826 -1.474573 1.865566 0.000000 0.000000 0.000000 1.000000 0.000000 0.000000
4.000000 48.615667 2.596038 -1.671787 1.955432 0.000000 0.000000 0.000000 1.000000 0.000000 0.000000
4.000000 48.619735 2.565042 -1.479715 1.852107 0.000000 0.000000 0.000000 1.000000 0.000000 0.000000
4.000000 48.625628 2.608163 -1.689629 1.934983 0.000000 0.000000 0.000000 1.000000 0.000000 0.000000
4.000000 48.630262 2.531417 -1.484595 1.840292 0.000000 0.000000 0.000000 1.000000 0.000000 0.000000
4.000000 48.635670 2.573513 -1.707399 1.925925 0.000000 0.000000 0.000000 1.000000 0.000000 0.000000
4.000000 48.639905 2.474488 -1.489006 1.829510 0.000000 0.000000 0.000000 1.000000 0.000000 0.000000
4.000000 48.645537 2.544374 -1.694210 1.905578 0.000000 0.000000 0.000000 1.000000 0.000000 0.000000
4.000000 48.649902 2.449704 -1.477099 1.806748 0.000000 0.000000 0.000000 1.000000 0.000000 0.000000
4.000000 48.655622 2.468350 -1.693266 1.903484 0.000000 0.000000 0.000000 1.000000 0.000000 0.000000
4.000000 48.659806 2.407049 -1.489427 1.804105 0.000000 0.000000 0.000000 1.000000 0.000000 0.000000
4.000000 48.665555 2.434953 -1.697991 1.888905 0.000000 0.000000 0.000000 1.000000 0.000000 0.000000
4.000000 48.670022 2.352782 -1.481603 1.785840 0.000000 0.000000 0.000000 1.000000 0.000000 0.000000
4.000000 48.675615 2.477970 -1.721673 1.857106 0.000000 0.000000 0.000000 1.000000 0.000000 0.000000
4.000000 48.679889 2.369485 -1.488162 1.750370 0.000000 0.000000 0.000000 1.000000 0.000000 0.000000
4.000000 48.685642 2.436990 -1.726101 1.842413 0.000000 0.000000 0.000000 1.000000 0.000000 0.000000
4.000000 48.689833 2.325619 -1.499856 1.746582 0.000000 0.000000 0.000000 1.000000 0.000000 0.000000
4.000000 48.695706 2.344613 -1.715473 1.834563 0.000000 0.000000 0.000000 1.000000 0.000000 0.000000
4.000000 48.699933 2.274206 -1.494790 1.724039 0.000000 0.000000 0.000000 1.000000 0.000000 0.000000
4.000000 48.705645 2.381952 -1.740386 1.798488 0.000000 0.000000 0.000000 1.000000 0.000000 0.000000
4.000000 48.709919 2.262832 -1.499938 1.693473 0.000000 0.000000 0.000000 1.000000 0.000000 0.000000
4.000000 48.715633 2.337344 -1.740488 1.784097 0.000000 0.000000 0.000000 1.000000 0.000000 0.000000
4.000000 48.719844 2.223721 -1.501580 1.678941 0.000000 0.000000 0.000000 1.000000 0.000000 0.000000
4.000000 48.725575 2.253497 -1.728720 1.769991 0.000000 0.000000 0.000000 1.000000 0.000000 0.000000
4.000000 48.729954 2.204027 -1.501393 1.644819 0.000000 0.000000 0.000000 1.000000 0.000000 0.000000
4.000000 48.735633 2.285867 -1.757627 1.738869 0.000000 0.000000 0.000000 1.000000 0.000000 0.000000
4.000000 48.739897 2.163411 -1.519082 1.641665 0.000000 0.000000 0.000000 1.000000 0.000000 0.000000
4.000000 48.745583 2.195796 -1.744125 1.724924 0.000000 0.000000 0.000000 1.000000 0.000000 0.000000
4.000000 48.750404 2.117813 -1.513724 1.613593 0.000000 0.000000 0.000000 1.000000 0.000000 0.000000
4.000000 48.755637 2.167290 -1.746147 1.695128 0.000000 0.000000 0.000000 1.000000 0.000000 0.000000
4.000000 48.759855 2.057984 -1.516298 1.600949 0.000000 0.000000 0.000000 1.000000 0.000000 0.000000
4.000000 48.765589 2.166934 -1.767986 1.674179 0.000000 0.000000 0.000000 1.000000 0.000000 0.000000
4.000000 48.770619 2.140659 -1.547510 1.550739 0.000000 0.000000 0.000000 1.000000 0.000000 0.000000
4.000000 48.775783 2.132670 -1.762921 1.639940 0.000000 0.000000 0.000000 1.000000 0.000000 0.000000
4.000000 48.779874 1.993402 -1.515553 1.547207 0.000000 0.000000 0.000000 1.000000 0.000000 0.000000
4.000000 48.785613 2.086005 -1.765052 1.616314 0.000000 0.000000 0.000000 1.000000 0.000000 0.000000
4.000000 48.789945 1.996449 -1.529052 1.510437 0.000000 0.000000 0.000000 1.000000 0.000000 0.000000
4.000000 48.795753 2.112298 -1.780577 1.570228 0.000000 0.000000 0.000000 1.000000 0.000000 0.000000
4.000000 48.799869 1.943237 -1.524114 1.488191 0.000000 0.000000 0.000000 1.000000 0.000000 0.000000
4.000000 48.805602 2.028536 -1.772122 1.555342 0.000000 0.000000 0.000000 1.000000 0.000000 0.000000
4.000000 48.809963 1.933032 -1.527442 1.447562 0.000000 0.000000 0.000000 1.000000 0.000000 0.000000
4.000000 48.815721 2.000380 -1.779367 1.524906 0.000000 0.000000 0.000000 1.000000 0.000000 0.000000
4.000000 48.819894 1.980855 -1.565677 1.408279 0.000000 0.000000 0.000000 1.000000 0.000000 0.000000
4.000000 48.825778 1.948068 -1.779132 1.500866 0.000000 0.000000 0.000000 1.000000 0.000000 0.000000
4.000000 48.829973 1.858052 -1.536139 1.394368 0.000000 0.000000 0.000000 1.000000 0.000000 0.000000
4.000000 48.835733 1.978747 -1.813702 1.461341 0.000000 0.000000 0.000000 1.000000 0.000000 0.000000
4.000000 48.839881 1.835677 -1.546948 1.364137 0.000000 0.000000 0.000000 1.000000 0.000000 0.000000
4.000000 48.845829 1.923888 -1.804654 1.424277 0.000000 0.000000 0.000000 1.000000 0.000000 0.000000
4.000000 48.850137 1.833914 -1.554513 1.314835 0.000000 0.000000 0.000000 1.000000 0.000000 0.000000
4.000000 48.855778 1.950096 -1.832095 1.380986 0.000000 0.000000 0.000000 1.000000 0.000000 0.000000
4.000000 48.860045 1.780930 -1.544683 1.283438 0.000000 0.000000 0.000000 1.000000 0.000000 0.000000
4.000000 48.865682 1.931780 -1.836838 1.343804 0.000000 0.000000 0.000000 1.000000 0.000000 0.000000
4.000000 48.870648 1.778634 -1.549631 1.239572 0.000000 0.000000 0.000000 1.000000 0.000000 0.000000
4.000000 48.875777 1.896345 -1.836472 1.306566 0.000000 0.000000 0.000000 1.000000 0.000000 0.000000
4.000000 48.880004 1.749308 -1.550945 1.202540 0.000000 0.000000 0.000000 1.000000 0.000000 0.000000
4.000000 48.885572 1.827467 -1.820667 1.275166 0.000000 0.000000 0.000000 1.000000 0.000000 0.000000
4.000000 48.889986 1.787616 -1.589817 1.161734 0.000000 0.000000 0.000000 1.000000 0.000000 0.000000
4.000000 48.895810 1.806968 -1.826482 1.228760 0.000000 0.000000 0.000000 1.000000 0.000000 0.000000
4.000000 48.899946 1.698350 -1.558934 1.122891 0.000000 0.000000 0.000000 1.000000 0.000000 0.000000
4.000000 48.905673 1.797127 -1.843336 1.191738 0.000000 0.000000 0.000000 1.000000 0.000000 0.000000
4.000000 48.910017 1.652772 -1.567745 1.102484 0.000000 0.000000 0.000000 1.000000 0.000000 0.000000
4.000000 48.915696 1.756703 -1.850016 1.157116 0.000000 0.000000 0.000000 1.000000 0.000000 0.000000
4.000000 48.919943 1.683766 -1.594839 1.046442 0.000000 0.000000 0.000000 1.000000 0.000000 0.000000
4.000000 48.925585 1.737211 -1.851897 1.119032 0.000000 0.000000 0.000000 1.000000 0.000000 0.000000
4.000000 48.929992 1.692844 -1.607228 0.999732 0.000000 0.000000 0.000000 1.000000 0.000000 0.000000
4.000000 48.939893 0.133813 -2.014006 0.863395 0.000000 0.000000 0.000000 1.000000 0.000000 0.000000
4.000000 48.949966 -0.159345 -2.035003 0.767537 0.000000 0.000000 0.000000 1.000000 0.000000 0.000000
4.000000 48.959912 0.046371 -2.047407 0.745486 0.000000 0.000000 0.000000 1.000000 0.000000 0.000000
4.000000 48.970194 -0.457821 -2.075944 0.654683 0.000000 0.000000 0.000000 1.000000 0.000000 0.000000
4.000000 48.980130 -0.091248 -2.059883 0.649172 0.000000 0.000000 0.000000 1.000000 0.000000 0.000000
4.000000 48.999942 -0.446472 -2.071179 0.508551 0.000000 0.000000 0.000000 1.000000 0.000000 0.000000
4.000000 49.001548 -0.454657 -2.075202 0.482527 0.000000 0.000000 0.000000 1.000000 0.000000 0.000000
4.000000 49.010242 -0.540827 -2.080920 0.441606 0.000000 0.000000 0.000000 1.000000 0.000000 0.000000
4.000000 49.011452 -0.511115 -2.075349 0.415714 0.000000 0.000000 0.000000 1.000000 0.000000 0.000000
4.000000 49.019980 -0.081412 -2.081604 0.457225 0.000000 0.000000 0.000000 1.000000 0.000000 0.000000
4.000000 49.021517 -0.083238 -2.081699 0.426418 0.000000 0.000000 0.000000 1.000000 0.000000 0.000000
4.000000 49.030048 -0.308662 -2.083760 0.364453 0.000000 0.000000 0.000000 1.000000 0.000000 0.000000
4.000000 49.031570 -0.475108 -2.131917 0.324598 0.000000 0.000000 0.000000 1.000000 0.000000 0.000000
4.000000 49.040030 -0.458838 -2.139223 0.293856 0.000000 0.000000 0.000000 1.000000 0.000000 0.000000
4.000000 49.041581 -0.452722 -2.139697 0.268367 0.000000 0.000000 0.000000 1.000000 0.000000 0.000000
4.000000 49.059916 -0.991192 -2.148844 0.111932 0.000000 0.000000 0.000000 1.000000 0.000000 0.000000
4.000000 49.061769 -0.861691 -2.115526 0.114382 0.000000 0.000000 0.000000 1.000000 0.000000 0.000000
4.000000 49.070020 -0.911803 -2.119129 0.093231 0.000000 0.000000 0.000000 1.000000 0.000000 0.000000
4.000000 49.071418 -0.870242 -2.112955 0.067665 0.000000 0.000000 0.000000 1.000000 0.000000 0.000000
4.000000 49.079973 -1.031156 -2.122760 0.004123 0.000000 0.000000 0.000000 1.000000 0.000000 0.000000
4.000000 49.081470 -1.105819 -2.148576 -0.027488 0.000000 0.000000 0.000000 1.000000 0.000000 0.000000
4.000000 49.089939 -1.209727 -2.158538 -0.073785 0.000000 0.000000 0.000000 1.000000 0.000000 0.000000
4.000000 49.091582 -1.099393 -2.137851 -0.099349 0.000000 0.000000 0.000000 1.000000 0.000000 0.000000
4.000000 49.100256 -1.278726 -2.130274 -0.105885 0.000000 0.000000 0.000000 1.000000 0.000000 0.000000
4.000000 49.101627 -1.249699 -2.118766 -0.084936 0.000000 0.000000 0.000000 1.000000 0.000000 0.000000
4.000000 49.109998 -0.908215 -2.119700 -0.016007 0.000000 0.000000 0.000000 1.000000 0.000000 0.000000
4.000000 49.111449 -0.973527 -2.134453 -0.001274 0.000000 0.000000 0.000000 1.000000 0.000000 0.000000
4.000000 49.120018 -1.104210 -2.127129 0.002671 0.000000 0.000000 0.000000 1.000000 0.000000 0.000000
4.000000 49.121659 -1.201080 -2.150238 0.012395 0.000000 0.000000 0.000000 1.000000 0.000000 0.000000
4.000000 49.130440 -1.147739 -2.144164 0.047979 0.000000 0.000000 0.000000 1.000000 0.000000 0.000000
4.000000 49.131377 -1.170368 -2.145093 0.074433 0.000000 0.000000 0.000000 1.000000 0.000000 0.000000
4.000000 49.140003 -0.747504 -2.147682 0.144706 0.000000 0.000000 0.000000 1.000000 0.000000 0.000000
4.000000 49.141627 -0.744186 -2.141967 0.177342 0.000000 0.000000 0.000000 1.000000 0.000000 0.000000
4.000000 49.159999 -1.306841 -2.152041 0.136803 0.000000 0.000000 0.000000 1.000000 0.000000 0.000000
4.000000 49.161501 -1.363975 -2.161916 0.154399 0.000000 0.000000 0.000000 1.000000 0.000000 0.000000
4.000000 49.170017 -1.282334 -2.152857 0.197776 0.000000 0.000000 0.000000 1.000000 0.000000 0.000000
4.000000 49.171556 -1.422413 -2.187823 0.199504 0.000000 0.000000 0.000000 1.000000 0.000000 0.000000
4.000000 49.180257 -1.148909 -2.185418 0.256521 0.000000 0.000000 0.000000 1.000000 0.000000 0.000000
4.000000 49.181592 -1.097421 -2.167011 0.282929 0.000000 0.000000 0.000000 1.000000 0.000000 0.000000
4.000000 49.190016 -1.052383 -2.160136 0.316969 0.000000 0.000000 0.000000 1.000000 0.000000 0.000000
4.000000 49.191392 -1.099720 -2.169459 0.334178 0.000000 0.000000 0.000000 1.000000 0.000000 0.000000
4.000000 49.210035 -1.444691 -2.161042 0.342413 0.000000 0.000000 0.000000 1.000000 0.000000 0.000000
4.000000 49.211586 -1.511066 -2.175287 0.352553 0.000000 0.000000 0.000000 1.000000 0.000000 0.000000
4.000000 49.220063 -1.477443 -2.167252 0.385207 0.000000 0.000000 0.000000 1.000000 0.000000 0.000000
4.000000 49.221721 -1.606109 -2.199049 0.389203 0.000000 0.000000 0.000000 1.000000 0.000000 0.000000
4.000000 49.230000 -1.599324 -2.193742 0.408239 0.000000 0.000000 0.000000 1.000000 0.000000 0.000000
4.000000 49.231669 -1.682459 -2.213837 0.412605 0.000000 0.000000 0.000000 1.000000 0.000000 0.000000
4.000000 49.240050 -1.638777 -2.209112 0.436656 0.000000 0.000000 0.000000 1.000000 0.000000 0.000000
4.000000 49.241703 -1.526816 -2.171870 0.475595 0.000000 0.000000 0.000000 1.000000 0.000000 0.000000
4.000000 49.250008 -1.797923 -2.158223 0.474750 0.000000 0.000000 0.000000 1.000000 0.000000 0.000000
4.000000 49.251534 -1.854831 -2.171020 0.482949 0.000000 0.000000 0.000000 1.000000 0.000000 0.000000
4.000000 49.260076 -1.316725 -2.179028 0.550269 0.000000 0.000000 0.000000 1.000000 0.000000 0.000000
4.000000 49.261690 -1.413859 -2.204022 0.550689 0.000000 0.000000 0.000000 1.000000 0.000000 0.000000
4.000000 49.270021 -1.185757 -2.202995 0.592806 0.000000 0.000000 0.000000 1.000000 0.000000 0.000000
4.000000 49.271578 -1.172911 -2.196658 0.609434 0.000000 0.000000 0.000000 1.000000 0.000000 0.000000
4.000000 49.280175 -1.386067 -2.189801 0.598404 0.000000 0.000000 0.000000 1.000000 0.000000 0.000000
4.000000 49.281717 -1.430573 -2.199073 0.609224 0.000000 0.000000 0.000000 1.000000 0.000000 0.000000
4.000000 49.291951 -1.338581 -2.192958 0.648385 0.000000 0.000000 0.000000 1.000000 0.000000 0.000000
4.000000 49.301724 -1.949719 -2.238351 0.618983 0.000000 0.000000 0.000000 1.000000 0.000000 0.000000
4.000000 49.320051 -1.976853 -2.218657 0.633758 0.000000 0.000000 0.000000 1.000000 0.000000 0.000000
4.000000 49.321655 -2.023963 -2.225912 0.649846 0.000000 0.000000 0.000000 1.000000 0.000000 0.000000
4.000000 49.330051 -1.954009 -2.221786 0.672335 0.000000 0.000000 0.000000 1.000000 0.000000 0.000000
4.000000 49.331681 -1.981164 -2.225543 0.682952 0.000000 0.000000 0.000000 1.000000 0.000000 0.000000
4.000000 49.340123 -1.956192 -2.217320 0.711110 0.000000 0.000000 0.000000 1.000000 0.000000 0.000000
4.000000 49.341679 -1.998219 -2.226667 0.716178 0.000000 0.000000 0.000000 1.000000 0.000000 0.000000
4.000000 49.360171 -2.231529 -2.203460 0.720767 0.000000 0.000000 0.000000 1.000000 0.000000 0.000000
4.000000 49.361719 -2.295517 -2.217193 0.729151 0.000000 0.000000 0.000000 1.000000 0.000000 0.000000
4.000000 49.370569 -2.140212 -2.217976 0.751720 0.000000 0.000000 0.000000 1.000000 0.000000 0.000000
4.000000 49.371613 -2.154408 -2.218159 0.763615 0.000000 0.000000 0.000000 1.000000 0.000000 0.000000
4.000000 49.380146 -1.984951 -2.216380 0.795041 0.000000 0.000000 0.000000 1.000000 0.000000 0.000000
4.000000 49.381641 -2.202574 -2.230581 0.778954 0.000000 0.000000 0.000000 1.000000 0.000000 0.000000
4.000000 49.390065 -1.953275 -2.231308 0.816280 0.000000 0.000000 0.000000 1.000000 0.000000 0.000000
4.000000 49.391610 -2.005954 -2.242947 0.823028 0.000000 0.000000 0.000000 1.000000 0.000000 0.000000
4.000000 49.400138 -2.242751 -2.239041 0.797878 0.000000 0.000000 0.000000 1.000000 0.000000 0.000000
4.000000 49.401689 -2.331021 -2.262216 0.793298 0.000000 0.000000 0.000000 1.000000 0.000000 0.000000
4.000000 49.410947 -2.377965 -2.256758 0.802307 0.000000 0.000000 0.000000 1.000000 0.000000 0.000000
4.000000 49.411567 -2.191121 -2.239635 0.822474 0.000000 0.000000 0.000000 1.000000 0.000000 0.000000
4.000000 49.420146 -2.400120 -2.231241 0.814718 0.000000 0.000000 0.000000 1.000000 0.000000 0.000000
4.000000 49.421705 -2.505123 -2.258627 0.810096 0.000000 0.000000 0.000000 1.000000 0.000000 0.000000
4.000000 49.431009 -2.171924 -2.260759 0.855292 0.000000 0.000000 0.000000 1.000000 0.000000 0.000000
4.000000 49.431548 -2.149834 -2.252278 0.866701 0.000000 0.000000 0.000000 1.000000 0.000000 0.000000
4.000000 49.440235 -2.455433 -2.249310 0.828586 0.000000 0.000000 0.000000 1.000000 0.000000 0.000000
4.000000 49.441714 -2.404796 -2.236625 0.829101 0.000000 0.000000 0.000000 1.000000 0.000000 0.000000
4.000000 49.450123 -2.410472 -2.232137 0.842660 0.000000 0.000000 0.000000 1.000000 0.000000 0.000000
4.000000 49.451486 -2.572903 -2.275328 0.833131 0.000000 0.000000 0.000000 1.000000 0.000000 0.000000
4.000000 49.460175 -2.523044 -2.275725 0.839618 0.000000 0.000000 0.000000 1.000000 0.000000 0.000000
4.000000 49.461671 -2.485052 -2.262326 0.854211 0.000000 0.000000 0.000000 1.000000 0.000000 0.000000
4.000000 49.470123 -2.494113 -2.257113 0.869146 0.000000 0.000000 0.000000 1.000000 0.000000 0.000000
4.000000 49.471519 -2.512697 -2.262008 0.868294 0.000000 0.000000 0.000000 1.000000 0.000000 0.000000
4.000000 49.480164 -2.629851 -2.261824 0.850455 0.000000 0.000000 0.000000 1.000000 0.000000 0.000000
4.000000 49.481643 -2.653661 -2.266363 0.855582 0.000000 0.000000 0.000000 1.000000 0.000000 0.000000
4.000000 49.490240 -2.349687 -2.270362 0.889918 0.000000 0.000000 0.000000 1.000000 0.000000 0.000000
4.000000 49.491545 -2.430900 -2.294216 0.876818 0.000000 0.000000 0.000000 1.000000 0.000000 0.000000
4.000000 49.500149 -2.730113 -2.291516 0.839758 0.000000 0.000000 0.000000 1.000000 0.000000 0.000000
4.000000 49.501687 -2.724995 -2.287622 0.848913 0.000000 0.000000 0.000000 1.000000 0.000000 0.000000
4.000000 49.510198 -2.804499 -2.281665 0.854622 0.000000 0.000000 0.000000 1.000000 0.000000 0.000000
4.000000 49.511615 -2.718041 -2.257534 0.864608 0.000000 0.000000 0.000000 1.000000 0.000000 0.000000
4.000000 49.520152 -2.586730 -2.249213 0.919375 0.000000 0.000000 0.000000 1.000000 0.000000 0.000000
4.000000 49.521659 -2.691782 -2.278134 0.910179 0.000000 0.000000 0.000000 1.000000 0.000000 0.000000
4.000000 49.530180 -2.759877 -2.280389 0.888417 0.000000 0.000000 0.000000 1.000000 0.000000 0.000000
4.000000 49.531601 -2.670457 -2.255240 0.899464 0.000000 0.000000 0.000000 1.000000 0.000000 0.000000
4.000000 49.540221 -2.540556 -2.263774 0.889965 0.000000 0.000000 0.000000 1.000000 0.000000 0.000000
4.000000 49.541659 -2.609993 -2.282288 0.885526 0.000000 0.000000 0.000000 1.000000 0.000000 0.000000
4.000000 49.550209 -2.888156 -2.279592 0.851353 0.000000 0.000000 0.000000 1.000000 0.000000 0.000000
4.000000 49.551626 -2.939919 -2.294844 0.842420 0.000000 0.000000 0.000000 1.000000 0.000000 0.000000
4.000000 49.560223 -3.007921 -2.296377 0.827532 0.000000 0.000000 0.000000 1.000000 0.000000 0.000000
4.000000 49.561677 -3.023790 -2.301260 0.824106 0.000000 0.000000 0.000000 1.000000 0.000000 0.000000
4.000000 49.570653 -2.907584 -2.291227 0.878404 0.000000 0.000000 0.000000 1.000000 0.000000 0.000000
4.000000 49.571686 -2.923934 -2.296025 0.875263 0.000000 0.000000 0.000000 1.000000 0.000000 0.000000
4.000000 49.580691 -2.968346 -2.302054 0.844247 0.000000 0.000000 0.000000 1.000000 0.000000 0.000000
4.000000 49.581725 -3.010317 -2.313443 0.840630 0.000000 0.000000 0.000000 1.000000 0.000000 0.000000
4.000000 49.590220 -2.790756 -2.321317 0.849118 0.000000 0.000000 0.000000 1.000000 0.000000 0.000000
4.000000 49.591632 -2.778778 -2.318577 0.848349 0.000000 0.000000 0.000000 1.000000 0.000000 0.000000
4.000000 49.610232 -3.211070 -2.313786 0.793210 0.000000 0.000000 0.000000 1.000000 0.000000 0.000000
4.000000 49.611637 -3.229126 -2.320892 0.783625 0.000000 0.000000 0.000000 1.000000 0.000000 0.000000
4.000000 49.620259 -3.112750 -2.313568 0.830004 0.000000 0.000000 0.000000 1.000000 0.000000 0.000000
4.000000 49.621743 -3.080732 -2.306003 0.826513 0.000000 0.000000 0.000000 1.000000 0.000000 0.000000
4.000000 49.630195 -2.994508 -2.319133 0.790449 0.000000 0.000000 0.000000 1.000000 0.000000 0.000000
4.000000 49.631656 -3.050575 -2.335762 0.780410 0.000000 0.000000 0.000000 1.000000 0.000000 0.000000
4.000000 49.640225 -3.164591 -2.335418 0.764254 0.000000 0.000000 0.000000 1.000000 0.000000 0.000000
4.000000 49.641747 -3.172645 -2.335898 0.769362 0.000000 0.000000 0.000000 1.000000 0.000000 0.000000
4.000000 49.660220 -3.437805 -2.339908 0.714570 0.000000 0.000000 0.000000 1.000000 0.000000 0.000000
4.000000 49.661833 -3.458638 -2.350112 0.698106 0.000000 0.000000 0.000000 1.000000 0.000000 0.000000
4.000000 49.670191 -3.524783 -2.350747 0.686317 0.000000 0.000000 0.000000 1.000000 0.000000 0.000000
4.000000 49.671659 -3.494149 -2.344032 0.684136 0.000000 0.000000 0.000000 1.000000 0.000000 0.000000
4.000000 49.680660 -3.508970 -2.345540 0.677458 0.000000 0.000000 0.000000 1.000000 0.000000 0.000000
4.000000 49.681744 -3.526062 -2.352812 0.666863 0.000000 0.000000 0.000000 1.000000 0.000000 0.000000
4.000000 49.690290 -3.289493 -2.359022 0.684252 0.000000 0.000000 0.000000 1.000000 0.000000 0.000000
4.000000 49.691664 -3.255059 -2.351863 0.680365 0.000000 0.000000 0.000000 1.000000 0.000000 0.000000
4.000000 49.700505 -3.748080 -2.346169 0.622327 0.000000 0.000000 0.000000 1.000000 0.000000 0.000000
4.000000 49.701732 -3.754971 -2.350606 0.612429 0.000000 0.000000 0.000000 1.000000 0.000000 0.000000
4.000000 49.710280 -3.443104 -2.359848 0.631865 0.000000 0.000000 0.000000 1.000000 0.000000 0.000000
4.000000 49.711675 -3.446478 -2.363373 0.622962 0.000000 0.000000 0.000000 1.000000 0.000000 0.000000
4.000000 49.720232 -3.409116 -2.365884 0.621248 0.000000 0.000000 0.000000 1.000000 0.000000 0.000000
4.000000 49.721749 -3.409129 -2.368454 0.612673 0.000000 0.000000 0.000000 1.000000 0.000000 0.000000
4.000000 49.730215 -3.477753 -2.372559 0.590367 0.000000 0.000000 0.000000 1.000000 0.000000 0.000000
4.000000 49.731777 -3.457441 -2.369955 0.583097 0.000000 0.000000 0.000000 1.000000 0.000000 0.000000
4.000000 49.741532 -3.586209 -2.373617 0.553289 0.000000 0.000000 0.000000 1.000000 0.000000 0.000000
4.000000 49.741792 -3.584001 -2.376440 0.542889 0.000000 0.000000 0.000000 1.000000 0.000000 0.000000
4.000000 49.750264 -4.165388 -2.368090 0.478641 0.000000 0.000000 0.000000 1.000000 0.000000 0.000000
4.000000 49.751696 -4.059632 -2.343615 0.475612 0.000000 0.000000 0.000000 1.000000 0.000000 0.000000
4.000000 49.760356 -3.830619 -2.353986 0.478285 0.000000 0.000000 0.000000 1.000000 0.000000 0.000000
4.000000 49.761777 -3.924992 -2.384546 0.450860 0.000000 0.000000 0.000000 1.000000 0.000000 0.000000
4.000000 49.790277 -3.986578 -2.387322 0.392803 0.000000 0.000000 0.000000 1.000000 0.000000 0.000000
4.000000 49.791696 -3.999951 -2.397542 0.369517 0.000000 0.000000 0.000000 1.000000 0.000000 0.000000
4.000000 49.800263 -4.101498 -2.403430 0.335470 0.000000 0.000000 0.000000 1.000000 0.000000 0.000000
4.000000 49.801750 -4.066593 -2.398388 0.325277 0.000000 0.000000 0.000000 1.000000 0.000000 0.000000
4.000000 49.810308 -4.190614 -2.404243 0.288587 0.000000 0.000000 0.000000 1.000000 0.000000 0.000000
4.000000 49.811735 -4.116515 -2.388483 0.284175 0.000000 0.000000 0.000000 1.000000 0.000000 0.000000
4.000000 49.820467 -4.123978 -2.390011 0.278463 0.000000 0.000000 0.000000 1.000000 0.000000 0.000000
4.000000 49.821767 -4.075484 -2.383432 0.262027 0.000000 0.000000 0.000000 1.000000 0.000000 0.000000
4.000000 49.830634 -4.130731 -2.387497 0.239644 0.000000 0.000000 0.000000 1.000000 0.000000 0.000000
4.000000 49.831714 -4.150691 -2.397245 0.222017 0.000000 0.000000 0.000000 1.000000 0.000000 0.000000
4.000000 49.840597 -4.202785 -2.401788 0.198552 0.000000 0.000000 0.000000 1.000000 0.000000 0.000000
4.000000 49.841894 -4.171961 -2.398118 0.186034 0.000000 0.000000 0.000000 1.000000 0.000000 0.000000
4.000000 49.850407 -4.151975 -2.400489 0.181150 0.000000 0.000000 0.000000 1.000000 0.000000 0.000000
4.000000 49.851690 -4.128333 -2.398591 0.167101 0.000000 0.000000 0.000000 1.000000 0.000000 0.000000
4.000000 49.860594 -4.356329 -2.403246 0.113028 0.000000 0.000000 0.000000 1.000000 0.000000 0.000000
4.000000 49.861901 -4.335202 -2.402448 0.098032 0.000000 0.000000 0.000000 1.000000 0.000000 0.000000
4.000000 49.870374 -4.326280 -2.408399 0.079124 0.000000 0.000000 0.000000 1.000000 0.000000 0.000000
4.000000 49.871728 -4.249250 -2.392430 0.071836 0.000000 0.000000 0.000000 1.000000 0.000000 0.000000
4.000000 49.880470 -4.306114 -2.397155 0.046408 0.000000 0.000000 0.000000 1.000000 0.000000 0.000000
4.000000 49.881744 -4.328517 -2.408246 0.025865 0.000000 0.000000 0.000000 1.000000 0.000000 0.000000
4.000000 49.890491 -4.386737 -2.414354 -0.004227 0.000000 0.000000 0.000000 1.000000 0.000000 0.000000
4.000000 49.891707 -4.406649 -2.427188 -0.033076 0.000000 0.000000 0.000000 1.000000 0.000000 0.000000
4.000000 49.900818 -4.467502 -2.428194 -0.047144 0.000000 0.000000 0.000000 1.000000 0.000000 0.000000
4.000000 49.901866 -4.408163 -2.415353 -0.052025 0.000000 0.000000 0.000000 1.000000 0.000000 0.000000
4.000000 49.920617 -4.483680 -2.413811 -0.106231 0.000000 0.000000 0.000000 1.000000 0.000000 0.000000
4.000000 49.921893 -4.510287 -2.419316 -0.103382 0.000000 0.000000 0.000000 1.000000 0.000000 0.000000
4.000000 49.930326 -4.490265 -2.415125 -0.083268 0.000000 0.000000 0.000000 1.000000 0.000000 0.000000
4.000000 49.931989 -4.553615 -2.427438 -0.072650 0.000000 0.000000 0.000000 1.000000 0.000000 0.000000
4.000000 49.960819 -4.755341 -2.437437 -0.003135 0.000000 0.000000 0.000000 1.000000 0.000000 0.000000
4.000000 49.961820 -4.796729 -2.442568 0.015582 0.000000 0.000000 0.000000 1.000000 0.000000 0.000000
4.000000 49.970412 -4.738229 -2.438668 0.040094 0.000000 0.000000 0.000000 1.000000 0.000000 0.000000
4.000000 49.971737 -4.771659 -2.443405 0.052327 0.000000 0.000000 0.000000 1.000000 0.000000 0.000000
4.000000 50.020492 -4.880780 -2.449749 0.170628 0.000000 0.000000 0.000000 1.000000 0.000000 0.000000
4.000000 50.021915 -4.918995 -2.456257 0.180516 0.000000 0.000000 0.000000 1.000000 0.000000 0.000000
4.000000 50.030387 -4.903067 -2.451542 0.201336 0.000000 0.000000 0.000000 1.000000 0.000000 0.000000
4.000000 50.031783 -4.950926 -2.460803 0.209893 0.000000 0.000000 0.000000 1.000000 0.000000 0.000000
4.000000 50.040527 -4.960890 -2.458543 0.217062 0.000000 0.000000 0.000000 1.000000 0.000000 0.000000
4.000000 50.041923 -4.981347 -2.459262 0.232750 0.000000 0.000000 0.000000 1.000000 0.000000 0.000000
4.000000 50.050437 -5.048680 -2.456342 0.232757 0.000000 0.000000 0.000000 1.000000 0.000000 0.000000
4.000000 50.051872 -5.113044 -2.471418 0.232714 0.000000 0.000000 0.000000 1.000000 0.000000 0.000000
4.000000 50.060542 -5.154468 -2.466966 0.242923 0.000000 0.000000 0.000000 1.000000 0.000000 0.000000
4.000000 50.061900 -5.204608 -2.477167 0.249148 0.000000 0.000000 0.000000 1.000000 0.000000 0.000000
4.000000 50.070431 -5.079742 -2.473849 0.280827 0.000000 0.000000 0.000000 1.000000 0.000000 0.000000
4.000000 50.071811 -5.113286 -2.479485 0.290035 0.000000 0.000000 0.000000 1.000000 0.000000 0.000000
4.000000 50.080562 -5.153225 -2.476683 0.294653 0.000000 0.000000 0.000000 1.000000 0.000000 0.000000
4.000000 50.081927 -5.173767 -2.478864 0.305034 0.000000 0.000000 0.000000 1.000000 0.000000 0.000000
4.000000 50.090401 -5.175314 -2.477377 0.310211 0.000000 0.000000 0.000000 1.000000 0.000000 0.000000
4.000000 50.091836 -5.178058 -2.474698 0.322449 0.000000 0.000000 0.000000 1.000000 0.000000 0.000000
4.000000 50.100518 -5.234204 -2.470711 0.328175 0.000000 0.000000 0.000000 1.000000 0.000000 0.000000
4.000000 50.101972 -5.311522 -2.489677 0.325033 0.000000 0.000000 0.000000 1.000000 0.000000 0.000000
4.000000 50.110454 -5.306635 -2.484337 0.346577 0.000000 0.000000 0.000000 1.000000 0.000000 0.000000
4.000000 50.111812 -5.347259 -2.492723 0.351951 0.000000 0.000000 0.000000 1.000000 0.000000 0.000000
4.000000 50.120772 -5.329598 -2.492687 0.354691 0.000000 0.000000 0.000000 1.000000 0.000000 0.000000
4.000000 50.121980 -5.329488 -2.490991 0.361335 0.000000 0.000000 0.000000 1.000000 0.000000 0.000000
4.000000 50.140516 -5.383432 -2.491446 0.374378 0.000000 0.000000 0.000000 1.000000 0.000000 0.000000
4.000000 50.142219 -5.432539 -2.503373 0.373083 0.000000 0.000000 0.000000 1.000000 0.000000 0.000000
4.000000 50.150480 -5.446311 -2.498706 0.390555 0.000000 0.000000 0.000000 1.000000 0.000000 0.000000
4.000000 50.151926 -5.474512 -2.503512 0.399170 0.000000 0.000000 0.000000 1.000000 0.000000 0.000000
4.000000 50.160538 -5.551944 -2.504866 0.382588 0.000000 0.000000 0.000000 1.000000 0.000000 0.000000
4.000000 50.162071 -5.563032 -2.506429 0.386702 0.000000 0.000000 0.000000 1.000000 0.000000 0.000000
4.000000 50.170591 -5.232513 -2.509704 0.422144 0.000000 0.000000 0.000000 1.000000 0.000000 0.000000
4.000000 50.171910 -5.288588 -2.522432 0.423649 0.000000 0.000000 0.000000 1.000000 0.000000 0.000000
4.000000 50.180676 -5.601776 -2.516946 0.398649 0.000000 0.000000 0.000000 1.000000 0.000000 0.000000
4.000000 50.181961 -5.630747 -2.522875 0.401872 0.000000 0.000000 0.000000 1.000000 0.000000 0.000000
4.000000 50.190459 -5.254718 -2.525596 0.445145 0.000000 0.000000 0.000000 1.000000 0.000000 0.000000
4.000000 50.191967 -5.269533 -2.528805 0.446100 0.000000 0.000000 0.000000 1.000000 0.000000 0.000000
4.000000 50.200623 -5.694886 -2.525376 0.398428 0.000000 0.000000 0.000000 1.000000 0.000000 0.000000
4.000000 50.202052 -5.703962 -2.527615 0.397961 0.000000 0.000000 0.000000 1.000000 0.000000 0.000000
4.000000 50.220683 -5.408257 -2.527781 0.452048 0.000000 0.000000 0.000000 1.000000 0.000000 0.000000
4.000000 50.222064 -5.430997 -2.533360 0.451195 0.000000 0.000000 0.000000 1.000000 0.000000 0.000000
4.000000 50.230617 -5.446831 -2.532864 0.450743 0.000000 0.000000 0.000000 1.000000 0.000000 0.000000
4.000000 50.232071 -5.460228 -2.536455 0.449104 0.000000 0.000000 0.000000 1.000000 0.000000 0.000000
4.000000 50.240810 -5.497564 -2.535996 0.445573 0.000000 0.000000 0.000000 1.000000 0.000000 0.000000
4.000000 50.241969 -5.525023 -2.542542 0.445226 0.000000 0.000000 0.000000 1.000000 0.000000 0.000000
4.000000 50.250511 -5.790463 -2.541420 0.412643 0.000000 0.000000 0.000000 1.000000 0.000000 0.000000
4.000000 50.251964 -5.823674 -2.549635 0.410861 0.000000 0.000000 0.000000 1.000000 0.000000 0.000000
4.000000 50.260672 -6.007527 -2.544692 0.404143 0.000000 0.000000 0.000000 1.000000 0.000000 0.000000
4.000000 50.262115 -6.025588 -2.549535 0.401619 0.000000 0.000000 0.000000 1.000000 0.000000 0.000000
4.000000 50.270890 -5.573382 -2.556254 0.438576 0.000000 0.000000 0.000000 1.000000 0.000000 0.000000
4.000000 50.271944 -5.570657 -2.556530 0.435248 0.000000 0.000000 0.000000 1.000000 0.000000 0.000000
4.000000 50.280685 -5.614465 -2.556055 0.430949 0.000000 0.000000 0.000000 1.000000 0.000000 0.000000
4.000000 50.282177 -5.639804 -2.562310 0.429791 0.000000 0.000000 0.000000 1.000000 0.000000 0.000000
4.000000 50.290531 -5.732560 -2.563578 0.412848 0.000000 0.000000 0.000000 1.000000 0.000000 0.000000
4.000000 50.291936 -5.717600 -2.560128 0.412733 0.000000 0.000000 0.000000 1.000000 0.000000 0.000000
4.000000 50.320638 -5.842556 -2.560811 0.390797 0.000000 0.000000 0.000000 1.000000 0.000000 0.000000
4.000000 50.322076 -5.862981 -2.567855 0.382004 0.000000 0.000000 0.000000 1.000000 0.000000 0.000000
4.000000 50.330516 -6.222295 -2.569054 0.328570 0.000000 0.000000 0.000000 1.000000 0.000000 0.000000
4.000000 50.332004 -6.223736 -2.570233 0.325327 0.000000 0.000000 0.000000 1.000000 0.000000 0.000000
4.000000 50.340644 -5.896097 -2.571458 0.365412 0.000000 0.000000 0.000000 1.000000 0.000000 0.000000
4.000000 50.342033 -5.876243 -2.564487 0.374152 0.000000 0.000000 0.000000 1.000000 0.000000 0.000000
4.000000 50.360632 -6.226100 -2.542578 0.308073 0.000000 0.000000 0.000000 1.000000 0.000000 0.000000
4.000000 50.362062 -6.367419 -2.582416 0.281033 0.000000 0.000000 0.000000 1.000000 0.000000 0.000000
4.000000 50.370762 -5.989317 -2.584201 0.325979 0.000000 0.000000 0.000000 1.000000 0.000000 0.000000
4.000000 50.372020 -6.071043 -2.608937 0.304400 0.000000 0.000000 0.000000 1.000000 0.000000 0.000000
4.000000 50.380620 -6.567361 -2.606994 0.245706 0.000000 0.000000 0.000000 1.000000 0.000000 0.000000
4.000000 50.382125 -6.532207 -2.598958 0.245215 0.000000 0.000000 0.000000 1.000000 0.000000 0.000000
4.000000 50.390520 -6.478623 -2.602483 0.238545 0.000000 0.000000 0.000000 1.000000 0.000000 0.000000
4.000000 50.392152 -6.449998 -2.599324 0.224277 0.000000 0.000000 0.000000 1.000000 0.000000 0.000000
4.000000 50.400562 -6.503526 -2.601377 0.208512 0.000000 0.000000 0.000000 1.000000 0.000000 0.000000
4.000000 50.402094 -6.504322 -2.600880 0.211279 0.000000 0.000000 0.000000 1.000000 0.000000 0.000000
4.000000 50.410481 -6.571333 -2.599876 0.206185 0.000000 0.000000 0.000000 1.000000 0.000000 0.000000
4.000000 50.412003 -6.553161 -2.597499 0.198307 0.000000 0.000000 0.000000 1.000000 0.000000 0.000000
4.000000 50.420599 -6.243851 -2.605076 0.210842 0.000000 0.000000 0.000000 1.000000 0.000000 0.000000
4.000000 50.422062 -6.419399 -2.654815 0.175815 0.000000 0.000000 0.000000 1.000000 0.000000 0.000000
4.000000 50.430503 -6.512412 -2.656197 0.158260 0.000000 0.000000 0.000000 1.000000 0.000000 0.000000
4.000000 50.432021 -6.309166 -2.602479 0.184547 0.000000 0.000000 0.000000 1.000000 0.000000 0.000000
4.000000 50.440628 -6.152834 -2.606428 0.191997 0.000000 0.000000 0.000000 1.000000 0.000000 0.000000
4.000000 50.442031 -6.263485 -2.640770 0.159292 0.000000 0.000000 0.000000 1.000000 0.000000 0.000000
4.000000 50.450538 -6.913872 -2.655111 0.088404 0.000000 0.000000 0.000000 1.000000 0.000000 0.000000
4.000000 50.452012 -6.844964 -2.641027 0.080368 0.000000 0.000000 0.000000 1.000000 0.000000 0.000000
4.000000 50.460628 -6.866862 -2.647323 0.051343 0.000000 0.000000 0.000000 1.000000 0.000000 0.000000
4.000000 50.462202 -6.820819 -2.639096 0.042004 0.000000 0.000000 0.000000 1.000000 0.000000 0.000000
4.000000 50.470485 -7.386621 -2.635598 -0.018779 0.000000 0.000000 0.000000 1.000000 0.000000 0.000000
4.000000 50.471987 -7.320709 -2.620486 -0.018988 0.000000 0.000000 0.000000 1.000000 0.000000 0.000000
4.000000 50.480650 -6.602850 -2.630163 0.037782 0.000000 0.000000 0.000000 1.000000 0.000000 0.000000
4.000000 50.482131 -6.573211 -2.626428 0.025583 0.000000 0.000000 0.000000 1.000000 0.000000 0.000000
4.000000 50.490483 -6.643211 -2.629767 0.002719 0.000000 0.000000 0.000000 1.000000 0.000000 0.000000
4.000000 50.492122 -6.524047 -2.604550 -0.006490 0.000000 0.000000 0.000000 1.000000 0.000000 0.000000
4.000000 50.530809 -6.706727 -2.642097 -0.100052 0.000000 0.000000 0.000000 1.000000 0.000000 0.000000
4.000000 50.531956 -6.743690 -2.648158 -0.088529 0.000000 0.000000 0.000000 1.000000 0.000000 0.000000
4.000000 50.540725 -6.771115 -2.643982 -0.072887 0.000000 0.000000 0.000000 1.000000 0.000000 0.000000
4.000000 50.552057 -7.212132 -2.657617 -0.068684 0.000000 0.000000 0.000000 1.000000 0.000000 0.000000
4.000000 50.581040 -6.884540 -2.653654 0.034239 0.000000 0.000000 0.000000 1.000000 0.000000 0.000000
4.000000 50.582023 -6.955272 -2.668731 0.040420 0.000000 0.000000 0.000000 1.000000 0.000000 0.000000
4.000000 50.590574 -6.928063 -2.666616 0.053422 0.000000 0.000000 0.000000 1.000000 0.000000 0.000000
4.000000 50.592116 -6.972841 -2.675316 0.060858 0.000000 0.000000 0.000000 1.000000 0.000000 0.000000
4.000000 50.610669 -7.366842 -2.680243 0.041438 0.000000 0.000000 0.000000 1.000000 0.000000 0.000000
4.000000 50.612094 -7.348104 -2.672055 0.058795 0.000000 0.000000 0.000000 1.000000 0.000000 0.000000
4.000000 50.620980 -7.045339 -2.668805 0.111983 0.000000 0.000000 0.000000 1.000000 0.000000 0.000000
4.000000 50.622177 -7.095977 -2.679860 0.114999 0.000000 0.000000 0.000000 1.000000 0.000000 0.000000
4.000000 50.630625 -7.112863 -2.676579 0.127735 0.000000 0.000000 0.000000 1.000000 0.000000 0.000000
4.000000 50.631989 -7.173913 -2.689711 0.132630 0.000000 0.000000 0.000000 1.000000 0.000000 0.000000
4.000000 50.641011 -7.230236 -2.687447 0.135930 0.000000 0.000000 0.000000 1.000000 0.000000 0.000000
4.000000 50.642071 -7.249833 -2.690792 0.141565 0.000000 0.000000 0.000000 1.000000 0.000000 0.000000
4.000000 50.650618 -7.588120 -2.691489 0.096288 0.000000 0.000000 0.000000 1.000000 0.000000 0.000000
4.000000 50.652117 -7.600128 -2.694393 0.095585 0.000000 0.000000 0.000000 1.000000 0.000000 0.000000
4.000000 50.660722 -7.562458 -2.691047 0.115967 0.000000 0.000000 0.000000 1.000000 0.000000 0.000000
4.000000 50.662109 -7.651436 -2.709263 0.126459 0.000000 0.000000 0.000000 1.000000 0.000000 0.000000
4.000000 50.670587 -7.325589 -2.706166 0.179834 0.000000 0.000000 0.000000 1.000000 0.000000 0.000000
4.000000 50.672124 -7.290733 -2.695125 0.193342 0.000000 0.000000 0.000000 1.000000 0.000000 0.000000
4.000000 50.680749 -7.367710 -2.693397 0.191548 0.000000 0.000000 0.000000 1.000000 0.000000 0.000000
4.000000 50.682110 -7.417111 -2.704910 0.191114 0.000000 0.000000 0.000000 1.000000 0.000000 0.000000
4.000000 50.700678 -7.575829 -2.671743 0.168551 0.000000 0.000000 0.000000 1.000000 0.000000 0.000000
4.000000 50.702054 -7.782621 -2.721577 0.156816 0.000000 0.000000 0.000000 1.000000 0.000000 0.000000
4.000000 50.710589 -7.766812 -2.712128 0.204216 0.000000 0.000000 0.000000 1.000000 0.000000 0.000000
4.000000 50.712143 -7.759509 -2.709257 0.210883 0.000000 0.000000 0.000000 1.000000 0.000000 0.000000
4.000000 50.721119 -7.568046 -2.713459 0.212377 0.000000 0.000000 0.000000 1.000000 0.000000 0.000000
4.000000 50.722165 -7.419465 -2.673322 0.239128 0.000000 0.000000 0.000000 1.000000 0.000000 0.000000
4.000000 50.730640 -7.688836 -2.671226 0.215043 0.000000 0.000000 0.000000 1.000000 0.000000 0.000000
4.000000 50.732135 -7.842368 -2.710253 0.197119 0.000000 0.000000 0.000000 1.000000 0.000000 0.000000
4.000000 50.750635 -7.791885 -2.715633 0.236973 0.000000 0.000000 0.000000 1.000000 0.000000 0.000000
4.000000 50.752087 -7.605727 -2.666929 0.266246 0.000000 0.000000 0.000000 1.000000 0.000000 0.000000
4.000000 50.761109 -7.773153 -2.669465 0.232802 0.000000 0.000000 0.000000 1.000000 0.000000 0.000000
4.000000 50.762249 -7.805866 -2.676452 0.235342 0.000000 0.000000 0.000000 1.000000 0.000000 0.000000
4.000000 50.770684 -7.845625 -2.676920 0.228341 0.000000 0.000000 0.000000 1.000000 0.000000 0.000000
4.000000 50.772069 -7.917479 -2.694701 0.221974 0.000000 0.000000 0.000000 1.000000 0.000000 0.000000
4.000000 50.780886 -7.608120 -2.695872 0.253936 0.000000 0.000000 0.000000 1.000000 0.000000 0.000000
4.000000 50.782295 -7.622125 -2.699053 0.254061 0.000000 0.000000 0.000000 1.000000 0.000000 0.000000
4.000000 50.790652 -7.631454 -2.698644 0.254691 0.000000 0.000000 0.000000 1.000000 0.000000 0.000000
4.000000 50.792039 -7.644981 -2.702797 0.250004 0.000000 0.000000 0.000000 1.000000 0.000000 0.000000
4.000000 50.800799 -8.080301 -2.702723 0.198487 0.000000 0.000000 0.000000 1.000000 0.000000 0.000000
4.000000 50.802168 -8.060127 -2.697237 0.202633 0.000000 0.000000 0.000000 1.000000 0.000000 0.000000
4.000000 50.810706 -8.010346 -2.697869 0.205807 0.000000 0.000000 0.000000 1.000000 0.000000 0.000000
4.000000 50.812164 -8.007738 -2.697513 0.204749 0.000000 0.000000 0.000000 1.000000 0.000000 0.000000
4.000000 50.820809 -7.705315 -2.696235 0.246675 0.000000 0.000000 0.000000 1.000000 0.000000 0.000000
4.000000 50.822164 -7.742509 -2.705941 0.241291 0.000000 0.000000 0.000000 1.000000 0.000000 0.000000
4.000000 50.830631 -8.101368 -2.705740 0.199748 0.000000 0.000000 0.000000 1.000000 0.000000 0.000000
4.000000 50.832192 -8.090400 -2.702772 0.201984 0.000000 0.000000 0.000000 1.000000 0.000000 0.000000
4.000000 50.840785 -8.114962 -2.704520 0.191131 0.000000 0.000000 0.000000 1.000000 0.000000 0.000000
4.000000 50.842224 -8.155530 -2.715323 0.183834 0.000000 0.000000 0.000000 1.000000 0.000000 0.000000
4.000000 50.870696 -8.281168 -2.711293 0.157263 0.000000 0.000000 0.000000 1.000000 0.000000 0.000000
