1.000000 8.842652 25.234608 -0.323971 0.502955 0.000000 0.000000 0.000000 1.000000 0.000000 0.000000
1.000000 8.852631 25.062281 -0.341526 0.588835 0.000000 0.000000 0.000000 1.000000 0.000000 0.000000
1.000000 8.862769 24.964504 -0.394510 0.674956 0.000000 0.000000 0.000000 1.000000 0.000000 0.000000
1.000000 8.872560 24.862219 -0.413465 0.780506 0.000000 0.000000 0.000000 1.000000 0.000000 0.000000
1.000000 8.882656 24.832332 -0.453753 0.871242 0.000000 0.000000 0.000000 1.000000 0.000000 0.000000
1.000000 8.892574 24.622404 -0.470137 0.947773 0.000000 0.000000 0.000000 1.000000 0.000000 0.000000
1.000000 8.902657 24.446521 -0.470427 1.040825 0.000000 0.000000 0.000000 1.000000 0.000000 0.000000
1.000000 8.910565 22.879454 -0.308797 1.200984 0.000000 0.000000 0.000000 1.000000 0.000000 0.000000
1.000000 8.912616 24.304816 -0.497406 1.125186 0.000000 0.000000 0.000000 1.000000 0.000000 0.000000
1.000000 8.920712 22.806154 -0.333383 1.284100 0.000000 0.000000 0.000000 1.000000 0.000000 0.000000
1.000000 8.922675 24.172861 -0.519143 1.204526 0.000000 0.000000 0.000000 1.000000 0.000000 0.000000
1.000000 8.930740 22.720040 -0.362223 1.365552 0.000000 0.000000 0.000000 1.000000 0.000000 0.000000
1.000000 8.932607 24.053770 -0.543773 1.294424 0.000000 0.000000 0.000000 1.000000 0.000000 0.000000
1.000000 8.940719 22.567127 -0.375313 1.413526 0.000000 0.000000 0.000000 1.000000 0.000000 0.000000
1.000000 8.942647 23.854158 -0.555897 1.360586 0.000000 0.000000 0.000000 1.000000 0.000000 0.000000
1.000000 8.950652 22.487711 -0.395650 1.491643 0.000000 0.000000 0.000000 1.000000 0.000000 0.000000
1.000000 8.952598 23.754696 -0.572608 1.443721 0.000000 0.000000 0.000000 1.000000 0.000000 0.000000
1.000000 8.960712 22.422640 -0.430296 1.585509 0.000000 0.000000 0.000000 1.000000 0.000000 0.000000
1.000000 8.962721 23.570530 -0.581558 1.535739 0.000000 0.000000 0.000000 1.000000 0.000000 0.000000
1.000000 8.970556 22.318466 -0.455680 1.647015 0.000000 0.000000 0.000000 1.000000 0.000000 0.000000
1.000000 8.972717 23.423901 -0.601312 1.604717 0.000000 0.000000 0.000000 1.000000 0.000000 0.000000
1.000000 8.980840 22.249361 -0.479790 1.725124 0.000000 0.000000 0.000000 1.000000 0.000000 0.000000
1.000000 8.982690 23.370022 -0.627750 1.675656 0.000000 0.000000 0.000000 1.000000 0.000000 0.000000
1.000000 8.990749 22.086293 -0.495398 1.770284 0.000000 0.000000 0.000000 1.000000 0.000000 0.000000
1.000000 8.992626 23.114383 -0.634387 1.740384 0.000000 0.000000 0.000000 1.000000 0.000000 0.000000
1.000000 9.000848 22.028490 -0.524428 1.849104 0.000000 0.000000 0.000000 1.000000 0.000000 0.000000
1.000000 9.002689 22.981694 -0.650673 1.815989 0.000000 0.000000 0.000000 1.000000 0.000000 0.000000
1.000000 9.010700 21.937075 -0.552970 1.917260 0.000000 0.000000 0.000000 1.000000 0.000000 0.000000
1.000000 9.012645 22.880385 -0.678221 1.882970 0.000000 0.000000 0.000000 1.000000 0.000000 0.000000
1.000000 9.020740 21.844009 -0.573240 1.978293 0.000000 0.000000 0.000000 1.000000 0.000000 0.000000
1.000000 9.022718 22.724126 -0.687579 1.948961 0.000000 0.000000 0.000000 1.000000 0.000000 0.000000
1.000000 9.030569 21.776836 -0.599899 2.046443 0.000000 0.000000 0.000000 1.000000 0.000000 0.000000
1.000000 9.032613 22.754449 -0.743692 2.001939 0.000000 0.000000 0.000000 1.000000 0.000000 0.000000
1.000000 9.040728 21.666696 -0.625290 2.106737 0.000000 0.000000 0.000000 1.000000 0.000000 0.000000
1.000000 9.042645 22.458869 -0.727084 2.081427 0.000000 0.000000 0.000000 1.000000 0.000000 0.000000
1.000000 9.052630 22.338344 -0.748127 2.140072 0.000000 0.000000 0.000000 1.000000 0.000000 0.000000
1.000000 9.062772 22.219494 -0.766192 2.204269 0.000000 0.000000 0.000000 1.000000 0.000000 0.000000
1.000000 9.072668 22.111298 -0.787678 2.265190 0.000000 0.000000 0.000000 1.000000 0.000000 0.000000
1.000000 9.082685 21.941722 -0.802502 2.327790 0.000000 0.000000 0.000000 1.000000 0.000000 0.000000
1.000000 9.089082 20.263160 -0.652185 2.195579 0.000000 0.000000 0.000000 1.000000 0.000000 0.000000
1.000000 9.092663 21.735338 -0.819268 2.402211 0.000000 0.000000 0.000000 1.000000 0.000000 0.000000
1.000000 9.099123 20.144718 -0.672092 2.249216 0.000000 0.000000 0.000000 1.000000 0.000000 0.000000
1.000000 9.102735 21.644106 -0.835463 2.440470 0.000000 0.000000 0.000000 1.000000 0.000000 0.000000
1.000000 9.109124 20.042290 -0.690351 2.307457 0.000000 0.000000 0.000000 1.000000 0.000000 0.000000
1.000000 9.112738 21.565195 -0.853544 2.494553 0.000000 0.000000 0.000000 1.000000 0.000000 0.000000
1.000000 9.119062 19.930135 -0.709577 2.363740 0.000000 0.000000 0.000000 1.000000 0.000000 0.000000
1.000000 9.122888 21.443406 -0.873500 2.550603 0.000000 0.000000 0.000000 1.000000 0.000000 0.000000
1.000000 9.129121 19.813729 -0.724119 2.417871 0.000000 0.000000 0.000000 1.000000 0.000000 0.000000
1.000000 9.132893 21.271448 -0.891788 2.606039 0.000000 0.000000 0.000000 1.000000 0.000000 0.000000
1.000000 9.139024 19.704111 -0.743977 2.474974 0.000000 0.000000 0.000000 1.000000 0.000000 0.000000
1.000000 9.142755 21.034693 -0.909738 2.669982 0.000000 0.000000 0.000000 1.000000 0.000000 0.000000
1.000000 9.149094 19.573303 -0.752330 2.518976 0.000000 0.000000 0.000000 1.000000 0.000000 0.000000
1.000000 9.152806 21.091049 -0.929169 2.688829 0.000000 0.000000 0.000000 1.000000 0.000000 0.000000
1.000000 9.159231 19.451807 -0.775863 2.565828 0.000000 0.000000 0.000000 1.000000 0.000000 0.000000
1.000000 9.162788 20.789455 -0.940229 2.762101 0.000000 0.000000 0.000000 1.000000 0.000000 0.000000
1.000000 9.172876 20.941887 -0.965307 2.779551 0.000000 0.000000 0.000000 1.000000 0.000000 0.000000
1.000000 9.179216 19.228098 -0.814271 2.666409 0.000000 0.000000 0.000000 1.000000 0.000000 0.000000
1.000000 9.182745 20.745373 -0.982638 2.828568 0.000000 0.000000 0.000000 1.000000 0.000000 0.000000
1.000000 9.189471 19.122245 -0.835431 2.711881 0.000000 0.000000 0.000000 1.000000 0.000000 0.000000
1.000000 9.192888 20.599896 -0.994124 2.877539 0.000000 0.000000 0.000000 1.000000 0.000000 0.000000
1.000000 9.199241 18.998636 -0.848379 2.754240 0.000000 0.000000 0.000000 1.000000 0.000000 0.000000
1.000000 9.202805 20.330069 -1.006355 2.936894 0.000000 0.000000 0.000000 1.000000 0.000000 0.000000
1.000000 9.209266 18.861866 -0.864587 2.800888 0.000000 0.000000 0.000000 1.000000 0.000000 0.000000
1.000000 9.212887 20.194108 -1.022705 2.975564 0.000000 0.000000 0.000000 1.000000 0.000000 0.000000
1.000000 9.219158 18.777293 -0.886340 2.847449 0.000000 0.000000 0.000000 1.000000 0.000000 0.000000
1.000000 9.222809 20.058246 -1.036859 3.019367 0.000000 0.000000 0.000000 1.000000 0.000000 0.000000
1.000000 9.229108 18.655898 -0.904076 2.886521 0.000000 0.000000 0.000000 1.000000 0.000000 0.000000
1.000000 9.232776 20.016587 -1.075033 3.055238 0.000000 0.000000 0.000000 1.000000 0.000000 0.000000
1.000000 9.239197 18.543816 -0.919039 2.927222 0.000000 0.000000 0.000000 1.000000 0.000000 0.000000
1.000000 9.243112 19.717752 -1.073783 3.092704 0.000000 0.000000 0.000000 1.000000 0.000000 0.000000
1.000000 9.249105 18.419345 -0.930524 2.961796 0.000000 0.000000 0.000000 1.000000 0.000000 0.000000
1.000000 9.252807 19.721555 -1.093491 3.134313 0.000000 0.000000 0.000000 1.000000 0.000000 0.000000
1.000000 9.259276 18.309102 -0.953983 3.005538 0.000000 0.000000 0.000000 1.000000 0.000000 0.000000
1.000000 9.262930 19.582938 -1.115666 3.172354 0.000000 0.000000 0.000000 1.000000 0.000000 0.000000
1.000000 9.269203 18.198860 -0.971526 3.046765 0.000000 0.000000 0.000000 1.000000 0.000000 0.000000
1.000000 9.272797 19.460613 -1.130957 3.205597 0.000000 0.000000 0.000000 1.000000 0.000000 0.000000
1.000000 9.279172 18.079027 -0.989305 3.085156 0.000000 0.000000 0.000000 1.000000 0.000000 0.000000
1.000000 9.282759 19.277361 -1.148867 3.240855 0.000000 0.000000 0.000000 1.000000 0.000000 0.000000
1.000000 9.289157 17.961585 -1.009047 3.120653 0.000000 0.000000 0.000000 1.000000 0.000000 0.000000
1.000000 9.292803 19.277777 -1.187564 3.280599 0.000000 0.000000 0.000000 1.000000 0.000000 0.000000
1.000000 9.299405 17.853249 -1.028546 3.151299 0.000000 0.000000 0.000000 1.000000 0.000000 0.000000
1.000000 9.302901 19.024536 -1.178723 3.305562 0.000000 0.000000 0.000000 1.000000 0.000000 0.000000
1.000000 9.309184 17.734533 -1.043839 3.176930 0.000000 0.000000 0.000000 1.000000 0.000000 0.000000
1.000000 9.312731 19.129288 -1.213909 3.328266 0.000000 0.000000 0.000000 1.000000 0.000000 0.000000
1.000000 9.319211 17.622226 -1.063001 3.213189 0.000000 0.000000 0.000000 1.000000 0.000000 0.000000
1.000000 9.322895 18.970141 -1.228157 3.356609 0.000000 0.000000 0.000000 1.000000 0.000000 0.000000
1.000000 9.329140 17.511635 -1.081670 3.245613 0.000000 0.000000 0.000000 1.000000 0.000000 0.000000
1.000000 9.332827 18.609104 -1.237798 3.413564 0.000000 0.000000 0.000000 1.000000 0.000000 0.000000
1.000000 9.339227 17.392932 -1.100994 3.277006 0.000000 0.000000 0.000000 1.000000 0.000000 0.000000
1.000000 9.343023 18.580680 -1.270058 3.419896 0.000000 0.000000 0.000000 1.000000 0.000000 0.000000
1.000000 9.349357 17.262264 -1.115857 3.299405 0.000000 0.000000 0.000000 1.000000 0.000000 0.000000
1.000000 9.352928 18.612600 -1.279794 3.428551 0.000000 0.000000 0.000000 1.000000 0.000000 0.000000
1.000000 9.359401 17.146827 -1.133978 3.327157 0.000000 0.000000 0.000000 1.000000 0.000000 0.000000
1.000000 9.363021 18.274513 -1.283094 3.464790 0.000000 0.000000 0.000000 1.000000 0.000000 0.000000
1.000000 9.369280 17.054100 -1.153156 3.361364 0.000000 0.000000 0.000000 1.000000 0.000000 0.000000
1.000000 9.373005 18.135634 -1.301550 3.487288 0.000000 0.000000 0.000000 1.000000 0.000000 0.000000
1.000000 9.379251 16.947464 -1.170544 3.389575 0.000000 0.000000 0.000000 1.000000 0.000000 0.000000
1.000000 9.389146 16.824343 -1.184462 3.414357 0.000000 0.000000 0.000000 1.000000 0.000000 0.000000
1.000000 9.392819 17.844601 -1.324888 3.520740 0.000000 0.000000 0.000000 1.000000 0.000000 0.000000
1.000000 9.399261 16.699365 -1.201316 3.436938 0.000000 0.000000 0.000000 1.000000 0.000000 0.000000
1.000000 9.402758 17.745216 -1.343251 3.529040 0.000000 0.000000 0.000000 1.000000 0.000000 0.000000
1.000000 9.409278 16.578563 -1.220615 3.451242 0.000000 0.000000 0.000000 1.000000 0.000000 0.000000
1.000000 9.419299 16.500595 -1.239943 3.487309 0.000000 0.000000 0.000000 1.000000 0.000000 0.000000
1.000000 9.429193 16.380311 -1.256652 3.506315 0.000000 0.000000 0.000000 1.000000 0.000000 0.000000
1.000000 9.432824 17.411107 -1.400787 3.592072 0.000000 0.000000 0.000000 1.000000 0.000000 0.000000
1.000000 9.439293 16.253842 -1.275417 3.523598 0.000000 0.000000 0.000000 1.000000 0.000000 0.000000
1.000000 9.442886 17.262388 -1.407279 3.603078 0.000000 0.000000 0.000000 1.000000 0.000000 0.000000
1.000000 9.453063 17.122099 -1.421803 3.609555 0.000000 0.000000 0.000000 1.000000 0.000000 0.000000
1.000000 9.459482 16.009966 -1.313925 3.552903 0.000000 0.000000 0.000000 1.000000 0.000000 0.000000
1.000000 9.469370 15.915225 -1.337146 3.575870 0.000000 0.000000 0.000000 1.000000 0.000000 0.000000
1.000000 9.479376 15.813069 -1.352610 3.587275 0.000000 0.000000 0.000000 1.000000 0.000000 0.000000
1.000000 9.489322 15.678084 -1.370775 3.595841 0.000000 0.000000 0.000000 1.000000 0.000000 0.000000
1.000000 9.492812 16.671597 -1.504283 3.662674 0.000000 0.000000 0.000000 1.000000 0.000000 0.000000
1.000000 9.503005 16.528420 -1.494698 3.650598 0.000000 0.000000 0.000000 1.000000 0.000000 0.000000
1.000000 9.509293 15.472472 -1.402409 3.618683 0.000000 0.000000 0.000000 1.000000 0.000000 0.000000
1.000000 9.519432 15.331500 -1.414969 3.623949 0.000000 0.000000 0.000000 1.000000 0.000000 0.000000
1.000000 9.529229 15.235683 -1.436489 3.638533 0.000000 0.000000 0.000000 1.000000 0.000000 0.000000
1.000000 9.533093 16.222458 -1.560688 3.709701 0.000000 0.000000 0.000000 1.000000 0.000000 0.000000
1.000000 9.539258 15.116212 -1.454454 3.641823 0.000000 0.000000 0.000000 1.000000 0.000000 0.000000
1.000000 9.543097 16.028151 -1.568117 3.726988 0.000000 0.000000 0.000000 1.000000 0.000000 0.000000
1.000000 9.549523 15.034402 -1.462526 3.653278 0.000000 0.000000 0.000000 1.000000 0.000000 0.000000
1.000000 9.553086 16.048189 -1.591298 3.713971 0.000000 0.000000 0.000000 1.000000 0.000000 0.000000
1.000000 9.559489 14.894227 -1.482745 3.658332 0.000000 0.000000 0.000000 1.000000 0.000000 0.000000
1.000000 9.563050 15.903541 -1.606020 3.685643 0.000000 0.000000 0.000000 1.000000 0.000000 0.000000
1.000000 9.569575 14.780922 -1.502338 3.661803 0.000000 0.000000 0.000000 1.000000 0.000000 0.000000
1.000000 9.579425 14.669963 -1.523358 3.670360 0.000000 0.000000 0.000000 1.000000 0.000000 0.000000
1.000000 9.582956 15.632038 -1.629092 3.710877 0.000000 0.000000 0.000000 1.000000 0.000000 0.000000
1.000000 9.590006 14.552269 -1.539391 3.672955 0.000000 0.000000 0.000000 1.000000 0.000000 0.000000
1.000000 9.592862 15.554919 -1.644945 3.710595 0.000000 0.000000 0.000000 1.000000 0.000000 0.000000
1.000000 9.599347 14.446742 -1.541663 3.668002 0.000000 0.000000 0.000000 1.000000 0.000000 0.000000
1.000000 9.609277 14.321195 -1.571752 3.676251 0.000000 0.000000 0.000000 1.000000 0.000000 0.000000
1.000000 9.619348 14.213282 -1.595877 3.678796 0.000000 0.000000 0.000000 1.000000 0.000000 0.000000
1.000000 9.629293 14.102408 -1.609606 3.668719 0.000000 0.000000 0.000000 1.000000 0.000000 0.000000
1.000000 9.632857 15.008061 -1.696548 3.717353 0.000000 0.000000 0.000000 1.000000 0.000000 0.000000
1.000000 9.639328 14.005077 -1.623931 3.673316 0.000000 0.000000 0.000000 1.000000 0.000000 0.000000
1.000000 9.649255 13.897021 -1.639730 3.669988 0.000000 0.000000 0.000000 1.000000 0.000000 0.000000
1.000000 9.652923 14.826107 -1.730601 3.704330 0.000000 0.000000 0.000000 1.000000 0.000000 0.000000
1.000000 9.659499 13.784119 -1.658653 3.667958 0.000000 0.000000 0.000000 1.000000 0.000000 0.000000
1.000000 9.662872 14.728967 -1.754165 3.684124 0.000000 0.000000 0.000000 1.000000 0.000000 0.000000
1.000000 9.669266 13.666046 -1.672152 3.662745 0.000000 0.000000 0.000000 1.000000 0.000000 0.000000
1.000000 9.672973 14.587465 -1.763223 3.683811 0.000000 0.000000 0.000000 1.000000 0.000000 0.000000
1.000000 9.679339 13.551832 -1.689503 3.656497 0.000000 0.000000 0.000000 1.000000 0.000000 0.000000
1.000000 9.682937 14.480133 -1.773201 3.682598 0.000000 0.000000 0.000000 1.000000 0.000000 0.000000
1.000000 9.689284 13.436285 -1.709714 3.650554 0.000000 0.000000 0.000000 1.000000 0.000000 0.000000
1.000000 9.699528 13.338887 -1.720920 3.645944 0.000000 0.000000 0.000000 1.000000 0.000000 0.000000
1.000000 9.702965 14.221184 -1.793302 3.677845 0.000000 0.000000 0.000000 1.000000 0.000000 0.000000
1.000000 9.709311 13.255811 -1.742999 3.633125 0.000000 0.000000 0.000000 1.000000 0.000000 0.000000
1.000000 9.712951 14.075273 -1.799679 3.662476 0.000000 0.000000 0.000000 1.000000 0.000000 0.000000
1.000000 9.719630 13.116429 -1.758472 3.625056 0.000000 0.000000 0.000000 1.000000 0.000000 0.000000
1.000000 9.723005 14.039533 -1.831239 3.658735 0.000000 0.000000 0.000000 1.000000 0.000000 0.000000
1.000000 9.729568 12.992199 -1.775547 3.610521 0.000000 0.000000 0.000000 1.000000 0.000000 0.000000
1.000000 9.733064 13.951971 -1.841401 3.642433 0.000000 0.000000 0.000000 1.000000 0.000000 0.000000
1.000000 9.739446 12.883715 -1.792335 3.604713 0.000000 0.000000 0.000000 1.000000 0.000000 0.000000
1.000000 9.743002 13.776363 -1.856942 3.624157 0.000000 0.000000 0.000000 1.000000 0.000000 0.000000
1.000000 9.749405 12.769015 -1.807580 3.593125 0.000000 0.000000 0.000000 1.000000 0.000000 0.000000
1.000000 9.752950 13.723595 -1.862529 3.613479 0.000000 0.000000 0.000000 1.000000 0.000000 0.000000
1.000000 9.759835 12.623587 -1.829644 3.576499 0.000000 0.000000 0.000000 1.000000 0.000000 0.000000
1.000000 9.762895 13.620883 -1.884668 3.609869 0.000000 0.000000 0.000000 1.000000 0.000000 0.000000
1.000000 9.769372 12.554969 -1.850051 3.570860 0.000000 0.000000 0.000000 1.000000 0.000000 0.000000
1.000000 9.772993 13.517117 -1.898397 3.576396 0.000000 0.000000 0.000000 1.000000 0.000000 0.000000
1.000000 9.779523 12.450675 -1.861393 3.560130 0.000000 0.000000 0.000000 1.000000 0.000000 0.000000
1.000000 9.782990 13.347126 -1.903400 3.570456 0.000000 0.000000 0.000000 1.000000 0.000000 0.000000
1.000000 9.789491 12.337155 -1.879068 3.544942 0.000000 0.000000 0.000000 1.000000 0.000000 0.000000
1.000000 9.793000 13.221016 -1.910506 3.535618 0.000000 0.000000 0.000000 1.000000 0.000000 0.000000
1.000000 9.799619 12.242463 -1.894409 3.509673 0.000000 0.000000 0.000000 1.000000 0.000000 0.000000
1.000000 9.802952 13.182236 -1.940134 3.528789 0.000000 0.000000 0.000000 1.000000 0.000000 0.000000
1.000000 9.809445 12.091549 -1.913543 3.498841 0.000000 0.000000 0.000000 1.000000 0.000000 0.000000
1.000000 9.813031 13.014300 -1.936692 3.493157 0.000000 0.000000 0.000000 1.000000 0.000000 0.000000
1.000000 9.819428 12.000330 -1.934472 3.490785 0.000000 0.000000 0.000000 1.000000 0.000000 0.000000
1.000000 9.822998 12.939497 -1.961060 3.470462 0.000000 0.000000 0.000000 1.000000 0.000000 0.000000
1.000000 9.829356 11.866079 -1.951932 3.465149 0.000000 0.000000 0.000000 1.000000 0.000000 0.000000
1.000000 9.833309 12.853279 -1.976762 3.441957 0.000000 0.000000 0.000000 1.000000 0.000000 0.000000
1.000000 9.839420 11.769790 -1.966078 3.442971 0.000000 0.000000 0.000000 1.000000 0.000000 0.000000
1.000000 9.843046 12.681243 -1.981288 3.416913 0.000000 0.000000 0.000000 1.000000 0.000000 0.000000
1.000000 9.850260 11.684274 -1.976462 3.416084 0.000000 0.000000 0.000000 1.000000 0.000000 0.000000
1.000000 9.853049 12.540513 -1.988521 3.396143 0.000000 0.000000 0.000000 1.000000 0.000000 0.000000
1.000000 9.859426 11.558691 -1.996974 3.389456 0.000000 0.000000 0.000000 1.000000 0.000000 0.000000
1.000000 9.863122 12.512801 -2.009632 3.364812 0.000000 0.000000 0.000000 1.000000 0.000000 0.000000
1.000000 9.869374 11.487551 -2.014442 3.378893 0.000000 0.000000 0.000000 1.000000 0.000000 0.000000
1.000000 9.873179 12.372959 -2.016756 3.354173 0.000000 0.000000 0.000000 1.000000 0.000000 0.000000
1.000000 9.879376 11.357082 -2.030622 3.351179 0.000000 0.000000 0.000000 1.000000 0.000000 0.000000
1.000000 9.883034 12.292235 -2.034674 3.309110 0.000000 0.000000 0.000000 1.000000 0.000000 0.000000
1.000000 9.889531 11.260203 -2.044904 3.319646 0.000000 0.000000 0.000000 1.000000 0.000000 0.000000
1.000000 9.893127 12.175412 -2.063687 3.271791 0.000000 0.000000 0.000000 1.000000 0.000000 0.000000
1.000000 9.899427 11.099169 -2.065408 3.284119 0.000000 0.000000 0.000000 1.000000 0.000000 0.000000
1.000000 9.903051 12.069303 -2.062467 3.262046 0.000000 0.000000 0.000000 1.000000 0.000000 0.000000
1.000000 9.909389 10.982749 -2.085430 3.257204 0.000000 0.000000 0.000000 1.000000 0.000000 0.000000
1.000000 9.913122 11.958631 -2.072430 3.219123 0.000000 0.000000 0.000000 1.000000 0.000000 0.000000
1.000000 9.919700 10.918140 -2.108404 3.232916 0.000000 0.000000 0.000000 1.000000 0.000000 0.000000
1.000000 9.923099 11.894160 -2.100477 3.183543 0.000000 0.000000 0.000000 1.000000 0.000000 0.000000
1.000000 9.929518 10.817223 -2.120662 3.199491 0.000000 0.000000 0.000000 1.000000 0.000000 0.000000
1.000000 9.933131 11.747524 -2.102323 3.154101 0.000000 0.000000 0.000000 1.000000 0.000000 0.000000
1.000000 9.939413 10.706014 -2.129972 3.168643 0.000000 0.000000 0.000000 1.000000 0.000000 0.000000
1.000000 9.943205 11.708712 -2.142573 3.106096 0.000000 0.000000 0.000000 1.000000 0.000000 0.000000
1.000000 9.949644 10.577983 -2.153107 3.127460 0.000000 0.000000 0.000000 1.000000 0.000000 0.000000
1.000000 9.953301 11.568470 -2.132399 3.078955 0.000000 0.000000 0.000000 1.000000 0.000000 0.000000
1.000000 9.959719 10.453668 -2.168165 3.091516 0.000000 0.000000 0.000000 1.000000 0.000000 0.000000
1.000000 9.963040 11.447951 -2.138061 3.047330 0.000000 0.000000 0.000000 1.000000 0.000000 0.000000
1.000000 9.969403 10.374997 -2.182954 3.063708 0.000000 0.000000 0.000000 1.000000 0.000000 0.000000
1.000000 9.973181 11.356074 -2.160514 3.009181 0.000000 0.000000 0.000000 1.000000 0.000000 0.000000
1.000000 9.979568 10.253716 -2.201747 3.025489 0.000000 0.000000 0.000000 1.000000 0.000000 0.000000
1.000000 9.983433 11.239874 -2.167124 2.970680 0.000000 0.000000 0.000000 1.000000 0.000000 0.000000
1.000000 9.989406 10.156505 -2.217748 2.992818 0.000000 0.000000 0.000000 1.000000 0.000000 0.000000
1.000000 9.993216 11.138657 -2.172760 2.931282 0.000000 0.000000 0.000000 1.000000 0.000000 0.000000
1.000000 9.999438 10.037887 -2.222496 2.941161 0.000000 0.000000 0.000000 1.000000 0.000000 0.000000
1.000000 10.003144 11.016049 -2.189794 2.893927 0.000000 0.000000 0.000000 1.000000 0.000000 0.000000
1.000000 10.009386 9.921510 -2.248487 2.910265 0.000000 0.000000 0.000000 1.000000 0.000000 0.000000
1.000000 10.013246 10.930540 -2.204521 2.853483 0.000000 0.000000 0.000000 1.000000 0.000000 0.000000
1.000000 10.019511 9.762481 -2.262967 2.869636 0.000000 0.000000 0.000000 1.000000 0.000000 0.000000
1.000000 10.023213 10.824904 -2.217444 2.812682 0.000000 0.000000 0.000000 1.000000 0.000000 0.000000
1.000000 10.029390 9.755268 -2.266393 2.838916 0.000000 0.000000 0.000000 1.000000 0.000000 0.000000
1.000000 10.033281 10.719238 -2.228436 2.766565 0.000000 0.000000 0.000000 1.000000 0.000000 0.000000
1.000000 10.039454 9.586295 -2.299121 2.782454 0.000000 0.000000 0.000000 1.000000 0.000000 0.000000
1.000000 10.043082 10.647847 -2.251637 2.718034 0.000000 0.000000 0.000000 1.000000 0.000000 0.000000
1.000000 10.049695 9.514487 -2.301823 2.743677 0.000000 0.000000 0.000000 1.000000 0.000000 0.000000
1.000000 10.053273 10.502699 -2.255746 2.676172 0.000000 0.000000 0.000000 1.000000 0.000000 0.000000
1.000000 10.059484 9.378846 -2.317993 2.708522 0.000000 0.000000 0.000000 1.000000 0.000000 0.000000
1.000000 10.063163 10.437371 -2.270131 2.628826 0.000000 0.000000 0.000000 1.000000 0.000000 0.000000
1.000000 10.069425 9.271872 -2.352469 2.660629 0.000000 0.000000 0.000000 1.000000 0.000000 0.000000
1.000000 10.073610 10.280137 -2.276092 2.590047 0.000000 0.000000 0.000000 1.000000 0.000000 0.000000
1.000000 10.079495 9.179207 -2.368069 2.611198 0.000000 0.000000 0.000000 1.000000 0.000000 0.000000
1.000000 10.083137 10.206621 -2.295516 2.536057 0.000000 0.000000 0.000000 1.000000 0.000000 0.000000
1.000000 10.089457 9.020372 -2.386560 2.548911 0.000000 0.000000 0.000000 1.000000 0.000000 0.000000
1.000000 10.093221 10.095967 -2.299854 2.480996 0.000000 0.000000 0.000000 1.000000 0.000000 0.000000
1.000000 10.099553 8.921025 -2.403010 2.500732 0.000000 0.000000 0.000000 1.000000 0.000000 0.000000
1.000000 10.103055 10.034062 -2.321951 2.429498 0.000000 0.000000 0.000000 1.000000 0.000000 0.000000
1.000000 10.109580 8.764966 -2.422485 2.458571 0.000000 0.000000 0.000000 1.000000 0.000000 0.000000
1.000000 10.113178 9.933356 -2.329913 2.376150 0.000000 0.000000 0.000000 1.000000 0.000000 0.000000
1.000000 10.119510 8.703964 -2.420464 2.413961 0.000000 0.000000 0.000000 1.000000 0.000000 0.000000
1.000000 10.123190 9.871204 -2.348090 2.326408 0.000000 0.000000 0.000000 1.000000 0.000000 0.000000
1.000000 10.129423 8.563294 -2.452790 2.351551 0.000000 0.000000 0.000000 1.000000 0.000000 0.000000
1.000000 10.133070 9.729397 -2.349878 2.285372 0.000000 0.000000 0.000000 1.000000 0.000000 0.000000
1.000000 10.139586 8.512090 -2.454740 2.307672 0.000000 0.000000 0.000000 1.000000 0.000000 0.000000
1.000000 10.143148 9.643064 -2.364780 2.228057 0.000000 0.000000 0.000000 1.000000 0.000000 0.000000
1.000000 10.149546 8.405399 -2.467092 2.257289 0.000000 0.000000 0.000000 1.000000 0.000000 0.000000
1.000000 10.153178 9.528958 -2.375091 2.179671 0.000000 0.000000 0.000000 1.000000 0.000000 0.000000
1.000000 10.159548 8.256901 -2.501640 2.191150 0.000000 0.000000 0.000000 1.000000 0.000000 0.000000
1.000000 10.163272 9.431275 -2.387065 2.125118 0.000000 0.000000 0.000000 1.000000 0.000000 0.000000
1.000000 10.169492 8.209070 -2.506362 2.143362 0.000000 0.000000 0.000000 1.000000 0.000000 0.000000
1.000000 10.173453 9.327512 -2.395379 2.072608 0.000000 0.000000 0.000000 1.000000 0.000000 0.000000
1.000000 10.179571 8.169342 -2.526068 2.086584 0.000000 0.000000 0.000000 1.000000 0.000000 0.000000
1.000000 10.183146 9.214678 -2.403860 2.019590 0.000000 0.000000 0.000000 1.000000 0.000000 0.000000
1.000000 10.189466 7.952999 -2.548346 2.018788 0.000000 0.000000 0.000000 1.000000 0.000000 0.000000
1.000000 10.191016 8.773592 -2.199028 2.047454 0.000000 0.000000 0.000000 1.000000 0.000000 0.000000
1.000000 10.199614 7.792705 -2.564360 1.957476 0.000000 0.000000 0.000000 1.000000 0.000000 0.000000
1.000000 10.203144 9.032547 -2.432636 1.900944 0.000000 0.000000 0.000000 1.000000 0.000000 0.000000
1.000000 10.209485 7.749707 -2.567958 1.897626 0.000000 0.000000 0.000000 1.000000 0.000000 0.000000
1.000000 10.213107 8.930746 -2.441248 1.844945 0.000000 0.000000 0.000000 1.000000 0.000000 0.000000
1.000000 10.219822 7.639775 -2.598245 1.830176 0.000000 0.000000 0.000000 1.000000 0.000000 0.000000
1.000000 10.223122 8.823341 -2.453033 1.784445 0.000000 0.000000 0.000000 1.000000 0.000000 0.000000
1.000000 10.229738 7.530965 -2.615966 1.771469 0.000000 0.000000 0.000000 1.000000 0.000000 0.000000
1.000000 10.233155 8.735182 -2.460777 1.713992 0.000000 0.000000 0.000000 1.000000 0.000000 0.000000
1.000000 10.239591 7.453011 -2.615482 1.703931 0.000000 0.000000 0.000000 1.000000 0.000000 0.000000
1.000000 10.243142 8.636020 -2.469117 1.666643 0.000000 0.000000 0.000000 1.000000 0.000000 0.000000
1.000000 10.249521 7.296188 -2.634657 1.635868 0.000000 0.000000 0.000000 1.000000 0.000000 0.000000
1.000000 10.253152 8.497989 -2.471961 1.613810 0.000000 0.000000 0.000000 1.000000 0.000000 0.000000
1.000000 10.259608 7.190257 -2.653405 1.576997 0.000000 0.000000 0.000000 1.000000 0.000000 0.000000
1.000000 10.263189 8.432229 -2.487703 1.548911 0.000000 0.000000 0.000000 1.000000 0.000000 0.000000
1.000000 10.269514 7.134114 -2.675534 1.516185 0.000000 0.000000 0.000000 1.000000 0.000000 0.000000
1.000000 10.273203 8.340205 -2.500682 1.484985 0.000000 0.000000 0.000000 1.000000 0.000000 0.000000
1.000000 10.279573 7.087774 -2.685394 1.456998 0.000000 0.000000 0.000000 1.000000 0.000000 0.000000
1.000000 10.283187 8.238302 -2.506101 1.423753 0.000000 0.000000 0.000000 1.000000 0.000000 0.000000
1.000000 10.289504 6.910099 -2.694703 1.377903 0.000000 0.000000 0.000000 1.000000 0.000000 0.000000
1.000000 10.293258 8.146685 -2.517984 1.359020 0.000000 0.000000 0.000000 1.000000 0.000000 0.000000
1.000000 10.299609 6.624679 -2.719379 1.292963 0.000000 0.000000 0.000000 1.000000 0.000000 0.000000
1.000000 10.303147 8.045567 -2.525773 1.294349 0.000000 0.000000 0.000000 1.000000 0.000000 0.000000
1.000000 10.309514 6.668467 -2.744515 1.245811 0.000000 0.000000 0.000000 1.000000 0.000000 0.000000
1.000000 10.313174 7.970166 -2.545189 1.224864 0.000000 0.000000 0.000000 1.000000 0.000000 0.000000
1.000000 10.319671 6.761868 -2.742682 1.197168 0.000000 0.000000 0.000000 1.000000 0.000000 0.000000
1.000000 10.323224 7.865427 -2.546029 1.163266 0.000000 0.000000 0.000000 1.000000 0.000000 0.000000
1.000000 10.329585 6.427057 -2.764367 1.103279 0.000000 0.000000 0.000000 1.000000 0.000000 0.000000
1.000000 10.333313 7.779747 -2.562056 1.093609 0.000000 0.000000 0.000000 1.000000 0.000000 0.000000
1.000000 10.339855 6.262475 -2.802485 1.039504 0.000000 0.000000 0.000000 1.000000 0.000000 0.000000
1.000000 10.343188 7.700289 -2.577213 1.021700 0.000000 0.000000 0.000000 1.000000 0.000000 0.000000
1.000000 10.349539 6.276970 -2.786497 0.965966 0.000000 0.000000 0.000000 1.000000 0.000000 0.000000
1.000000 10.353179 7.598737 -2.584955 0.952766 0.000000 0.000000 0.000000 1.000000 0.000000 0.000000
1.000000 10.359670 6.103126 -2.821244 0.880830 0.000000 0.000000 0.000000 1.000000 0.000000 0.000000
1.000000 10.363154 7.508860 -2.597683 0.883808 0.000000 0.000000 0.000000 1.000000 0.000000 0.000000
1.000000 10.369671 6.006014 -2.820817 0.805873 0.000000 0.000000 0.000000 1.000000 0.000000 0.000000
1.000000 10.373221 7.415089 -2.602822 0.813123 0.000000 0.000000 0.000000 1.000000 0.000000 0.000000
1.000000 10.379652 5.908637 -2.840657 0.734569 0.000000 0.000000 0.000000 1.000000 0.000000 0.000000
1.000000 10.383175 7.328768 -2.613666 0.736377 0.000000 0.000000 0.000000 1.000000 0.000000 0.000000
1.000000 10.389600 5.834971 -2.865547 0.666893 0.000000 0.000000 0.000000 1.000000 0.000000 0.000000
1.000000 10.393183 7.222583 -2.617882 0.672833 0.000000 0.000000 0.000000 1.000000 0.000000 0.000000
1.000000 10.399633 5.638001 -2.900114 0.556993 0.000000 0.000000 0.000000 1.000000 0.000000 0.000000
1.000000 10.403333 7.159082 -2.638197 0.589010 0.000000 0.000000 0.000000 1.000000 0.000000 0.000000
1.000000 10.409580 5.601811 -2.881656 0.495702 0.000000 0.000000 0.000000 1.000000 0.000000 0.000000
1.000000 10.413225 7.051406 -2.644593 0.523964 0.000000 0.000000 0.000000 1.000000 0.000000 0.000000
1.000000 10.419893 5.618636 -2.905094 0.435213 0.000000 0.000000 0.000000 1.000000 0.000000 0.000000
1.000000 10.423270 6.957537 -2.649960 0.448677 0.000000 0.000000 0.000000 1.000000 0.000000 0.000000
1.000000 10.429940 5.463163 -2.942334 0.346670 0.000000 0.000000 0.000000 1.000000 0.000000 0.000000
1.000000 10.433320 6.852724 -2.655963 0.376958 0.000000 0.000000 0.000000 1.000000 0.000000 0.000000
1.000000 10.439675 5.278992 -2.929980 0.249826 0.000000 0.000000 0.000000 1.000000 0.000000 0.000000
1.000000 10.443291 6.770174 -2.668785 0.299271 0.000000 0.000000 0.000000 1.000000 0.000000 0.000000
1.000000 10.449595 5.143703 -2.958553 0.171932 0.000000 0.000000 0.000000 1.000000 0.000000 0.000000
1.000000 10.453479 6.683029 -2.677663 0.223635 0.000000 0.000000 0.000000 1.000000 0.000000 0.000000
1.000000 10.459678 4.987868 -2.992659 0.072947 0.000000 0.000000 0.000000 1.000000 0.000000 0.000000
1.000000 10.463310 6.583876 -2.685016 0.150747 0.000000 0.000000 0.000000 1.000000 0.000000 0.000000
1.000000 10.469633 5.040545 -3.007829 0.013513 0.000000 0.000000 0.000000 1.000000 0.000000 0.000000
1.000000 10.473441 6.500574 -2.697035 0.069639 0.000000 0.000000 0.000000 1.000000 0.000000 0.000000
1.000000 10.479743 4.957933 -3.026983 -0.052853 0.000000 0.000000 0.000000 1.000000 0.000000 0.000000
1.000000 10.483312 6.422789 -2.707980 0.040675 0.000000 0.000000 0.000000 1.000000 0.000000 0.000000
1.000000 10.489608 4.734986 -3.032050 -0.024813 0.000000 0.000000 0.000000 1.000000 0.000000 0.000000
1.000000 10.493298 6.405182 -2.714716 0.089778 0.000000 0.000000 0.000000 1.000000 0.000000 0.000000
1.000000 10.499794 4.806366 -3.013858 0.053656 0.000000 0.000000 0.000000 1.000000 0.000000 0.000000
1.000000 10.503223 6.366831 -2.721034 0.139379 0.000000 0.000000 0.000000 1.000000 0.000000 0.000000
1.000000 10.509626 4.714346 -3.021268 0.095598 0.000000 0.000000 0.000000 1.000000 0.000000 0.000000
1.000000 10.519690 4.742933 -3.051147 0.175143 0.000000 0.000000 0.000000 1.000000 0.000000 0.000000
1.000000 10.523273 5.893768 -2.626072 0.333510 0.000000 0.000000 0.000000 1.000000 0.000000 0.000000
1.000000 10.529651 4.719787 -3.040348 0.231238 0.000000 0.000000 0.000000 1.000000 0.000000 0.000000
1.000000 10.533260 5.842499 -2.628605 0.384089 0.000000 0.000000 0.000000 1.000000 0.000000 0.000000
1.000000 10.539747 4.560388 -3.037255 0.265645 0.000000 0.000000 0.000000 1.000000 0.000000 0.000000
1.000000 10.543228 5.749491 -2.613404 0.434868 0.000000 0.000000 0.000000 1.000000 0.000000 0.000000
1.000000 10.549707 4.511381 -3.044369 0.324773 0.000000 0.000000 0.000000 1.000000 0.000000 0.000000
1.000000 10.553277 5.937683 -2.864151 0.546708 0.000000 0.000000 0.000000 1.000000 0.000000 0.000000
1.000000 10.559738 4.574429 -3.072371 0.400145 0.000000 0.000000 0.000000 1.000000 0.000000 0.000000
1.000000 10.563284 5.700250 -2.651423 0.532780 0.000000 0.000000 0.000000 1.000000 0.000000 0.000000
1.000000 10.569628 4.558912 -3.078214 0.455242 0.000000 0.000000 0.000000 1.000000 0.000000 0.000000
1.000000 10.573310 5.665672 -2.661048 0.578355 0.000000 0.000000 0.000000 1.000000 0.000000 0.000000
1.000000 10.579731 4.478917 -3.082823 0.495556 0.000000 0.000000 0.000000 1.000000 0.000000 0.000000
1.000000 10.583329 5.599306 -2.663677 0.622009 0.000000 0.000000 0.000000 1.000000 0.000000 0.000000
1.000000 10.593304 5.779207 -2.894994 0.729136 0.000000 0.000000 0.000000 1.000000 0.000000 0.000000
1.000000 10.600215 4.262081 -3.094329 0.577111 0.000000 0.000000 0.000000 1.000000 0.000000 0.000000
1.000000 10.603363 5.463175 -2.653286 0.713640 0.000000 0.000000 0.000000 1.000000 0.000000 0.000000
1.000000 10.609811 4.316969 -3.105499 0.640463 0.000000 0.000000 0.000000 1.000000 0.000000 0.000000
1.000000 10.613472 5.464170 -2.673854 0.752346 0.000000 0.000000 0.000000 1.000000 0.000000 0.000000
1.000000 10.619977 4.322044 -3.091378 0.687610 0.000000 0.000000 0.000000 1.000000 0.000000 0.000000
1.000000 10.623287 5.418321 -2.679374 0.790565 0.000000 0.000000 0.000000 1.000000 0.000000 0.000000
1.000000 10.629688 4.282273 -3.094169 0.741062 0.000000 0.000000 0.000000 1.000000 0.000000 0.000000
1.000000 10.633276 5.368503 -2.683722 0.833507 0.000000 0.000000 0.000000 1.000000 0.000000 0.000000
1.000000 10.639990 4.097687 -3.113297 0.768863 0.000000 0.000000 0.000000 1.000000 0.000000 0.000000
1.000000 10.643287 5.262025 -2.677953 0.891752 0.000000 0.000000 0.000000 1.000000 0.000000 0.000000
1.000000 10.649699 3.927723 -3.145474 0.790567 0.000000 0.000000 0.000000 1.000000 0.000000 0.000000
1.000000 10.653318 5.207425 -2.671614 0.917255 0.000000 0.000000 0.000000 1.000000 0.000000 0.000000
1.000000 10.659815 4.158278 -3.136278 0.862048 0.000000 0.000000 0.000000 1.000000 0.000000 0.000000
1.000000 10.663342 5.478344 -2.942829 1.015867 0.000000 0.000000 0.000000 1.000000 0.000000 0.000000
1.000000 10.673459 5.440146 -2.949706 1.056600 0.000000 0.000000 0.000000 1.000000 0.000000 0.000000
1.000000 10.680249 3.990252 -3.149726 0.925900 0.000000 0.000000 0.000000 1.000000 0.000000 0.000000
1.000000 10.683415 5.141973 -2.711139 1.014381 0.000000 0.000000 0.000000 1.000000 0.000000 0.000000
1.000000 10.689735 3.732412 -3.155655 0.928282 0.000000 0.000000 0.000000 1.000000 0.000000 0.000000
1.000000 10.693478 5.014429 -2.686360 1.053912 0.000000 0.000000 0.000000 1.000000 0.000000 0.000000
1.000000 10.699875 3.776978 -3.160617 0.985992 0.000000 0.000000 0.000000 1.000000 0.000000 0.000000
1.000000 10.703353 4.994914 -2.706488 1.092151 0.000000 0.000000 0.000000 1.000000 0.000000 0.000000
1.000000 10.709715 3.870149 -3.168361 1.035886 0.000000 0.000000 0.000000 1.000000 0.000000 0.000000
1.000000 10.713532 5.273737 -2.970681 1.182575 0.000000 0.000000 0.000000 1.000000 0.000000 0.000000
1.000000 10.719816 3.888460 -3.148453 1.081429 0.000000 0.000000 0.000000 1.000000 0.000000 0.000000
1.000000 10.723366 4.965576 -2.736308 1.141470 0.000000 0.000000 0.000000 1.000000 0.000000 0.000000
1.000000 10.729709 3.815634 -3.172485 1.106418 0.000000 0.000000 0.000000 1.000000 0.000000 0.000000
1.000000 10.733498 4.932160 -2.743339 1.170271 0.000000 0.000000 0.000000 1.000000 0.000000 0.000000
1.000000 10.739796 3.569730 -3.185293 1.129026 0.000000 0.000000 0.000000 1.000000 0.000000 0.000000
1.000000 10.743409 4.789247 -2.723595 1.222104 0.000000 0.000000 0.000000 1.000000 0.000000 0.000000
1.000000 10.749712 3.430395 -3.195811 1.140727 0.000000 0.000000 0.000000 1.000000 0.000000 0.000000
1.000000 10.753538 4.726579 -2.714969 1.242723 0.000000 0.000000 0.000000 1.000000 0.000000 0.000000
1.000000 10.759787 3.612747 -3.206013 1.191976 0.000000 0.000000 0.000000 1.000000 0.000000 0.000000
1.000000 10.763457 4.778759 -2.756040 1.257469 0.000000 0.000000 0.000000 1.000000 0.000000 0.000000
1.000000 10.769989 3.603481 -3.207764 1.223700 0.000000 0.000000 0.000000 1.000000 0.000000 0.000000
1.000000 10.773515 4.747275 -2.765097 1.280718 0.000000 0.000000 0.000000 1.000000 0.000000 0.000000
1.000000 10.779850 3.501290 -3.217451 1.249512 0.000000 0.000000 0.000000 1.000000 0.000000 0.000000
1.000000 10.783411 4.676071 -2.764886 1.310587 0.000000 0.000000 0.000000 1.000000 0.000000 0.000000
1.000000 10.789742 3.312213 -3.222352 1.258093 0.000000 0.000000 0.000000 1.000000 0.000000 0.000000
1.000000 10.793518 4.586883 -2.742352 1.333205 0.000000 0.000000 0.000000 1.000000 0.000000 0.000000
1.000000 10.799851 3.253848 -3.233470 1.292089 0.000000 0.000000 0.000000 1.000000 0.000000 0.000000
1.000000 10.803491 4.520329 -2.753879 1.369798 0.000000 0.000000 0.000000 1.000000 0.000000 0.000000
1.000000 10.809754 3.370017 -3.240263 1.321475 0.000000 0.000000 0.000000 1.000000 0.000000 0.000000
1.000000 10.813565 4.557587 -2.780776 1.370099 0.000000 0.000000 0.000000 1.000000 0.000000 0.000000
1.000000 10.820153 3.305340 -3.240107 1.346513 0.000000 0.000000 0.000000 1.000000 0.000000 0.000000
1.000000 10.823452 4.498995 -2.778966 1.393039 0.000000 0.000000 0.000000 1.000000 0.000000 0.000000
1.000000 10.829749 3.238082 -3.256322 1.366558 0.000000 0.000000 0.000000 1.000000 0.000000 0.000000
1.000000 10.833558 4.458572 -2.784184 1.415525 0.000000 0.000000 0.000000 1.000000 0.000000 0.000000
1.000000 10.839846 3.134219 -3.256672 1.366376 0.000000 0.000000 0.000000 1.000000 0.000000 0.000000
1.000000 10.843438 4.383514 -2.780987 1.433238 0.000000 0.000000 0.000000 1.000000 0.000000 0.000000
1.000000 10.849736 3.014717 -3.275491 1.404099 0.000000 0.000000 0.000000 1.000000 0.000000 0.000000
1.000000 10.853569 4.305128 -2.780674 1.461283 0.000000 0.000000 0.000000 1.000000 0.000000 0.000000
1.000000 10.860008 3.001262 -3.279978 1.416677 0.000000 0.000000 0.000000 1.000000 0.000000 0.000000
1.000000 10.863498 4.671671 -3.064842 1.542534 0.000000 0.000000 0.000000 1.000000 0.000000 0.000000
1.000000 10.869790 2.894182 -3.291182 1.431891 0.000000 0.000000 0.000000 1.000000 0.000000 0.000000
1.000000 10.873640 4.217502 -2.784351 1.491795 0.000000 0.000000 0.000000 1.000000 0.000000 0.000000
1.000000 10.879854 3.019858 -3.285882 1.457366 0.000000 0.000000 0.000000 1.000000 0.000000 0.000000
1.000000 10.883644 4.557876 -3.074527 1.562150 0.000000 0.000000 0.000000 1.000000 0.000000 0.000000
1.000000 10.889769 2.740641 -3.303721 1.456111 0.000000 0.000000 0.000000 1.000000 0.000000 0.000000
1.000000 10.893552 4.110320 -2.782784 1.512041 0.000000 0.000000 0.000000 1.000000 0.000000 0.000000
1.000000 10.899953 2.837164 -3.268605 1.481410 0.000000 0.000000 0.000000 1.000000 0.000000 0.000000
1.000000 10.903599 4.448650 -3.062097 1.593704 0.000000 0.000000 0.000000 1.000000 0.000000 0.000000
1.000000 10.909843 3.025446 -3.264598 1.526078 0.000000 0.000000 0.000000 1.000000 0.000000 0.000000
1.000000 10.913554 4.386511 -3.063284 1.606965 0.000000 0.000000 0.000000 1.000000 0.000000 0.000000
1.000000 10.919930 2.807616 -3.321031 1.515270 0.000000 0.000000 0.000000 1.000000 0.000000 0.000000
1.000000 10.923598 4.064121 -2.830427 1.542587 0.000000 0.000000 0.000000 1.000000 0.000000 0.000000
1.000000 10.930049 2.869586 -3.276190 1.541397 0.000000 0.000000 0.000000 1.000000 0.000000 0.000000
1.000000 10.933759 4.006722 -2.831059 1.554473 0.000000 0.000000 0.000000 1.000000 0.000000 0.000000
1.000000 10.939857 2.552811 -3.316306 1.529169 0.000000 0.000000 0.000000 1.000000 0.000000 0.000000
1.000000 10.943600 4.304489 -3.096894 1.641583 0.000000 0.000000 0.000000 1.000000 0.000000 0.000000
1.000000 10.949838 2.596689 -3.309643 1.538640 0.000000 0.000000 0.000000 1.000000 0.000000 0.000000
1.000000 10.953648 3.878026 -2.820526 1.567628 0.000000 0.000000 0.000000 1.000000 0.000000 0.000000
1.000000 10.959906 2.630156 -3.346286 1.548146 0.000000 0.000000 0.000000 1.000000 0.000000 0.000000
1.000000 10.963587 3.908731 -2.848504 1.574052 0.000000 0.000000 0.000000 1.000000 0.000000 0.000000
1.000000 10.969824 2.567934 -3.355643 1.552796 0.000000 0.000000 0.000000 1.000000 0.000000 0.000000
1.000000 10.973699 4.245748 -3.134193 1.648925 0.000000 0.000000 0.000000 1.000000 0.000000 0.000000
1.000000 10.979897 2.285961 -3.371464 1.542489 0.000000 0.000000 0.000000 1.000000 0.000000 0.000000
1.000000 10.983544 3.719819 -2.828728 1.597761 0.000000 0.000000 0.000000 1.000000 0.000000 0.000000
1.000000 10.989971 2.357946 -3.362754 1.549432 0.000000 0.000000 0.000000 1.000000 0.000000 0.000000
1.000000 10.993637 4.152134 -3.138796 1.660144 0.000000 0.000000 0.000000 1.000000 0.000000 0.000000
1.000000 11.000128 2.182758 -3.381160 1.545998 0.000000 0.000000 0.000000 1.000000 0.000000 0.000000
1.000000 11.003557 3.635085 -2.833591 1.606601 0.000000 0.000000 0.000000 1.000000 0.000000 0.000000
1.000000 11.009846 2.232889 -3.380671 1.552035 0.000000 0.000000 0.000000 1.000000 0.000000 0.000000
1.000000 11.013617 3.626310 -2.851265 1.596708 0.000000 0.000000 0.000000 1.000000 0.000000 0.000000
1.000000 11.020000 2.314763 -3.388466 1.568502 0.000000 0.000000 0.000000 1.000000 0.000000 0.000000
1.000000 11.023518 3.634577 -2.876353 1.585189 0.000000 0.000000 0.000000 1.000000 0.000000 0.000000
1.000000 11.029829 2.118183 -3.396589 1.546938 0.000000 0.000000 0.000000 1.000000 0.000000 0.000000
1.000000 11.033645 3.537669 -2.859370 1.588592 0.000000 0.000000 0.000000 1.000000 0.000000 0.000000
1.000000 11.040165 2.028389 -3.405168 1.544763 0.000000 0.000000 0.000000 1.000000 0.000000 0.000000
1.000000 11.043525 3.478831 -2.858223 1.593341 0.000000 0.000000 0.000000 1.000000 0.000000 0.000000
1.000000 11.050118 2.055463 -3.391535 1.553940 0.000000 0.000000 0.000000 1.000000 0.000000 0.000000
1.000000 11.053731 3.443131 -2.864769 1.593670 0.000000 0.000000 0.000000 1.000000 0.000000 0.000000
1.000000 11.060089 2.010112 -3.423082 1.551451 0.000000 0.000000 0.000000 1.000000 0.000000 0.000000
1.000000 11.063531 3.427122 -2.879825 1.587964 0.000000 0.000000 0.000000 1.000000 0.000000 0.000000
1.000000 11.069854 2.173083 -3.403605 1.552959 0.000000 0.000000 0.000000 1.000000 0.000000 0.000000
1.000000 11.073924 3.453491 -2.906594 1.563585 0.000000 0.000000 0.000000 1.000000 0.000000 0.000000
1.000000 11.079950 2.019579 -3.422316 1.536660 0.000000 0.000000 0.000000 1.000000 0.000000 0.000000
1.000000 11.083627 3.768830 -3.192493 1.634240 0.000000 0.000000 0.000000 1.000000 0.000000 0.000000
1.000000 11.089879 1.916390 -3.401500 1.524691 0.000000 0.000000 0.000000 1.000000 0.000000 0.000000
1.000000 11.093720 3.302978 -2.880155 1.555927 0.000000 0.000000 0.000000 1.000000 0.000000 0.000000
1.000000 11.099936 1.777792 -3.450412 1.513091 0.000000 0.000000 0.000000 1.000000 0.000000 0.000000
1.000000 11.103563 3.717604 -3.207560 1.621699 0.000000 0.000000 0.000000 1.000000 0.000000 0.000000
1.000000 11.109880 1.763896 -3.446869 1.504715 0.000000 0.000000 0.000000 1.000000 0.000000 0.000000
1.000000 11.113552 3.233948 -2.888468 1.541939 0.000000 0.000000 0.000000 1.000000 0.000000 0.000000
1.000000 11.119967 1.842056 -3.452848 1.502139 0.000000 0.000000 0.000000 1.000000 0.000000 0.000000
1.000000 11.123533 3.655248 -3.208580 1.596325 0.000000 0.000000 0.000000 1.000000 0.000000 0.000000
1.000000 11.129957 1.756322 -3.471436 1.485568 0.000000 0.000000 0.000000 1.000000 0.000000 0.000000
1.000000 11.139982 1.528638 -3.481941 1.433687 0.000000 0.000000 0.000000 1.000000 0.000000 0.000000
1.000000 11.149886 1.392211 -3.488010 1.423719 0.000000 0.000000 0.000000 1.000000 0.000000 0.000000
1.000000 11.160036 1.660920 -3.484155 1.450865 0.000000 0.000000 0.000000 1.000000 0.000000 0.000000
1.000000 11.169926 1.588808 -3.504866 1.431037 0.000000 0.000000 0.000000 1.000000 0.000000 0.000000
1.000000 11.179942 1.558613 -3.511640 1.415606 0.000000 0.000000 0.000000 1.000000 0.000000 0.000000
1.000000 11.189907 1.323747 -3.506599 1.362419 0.000000 0.000000 0.000000 1.000000 0.000000 0.000000
1.000000 11.199977 1.277004 -3.504521 1.346726 0.000000 0.000000 0.000000 1.000000 0.000000 0.000000
1.000000 11.209900 1.380182 -3.530090 1.353243 0.000000 0.000000 0.000000 1.000000 0.000000 0.000000
1.000000 11.219947 1.290255 -3.539211 1.319306 0.000000 0.000000 0.000000 1.000000 0.000000 0.000000
1.000000 11.229990 1.305860 -3.519714 1.298139 0.000000 0.000000 0.000000 1.000000 0.000000 0.000000
1.000000 11.239964 1.025374 -3.532879 1.244414 0.000000 0.000000 0.000000 1.000000 0.000000 0.000000
1.000000 11.249925 0.962310 -3.556666 1.230722 0.000000 0.000000 0.000000 1.000000 0.000000 0.000000
1.000000 11.259984 0.956554 -3.554735 1.201196 0.000000 0.000000 0.000000 1.000000 0.000000 0.000000
1.000000 11.269917 1.086263 -3.554346 1.189950 0.000000 0.000000 0.000000 1.000000 0.000000 0.000000
1.000000 11.280257 1.079970 -3.551042 1.164669 0.000000 0.000000 0.000000 1.000000 0.000000 0.000000
1.000000 11.289939 0.835136 -3.576576 1.094915 0.000000 0.000000 0.000000 1.000000 0.000000 0.000000
1.000000 11.300066 0.721617 -3.607475 1.073436 0.000000 0.000000 0.000000 1.000000 0.000000 0.000000
1.000000 11.309998 0.884125 -3.595413 1.073143 0.000000 0.000000 0.000000 1.000000 0.000000 0.000000
1.000000 11.320042 0.801389 -3.611414 1.023510 0.000000 0.000000 0.000000 1.000000 0.000000 0.000000
1.000000 11.330240 0.770253 -3.602448 0.990085 0.000000 0.000000 0.000000 1.000000 0.000000 0.000000
1.000000 11.340051 0.581435 -3.625003 0.960902 0.000000 0.000000 0.000000 1.000000 0.000000 0.000000
1.000000 11.350220 0.476644 -3.631059 0.893945 0.000000 0.000000 0.000000 1.000000 0.000000 0.000000
1.000000 11.360067 0.451791 -3.638465 0.855786 0.000000 0.000000 0.000000 1.000000 0.000000 0.000000
1.000000 11.370205 0.360380 -3.651925 0.821327 0.000000 0.000000 0.000000 1.000000 0.000000 0.000000
1.000000 11.380025 0.399360 -3.655606 0.783598 0.000000 0.000000 0.000000 1.000000 0.000000 0.000000
1.000000 11.389974 0.349373 -3.663333 0.759295 0.000000 0.000000 0.000000 1.000000 0.000000 0.000000
1.000000 11.400028 0.183629 -3.672507 0.677019 0.000000 0.000000 0.000000 1.000000 0.000000 0.000000
1.000000 11.410264 0.180403 -3.678981 0.645692 0.000000 0.000000 0.000000 1.000000 0.000000 0.000000
1.000000 11.420050 0.278578 -3.671749 0.627501 0.000000 0.000000 0.000000 1.000000 0.000000 0.000000
1.000000 11.430009 0.216489 -3.692627 0.575965 0.000000 0.000000 0.000000 1.000000 0.000000 0.000000
1.000000 11.440085 0.029085 -3.700323 0.534490 0.000000 0.000000 0.000000 1.000000 0.000000 0.000000
1.000000 11.449990 0.016590 -3.704906 0.510983 0.000000 0.000000 0.000000 1.000000 0.000000 0.000000
1.000000 11.460091 -0.078476 -3.717389 0.414263 0.000000 0.000000 0.000000 1.000000 0.000000 0.000000
1.000000 11.470014 -0.096818 -3.724109 0.390755 0.000000 0.000000 0.000000 1.000000 0.000000 0.000000
1.000000 11.480244 -0.069537 -3.737529 0.311418 0.000000 0.000000 0.000000 1.000000 0.000000 0.000000
1.000000 11.489988 -0.080347 -3.741539 0.286303 0.000000 0.000000 0.000000 1.000000 0.000000 0.000000
1.000000 11.490029 -0.307966 -3.751612 0.243644 0.000000 0.000000 0.000000 1.000000 0.000000 0.000000
1.000000 11.500084 -0.442415 -3.769562 0.174659 0.000000 0.000000 0.000000 1.000000 0.000000 0.000000
1.000000 11.510056 -0.477198 -3.782721 0.147437 0.000000 0.000000 0.000000 1.000000 0.000000 0.000000
1.000000 11.510082 -0.318708 -3.778111 0.155423 0.000000 0.000000 0.000000 1.000000 0.000000 0.000000
1.000000 11.520114 -0.488569 -3.787856 0.092630 0.000000 0.000000 0.000000 1.000000 0.000000 0.000000
1.000000 11.529967 -0.444020 -3.773834 0.073454 0.000000 0.000000 0.000000 1.000000 0.000000 0.000000
1.000000 11.530268 -0.494491 -3.778584 0.039662 0.000000 0.000000 0.000000 1.000000 0.000000 0.000000
1.000000 11.540264 -0.567562 -3.770078 -0.028271 0.000000 0.000000 0.000000 1.000000 0.000000 0.000000
1.000000 11.550040 -0.631559 -3.796629 -0.093248 0.000000 0.000000 0.000000 1.000000 0.000000 0.000000
1.000000 11.560182 -0.630084 -3.802742 -0.052898 0.000000 0.000000 0.000000 1.000000 0.000000 0.000000
1.000000 11.570061 -0.667834 -3.794998 -0.009036 0.000000 0.000000 0.000000 1.000000 0.000000 0.000000
1.000000 11.580135 -0.778169 -3.821242 0.022219 0.000000 0.000000 0.000000 1.000000 0.000000 0.000000
1.000000 11.590089 -0.726748 -3.806850 0.074158 0.000000 0.000000 0.000000 1.000000 0.000000 0.000000
1.000000 11.600367 -0.796175 -3.817275 0.111560 0.000000 0.000000 0.000000 1.000000 0.000000 0.000000
1.000000 11.610181 -0.883797 -3.828996 0.140092 0.000000 0.000000 0.000000 1.000000 0.000000 0.000000
1.000000 11.620155 -0.945224 -3.828397 0.151725 0.000000 0.000000 0.000000 1.000000 0.000000 0.000000
1.000000 11.620347 -0.958370 -3.831454 0.165428 0.000000 0.000000 0.000000 1.000000 0.000000 0.000000
1.000000 11.630332 -0.988030 -3.842464 0.197326 0.000000 0.000000 0.000000 1.000000 0.000000 0.000000
1.000000 11.640274 -1.047384 -3.861038 0.204211 0.000000 0.000000 0.000000 1.000000 0.000000 0.000000
1.000000 11.650059 -1.072545 -3.855120 0.242378 0.000000 0.000000 0.000000 1.000000 0.000000 0.000000
1.000000 11.650122 -1.101589 -3.862589 0.262920 0.000000 0.000000 0.000000 1.000000 0.000000 0.000000
1.000000 11.660244 -1.096836 -3.859519 0.297444 0.000000 0.000000 0.000000 1.000000 0.000000 0.000000
1.000000 11.670135 -1.175954 -3.865433 0.321774 0.000000 0.000000 0.000000 1.000000 0.000000 0.000000
1.000000 11.700193 -1.318930 -3.879225 0.413185 0.000000 0.000000 0.000000 1.000000 0.000000 0.000000
1.000000 11.710028 -1.391323 -3.901628 0.419679 0.000000 0.000000 0.000000 1.000000 0.000000 0.000000
1.000000 11.710105 -1.105497 -3.886928 0.469769 0.000000 0.000000 0.000000 1.000000 0.000000 0.000000
1.000000 11.720222 -1.154427 -3.888223 0.493794 0.000000 0.000000 0.000000 1.000000 0.000000 0.000000
1.000000 11.730487 -1.378783 -3.893177 0.498182 0.000000 0.000000 0.000000 1.000000 0.000000 0.000000
1.000000 11.740078 -1.423544 -3.906591 0.506460 0.000000 0.000000 0.000000 1.000000 0.000000 0.000000
1.000000 11.750112 -1.603317 -3.911533 0.510569 0.000000 0.000000 0.000000 1.000000 0.000000 0.000000
1.000000 11.760203 -1.330877 -3.913402 0.571498 0.000000 0.000000 0.000000 1.000000 0.000000 0.000000
1.000000 11.770070 -1.355965 -3.920030 0.582415 0.000000 0.000000 0.000000 1.000000 0.000000 0.000000
1.000000 11.770140 -1.655136 -3.928356 0.564932 0.000000 0.000000 0.000000 1.000000 0.000000 0.000000
1.000000 11.780248 -1.423920 -3.917426 0.612200 0.000000 0.000000 0.000000 1.000000 0.000000 0.000000
1.000000 11.790131 -1.458905 -3.927738 0.619675 0.000000 0.000000 0.000000 1.000000 0.000000 0.000000
1.000000 11.800206 -1.810931 -3.940362 0.609301 0.000000 0.000000 0.000000 1.000000 0.000000 0.000000
1.000000 11.810108 -1.832675 -3.945818 0.618508 0.000000 0.000000 0.000000 1.000000 0.000000 0.000000
1.000000 11.810151 -1.569223 -3.933328 0.656921 0.000000 0.000000 0.000000 1.000000 0.000000 0.000000
1.000000 11.820356 -1.859523 -3.949185 0.647194 0.000000 0.000000 0.000000 1.000000 0.000000 0.000000
1.000000 11.830157 -1.730288 -3.956602 0.677906 0.000000 0.000000 0.000000 1.000000 0.000000 0.000000
1.000000 11.840219 -1.995403 -3.968836 0.675737 0.000000 0.000000 0.000000 1.000000 0.000000 0.000000
1.000000 11.860281 -2.079157 -3.983202 0.679221 0.000000 0.000000 0.000000 1.000000 0.000000 0.000000
1.000000 11.870220 -1.865004 -3.976643 0.716865 0.000000 0.000000 0.000000 1.000000 0.000000 0.000000
1.000000 11.880248 -2.168572 -3.991701 0.691743 0.000000 0.000000 0.000000 1.000000 0.000000 0.000000
1.000000 11.890228 -2.170698 -3.991921 0.694393 0.000000 0.000000 0.000000 1.000000 0.000000 0.000000
1.000000 11.890460 -2.199184 -3.991513 0.698028 0.000000 0.000000 0.000000 1.000000 0.000000 0.000000
1.000000 11.900173 -2.234905 -4.001809 0.703444 0.000000 0.000000 0.000000 1.000000 0.000000 0.000000
1.000000 11.900266 -2.290190 -4.005663 0.690744 0.000000 0.000000 0.000000 1.000000 0.000000 0.000000
1.000000 11.910106 -2.293030 -4.005950 0.693907 0.000000 0.000000 0.000000 1.000000 0.000000 0.000000
1.000000 11.910231 -2.020937 -3.991231 0.739046 0.000000 0.000000 0.000000 1.000000 0.000000 0.000000
1.000000 11.920265 -2.143008 -4.021030 0.733519 0.000000 0.000000 0.000000 1.000000 0.000000 0.000000
1.000000 11.930151 -2.126432 -4.016027 0.732204 0.000000 0.000000 0.000000 1.000000 0.000000 0.000000
1.000000 11.930221 -2.135188 -4.016399 0.731193 0.000000 0.000000 0.000000 1.000000 0.000000 0.000000
1.000000 11.940207 -2.179588 -4.030410 0.731048 0.000000 0.000000 0.000000 1.000000 0.000000 0.000000
1.000000 11.960284 -2.493535 -4.033410 0.709291 0.000000 0.000000 0.000000 1.000000 0.000000 0.000000
1.000000 11.970213 -2.523793 -4.044627 0.699691 0.000000 0.000000 0.000000 1.000000 0.000000 0.000000
1.000000 11.970246 -2.344361 -4.036736 0.721676 0.000000 0.000000 0.000000 1.000000 0.000000 0.000000
1.000000 11.980160 -2.307819 -4.024191 0.727829 0.000000 0.000000 0.000000 1.000000 0.000000 0.000000
1.000000 11.980302 -2.526937 -4.031706 0.709615 0.000000 0.000000 0.000000 1.000000 0.000000 0.000000
1.000000 11.990215 -2.539172 -4.034774 0.713688 0.000000 0.000000 0.000000 1.000000 0.000000 0.000000
1.000000 11.990263 -2.709137 -4.042591 0.691128 0.000000 0.000000 0.000000 1.000000 0.000000 0.000000
1.000000 12.000209 -2.834680 -4.086282 0.665598 0.000000 0.000000 0.000000 1.000000 0.000000 0.000000
1.000000 12.000290 -2.872905 -4.088546 0.658443 0.000000 0.000000 0.000000 1.000000 0.000000 0.000000
1.000000 12.010133 -2.783951 -4.058188 0.673469 0.000000 0.000000 0.000000 1.000000 0.000000 0.000000
1.000000 12.010250 -2.483893 -4.046648 0.703751 0.000000 0.000000 0.000000 1.000000 0.000000 0.000000
1.000000 12.020552 -2.627205 -4.091286 0.681625 0.000000 0.000000 0.000000 1.000000 0.000000 0.000000
1.000000 12.030249 -2.945293 -4.108252 0.632518 0.000000 0.000000 0.000000 1.000000 0.000000 0.000000
1.000000 12.030305 -2.869647 -4.084400 0.635987 0.000000 0.000000 0.000000 1.000000 0.000000 0.000000
1.000000 12.040301 -2.919577 -4.084726 0.637049 0.000000 0.000000 0.000000 1.000000 0.000000 0.000000
1.000000 12.040337 -2.838487 -4.058726 0.642501 0.000000 0.000000 0.000000 1.000000 0.000000 0.000000
1.000000 12.060340 -2.820270 -4.113565 0.620241 0.000000 0.000000 0.000000 1.000000 0.000000 0.000000
1.000000 12.070261 -2.894593 -4.118781 0.603659 0.000000 0.000000 0.000000 1.000000 0.000000 0.000000
1.000000 12.070304 -2.890297 -4.118144 0.600327 0.000000 0.000000 0.000000 1.000000 0.000000 0.000000
1.000000 12.080312 -2.896232 -4.115705 0.591293 0.000000 0.000000 0.000000 1.000000 0.000000 0.000000
1.000000 12.090209 -2.886436 -4.113674 0.586185 0.000000 0.000000 0.000000 1.000000 0.000000 0.000000
1.000000 12.090340 -3.253985 -4.126997 0.553646 0.000000 0.000000 0.000000 1.000000 0.000000 0.000000
1.000000 12.110278 -3.027181 -4.127198 0.541197 0.000000 0.000000 0.000000 1.000000 0.000000 0.000000
1.000000 12.110326 -3.058928 -4.140223 0.525626 0.000000 0.000000 0.000000 1.000000 0.000000 0.000000
1.000000 12.120329 -3.038231 -4.144152 0.515114 0.000000 0.000000 0.000000 1.000000 0.000000 0.000000
1.000000 12.130311 -3.379610 -4.164807 0.446506 0.000000 0.000000 0.000000 1.000000 0.000000 0.000000
1.000000 12.150309 -3.478762 -4.159763 0.408703 0.000000 0.000000 0.000000 1.000000 0.000000 0.000000
1.000000 12.160415 -3.295595 -4.173723 0.410463 0.000000 0.000000 0.000000 1.000000 0.000000 0.000000
1.000000 12.170295 -3.380749 -4.181609 0.384510 0.000000 0.000000 0.000000 1.000000 0.000000 0.000000
1.000000 12.170401 -3.312893 -4.161943 0.381058 0.000000 0.000000 0.000000 1.000000 0.000000 0.000000
1.000000 12.180550 -3.610970 -4.183897 0.330745 0.000000 0.000000 0.000000 1.000000 0.000000 0.000000
1.000000 12.190337 -3.624816 -4.191337 0.314715 0.000000 0.000000 0.000000 1.000000 0.000000 0.000000
1.000000 12.190354 -3.693636 -4.199373 0.284985 0.000000 0.000000 0.000000 1.000000 0.000000 0.000000
1.000000 12.200498 -3.786327 -4.201666 0.252034 0.000000 0.000000 0.000000 1.000000 0.000000 0.000000
1.000000 12.210363 -3.533826 -4.202501 0.250910 0.000000 0.000000 0.000000 1.000000 0.000000 0.000000
1.000000 12.220432 -3.492196 -4.184037 0.232389 0.000000 0.000000 0.000000 1.000000 0.000000 0.000000
1.000000 12.230385 -3.995201 -4.250941 0.143098 0.000000 0.000000 0.000000 1.000000 0.000000 0.000000
1.000000 12.240431 -4.027200 -4.243304 0.105522 0.000000 0.000000 0.000000 1.000000 0.000000 0.000000
1.000000 12.260396 -4.091505 -4.252566 0.064042 0.000000 0.000000 0.000000 1.000000 0.000000 0.000000
1.000000 12.260537 -4.062482 -4.246859 0.051283 0.000000 0.000000 0.000000 1.000000 0.000000 0.000000
1.000000 12.270350 -3.873809 -4.244762 0.051230 0.000000 0.000000 0.000000 1.000000 0.000000 0.000000
1.000000 12.270421 -3.848036 -4.240485 0.037016 0.000000 0.000000 0.000000 1.000000 0.000000 0.000000
1.000000 12.340494 -4.371036 -4.278763 -0.061735 0.000000 0.000000 0.000000 1.000000 0.000000 0.000000
1.000000 12.351092 -4.425849 -4.293446 -0.055109 0.000000 0.000000 0.000000 1.000000 0.000000 0.000000
1.000000 12.360464 -4.232123 -4.277233 0.001207 0.000000 0.000000 0.000000 1.000000 0.000000 0.000000
1.000000 12.360595 -4.258235 -4.282054 0.014935 0.000000 0.000000 0.000000 1.000000 0.000000 0.000000
1.000000 12.370849 -4.319624 -4.301304 0.039174 0.000000 0.000000 0.000000 1.000000 0.000000 0.000000
1.000000 12.380461 -4.343596 -4.305651 0.050286 0.000000 0.000000 0.000000 1.000000 0.000000 0.000000
1.000000 12.390418 -4.473355 -4.308552 0.084070 0.000000 0.000000 0.000000 1.000000 0.000000 0.000000
1.000000 12.400505 -4.558605 -4.314984 0.095220 0.000000 0.000000 0.000000 1.000000 0.000000 0.000000
1.000000 12.410443 -4.595182 -4.313695 0.103028 0.000000 0.000000 0.000000 1.000000 0.000000 0.000000
1.000000 12.410581 -4.612030 -4.316102 0.114629 0.000000 0.000000 0.000000 1.000000 0.000000 0.000000
1.000000 12.420645 -4.629784 -4.325125 0.135332 0.000000 0.000000 0.000000 1.000000 0.000000 0.000000
1.000000 12.430431 -4.687569 -4.340942 0.139724 0.000000 0.000000 0.000000 1.000000 0.000000 0.000000
1.000000 12.460476 -4.849376 -4.357474 0.205823 0.000000 0.000000 0.000000 1.000000 0.000000 0.000000
1.000000 12.470445 -4.849536 -4.355906 0.212524 0.000000 0.000000 0.000000 1.000000 0.000000 0.000000
1.000000 12.470492 -4.883042 -4.355999 0.213914 0.000000 0.000000 0.000000 1.000000 0.000000 0.000000
1.000000 12.480432 -4.947781 -4.375715 0.210495 0.000000 0.000000 0.000000 1.000000 0.000000 0.000000
1.000000 12.480758 -4.926623 -4.376279 0.207395 0.000000 0.000000 0.000000 1.000000 0.000000 0.000000
1.000000 12.490314 -4.953770 -4.382289 0.214489 0.000000 0.000000 0.000000 1.000000 0.000000 0.000000
1.000000 12.510508 -5.033443 -4.381006 0.249394 0.000000 0.000000 0.000000 1.000000 0.000000 0.000000
1.000000 12.510557 -5.049413 -4.384540 0.254605 0.000000 0.000000 0.000000 1.000000 0.000000 0.000000
1.000000 12.520520 -5.063055 -4.383257 0.260951 0.000000 0.000000 0.000000 1.000000 0.000000 0.000000
1.000000 12.520528 -5.084151 -4.388663 0.264564 0.000000 0.000000 0.000000 1.000000 0.000000 0.000000
1.000000 12.540700 -5.310180 -4.416260 0.271730 0.000000 0.000000 0.000000 1.000000 0.000000 0.000000
1.000000 12.550468 -5.302441 -4.413435 0.274205 0.000000 0.000000 0.000000 1.000000 0.000000 0.000000
1.000000 12.550477 -5.169307 -4.406156 0.294116 0.000000 0.000000 0.000000 1.000000 0.000000 0.000000
1.000000 12.560632 -5.224020 -4.418160 0.297299 0.000000 0.000000 0.000000 1.000000 0.000000 0.000000
1.000000 12.570414 -5.266927 -4.431633 0.293321 0.000000 0.000000 0.000000 1.000000 0.000000 0.000000
1.000000 12.570491 -5.319123 -4.432186 0.294968 0.000000 0.000000 0.000000 1.000000 0.000000 0.000000
1.000000 12.580642 -5.443730 -4.443653 0.275335 0.000000 0.000000 0.000000 1.000000 0.000000 0.000000
1.000000 12.590532 -5.421423 -4.443590 0.279266 0.000000 0.000000 0.000000 1.000000 0.000000 0.000000
1.000000 12.600578 -5.416094 -4.444605 0.293089 0.000000 0.000000 0.000000 1.000000 0.000000 0.000000
1.000000 12.610501 -5.448244 -4.446020 0.289815 0.000000 0.000000 0.000000 1.000000 0.000000 0.000000
1.000000 12.610648 -5.484480 -4.457003 0.288102 0.000000 0.000000 0.000000 1.000000 0.000000 0.000000
1.000000 12.620546 -5.543468 -4.459550 0.282350 0.000000 0.000000 0.000000 1.000000 0.000000 0.000000
1.000000 12.620576 -5.557186 -4.463611 0.282109 0.000000 0.000000 0.000000 1.000000 0.000000 0.000000
1.000000 12.630718 -5.642861 -4.468349 0.277040 0.000000 0.000000 0.000000 1.000000 0.000000 0.000000
1.000000 12.640509 -5.656342 -4.472588 0.275658 0.000000 0.000000 0.000000 1.000000 0.000000 0.000000
1.000000 12.640570 -5.730453 -4.476964 0.263537 0.000000 0.000000 0.000000 1.000000 0.000000 0.000000
1.000000 12.650452 -5.743151 -4.481205 0.261073 0.000000 0.000000 0.000000 1.000000 0.000000 0.000000
1.000000 12.650552 -5.664288 -4.478400 0.266117 0.000000 0.000000 0.000000 1.000000 0.000000 0.000000
1.000000 12.660548 -5.666841 -4.479791 0.263223 0.000000 0.000000 0.000000 1.000000 0.000000 0.000000
1.000000 12.660616 -5.682378 -4.480664 0.260883 0.000000 0.000000 0.000000 1.000000 0.000000 0.000000
1.000000 12.670594 -5.714402 -4.491327 0.254896 0.000000 0.000000 0.000000 1.000000 0.000000 0.000000
1.000000 12.670714 -5.744079 -4.492742 0.251527 0.000000 0.000000 0.000000 1.000000 0.000000 0.000000
1.000000 12.680567 -5.748476 -4.493888 0.252151 0.000000 0.000000 0.000000 1.000000 0.000000 0.000000
1.000000 12.700572 -5.899812 -4.517257 0.214756 0.000000 0.000000 0.000000 1.000000 0.000000 0.000000
1.000000 12.710534 -5.888633 -4.515342 0.208954 0.000000 0.000000 0.000000 1.000000 0.000000 0.000000
1.000000 12.710554 -5.904817 -4.517397 0.201826 0.000000 0.000000 0.000000 1.000000 0.000000 0.000000
1.000000 12.720487 -5.911688 -4.521216 0.193723 0.000000 0.000000 0.000000 1.000000 0.000000 0.000000
1.000000 12.720634 -5.947266 -4.523670 0.186517 0.000000 0.000000 0.000000 1.000000 0.000000 0.000000
1.000000 12.730620 -6.075303 -4.535861 0.161303 0.000000 0.000000 0.000000 1.000000 0.000000 0.000000
1.000000 12.760704 -6.118212 -4.544732 0.110144 0.000000 0.000000 0.000000 1.000000 0.000000 0.000000
1.000000 12.770619 -6.153287 -4.554369 0.092601 0.000000 0.000000 0.000000 1.000000 0.000000 0.000000
1.000000 12.790589 -6.285329 -4.562066 0.053881 0.000000 0.000000 0.000000 1.000000 0.000000 0.000000
1.000000 12.790599 -6.322212 -4.577954 0.032037 0.000000 0.000000 0.000000 1.000000 0.000000 0.000000
1.000000 12.820680 -6.377480 -4.591587 -0.033054 0.000000 0.000000 0.000000 1.000000 0.000000 0.000000
1.000000 12.830505 -6.324869 -4.575704 -0.029700 0.000000 0.000000 0.000000 1.000000 0.000000 0.000000
1.000000 12.910866 -6.782862 -4.649682 -0.058776 0.000000 0.000000 0.000000 1.000000 0.000000 0.000000
1.000000 12.920604 -6.803560 -4.653591 -0.049891 0.000000 0.000000 0.000000 1.000000 0.000000 0.000000
1.000000 12.920802 -6.785051 -4.649578 -0.034467 0.000000 0.000000 0.000000 1.000000 0.000000 0.000000
1.000000 12.930602 -6.837457 -4.663343 -0.029045 0.000000 0.000000 0.000000 1.000000 0.000000 0.000000
1.000000 12.950758 -6.922185 -4.669242 0.013132 0.000000 0.000000 0.000000 1.000000 0.000000 0.000000
1.000000 12.960689 -6.955278 -4.678337 0.014518 0.000000 0.000000 0.000000 1.000000 0.000000 0.000000
1.000000 12.990842 -7.110758 -4.697199 0.052829 0.000000 0.000000 0.000000 1.000000 0.000000 0.000000
1.000000 13.000715 -7.122390 -4.699950 0.055245 0.000000 0.000000 0.000000 1.000000 0.000000 0.000000
1.000000 13.000736 -7.107659 -4.696506 0.068343 0.000000 0.000000 0.000000 1.000000 0.000000 0.000000
1.000000 13.010678 -7.148579 -4.707799 0.070053 0.000000 0.000000 0.000000 1.000000 0.000000 0.000000
1.000000 13.010738 -7.190165 -4.708400 0.071946 0.000000 0.000000 0.000000 1.000000 0.000000 0.000000
1.000000 13.020669 -7.181643 -4.704252 0.079712 0.000000 0.000000 0.000000 1.000000 0.000000 0.000000
1.000000 13.020751 -7.187499 -4.703606 0.083099 0.000000 0.000000 0.000000 1.000000 0.000000 0.000000
1.000000 13.030574 -7.243909 -4.719091 0.085576 0.000000 0.000000 0.000000 1.000000 0.000000 0.000000
1.000000 13.030753 -7.323619 -4.717496 0.101977 0.000000 0.000000 0.000000 1.000000 0.000000 0.000000
1.000000 13.040701 -7.344508 -4.723500 0.101930 0.000000 0.000000 0.000000 1.000000 0.000000 0.000000
1.000000 13.040761 -7.398014 -4.731733 0.071671 0.000000 0.000000 0.000000 1.000000 0.000000 0.000000
1.000000 13.050738 -7.406963 -4.734136 0.072227 0.000000 0.000000 0.000000 1.000000 0.000000 0.000000
1.000000 13.050855 -7.338877 -4.726027 0.099770 0.000000 0.000000 0.000000 1.000000 0.000000 0.000000
1.000000 13.060689 -7.360339 -4.730389 0.107934 0.000000 0.000000 0.000000 1.000000 0.000000 0.000000
1.000000 13.060770 -7.372529 -4.731112 0.106168 0.000000 0.000000 0.000000 1.000000 0.000000 0.000000
1.000000 13.070608 -7.388887 -4.735868 0.105690 0.000000 0.000000 0.000000 1.000000 0.000000 0.000000
1.000000 13.140733 -7.787433 -4.792611 0.056174 0.000000 0.000000 0.000000 1.000000 0.000000 0.000000
1.000000 13.150687 -7.830639 -4.803846 0.060178 0.000000 0.000000 0.000000 1.000000 0.000000 0.000000
1.000000 13.150718 -7.575706 -4.787824 0.099287 0.000000 0.000000 0.000000 1.000000 0.000000 0.000000
1.000000 13.160834 -7.824585 -4.800296 0.061351 0.000000 0.000000 0.000000 1.000000 0.000000 0.000000
1.000000 13.170625 -7.781152 -4.788915 0.056931 0.000000 0.000000 0.000000 1.000000 0.000000 0.000000
1.000000 13.170688 -7.811675 -4.791148 0.050646 0.000000 0.000000 0.000000 1.000000 0.000000 0.000000
1.000000 13.200789 -8.023724 -4.826433 0.009118 0.000000 0.000000 0.000000 1.000000 0.000000 0.000000
1.000000 13.210818 -7.819723 -4.811906 0.018312 0.000000 0.000000 0.000000 1.000000 0.000000 0.000000
1.000000 13.220707 -7.780779 -4.809941 0.022311 0.000000 0.000000 0.000000 1.000000 0.000000 0.000000
1.000000 13.220764 -7.800468 -4.820472 -0.000322 0.000000 0.000000 0.000000 1.000000 0.000000 0.000000
1.000000 13.260961 -8.027974 -4.854472 -0.092474 0.000000 0.000000 0.000000 1.000000 0.000000 0.000000
1.000000 13.270750 -8.015825 -4.852852 -0.101392 0.000000 0.000000 0.000000 1.000000 0.000000 0.000000
1.000000 13.320933 -8.228017 -4.874194 -0.064341 0.000000 0.000000 0.000000 1.000000 0.000000 0.000000
1.000000 13.340859 -8.636595 -4.912199 -0.070701 0.000000 0.000000 0.000000 1.000000 0.000000 0.000000
1.000000 13.350792 -8.398605 -4.897277 -0.035107 0.000000 0.000000 0.000000 1.000000 0.000000 0.000000
1.000000 13.350924 -8.389957 -4.894232 -0.032185 0.000000 0.000000 0.000000 1.000000 0.000000 0.000000
1.000000 13.360758 -8.475279 -4.898612 -0.040450 0.000000 0.000000 0.000000 1.000000 0.000000 0.000000
1.000000 13.360811 -8.524047 -4.911345 -0.035842 0.000000 0.000000 0.000000 1.000000 0.000000 0.000000
1.000000 13.370923 -8.600008 -4.911440 -0.028284 0.000000 0.000000 0.000000 1.000000 0.000000 0.000000
1.000000 13.380826 -8.565755 -4.898769 -0.013980 0.000000 0.000000 0.000000 1.000000 0.000000 0.000000
1.000000 13.391032 -8.818465 -4.917310 -0.020226 0.000000 0.000000 0.000000 1.000000 0.000000 0.000000
1.000000 13.400883 -8.670200 -4.929707 0.002629 0.000000 0.000000 0.000000 1.000000 0.000000 0.000000
1.000000 13.420818 -8.737362 -4.938871 0.008900 0.000000 0.000000 0.000000 1.000000 0.000000 0.000000
1.000000 13.420825 -8.745086 -4.938217 0.012887 0.000000 0.000000 0.000000 1.000000 0.000000 0.000000
1.000000 13.430804 -8.751844 -4.940141 0.012750 0.000000 0.000000 0.000000 1.000000 0.000000 0.000000
1.000000 13.450815 -8.702338 -4.945392 0.030031 0.000000 0.000000 0.000000 1.000000 0.000000 0.000000
1.000000 13.460948 -8.884858 -4.957195 -0.001142 0.000000 0.000000 0.000000 1.000000 0.000000 0.000000
1.000000 13.470819 -8.909758 -4.957239 0.002221 0.000000 0.000000 0.000000 1.000000 0.000000 0.000000
