10.000000 89.704403 25.197387 -0.215434 0.486804 0.000000 0.000000 0.000000 1.000000 0.000000 0.000000
10.000000 89.714335 25.244846 -0.275723 0.541758 0.000000 0.000000 0.000000 1.000000 0.000000 0.000000
10.000000 89.724335 25.109816 -0.283660 0.648728 0.000000 0.000000 0.000000 1.000000 0.000000 0.000000
10.000000 89.734172 24.919876 -0.267681 0.712761 0.000000 0.000000 0.000000 1.000000 0.000000 0.000000
10.000000 89.744159 24.853787 -0.291758 0.824845 0.000000 0.000000 0.000000 1.000000 0.000000 0.000000
10.000000 89.754282 24.563596 -0.272074 0.926364 0.000000 0.000000 0.000000 1.000000 0.000000 0.000000
10.000000 89.764394 24.521271 -0.277937 1.008965 0.000000 0.000000 0.000000 1.000000 0.000000 0.000000
10.000000 89.774318 24.390005 -0.279480 1.078817 0.000000 0.000000 0.000000 1.000000 0.000000 0.000000
10.000000 89.784416 24.187577 -0.271919 1.176346 0.000000 0.000000 0.000000 1.000000 0.000000 0.000000
10.000000 89.794261 24.063190 -0.274689 1.263133 0.000000 0.000000 0.000000 1.000000 0.000000 0.000000
10.000000 89.803849 22.605934 -0.121352 1.409546 0.000000 0.000000 0.000000 1.000000 0.000000 0.000000
10.000000 89.804281 23.944915 -0.279519 1.352840 0.000000 0.000000 0.000000 1.000000 0.000000 0.000000
10.000000 89.813951 22.487124 -0.126425 1.472907 0.000000 0.000000 0.000000 1.000000 0.000000 0.000000
10.000000 89.814385 23.737894 -0.272169 1.429263 0.000000 0.000000 0.000000 1.000000 0.000000 0.000000
10.000000 89.823829 22.388716 -0.134810 1.548299 0.000000 0.000000 0.000000 1.000000 0.000000 0.000000
10.000000 89.824229 23.617729 -0.284092 1.502626 0.000000 0.000000 0.000000 1.000000 0.000000 0.000000
10.000000 89.833975 22.310127 -0.142388 1.627556 0.000000 0.000000 0.000000 1.000000 0.000000 0.000000
10.000000 89.834418 23.495727 -0.275924 1.583137 0.000000 0.000000 0.000000 1.000000 0.000000 0.000000
10.000000 89.843864 22.192732 -0.142204 1.691080 0.000000 0.000000 0.000000 1.000000 0.000000 0.000000
10.000000 89.844350 23.335394 -0.270085 1.654351 0.000000 0.000000 0.000000 1.000000 0.000000 0.000000
10.000000 89.853982 22.093811 -0.145920 1.761639 0.000000 0.000000 0.000000 1.000000 0.000000 0.000000
10.000000 89.854306 23.190346 -0.267106 1.727163 0.000000 0.000000 0.000000 1.000000 0.000000 0.000000
10.000000 89.863906 21.987968 -0.147769 1.825057 0.000000 0.000000 0.000000 1.000000 0.000000 0.000000
10.000000 89.864365 23.082781 -0.269993 1.794392 0.000000 0.000000 0.000000 1.000000 0.000000 0.000000
10.000000 89.873982 21.874089 -0.166460 1.884826 0.000000 0.000000 0.000000 1.000000 0.000000 0.000000
10.000000 89.874264 22.789491 -0.264210 1.872542 0.000000 0.000000 0.000000 1.000000 0.000000 0.000000
10.000000 89.883882 21.792633 -0.161399 1.960693 0.000000 0.000000 0.000000 1.000000 0.000000 0.000000
10.000000 89.884408 22.778652 -0.262366 1.935482 0.000000 0.000000 0.000000 1.000000 0.000000 0.000000
10.000000 89.893983 21.709235 -0.167853 2.026105 0.000000 0.000000 0.000000 1.000000 0.000000 0.000000
10.000000 89.894259 22.674023 -0.264852 2.000197 0.000000 0.000000 0.000000 1.000000 0.000000 0.000000
10.000000 89.903903 21.617772 -0.179661 2.088895 0.000000 0.000000 0.000000 1.000000 0.000000 0.000000
10.000000 89.904407 22.514312 -0.266076 2.069382 0.000000 0.000000 0.000000 1.000000 0.000000 0.000000
10.000000 89.904779 20.968788 -0.172608 2.103354 0.000000 0.000000 0.000000 1.000000 0.000000 0.000000
10.000000 89.913973 21.523718 -0.181642 2.152531 0.000000 0.000000 0.000000 1.000000 0.000000 0.000000
10.000000 89.914367 22.412984 -0.266213 2.129377 0.000000 0.000000 0.000000 1.000000 0.000000 0.000000
10.000000 89.914699 20.844772 -0.172311 2.156050 0.000000 0.000000 0.000000 1.000000 0.000000 0.000000
10.000000 89.923906 21.463506 -0.218059 2.219722 0.000000 0.000000 0.000000 1.000000 0.000000 0.000000
10.000000 89.924302 22.114672 -0.264058 2.214064 0.000000 0.000000 0.000000 1.000000 0.000000 0.000000
10.000000 89.924773 20.723432 -0.174833 2.221323 0.000000 0.000000 0.000000 1.000000 0.000000 0.000000
10.000000 89.934023 21.356410 -0.206819 2.274386 0.000000 0.000000 0.000000 1.000000 0.000000 0.000000
10.000000 89.934278 22.205600 -0.291696 2.250753 0.000000 0.000000 0.000000 1.000000 0.000000 0.000000
10.000000 89.934725 20.582386 -0.199037 2.272194 0.000000 0.000000 0.000000 1.000000 0.000000 0.000000
10.000000 89.943919 21.276145 -0.208953 2.333185 0.000000 0.000000 0.000000 1.000000 0.000000 0.000000
10.000000 89.944455 22.029207 -0.266136 2.314358 0.000000 0.000000 0.000000 1.000000 0.000000 0.000000
10.000000 89.944793 20.501355 -0.181378 2.330858 0.000000 0.000000 0.000000 1.000000 0.000000 0.000000
10.000000 89.954286 21.837090 -0.260681 2.383076 0.000000 0.000000 0.000000 1.000000 0.000000 0.000000
10.000000 89.954700 20.377291 -0.178785 2.391537 0.000000 0.000000 0.000000 1.000000 0.000000 0.000000
10.000000 89.963891 21.077955 -0.222517 2.446659 0.000000 0.000000 0.000000 1.000000 0.000000 0.000000
10.000000 89.964320 21.718213 -0.262797 2.439203 0.000000 0.000000 0.000000 1.000000 0.000000 0.000000
10.000000 89.964760 20.247360 -0.181546 2.447963 0.000000 0.000000 0.000000 1.000000 0.000000 0.000000
10.000000 89.974295 21.542562 -0.259943 2.489189 0.000000 0.000000 0.000000 1.000000 0.000000 0.000000
10.000000 89.974694 20.142668 -0.181894 2.498091 0.000000 0.000000 0.000000 1.000000 0.000000 0.000000
10.000000 89.983920 20.869743 -0.240013 2.551592 0.000000 0.000000 0.000000 1.000000 0.000000 0.000000
10.000000 89.984290 21.387198 -0.264204 2.550405 0.000000 0.000000 0.000000 1.000000 0.000000 0.000000
10.000000 89.984806 20.020499 -0.186666 2.545369 0.000000 0.000000 0.000000 1.000000 0.000000 0.000000
10.000000 89.994313 21.324600 -0.266385 2.598828 0.000000 0.000000 0.000000 1.000000 0.000000 0.000000
10.000000 89.994775 19.900006 -0.192177 2.599474 0.000000 0.000000 0.000000 1.000000 0.000000 0.000000
10.000000 90.003954 20.710122 -0.250453 2.659479 0.000000 0.000000 0.000000 1.000000 0.000000 0.000000
10.000000 90.004288 21.219808 -0.269279 2.651945 0.000000 0.000000 0.000000 1.000000 0.000000 0.000000
10.000000 90.004852 19.780217 -0.193115 2.643171 0.000000 0.000000 0.000000 1.000000 0.000000 0.000000
10.000000 90.014281 21.031803 -0.261874 2.709741 0.000000 0.000000 0.000000 1.000000 0.000000 0.000000
10.000000 90.014766 19.659046 -0.187758 2.696636 0.000000 0.000000 0.000000 1.000000 0.000000 0.000000
10.000000 90.023953 20.533218 -0.276854 2.751825 0.000000 0.000000 0.000000 1.000000 0.000000 0.000000
10.000000 90.024317 20.837683 -0.259113 2.763037 0.000000 0.000000 0.000000 1.000000 0.000000 0.000000
10.000000 90.024786 19.540375 -0.187484 2.743877 0.000000 0.000000 0.000000 1.000000 0.000000 0.000000
10.000000 90.034355 20.766559 -0.259618 2.809743 0.000000 0.000000 0.000000 1.000000 0.000000 0.000000
10.000000 90.034752 19.429310 -0.189571 2.791024 0.000000 0.000000 0.000000 1.000000 0.000000 0.000000
10.000000 90.044324 20.685732 -0.261755 2.852810 0.000000 0.000000 0.000000 1.000000 0.000000 0.000000
10.000000 90.044847 19.309593 -0.193760 2.833065 0.000000 0.000000 0.000000 1.000000 0.000000 0.000000
10.000000 90.054357 20.526399 -0.261168 2.905191 0.000000 0.000000 0.000000 1.000000 0.000000 0.000000
10.000000 90.054797 19.195241 -0.194764 2.877614 0.000000 0.000000 0.000000 1.000000 0.000000 0.000000
10.000000 90.064055 20.215862 -0.308997 2.941379 0.000000 0.000000 0.000000 1.000000 0.000000 0.000000
10.000000 90.064400 20.378891 -0.262061 2.949342 0.000000 0.000000 0.000000 1.000000 0.000000 0.000000
10.000000 90.064835 19.075688 -0.196534 2.919130 0.000000 0.000000 0.000000 1.000000 0.000000 0.000000
10.000000 90.074347 20.206470 -0.257821 2.986855 0.000000 0.000000 0.000000 1.000000 0.000000 0.000000
10.000000 90.074746 18.961032 -0.195849 2.964904 0.000000 0.000000 0.000000 1.000000 0.000000 0.000000
10.000000 90.084408 20.131479 -0.260045 3.034657 0.000000 0.000000 0.000000 1.000000 0.000000 0.000000
10.000000 90.084839 18.843433 -0.203078 3.014247 0.000000 0.000000 0.000000 1.000000 0.000000 0.000000
10.000000 90.094373 20.000434 -0.257387 3.082227 0.000000 0.000000 0.000000 1.000000 0.000000 0.000000
10.000000 90.094784 18.725680 -0.201582 3.056814 0.000000 0.000000 0.000000 1.000000 0.000000 0.000000
10.000000 90.104444 19.889448 -0.261127 3.118065 0.000000 0.000000 0.000000 1.000000 0.000000 0.000000
10.000000 90.104917 18.598516 -0.207837 3.097669 0.000000 0.000000 0.000000 1.000000 0.000000 0.000000
10.000000 90.114375 19.745649 -0.259105 3.157996 0.000000 0.000000 0.000000 1.000000 0.000000 0.000000
10.000000 90.114852 18.474105 -0.204734 3.130043 0.000000 0.000000 0.000000 1.000000 0.000000 0.000000
10.000000 90.124413 19.522552 -0.254930 3.203745 0.000000 0.000000 0.000000 1.000000 0.000000 0.000000
10.000000 90.124848 18.382714 -0.202091 3.162580 0.000000 0.000000 0.000000 1.000000 0.000000 0.000000
10.000000 90.134412 19.574711 -0.281464 3.229448 0.000000 0.000000 0.000000 1.000000 0.000000 0.000000
10.000000 90.134796 18.199612 -0.227943 3.203047 0.000000 0.000000 0.000000 1.000000 0.000000 0.000000
10.000000 90.144423 19.420530 -0.275960 3.270608 0.000000 0.000000 0.000000 1.000000 0.000000 0.000000
10.000000 90.144890 18.093218 -0.224920 3.242690 0.000000 0.000000 0.000000 1.000000 0.000000 0.000000
10.000000 90.154387 19.278643 -0.271335 3.306500 0.000000 0.000000 0.000000 1.000000 0.000000 0.000000
10.000000 90.155036 17.982382 -0.223354 3.277514 0.000000 0.000000 0.000000 1.000000 0.000000 0.000000
10.000000 90.164414 19.137542 -0.271346 3.339374 0.000000 0.000000 0.000000 1.000000 0.000000 0.000000
10.000000 90.164917 17.862647 -0.218886 3.294132 0.000000 0.000000 0.000000 1.000000 0.000000 0.000000
10.000000 90.174389 18.950773 -0.270024 3.369652 0.000000 0.000000 0.000000 1.000000 0.000000 0.000000
10.000000 90.174808 17.768869 -0.222035 3.328958 0.000000 0.000000 0.000000 1.000000 0.000000 0.000000
10.000000 90.184437 18.891863 -0.272213 3.398751 0.000000 0.000000 0.000000 1.000000 0.000000 0.000000
10.000000 90.184879 17.624589 -0.228918 3.368794 0.000000 0.000000 0.000000 1.000000 0.000000 0.000000
10.000000 90.194423 18.742234 -0.268690 3.426561 0.000000 0.000000 0.000000 1.000000 0.000000 0.000000
10.000000 90.194875 17.541567 -0.225058 3.386094 0.000000 0.000000 0.000000 1.000000 0.000000 0.000000
10.000000 90.204411 18.623808 -0.266663 3.450740 0.000000 0.000000 0.000000 1.000000 0.000000 0.000000
10.000000 90.205528 17.416522 -0.225223 3.408696 0.000000 0.000000 0.000000 1.000000 0.000000 0.000000
10.000000 90.214703 18.525463 -0.274483 3.477110 0.000000 0.000000 0.000000 1.000000 0.000000 0.000000
10.000000 90.214880 17.263476 -0.230531 3.430476 0.000000 0.000000 0.000000 1.000000 0.000000 0.000000
10.000000 90.224459 18.306642 -0.267405 3.502015 0.000000 0.000000 0.000000 1.000000 0.000000 0.000000
10.000000 90.224883 17.161351 -0.226298 3.452433 0.000000 0.000000 0.000000 1.000000 0.000000 0.000000
10.000000 90.234679 18.268032 -0.274873 3.517849 0.000000 0.000000 0.000000 1.000000 0.000000 0.000000
10.000000 90.234824 17.053587 -0.236478 3.485503 0.000000 0.000000 0.000000 1.000000 0.000000 0.000000
10.000000 90.244998 16.943182 -0.236505 3.504701 0.000000 0.000000 0.000000 1.000000 0.000000 0.000000
10.000000 90.254451 17.633267 -0.285939 3.564412 0.000000 0.000000 0.000000 1.000000 0.000000 0.000000
10.000000 90.254819 16.817437 -0.238751 3.527793 0.000000 0.000000 0.000000 1.000000 0.000000 0.000000
10.000000 90.264119 18.018457 -0.346799 3.583769 0.000000 0.000000 0.000000 1.000000 0.000000 0.000000
10.000000 90.264570 17.896395 -0.274950 3.584527 0.000000 0.000000 0.000000 1.000000 0.000000 0.000000
10.000000 90.264971 16.712292 -0.237740 3.549767 0.000000 0.000000 0.000000 1.000000 0.000000 0.000000
10.000000 90.274246 17.803124 -0.345589 3.592927 0.000000 0.000000 0.000000 1.000000 0.000000 0.000000
10.000000 90.274462 17.658293 -0.274211 3.604371 0.000000 0.000000 0.000000 1.000000 0.000000 0.000000
10.000000 90.274853 16.573704 -0.239507 3.573028 0.000000 0.000000 0.000000 1.000000 0.000000 0.000000
10.000000 90.284019 17.690568 -0.350358 3.621357 0.000000 0.000000 0.000000 1.000000 0.000000 0.000000
10.000000 90.284374 17.554424 -0.284866 3.629695 0.000000 0.000000 0.000000 1.000000 0.000000 0.000000
10.000000 90.284899 16.482886 -0.249089 3.589822 0.000000 0.000000 0.000000 1.000000 0.000000 0.000000
10.000000 90.294112 17.658453 -0.354733 3.640162 0.000000 0.000000 0.000000 1.000000 0.000000 0.000000
10.000000 90.294457 17.519993 -0.280204 3.642727 0.000000 0.000000 0.000000 1.000000 0.000000 0.000000
10.000000 90.294843 16.357544 -0.246633 3.616424 0.000000 0.000000 0.000000 1.000000 0.000000 0.000000
10.000000 90.304063 17.560037 -0.350496 3.658328 0.000000 0.000000 0.000000 1.000000 0.000000 0.000000
10.000000 90.304450 17.428997 -0.278516 3.658789 0.000000 0.000000 0.000000 1.000000 0.000000 0.000000
10.000000 90.304929 16.247061 -0.245714 3.634104 0.000000 0.000000 0.000000 1.000000 0.000000 0.000000
10.000000 90.314079 17.507459 -0.365088 3.684772 0.000000 0.000000 0.000000 1.000000 0.000000 0.000000
10.000000 90.314407 17.305799 -0.279280 3.685631 0.000000 0.000000 0.000000 1.000000 0.000000 0.000000
10.000000 90.314856 16.114585 -0.243555 3.641455 0.000000 0.000000 0.000000 1.000000 0.000000 0.000000
10.000000 90.324127 17.362390 -0.354184 3.690765 0.000000 0.000000 0.000000 1.000000 0.000000 0.000000
10.000000 90.324435 17.181036 -0.269193 3.691374 0.000000 0.000000 0.000000 1.000000 0.000000 0.000000
10.000000 90.324907 15.989429 -0.239005 3.669821 0.000000 0.000000 0.000000 1.000000 0.000000 0.000000
10.000000 90.334299 17.228122 -0.361154 3.712740 0.000000 0.000000 0.000000 1.000000 0.000000 0.000000
10.000000 90.334562 17.067212 -0.287900 3.702685 0.000000 0.000000 0.000000 1.000000 0.000000 0.000000
10.000000 90.334870 15.885313 -0.257943 3.672589 0.000000 0.000000 0.000000 1.000000 0.000000 0.000000
10.000000 90.344109 17.176530 -0.367519 3.729641 0.000000 0.000000 0.000000 1.000000 0.000000 0.000000
10.000000 90.344420 16.946856 -0.268955 3.723075 0.000000 0.000000 0.000000 1.000000 0.000000 0.000000
10.000000 90.345127 15.810437 -0.240576 3.694543 0.000000 0.000000 0.000000 1.000000 0.000000 0.000000
10.000000 90.354170 17.031492 -0.355254 3.730538 0.000000 0.000000 0.000000 1.000000 0.000000 0.000000
10.000000 90.354628 16.834753 -0.260673 3.727426 0.000000 0.000000 0.000000 1.000000 0.000000 0.000000
10.000000 90.354911 15.707435 -0.233443 3.711805 0.000000 0.000000 0.000000 1.000000 0.000000 0.000000
10.000000 90.364104 16.910765 -0.359808 3.755619 0.000000 0.000000 0.000000 1.000000 0.000000 0.000000
10.000000 90.364523 16.690133 -0.268485 3.755925 0.000000 0.000000 0.000000 1.000000 0.000000 0.000000
10.000000 90.364948 15.552769 -0.239216 3.724495 0.000000 0.000000 0.000000 1.000000 0.000000 0.000000
10.000000 90.374217 16.676437 -0.328903 3.751934 0.000000 0.000000 0.000000 1.000000 0.000000 0.000000
10.000000 90.374461 16.534415 -0.256299 3.749071 0.000000 0.000000 0.000000 1.000000 0.000000 0.000000
10.000000 90.374869 15.494235 -0.228257 3.723081 0.000000 0.000000 0.000000 1.000000 0.000000 0.000000
10.000000 90.384253 16.703500 -0.352881 3.774219 0.000000 0.000000 0.000000 1.000000 0.000000 0.000000
10.000000 90.384708 16.506144 -0.268135 3.771185 0.000000 0.000000 0.000000 1.000000 0.000000 0.000000
10.000000 90.385316 15.356500 -0.239960 3.743669 0.000000 0.000000 0.000000 1.000000 0.000000 0.000000
10.000000 90.394402 16.615012 -0.367540 3.791046 0.000000 0.000000 0.000000 1.000000 0.000000 0.000000
10.000000 90.394824 16.376907 -0.268160 3.779586 0.000000 0.000000 0.000000 1.000000 0.000000 0.000000
10.000000 90.394915 15.261876 -0.241515 3.749093 0.000000 0.000000 0.000000 1.000000 0.000000 0.000000
10.000000 90.404285 16.483355 -0.362493 3.795540 0.000000 0.000000 0.000000 1.000000 0.000000 0.000000
10.000000 90.404687 16.276937 -0.274444 3.786904 0.000000 0.000000 0.000000 1.000000 0.000000 0.000000
10.000000 90.404953 15.129323 -0.247326 3.760205 0.000000 0.000000 0.000000 1.000000 0.000000 0.000000
10.000000 90.414211 16.382967 -0.364146 3.802382 0.000000 0.000000 0.000000 1.000000 0.000000 0.000000
10.000000 90.414656 16.181496 -0.277275 3.795313 0.000000 0.000000 0.000000 1.000000 0.000000 0.000000
10.000000 90.414945 15.004204 -0.247471 3.763148 0.000000 0.000000 0.000000 1.000000 0.000000 0.000000
10.000000 90.424328 16.280277 -0.359185 3.808464 0.000000 0.000000 0.000000 1.000000 0.000000 0.000000
10.000000 90.424624 16.091409 -0.274173 3.798462 0.000000 0.000000 0.000000 1.000000 0.000000 0.000000
10.000000 90.425001 14.880717 -0.245344 3.772917 0.000000 0.000000 0.000000 1.000000 0.000000 0.000000
10.000000 90.434420 16.080331 -0.356159 3.813179 0.000000 0.000000 0.000000 1.000000 0.000000 0.000000
10.000000 90.434638 15.956223 -0.290666 3.798834 0.000000 0.000000 0.000000 1.000000 0.000000 0.000000
10.000000 90.435175 14.755935 -0.262983 3.782819 0.000000 0.000000 0.000000 1.000000 0.000000 0.000000
10.000000 90.444268 15.952013 -0.348323 3.816607 0.000000 0.000000 0.000000 1.000000 0.000000 0.000000
10.000000 90.444704 15.804044 -0.275446 3.797921 0.000000 0.000000 0.000000 1.000000 0.000000 0.000000
10.000000 90.445053 14.677217 -0.250408 3.780102 0.000000 0.000000 0.000000 1.000000 0.000000 0.000000
10.000000 90.454390 15.792620 -0.334638 3.816227 0.000000 0.000000 0.000000 1.000000 0.000000 0.000000
10.000000 90.454621 15.653123 -0.268231 3.803805 0.000000 0.000000 0.000000 1.000000 0.000000 0.000000
10.000000 90.454909 14.582725 -0.243658 3.783406 0.000000 0.000000 0.000000 1.000000 0.000000 0.000000
10.000000 90.464149 15.648993 -0.324099 3.817889 0.000000 0.000000 0.000000 1.000000 0.000000 0.000000
10.000000 90.464575 15.562614 -0.272046 3.800376 0.000000 0.000000 0.000000 1.000000 0.000000 0.000000
10.000000 90.464993 14.439505 -0.245976 3.782864 0.000000 0.000000 0.000000 1.000000 0.000000 0.000000
10.000000 90.474397 15.487404 -0.312955 3.812829 0.000000 0.000000 0.000000 1.000000 0.000000 0.000000
10.000000 90.474630 15.425686 -0.267382 3.798202 0.000000 0.000000 0.000000 1.000000 0.000000 0.000000
10.000000 90.474934 14.300198 -0.243595 3.795756 0.000000 0.000000 0.000000 1.000000 0.000000 0.000000
10.000000 90.484326 15.376075 -0.318531 3.817033 0.000000 0.000000 0.000000 1.000000 0.000000 0.000000
10.000000 90.484741 15.305318 -0.270883 3.794464 0.000000 0.000000 0.000000 1.000000 0.000000 0.000000
10.000000 90.484990 14.250713 -0.248150 3.785314 0.000000 0.000000 0.000000 1.000000 0.000000 0.000000
10.000000 90.494274 15.237499 -0.316482 3.820926 0.000000 0.000000 0.000000 1.000000 0.000000 0.000000
10.000000 90.494815 15.140571 -0.262111 3.803469 0.000000 0.000000 0.000000 1.000000 0.000000 0.000000
10.000000 90.494998 14.168097 -0.239863 3.789002 0.000000 0.000000 0.000000 1.000000 0.000000 0.000000
10.000000 90.504248 15.125747 -0.311925 3.824346 0.000000 0.000000 0.000000 1.000000 0.000000 0.000000
10.000000 90.504739 15.053919 -0.268352 3.805759 0.000000 0.000000 0.000000 1.000000 0.000000 0.000000
10.000000 90.505008 14.057020 -0.244805 3.786763 0.000000 0.000000 0.000000 1.000000 0.000000 0.000000
10.000000 90.514322 15.078061 -0.321982 3.820795 0.000000 0.000000 0.000000 1.000000 0.000000 0.000000
10.000000 90.514645 14.989200 -0.271768 3.796348 0.000000 0.000000 0.000000 1.000000 0.000000 0.000000
10.000000 90.515185 13.891307 -0.247218 3.778465 0.000000 0.000000 0.000000 1.000000 0.000000 0.000000
10.000000 90.522297 13.977839 -0.193887 3.762677 0.000000 0.000000 0.000000 1.000000 0.000000 0.000000
10.000000 90.524271 14.942789 -0.322631 3.816516 0.000000 0.000000 0.000000 1.000000 0.000000 0.000000
10.000000 90.524560 14.820773 -0.259184 3.790937 0.000000 0.000000 0.000000 1.000000 0.000000 0.000000
10.000000 90.525453 13.828266 -0.237296 3.774991 0.000000 0.000000 0.000000 1.000000 0.000000 0.000000
10.000000 90.532240 13.886641 -0.197710 3.762392 0.000000 0.000000 0.000000 1.000000 0.000000 0.000000
10.000000 90.534280 14.915663 -0.330742 3.810176 0.000000 0.000000 0.000000 1.000000 0.000000 0.000000
10.000000 90.534725 14.817523 -0.271360 3.777406 0.000000 0.000000 0.000000 1.000000 0.000000 0.000000
10.000000 90.535080 13.677495 -0.248243 3.772875 0.000000 0.000000 0.000000 1.000000 0.000000 0.000000
10.000000 90.542299 13.756531 -0.200586 3.759396 0.000000 0.000000 0.000000 1.000000 0.000000 0.000000
10.000000 90.544558 14.119438 -0.260957 3.806924 0.000000 0.000000 0.000000 1.000000 0.000000 0.000000
10.000000 90.545245 13.579660 -0.248552 3.770089 0.000000 0.000000 0.000000 1.000000 0.000000 0.000000
10.000000 90.554364 14.545090 -0.307769 3.798240 0.000000 0.000000 0.000000 1.000000 0.000000 0.000000
10.000000 90.554627 14.490727 -0.269419 3.767605 0.000000 0.000000 0.000000 1.000000 0.000000 0.000000
10.000000 90.554947 13.488112 -0.247725 3.755874 0.000000 0.000000 0.000000 1.000000 0.000000 0.000000
10.000000 90.564272 14.451581 -0.308624 3.789610 0.000000 0.000000 0.000000 1.000000 0.000000 0.000000
10.000000 90.564635 14.382179 -0.263520 3.758183 0.000000 0.000000 0.000000 1.000000 0.000000 0.000000
10.000000 90.565113 13.460947 -0.244213 3.750533 0.000000 0.000000 0.000000 1.000000 0.000000 0.000000
10.000000 90.572327 13.523556 -0.205908 3.743820 0.000000 0.000000 0.000000 1.000000 0.000000 0.000000
10.000000 90.574471 14.331505 -0.308086 3.784877 0.000000 0.000000 0.000000 1.000000 0.000000 0.000000
10.000000 90.574671 14.267899 -0.265777 3.746255 0.000000 0.000000 0.000000 1.000000 0.000000 0.000000
10.000000 90.574991 13.371194 -0.244888 3.726269 0.000000 0.000000 0.000000 1.000000 0.000000 0.000000
10.000000 90.582390 13.441394 -0.202425 3.735185 0.000000 0.000000 0.000000 1.000000 0.000000 0.000000
10.000000 90.584311 14.166151 -0.288298 3.780097 0.000000 0.000000 0.000000 1.000000 0.000000 0.000000
10.000000 90.584693 14.196751 -0.275905 3.734261 0.000000 0.000000 0.000000 1.000000 0.000000 0.000000
10.000000 90.594705 14.070993 -0.262701 3.718933 0.000000 0.000000 0.000000 1.000000 0.000000 0.000000
10.000000 90.604797 13.991931 -0.273774 3.713156 0.000000 0.000000 0.000000 1.000000 0.000000 0.000000
10.000000 90.605110 12.894763 -0.251448 3.704710 0.000000 0.000000 0.000000 1.000000 0.000000 0.000000
10.000000 90.614852 13.833073 -0.260768 3.708614 0.000000 0.000000 0.000000 1.000000 0.000000 0.000000
10.000000 90.615050 12.873590 -0.239578 3.692164 0.000000 0.000000 0.000000 1.000000 0.000000 0.000000
10.000000 90.624215 13.793457 -0.310764 3.743348 0.000000 0.000000 0.000000 1.000000 0.000000 0.000000
10.000000 90.624833 13.743996 -0.272706 3.693699 0.000000 0.000000 0.000000 1.000000 0.000000 0.000000
10.000000 90.625052 12.691902 -0.247828 3.673408 0.000000 0.000000 0.000000 1.000000 0.000000 0.000000
10.000000 90.634881 13.626946 -0.259824 3.683452 0.000000 0.000000 0.000000 1.000000 0.000000 0.000000
10.000000 90.634998 12.623179 -0.237741 3.671691 0.000000 0.000000 0.000000 1.000000 0.000000 0.000000
10.000000 90.644592 13.514525 -0.255771 3.668753 0.000000 0.000000 0.000000 1.000000 0.000000 0.000000
10.000000 90.645077 12.537965 -0.234309 3.662061 0.000000 0.000000 0.000000 1.000000 0.000000 0.000000
10.000000 90.654663 13.410569 -0.254666 3.651264 0.000000 0.000000 0.000000 1.000000 0.000000 0.000000
10.000000 90.655009 12.447565 -0.233423 3.648266 0.000000 0.000000 0.000000 1.000000 0.000000 0.000000
10.000000 90.664834 13.308286 -0.254768 3.633718 0.000000 0.000000 0.000000 1.000000 0.000000 0.000000
10.000000 90.674929 13.167429 -0.245991 3.612472 0.000000 0.000000 0.000000 1.000000 0.000000 0.000000
10.000000 90.675011 12.211765 -0.222479 3.603558 0.000000 0.000000 0.000000 1.000000 0.000000 0.000000
10.000000 90.684233 13.155549 -0.304635 3.636316 0.000000 0.000000 0.000000 1.000000 0.000000 0.000000
10.000000 90.684866 13.072965 -0.247332 3.590895 0.000000 0.000000 0.000000 1.000000 0.000000 0.000000
10.000000 90.685094 12.148984 -0.226006 3.591214 0.000000 0.000000 0.000000 1.000000 0.000000 0.000000
10.000000 90.694785 12.969073 -0.240097 3.565471 0.000000 0.000000 0.000000 1.000000 0.000000 0.000000
10.000000 90.695270 12.065484 -0.220173 3.565591 0.000000 0.000000 0.000000 1.000000 0.000000 0.000000
10.000000 90.704818 12.858284 -0.251077 3.545317 0.000000 0.000000 0.000000 1.000000 0.000000 0.000000
10.000000 90.705142 11.923967 -0.229020 3.545033 0.000000 0.000000 0.000000 1.000000 0.000000 0.000000
10.000000 90.714953 12.764331 -0.247428 3.519206 0.000000 0.000000 0.000000 1.000000 0.000000 0.000000
10.000000 90.715047 11.811135 -0.224346 3.519072 0.000000 0.000000 0.000000 1.000000 0.000000 0.000000
10.000000 90.724741 12.602209 -0.250042 3.495180 0.000000 0.000000 0.000000 1.000000 0.000000 0.000000
10.000000 90.725146 11.741324 -0.226646 3.487289 0.000000 0.000000 0.000000 1.000000 0.000000 0.000000
10.000000 90.734790 12.566183 -0.257745 3.461161 0.000000 0.000000 0.000000 1.000000 0.000000 0.000000
10.000000 90.735052 11.592619 -0.236047 3.472026 0.000000 0.000000 0.000000 1.000000 0.000000 0.000000
10.000000 90.744702 12.472976 -0.258292 3.438464 0.000000 0.000000 0.000000 1.000000 0.000000 0.000000
10.000000 90.745074 11.482784 -0.235436 3.453278 0.000000 0.000000 0.000000 1.000000 0.000000 0.000000
10.000000 90.755073 12.332673 -0.246721 3.407017 0.000000 0.000000 0.000000 1.000000 0.000000 0.000000
10.000000 90.755116 11.396328 -0.225324 3.418943 0.000000 0.000000 0.000000 1.000000 0.000000 0.000000
10.000000 90.764930 12.227099 -0.245860 3.379131 0.000000 0.000000 0.000000 1.000000 0.000000 0.000000
10.000000 90.765263 11.288239 -0.221924 3.388253 0.000000 0.000000 0.000000 1.000000 0.000000 0.000000
10.000000 90.774836 12.110670 -0.245873 3.347985 0.000000 0.000000 0.000000 1.000000 0.000000 0.000000
10.000000 90.775044 11.169442 -0.224008 3.364965 0.000000 0.000000 0.000000 1.000000 0.000000 0.000000
10.000000 90.784871 12.022954 -0.249888 3.317615 0.000000 0.000000 0.000000 1.000000 0.000000 0.000000
10.000000 90.785118 11.073493 -0.226201 3.334869 0.000000 0.000000 0.000000 1.000000 0.000000 0.000000
10.000000 90.794897 11.890397 -0.239317 3.287237 0.000000 0.000000 0.000000 1.000000 0.000000 0.000000
10.000000 90.795128 11.008863 -0.218115 3.303424 0.000000 0.000000 0.000000 1.000000 0.000000 0.000000
10.000000 90.804753 11.806816 -0.242176 3.251003 0.000000 0.000000 0.000000 1.000000 0.000000 0.000000
10.000000 90.805140 10.885646 -0.219863 3.271111 0.000000 0.000000 0.000000 1.000000 0.000000 0.000000
10.000000 90.814842 11.690674 -0.244736 3.219811 0.000000 0.000000 0.000000 1.000000 0.000000 0.000000
10.000000 90.815124 10.774208 -0.219468 3.238309 0.000000 0.000000 0.000000 1.000000 0.000000 0.000000
10.000000 90.824763 11.573800 -0.243820 3.184988 0.000000 0.000000 0.000000 1.000000 0.000000 0.000000
10.000000 90.825339 10.680544 -0.217840 3.203812 0.000000 0.000000 0.000000 1.000000 0.000000 0.000000
10.000000 90.834861 11.449135 -0.245530 3.151533 0.000000 0.000000 0.000000 1.000000 0.000000 0.000000
10.000000 90.835068 10.581612 -0.221126 3.176892 0.000000 0.000000 0.000000 1.000000 0.000000 0.000000
10.000000 90.844787 11.373018 -0.240117 3.116535 0.000000 0.000000 0.000000 1.000000 0.000000 0.000000
10.000000 90.845815 10.481360 -0.217069 3.144346 0.000000 0.000000 0.000000 1.000000 0.000000 0.000000
10.000000 90.854980 11.269617 -0.238482 3.072662 0.000000 0.000000 0.000000 1.000000 0.000000 0.000000
10.000000 90.855109 10.383228 -0.214160 3.107507 0.000000 0.000000 0.000000 1.000000 0.000000 0.000000
10.000000 90.864707 11.171390 -0.242334 3.032567 0.000000 0.000000 0.000000 1.000000 0.000000 0.000000
10.000000 90.865192 10.280195 -0.217215 3.064646 0.000000 0.000000 0.000000 1.000000 0.000000 0.000000
10.000000 90.874865 11.083881 -0.243548 2.997111 0.000000 0.000000 0.000000 1.000000 0.000000 0.000000
10.000000 90.875114 10.145186 -0.213751 3.026380 0.000000 0.000000 0.000000 1.000000 0.000000 0.000000
10.000000 90.884747 10.968573 -0.243859 2.957506 0.000000 0.000000 0.000000 1.000000 0.000000 0.000000
10.000000 90.885143 10.075895 -0.217636 2.995399 0.000000 0.000000 0.000000 1.000000 0.000000 0.000000
10.000000 90.894867 10.859039 -0.242705 2.918865 0.000000 0.000000 0.000000 1.000000 0.000000 0.000000
10.000000 90.895181 10.002436 -0.215595 2.952279 0.000000 0.000000 0.000000 1.000000 0.000000 0.000000
10.000000 90.904699 10.745527 -0.241257 2.878911 0.000000 0.000000 0.000000 1.000000 0.000000 0.000000
10.000000 90.905188 9.878127 -0.212918 2.915859 0.000000 0.000000 0.000000 1.000000 0.000000 0.000000
10.000000 90.914856 10.671193 -0.248903 2.831737 0.000000 0.000000 0.000000 1.000000 0.000000 0.000000
10.000000 90.915204 9.762677 -0.215882 2.869945 0.000000 0.000000 0.000000 1.000000 0.000000 0.000000
10.000000 90.924798 10.572042 -0.246633 2.783079 0.000000 0.000000 0.000000 1.000000 0.000000 0.000000
10.000000 90.925677 9.633132 -0.213021 2.828917 0.000000 0.000000 0.000000 1.000000 0.000000 0.000000
10.000000 90.934847 10.449782 -0.245031 2.737177 0.000000 0.000000 0.000000 1.000000 0.000000 0.000000
10.000000 90.935421 9.563833 -0.216869 2.781747 0.000000 0.000000 0.000000 1.000000 0.000000 0.000000
10.000000 90.944802 10.342841 -0.240306 2.691173 0.000000 0.000000 0.000000 1.000000 0.000000 0.000000
10.000000 90.945219 9.481581 -0.212388 2.740548 0.000000 0.000000 0.000000 1.000000 0.000000 0.000000
10.000000 90.954938 10.228267 -0.235823 2.640592 0.000000 0.000000 0.000000 1.000000 0.000000 0.000000
10.000000 90.955448 9.384669 -0.208260 2.688175 0.000000 0.000000 0.000000 1.000000 0.000000 0.000000
10.000000 90.964934 10.126910 -0.231577 2.593582 0.000000 0.000000 0.000000 1.000000 0.000000 0.000000
10.000000 90.965288 9.252918 -0.202178 2.648494 0.000000 0.000000 0.000000 1.000000 0.000000 0.000000
10.000000 90.974900 10.031359 -0.231634 2.543639 0.000000 0.000000 0.000000 1.000000 0.000000 0.000000
10.000000 90.975225 9.173126 -0.198648 2.595163 0.000000 0.000000 0.000000 1.000000 0.000000 0.000000
10.000000 90.984899 9.877553 -0.222592 2.509690 0.000000 0.000000 0.000000 1.000000 0.000000 0.000000
10.000000 90.985422 9.134774 -0.193314 2.558400 0.000000 0.000000 0.000000 1.000000 0.000000 0.000000
10.000000 90.994844 9.785963 -0.217473 2.446855 0.000000 0.000000 0.000000 1.000000 0.000000 0.000000
10.000000 90.995417 9.020883 -0.192251 2.502426 0.000000 0.000000 0.000000 1.000000 0.000000 0.000000
10.000000 91.004851 9.693477 -0.216600 2.411823 0.000000 0.000000 0.000000 1.000000 0.000000 0.000000
10.000000 91.005350 8.963176 -0.182581 2.466614 0.000000 0.000000 0.000000 1.000000 0.000000 0.000000
10.000000 91.014890 9.616045 -0.226613 2.349188 0.000000 0.000000 0.000000 1.000000 0.000000 0.000000
10.000000 91.015225 8.789609 -0.194870 2.419253 0.000000 0.000000 0.000000 1.000000 0.000000 0.000000
10.000000 91.024925 9.544758 -0.237718 2.288947 0.000000 0.000000 0.000000 1.000000 0.000000 0.000000
10.000000 91.026347 8.697427 -0.197255 2.359718 0.000000 0.000000 0.000000 1.000000 0.000000 0.000000
10.000000 91.034910 9.468025 -0.240271 2.233181 0.000000 0.000000 0.000000 1.000000 0.000000 0.000000
10.000000 91.035342 8.610561 -0.199987 2.307586 0.000000 0.000000 0.000000 1.000000 0.000000 0.000000
10.000000 91.044798 9.347442 -0.237757 2.178938 0.000000 0.000000 0.000000 1.000000 0.000000 0.000000
10.000000 91.045674 8.517999 -0.196956 2.255971 0.000000 0.000000 0.000000 1.000000 0.000000 0.000000
10.000000 91.054955 9.237103 -0.232256 2.122920 0.000000 0.000000 0.000000 1.000000 0.000000 0.000000
10.000000 91.055193 8.438339 -0.191336 2.199104 0.000000 0.000000 0.000000 1.000000 0.000000 0.000000
10.000000 91.064813 9.158955 -0.238546 2.066501 0.000000 0.000000 0.000000 1.000000 0.000000 0.000000
10.000000 91.065309 8.347172 -0.192170 2.142951 0.000000 0.000000 0.000000 1.000000 0.000000 0.000000
10.000000 91.074890 9.081347 -0.242117 2.011314 0.000000 0.000000 0.000000 1.000000 0.000000 0.000000
10.000000 91.075207 8.195320 -0.189869 2.094498 0.000000 0.000000 0.000000 1.000000 0.000000 0.000000
10.000000 91.084791 8.990105 -0.240276 1.950312 0.000000 0.000000 0.000000 1.000000 0.000000 0.000000
10.000000 91.085209 8.146106 -0.190199 2.034949 0.000000 0.000000 0.000000 1.000000 0.000000 0.000000
10.000000 91.094953 8.880310 -0.244131 1.895144 0.000000 0.000000 0.000000 1.000000 0.000000 0.000000
10.000000 91.095231 8.064893 -0.190845 1.975109 0.000000 0.000000 0.000000 1.000000 0.000000 0.000000
10.000000 91.104803 8.769030 -0.237999 1.838923 0.000000 0.000000 0.000000 1.000000 0.000000 0.000000
10.000000 91.105491 7.988615 -0.184877 1.921065 0.000000 0.000000 0.000000 1.000000 0.000000 0.000000
10.000000 91.114924 8.676215 -0.233832 1.767575 0.000000 0.000000 0.000000 1.000000 0.000000 0.000000
10.000000 91.115219 7.893160 -0.175134 1.851142 0.000000 0.000000 0.000000 1.000000 0.000000 0.000000
10.000000 91.124823 8.584235 -0.236258 1.704547 0.000000 0.000000 0.000000 1.000000 0.000000 0.000000
10.000000 91.125677 7.809602 -0.174678 1.791651 0.000000 0.000000 0.000000 1.000000 0.000000 0.000000
10.000000 91.134871 8.505373 -0.238363 1.640902 0.000000 0.000000 0.000000 1.000000 0.000000 0.000000
10.000000 91.135454 7.732270 -0.179508 1.727194 0.000000 0.000000 0.000000 1.000000 0.000000 0.000000
10.000000 91.144809 8.400066 -0.230502 1.589762 0.000000 0.000000 0.000000 1.000000 0.000000 0.000000
10.000000 91.145324 7.653601 -0.167311 1.674613 0.000000 0.000000 0.000000 1.000000 0.000000 0.000000
10.000000 91.154895 8.301597 -0.227271 1.522104 0.000000 0.000000 0.000000 1.000000 0.000000 0.000000
10.000000 91.155225 7.541240 -0.164951 1.618070 0.000000 0.000000 0.000000 1.000000 0.000000 0.000000
10.000000 91.164914 8.193443 -0.231736 1.456932 0.000000 0.000000 0.000000 1.000000 0.000000 0.000000
10.000000 91.165311 7.468932 -0.166619 1.549214 0.000000 0.000000 0.000000 1.000000 0.000000 0.000000
10.000000 91.174932 8.098365 -0.231790 1.391494 0.000000 0.000000 0.000000 1.000000 0.000000 0.000000
10.000000 91.175241 7.407339 -0.160695 1.480871 0.000000 0.000000 0.000000 1.000000 0.000000 0.000000
10.000000 91.184884 8.017523 -0.227763 1.326227 0.000000 0.000000 0.000000 1.000000 0.000000 0.000000
10.000000 91.185299 7.306853 -0.154061 1.418138 0.000000 0.000000 0.000000 1.000000 0.000000 0.000000
10.000000 91.195041 7.925313 -0.227895 1.258972 0.000000 0.000000 0.000000 1.000000 0.000000 0.000000
10.000000 91.195377 7.227052 -0.152496 1.352776 0.000000 0.000000 0.000000 1.000000 0.000000 0.000000
10.000000 91.204875 7.821462 -0.227418 1.192939 0.000000 0.000000 0.000000 1.000000 0.000000 0.000000
10.000000 91.205296 7.140403 -0.153877 1.290164 0.000000 0.000000 0.000000 1.000000 0.000000 0.000000
10.000000 91.214968 7.727117 -0.226537 1.124088 0.000000 0.000000 0.000000 1.000000 0.000000 0.000000
10.000000 91.215238 7.033294 -0.147202 1.227990 0.000000 0.000000 0.000000 1.000000 0.000000 0.000000
10.000000 91.224969 7.636007 -0.224892 1.053103 0.000000 0.000000 0.000000 1.000000 0.000000 0.000000
10.000000 91.225344 6.956969 -0.150626 1.162635 0.000000 0.000000 0.000000 1.000000 0.000000 0.000000
10.000000 91.235002 7.543489 -0.225625 0.982250 0.000000 0.000000 0.000000 1.000000 0.000000 0.000000
10.000000 91.235302 6.882411 -0.148116 1.090453 0.000000 0.000000 0.000000 1.000000 0.000000 0.000000
10.000000 91.244843 7.463380 -0.227990 0.904551 0.000000 0.000000 0.000000 1.000000 0.000000 0.000000
10.000000 91.245334 6.788285 -0.143562 1.017354 0.000000 0.000000 0.000000 1.000000 0.000000 0.000000
10.000000 91.254963 7.361519 -0.223870 0.838429 0.000000 0.000000 0.000000 1.000000 0.000000 0.000000
10.000000 91.255559 6.741105 -0.141322 0.945180 0.000000 0.000000 0.000000 1.000000 0.000000 0.000000
10.000000 91.265041 7.257336 -0.219199 0.766978 0.000000 0.000000 0.000000 1.000000 0.000000 0.000000
10.000000 91.265674 6.648111 -0.129971 0.875063 0.000000 0.000000 0.000000 1.000000 0.000000 0.000000
10.000000 91.275105 7.182026 -0.221477 0.687849 0.000000 0.000000 0.000000 1.000000 0.000000 0.000000
10.000000 91.275278 6.587084 -0.129546 0.797973 0.000000 0.000000 0.000000 1.000000 0.000000 0.000000
10.000000 91.284914 7.072564 -0.222358 0.619175 0.000000 0.000000 0.000000 1.000000 0.000000 0.000000
10.000000 91.285381 6.505226 -0.130909 0.726376 0.000000 0.000000 0.000000 1.000000 0.000000 0.000000
10.000000 91.295037 7.006819 -0.225132 0.539235 0.000000 0.000000 0.000000 1.000000 0.000000 0.000000
10.000000 91.295339 6.415352 -0.132606 0.656509 0.000000 0.000000 0.000000 1.000000 0.000000 0.000000
10.000000 91.304661 6.806656 -0.282456 0.608167 0.000000 0.000000 0.000000 1.000000 0.000000 0.000000
10.000000 91.305049 6.904998 -0.220988 0.467044 0.000000 0.000000 0.000000 1.000000 0.000000 0.000000
10.000000 91.305324 6.342149 -0.126921 0.580974 0.000000 0.000000 0.000000 1.000000 0.000000 0.000000
10.000000 91.315046 6.826478 -0.222864 0.386293 0.000000 0.000000 0.000000 1.000000 0.000000 0.000000
10.000000 91.315546 6.290618 -0.121445 0.494324 0.000000 0.000000 0.000000 1.000000 0.000000 0.000000
10.000000 91.324939 6.716782 -0.221496 0.313004 0.000000 0.000000 0.000000 1.000000 0.000000 0.000000
10.000000 91.325353 6.188130 -0.115983 0.424859 0.000000 0.000000 0.000000 1.000000 0.000000 0.000000
10.000000 91.335053 6.644164 -0.221924 0.231559 0.000000 0.000000 0.000000 1.000000 0.000000 0.000000
10.000000 91.335284 6.106830 -0.118880 0.350915 0.000000 0.000000 0.000000 1.000000 0.000000 0.000000
10.000000 91.344959 6.562572 -0.220750 0.148797 0.000000 0.000000 0.000000 1.000000 0.000000 0.000000
10.000000 91.345378 6.041429 -0.112970 0.267215 0.000000 0.000000 0.000000 1.000000 0.000000 0.000000
10.000000 91.355046 6.463983 -0.217335 0.074432 0.000000 0.000000 0.000000 1.000000 0.000000 0.000000
10.000000 91.355327 5.962551 -0.111259 0.193022 0.000000 0.000000 0.000000 1.000000 0.000000 0.000000
10.000000 91.364980 6.384907 -0.215901 0.012847 0.000000 0.000000 0.000000 1.000000 0.000000 0.000000
10.000000 91.365583 5.889972 -0.104440 0.133658 0.000000 0.000000 0.000000 1.000000 0.000000 0.000000
10.000000 91.375052 6.336646 -0.217816 0.068049 0.000000 0.000000 0.000000 1.000000 0.000000 0.000000
10.000000 91.375309 5.795611 -0.103665 0.202806 0.000000 0.000000 0.000000 1.000000 0.000000 0.000000
10.000000 91.384985 6.297673 -0.221856 0.117946 0.000000 0.000000 0.000000 1.000000 0.000000 0.000000
10.000000 91.385592 5.768443 -0.113247 0.246751 0.000000 0.000000 0.000000 1.000000 0.000000 0.000000
10.000000 91.395111 6.234709 -0.215161 0.183849 0.000000 0.000000 0.000000 1.000000 0.000000 0.000000
10.000000 91.395583 5.712559 -0.111102 0.308271 0.000000 0.000000 0.000000 1.000000 0.000000 0.000000
10.000000 91.405110 6.188111 -0.216767 0.236463 0.000000 0.000000 0.000000 1.000000 0.000000 0.000000
10.000000 91.405404 5.658548 -0.110559 0.360391 0.000000 0.000000 0.000000 1.000000 0.000000 0.000000
10.000000 91.415102 6.152379 -0.219418 0.287673 0.000000 0.000000 0.000000 1.000000 0.000000 0.000000
10.000000 91.415371 5.557251 -0.112405 0.431678 0.000000 0.000000 0.000000 1.000000 0.000000 0.000000
10.000000 91.425029 6.093990 -0.219036 0.341312 0.000000 0.000000 0.000000 1.000000 0.000000 0.000000
10.000000 91.425433 5.555572 -0.112885 0.462295 0.000000 0.000000 0.000000 1.000000 0.000000 0.000000
10.000000 91.435071 6.037834 -0.218753 0.394761 0.000000 0.000000 0.000000 1.000000 0.000000 0.000000
10.000000 91.435382 5.483246 -0.118571 0.524634 0.000000 0.000000 0.000000 1.000000 0.000000 0.000000
10.000000 91.444930 5.998203 -0.218561 0.444767 0.000000 0.000000 0.000000 1.000000 0.000000 0.000000
10.000000 91.445434 5.430154 -0.118030 0.573422 0.000000 0.000000 0.000000 1.000000 0.000000 0.000000
10.000000 91.455091 5.968291 -0.220322 0.485642 0.000000 0.000000 0.000000 1.000000 0.000000 0.000000
10.000000 91.455385 5.378453 -0.117566 0.618275 0.000000 0.000000 0.000000 1.000000 0.000000 0.000000
10.000000 91.464980 5.904040 -0.219550 0.542367 0.000000 0.000000 0.000000 1.000000 0.000000 0.000000
10.000000 91.465414 5.311643 -0.114634 0.672658 0.000000 0.000000 0.000000 1.000000 0.000000 0.000000
10.000000 91.475085 5.861806 -0.220301 0.585710 0.000000 0.000000 0.000000 1.000000 0.000000 0.000000
10.000000 91.475729 5.265156 -0.120071 0.716517 0.000000 0.000000 0.000000 1.000000 0.000000 0.000000
10.000000 91.484966 5.806123 -0.220632 0.633122 0.000000 0.000000 0.000000 1.000000 0.000000 0.000000
10.000000 91.485438 5.202775 -0.122952 0.765907 0.000000 0.000000 0.000000 1.000000 0.000000 0.000000
10.000000 91.495144 5.774629 -0.218789 0.672898 0.000000 0.000000 0.000000 1.000000 0.000000 0.000000
10.000000 91.495357 5.165504 -0.122062 0.805991 0.000000 0.000000 0.000000 1.000000 0.000000 0.000000
10.000000 91.505007 5.714104 -0.219219 0.720478 0.000000 0.000000 0.000000 1.000000 0.000000 0.000000
10.000000 91.505455 5.083390 -0.124252 0.856784 0.000000 0.000000 0.000000 1.000000 0.000000 0.000000
10.000000 91.515106 5.667161 -0.218540 0.758442 0.000000 0.000000 0.000000 1.000000 0.000000 0.000000
10.000000 91.515407 5.042112 -0.123116 0.893869 0.000000 0.000000 0.000000 1.000000 0.000000 0.000000
10.000000 91.525018 5.606763 -0.217788 0.805499 0.000000 0.000000 0.000000 1.000000 0.000000 0.000000
10.000000 91.525500 5.015239 -0.113267 0.925227 0.000000 0.000000 0.000000 1.000000 0.000000 0.000000
10.000000 91.535142 5.562946 -0.215850 0.845663 0.000000 0.000000 0.000000 1.000000 0.000000 0.000000
10.000000 91.535435 4.943268 -0.121634 0.972326 0.000000 0.000000 0.000000 1.000000 0.000000 0.000000
10.000000 91.545040 5.520875 -0.215718 0.884142 0.000000 0.000000 0.000000 1.000000 0.000000 0.000000
10.000000 91.545486 4.840784 -0.120686 1.027049 0.000000 0.000000 0.000000 1.000000 0.000000 0.000000
10.000000 91.555137 5.471750 -0.217608 0.922438 0.000000 0.000000 0.000000 1.000000 0.000000 0.000000
10.000000 91.555401 4.808441 -0.125880 1.059709 0.000000 0.000000 0.000000 1.000000 0.000000 0.000000
10.000000 91.565088 5.430570 -0.217373 0.957943 0.000000 0.000000 0.000000 1.000000 0.000000 0.000000
10.000000 91.565500 4.767883 -0.124592 1.091626 0.000000 0.000000 0.000000 1.000000 0.000000 0.000000
10.000000 91.575195 5.380091 -0.217187 0.994927 0.000000 0.000000 0.000000 1.000000 0.000000 0.000000
10.000000 91.575397 4.743989 -0.127228 1.119523 0.000000 0.000000 0.000000 1.000000 0.000000 0.000000
10.000000 91.585051 5.339271 -0.217394 1.026633 0.000000 0.000000 0.000000 1.000000 0.000000 0.000000
10.000000 91.585475 4.709526 -0.132410 1.149225 0.000000 0.000000 0.000000 1.000000 0.000000 0.000000
10.000000 91.595414 5.285684 -0.216291 1.063072 0.000000 0.000000 0.000000 1.000000 0.000000 0.000000
10.000000 91.595686 4.621658 -0.126881 1.193412 0.000000 0.000000 0.000000 1.000000 0.000000 0.000000
10.000000 91.605073 5.239460 -0.215085 1.092252 0.000000 0.000000 0.000000 1.000000 0.000000 0.000000
10.000000 91.605527 4.556946 -0.132629 1.230020 0.000000 0.000000 0.000000 1.000000 0.000000 0.000000
10.000000 91.614745 5.184468 -0.312345 1.282456 0.000000 0.000000 0.000000 1.000000 0.000000 0.000000
10.000000 91.615421 5.193500 -0.215720 1.126422 0.000000 0.000000 0.000000 1.000000 0.000000 0.000000
10.000000 91.615440 4.456823 -0.125909 1.275183 0.000000 0.000000 0.000000 1.000000 0.000000 0.000000
10.000000 91.625023 5.154408 -0.215753 1.154485 0.000000 0.000000 0.000000 1.000000 0.000000 0.000000
10.000000 91.625474 4.445277 -0.133738 1.297155 0.000000 0.000000 0.000000 1.000000 0.000000 0.000000
10.000000 91.634744 5.096625 -0.316027 1.342777 0.000000 0.000000 0.000000 1.000000 0.000000 0.000000
10.000000 91.635138 5.097143 -0.216030 1.184718 0.000000 0.000000 0.000000 1.000000 0.000000 0.000000
10.000000 91.636028 4.405099 -0.134216 1.319104 0.000000 0.000000 0.000000 1.000000 0.000000 0.000000
10.000000 91.644678 5.051990 -0.313969 1.371300 0.000000 0.000000 0.000000 1.000000 0.000000 0.000000
10.000000 91.645019 5.052436 -0.214937 1.210580 0.000000 0.000000 0.000000 1.000000 0.000000 0.000000
10.000000 91.645535 4.349220 -0.138877 1.348629 0.000000 0.000000 0.000000 1.000000 0.000000 0.000000
10.000000 91.654896 5.004871 -0.316697 1.400402 0.000000 0.000000 0.000000 1.000000 0.000000 0.000000
10.000000 91.655181 5.002572 -0.216455 1.240717 0.000000 0.000000 0.000000 1.000000 0.000000 0.000000
10.000000 91.655458 4.309371 -0.140434 1.375973 0.000000 0.000000 0.000000 1.000000 0.000000 0.000000
10.000000 91.665032 4.961226 -0.216104 1.266325 0.000000 0.000000 0.000000 1.000000 0.000000 0.000000
10.000000 91.665484 4.262894 -0.132269 1.397355 0.000000 0.000000 0.000000 1.000000 0.000000 0.000000
10.000000 91.674911 4.912261 -0.314798 1.454967 0.000000 0.000000 0.000000 1.000000 0.000000 0.000000
10.000000 91.675099 4.914803 -0.217891 1.288099 0.000000 0.000000 0.000000 1.000000 0.000000 0.000000
10.000000 91.675486 4.143732 -0.125757 1.435791 0.000000 0.000000 0.000000 1.000000 0.000000 0.000000
10.000000 91.685060 4.866169 -0.214308 1.312341 0.000000 0.000000 0.000000 1.000000 0.000000 0.000000
10.000000 91.685518 4.125351 -0.138171 1.457335 0.000000 0.000000 0.000000 1.000000 0.000000 0.000000
10.000000 91.695107 4.814810 -0.214434 1.338248 0.000000 0.000000 0.000000 1.000000 0.000000 0.000000
10.000000 91.695490 3.946342 -0.146480 1.524795 0.000000 0.000000 0.000000 1.000000 0.000000 0.000000
10.000000 91.705120 4.777407 -0.218309 1.356804 0.000000 0.000000 0.000000 1.000000 0.000000 0.000000
10.000000 91.705553 3.953289 -0.145766 1.527601 0.000000 0.000000 0.000000 1.000000 0.000000 0.000000
10.000000 91.715081 4.737986 -0.217933 1.377501 0.000000 0.000000 0.000000 1.000000 0.000000 0.000000
10.000000 91.715471 3.936392 -0.127206 1.530612 0.000000 0.000000 0.000000 1.000000 0.000000 0.000000
10.000000 91.725088 4.681842 -0.217512 1.401379 0.000000 0.000000 0.000000 1.000000 0.000000 0.000000
10.000000 91.725512 3.850058 -0.142197 1.569164 0.000000 0.000000 0.000000 1.000000 0.000000 0.000000
10.000000 91.735161 4.634674 -0.215876 1.416325 0.000000 0.000000 0.000000 1.000000 0.000000 0.000000
10.000000 91.735455 3.850689 -0.132710 1.565329 0.000000 0.000000 0.000000 1.000000 0.000000 0.000000
10.000000 91.745055 4.593048 -0.217933 1.435622 0.000000 0.000000 0.000000 1.000000 0.000000 0.000000
10.000000 91.745644 3.745717 -0.144488 1.609131 0.000000 0.000000 0.000000 1.000000 0.000000 0.000000
10.000000 91.755186 4.550023 -0.214025 1.449536 0.000000 0.000000 0.000000 1.000000 0.000000 0.000000
10.000000 91.755507 3.735560 -0.137423 1.609198 0.000000 0.000000 0.000000 1.000000 0.000000 0.000000
10.000000 91.765240 4.495376 -0.214050 1.467690 0.000000 0.000000 0.000000 1.000000 0.000000 0.000000
10.000000 91.765577 3.703237 -0.129103 1.617220 0.000000 0.000000 0.000000 1.000000 0.000000 0.000000
10.000000 91.775187 4.449512 -0.213330 1.479225 0.000000 0.000000 0.000000 1.000000 0.000000 0.000000
10.000000 91.775491 3.629918 -0.129235 1.639751 0.000000 0.000000 0.000000 1.000000 0.000000 0.000000
10.000000 91.785135 4.406673 -0.215428 1.494505 0.000000 0.000000 0.000000 1.000000 0.000000 0.000000
10.000000 91.785523 3.536862 -0.142844 1.672618 0.000000 0.000000 0.000000 1.000000 0.000000 0.000000
10.000000 91.795218 4.356712 -0.213516 1.509874 0.000000 0.000000 0.000000 1.000000 0.000000 0.000000
10.000000 91.795536 3.529823 -0.137340 1.670427 0.000000 0.000000 0.000000 1.000000 0.000000 0.000000
10.000000 91.805165 4.315059 -0.214500 1.520409 0.000000 0.000000 0.000000 1.000000 0.000000 0.000000
10.000000 91.805846 3.528378 -0.141003 1.674010 0.000000 0.000000 0.000000 1.000000 0.000000 0.000000
10.000000 91.815297 4.273677 -0.213177 1.524882 0.000000 0.000000 0.000000 1.000000 0.000000 0.000000
10.000000 91.815521 3.437610 -0.117090 1.686296 0.000000 0.000000 0.000000 1.000000 0.000000 0.000000
10.000000 91.825092 4.228141 -0.214568 1.538512 0.000000 0.000000 0.000000 1.000000 0.000000 0.000000
10.000000 91.825550 3.416075 -0.134136 1.696025 0.000000 0.000000 0.000000 1.000000 0.000000 0.000000
10.000000 91.835171 4.181142 -0.215772 1.547795 0.000000 0.000000 0.000000 1.000000 0.000000 0.000000
10.000000 91.835522 3.366899 -0.147126 1.712851 0.000000 0.000000 0.000000 1.000000 0.000000 0.000000
10.000000 91.845113 4.130993 -0.213545 1.555349 0.000000 0.000000 0.000000 1.000000 0.000000 0.000000
10.000000 91.845548 3.328985 -0.140023 1.715306 0.000000 0.000000 0.000000 1.000000 0.000000 0.000000
10.000000 91.855236 4.086879 -0.213662 1.561240 0.000000 0.000000 0.000000 1.000000 0.000000 0.000000
10.000000 91.855566 3.293432 -0.143004 1.718093 0.000000 0.000000 0.000000 1.000000 0.000000 0.000000
10.000000 91.865151 4.030860 -0.210669 1.567049 0.000000 0.000000 0.000000 1.000000 0.000000 0.000000
10.000000 91.865588 3.173198 -0.128638 1.740934 0.000000 0.000000 0.000000 1.000000 0.000000 0.000000
10.000000 91.875158 4.001096 -0.216944 1.566925 0.000000 0.000000 0.000000 1.000000 0.000000 0.000000
10.000000 91.875516 3.197865 -0.132200 1.722123 0.000000 0.000000 0.000000 1.000000 0.000000 0.000000
10.000000 91.885113 3.931445 -0.209567 1.576120 0.000000 0.000000 0.000000 1.000000 0.000000 0.000000
10.000000 91.885590 3.061573 -0.128976 1.755930 0.000000 0.000000 0.000000 1.000000 0.000000 0.000000
10.000000 91.894853 3.945579 -0.334312 1.763441 0.000000 0.000000 0.000000 1.000000 0.000000 0.000000
10.000000 91.895196 3.903630 -0.212567 1.575787 0.000000 0.000000 0.000000 1.000000 0.000000 0.000000
10.000000 91.895559 3.124989 -0.154296 1.737232 0.000000 0.000000 0.000000 1.000000 0.000000 0.000000
10.000000 91.905100 3.858550 -0.211397 1.575679 0.000000 0.000000 0.000000 1.000000 0.000000 0.000000
10.000000 91.906271 3.049623 -0.141418 1.739346 0.000000 0.000000 0.000000 1.000000 0.000000 0.000000
10.000000 91.915210 3.815066 -0.211489 1.572646 0.000000 0.000000 0.000000 1.000000 0.000000 0.000000
10.000000 91.915544 2.997819 -0.122585 1.734315 0.000000 0.000000 0.000000 1.000000 0.000000 0.000000
10.000000 91.925231 3.775068 -0.214647 1.570929 0.000000 0.000000 0.000000 1.000000 0.000000 0.000000
10.000000 91.925651 2.916479 -0.132109 1.746340 0.000000 0.000000 0.000000 1.000000 0.000000 0.000000
10.000000 91.935030 3.797602 -0.353841 1.763318 0.000000 0.000000 0.000000 1.000000 0.000000 0.000000
10.000000 91.935306 3.734312 -0.212312 1.567708 0.000000 0.000000 0.000000 1.000000 0.000000 0.000000
10.000000 91.935781 2.862034 -0.124641 1.746509 0.000000 0.000000 0.000000 1.000000 0.000000 0.000000
10.000000 91.945169 3.685541 -0.215083 1.566925 0.000000 0.000000 0.000000 1.000000 0.000000 0.000000
10.000000 91.945612 2.883388 -0.144681 1.735330 0.000000 0.000000 0.000000 1.000000 0.000000 0.000000
10.000000 91.955237 3.642449 -0.213598 1.563770 0.000000 0.000000 0.000000 1.000000 0.000000 0.000000
10.000000 91.955861 2.776234 -0.119028 1.741291 0.000000 0.000000 0.000000 1.000000 0.000000 0.000000
10.000000 91.965191 3.592417 -0.213505 1.563000 0.000000 0.000000 0.000000 1.000000 0.000000 0.000000
10.000000 91.965661 2.763065 -0.120203 1.730925 0.000000 0.000000 0.000000 1.000000 0.000000 0.000000
10.000000 91.975214 3.548840 -0.210996 1.556555 0.000000 0.000000 0.000000 1.000000 0.000000 0.000000
10.000000 91.975591 2.748172 -0.107991 1.713949 0.000000 0.000000 0.000000 1.000000 0.000000 0.000000
10.000000 91.985154 3.501842 -0.210621 1.547304 0.000000 0.000000 0.000000 1.000000 0.000000 0.000000
10.000000 91.985607 2.682513 -0.123504 1.719367 0.000000 0.000000 0.000000 1.000000 0.000000 0.000000
10.000000 91.995330 3.453904 -0.208513 1.541117 0.000000 0.000000 0.000000 1.000000 0.000000 0.000000
10.000000 91.995662 2.638176 -0.119190 1.711884 0.000000 0.000000 0.000000 1.000000 0.000000 0.000000
10.000000 92.005133 3.411737 -0.209017 1.532507 0.000000 0.000000 0.000000 1.000000 0.000000 0.000000
10.000000 92.005591 2.604514 -0.129619 1.706449 0.000000 0.000000 0.000000 1.000000 0.000000 0.000000
10.000000 92.015286 3.368409 -0.206437 1.521257 0.000000 0.000000 0.000000 1.000000 0.000000 0.000000
10.000000 92.015856 2.529390 -0.106155 1.699829 0.000000 0.000000 0.000000 1.000000 0.000000 0.000000
10.000000 92.025165 3.328360 -0.210080 1.504823 0.000000 0.000000 0.000000 1.000000 0.000000 0.000000
10.000000 92.025667 2.513233 -0.111519 1.682701 0.000000 0.000000 0.000000 1.000000 0.000000 0.000000
10.000000 92.035243 3.286688 -0.211721 1.494991 0.000000 0.000000 0.000000 1.000000 0.000000 0.000000
10.000000 92.035589 2.500139 -0.130820 1.671192 0.000000 0.000000 0.000000 1.000000 0.000000 0.000000
10.000000 92.045169 3.261062 -0.212379 1.472418 0.000000 0.000000 0.000000 1.000000 0.000000 0.000000
10.000000 92.045824 2.437609 -0.131385 1.663498 0.000000 0.000000 0.000000 1.000000 0.000000 0.000000
10.000000 92.055293 3.222402 -0.210201 1.455512 0.000000 0.000000 0.000000 1.000000 0.000000 0.000000
10.000000 92.055624 2.395480 -0.123253 1.649948 0.000000 0.000000 0.000000 1.000000 0.000000 0.000000
10.000000 92.065709 2.339290 -0.110720 1.636657 0.000000 0.000000 0.000000 1.000000 0.000000 0.000000
10.000000 92.075620 2.356846 -0.103131 1.601940 0.000000 0.000000 0.000000 1.000000 0.000000 0.000000
10.000000 92.085784 2.308919 -0.127049 1.596804 0.000000 0.000000 0.000000 1.000000 0.000000 0.000000
10.000000 92.093002 1.355998 -0.303085 1.529566 0.000000 0.000000 0.000000 1.000000 0.000000 0.000000
10.000000 92.095644 2.258183 -0.116129 1.581457 0.000000 0.000000 0.000000 1.000000 0.000000 0.000000
10.000000 92.105271 2.023557 -0.274896 1.664830 0.000000 0.000000 0.000000 1.000000 0.000000 0.000000
10.000000 92.105739 2.228953 -0.127063 1.565608 0.000000 0.000000 0.000000 1.000000 0.000000 0.000000
10.000000 92.113035 1.337328 -0.290806 1.504597 0.000000 0.000000 0.000000 1.000000 0.000000 0.000000
10.000000 92.115616 2.170458 -0.098384 1.544190 0.000000 0.000000 0.000000 1.000000 0.000000 0.000000
10.000000 92.122964 1.078589 -0.280584 1.456608 0.000000 0.000000 0.000000 1.000000 0.000000 0.000000
10.000000 92.125716 2.142924 -0.099111 1.522253 0.000000 0.000000 0.000000 1.000000 0.000000 0.000000
10.000000 92.135315 1.934826 -0.280561 1.599800 0.000000 0.000000 0.000000 1.000000 0.000000 0.000000
10.000000 92.135668 2.127989 -0.114550 1.497104 0.000000 0.000000 0.000000 1.000000 0.000000 0.000000
10.000000 92.142968 1.070805 -0.304020 1.419201 0.000000 0.000000 0.000000 1.000000 0.000000 0.000000
10.000000 92.145692 2.092357 -0.113476 1.475991 0.000000 0.000000 0.000000 1.000000 0.000000 0.000000
10.000000 92.155454 1.837475 -0.282841 1.566153 0.000000 0.000000 0.000000 1.000000 0.000000 0.000000
10.000000 92.155681 2.054135 -0.115174 1.454499 0.000000 0.000000 0.000000 1.000000 0.000000 0.000000
10.000000 92.162948 0.980234 -0.310571 1.375241 0.000000 0.000000 0.000000 1.000000 0.000000 0.000000
10.000000 92.165755 2.005239 -0.085263 1.428642 0.000000 0.000000 0.000000 1.000000 0.000000 0.000000
10.000000 92.175470 1.754435 -0.286699 1.521047 0.000000 0.000000 0.000000 1.000000 0.000000 0.000000
10.000000 92.175659 1.979415 -0.108675 1.402528 0.000000 0.000000 0.000000 1.000000 0.000000 0.000000
10.000000 92.185319 1.736217 -0.288908 1.493315 0.000000 0.000000 0.000000 1.000000 0.000000 0.000000
10.000000 92.185752 1.943693 -0.089296 1.375805 0.000000 0.000000 0.000000 1.000000 0.000000 0.000000
10.000000 92.195429 1.693236 -0.290557 1.470633 0.000000 0.000000 0.000000 1.000000 0.000000 0.000000
10.000000 92.195691 1.885458 -0.091968 1.358442 0.000000 0.000000 0.000000 1.000000 0.000000 0.000000
10.000000 92.202997 0.664681 -0.294534 1.242233 0.000000 0.000000 0.000000 1.000000 0.000000 0.000000
10.000000 92.205794 1.852455 -0.106342 1.321421 0.000000 0.000000 0.000000 1.000000 0.000000 0.000000
10.000000 92.215500 1.619950 -0.286473 1.410543 0.000000 0.000000 0.000000 1.000000 0.000000 0.000000
10.000000 92.215811 1.808449 -0.083985 1.297306 0.000000 0.000000 0.000000 1.000000 0.000000 0.000000
10.000000 92.223002 0.475099 -0.301421 1.164117 0.000000 0.000000 0.000000 1.000000 0.000000 0.000000
10.000000 92.225712 1.822943 -0.075463 1.252108 0.000000 0.000000 0.000000 1.000000 0.000000 0.000000
10.000000 92.235471 1.592343 -0.291066 1.342367 0.000000 0.000000 0.000000 1.000000 0.000000 0.000000
10.000000 92.235706 1.781008 -0.078068 1.226610 0.000000 0.000000 0.000000 1.000000 0.000000 0.000000
10.000000 92.242929 0.422929 -0.301653 1.098515 0.000000 0.000000 0.000000 1.000000 0.000000 0.000000
10.000000 92.245782 1.738888 -0.076938 1.199221 0.000000 0.000000 0.000000 1.000000 0.000000 0.000000
10.000000 92.253042 0.383710 -0.293865 1.056082 0.000000 0.000000 0.000000 1.000000 0.000000 0.000000
10.000000 92.255698 1.702954 -0.075783 1.165686 0.000000 0.000000 0.000000 1.000000 0.000000 0.000000
10.000000 92.262969 0.316989 -0.297037 1.015618 0.000000 0.000000 0.000000 1.000000 0.000000 0.000000
10.000000 92.265898 1.671033 -0.073346 1.134347 0.000000 0.000000 0.000000 1.000000 0.000000 0.000000
10.000000 92.273104 0.210299 -0.306333 0.960758 0.000000 0.000000 0.000000 1.000000 0.000000 0.000000
10.000000 92.275670 1.674712 -0.068648 1.080946 0.000000 0.000000 0.000000 1.000000 0.000000 0.000000
10.000000 92.283012 0.160364 -0.306787 0.923469 0.000000 0.000000 0.000000 1.000000 0.000000 0.000000
10.000000 92.285981 1.631455 -0.060009 1.055011 0.000000 0.000000 0.000000 1.000000 0.000000 0.000000
10.000000 92.295717 0.083998 -0.303633 0.869394 0.000000 0.000000 0.000000 1.000000 0.000000 0.000000
10.000000 92.305840 0.008853 -0.307966 0.817077 0.000000 0.000000 0.000000 1.000000 0.000000 0.000000
10.000000 92.315756 -0.113999 -0.310667 0.760126 0.000000 0.000000 0.000000 1.000000 0.000000 0.000000
10.000000 92.325784 -0.024954 -0.305136 0.739502 0.000000 0.000000 0.000000 1.000000 0.000000 0.000000
10.000000 92.333127 -0.080667 -0.316507 0.715722 0.000000 0.000000 0.000000 1.000000 0.000000 0.000000
10.000000 92.343161 -0.227444 -0.311455 0.653615 0.000000 0.000000 0.000000 1.000000 0.000000 0.000000
10.000000 92.355767 -0.375287 -0.318403 0.576778 0.000000 0.000000 0.000000 1.000000 0.000000 0.000000
10.000000 92.365775 -0.382149 -0.306158 0.527538 0.000000 0.000000 0.000000 1.000000 0.000000 0.000000
10.000000 92.373176 -0.411070 -0.314395 0.511311 0.000000 0.000000 0.000000 1.000000 0.000000 0.000000
10.000000 92.393146 -0.515172 -0.318390 0.393491 0.000000 0.000000 0.000000 1.000000 0.000000 0.000000
10.000000 92.405819 -0.631924 -0.321829 0.300964 0.000000 0.000000 0.000000 1.000000 0.000000 0.000000
10.000000 92.413096 -0.642452 -0.326986 0.290193 0.000000 0.000000 0.000000 1.000000 0.000000 0.000000
10.000000 92.423189 -0.698495 -0.320653 0.239647 0.000000 0.000000 0.000000 1.000000 0.000000 0.000000
10.000000 92.435787 -0.848003 -0.333883 0.142430 0.000000 0.000000 0.000000 1.000000 0.000000 0.000000
10.000000 92.445887 -0.947136 -0.328735 0.084176 0.000000 0.000000 0.000000 1.000000 0.000000 0.000000
10.000000 92.455777 -0.982080 -0.332423 0.018165 0.000000 0.000000 0.000000 1.000000 0.000000 0.000000
10.000000 92.463109 -0.927100 -0.331134 0.002331 0.000000 0.000000 0.000000 1.000000 0.000000 0.000000
10.000000 92.475808 -1.011919 -0.322390 -0.073138 0.000000 0.000000 0.000000 1.000000 0.000000 0.000000
10.000000 92.485867 -1.121192 -0.329620 -0.045381 0.000000 0.000000 0.000000 1.000000 0.000000 0.000000
10.000000 92.493137 -1.203346 -0.336584 -0.037290 0.000000 0.000000 0.000000 1.000000 0.000000 0.000000
10.000000 92.505901 -1.193198 -0.326813 0.041695 0.000000 0.000000 0.000000 1.000000 0.000000 0.000000
10.000000 92.536474 -1.283446 -0.325558 0.156430 0.000000 0.000000 0.000000 1.000000 0.000000 0.000000
10.000000 92.543289 -1.350281 -0.331147 0.164937 0.000000 0.000000 0.000000 1.000000 0.000000 0.000000
10.000000 92.553235 -1.395903 -0.333776 0.197149 0.000000 0.000000 0.000000 1.000000 0.000000 0.000000
10.000000 92.563279 -1.456392 -0.334720 0.234522 0.000000 0.000000 0.000000 1.000000 0.000000 0.000000
10.000000 92.573444 -1.507056 -0.328627 0.268546 0.000000 0.000000 0.000000 1.000000 0.000000 0.000000
10.000000 92.595899 -1.539565 -0.323726 0.363650 0.000000 0.000000 0.000000 1.000000 0.000000 0.000000
10.000000 92.603277 -1.601584 -0.331606 0.369363 0.000000 0.000000 0.000000 1.000000 0.000000 0.000000
10.000000 92.613167 -1.616674 -0.335271 0.408283 0.000000 0.000000 0.000000 1.000000 0.000000 0.000000
10.000000 92.623270 -1.734415 -0.321605 0.440741 0.000000 0.000000 0.000000 1.000000 0.000000 0.000000
10.000000 92.633184 -1.718891 -0.334009 0.453813 0.000000 0.000000 0.000000 1.000000 0.000000 0.000000
10.000000 92.636160 -1.732864 -0.324155 0.470765 0.000000 0.000000 0.000000 1.000000 0.000000 0.000000
10.000000 92.643148 -1.778374 -0.322396 0.491516 0.000000 0.000000 0.000000 1.000000 0.000000 0.000000
10.000000 92.653242 -1.763290 -0.330349 0.529266 0.000000 0.000000 0.000000 1.000000 0.000000 0.000000
10.000000 92.663193 -1.841127 -0.337235 0.538130 0.000000 0.000000 0.000000 1.000000 0.000000 0.000000
10.000000 92.673223 -1.902742 -0.335204 0.562652 0.000000 0.000000 0.000000 1.000000 0.000000 0.000000
10.000000 92.683100 -1.947655 -0.323190 0.592661 0.000000 0.000000 0.000000 1.000000 0.000000 0.000000
10.000000 92.693266 -1.990398 -0.327529 0.605888 0.000000 0.000000 0.000000 1.000000 0.000000 0.000000
10.000000 92.703151 -1.997705 -0.331286 0.624488 0.000000 0.000000 0.000000 1.000000 0.000000 0.000000
10.000000 92.713226 -2.029717 -0.329916 0.650307 0.000000 0.000000 0.000000 1.000000 0.000000 0.000000
10.000000 92.733278 -2.163588 -0.319889 0.670619 0.000000 0.000000 0.000000 1.000000 0.000000 0.000000
10.000000 92.743203 -2.138088 -0.320648 0.706465 0.000000 0.000000 0.000000 1.000000 0.000000 0.000000
10.000000 92.753261 -2.173612 -0.317946 0.719889 0.000000 0.000000 0.000000 1.000000 0.000000 0.000000
10.000000 92.763263 -2.229115 -0.322797 0.731951 0.000000 0.000000 0.000000 1.000000 0.000000 0.000000
10.000000 92.776201 -2.269759 -0.311832 0.748517 0.000000 0.000000 0.000000 1.000000 0.000000 0.000000
10.000000 92.783182 -2.309330 -0.316891 0.753258 0.000000 0.000000 0.000000 1.000000 0.000000 0.000000
10.000000 92.793200 -2.343077 -0.321032 0.764110 0.000000 0.000000 0.000000 1.000000 0.000000 0.000000
10.000000 92.803273 -2.406935 -0.315651 0.778163 0.000000 0.000000 0.000000 1.000000 0.000000 0.000000
10.000000 92.813312 -2.468798 -0.324811 0.782300 0.000000 0.000000 0.000000 1.000000 0.000000 0.000000
10.000000 92.823251 -2.465969 -0.309452 0.787952 0.000000 0.000000 0.000000 1.000000 0.000000 0.000000
10.000000 92.833299 -2.620189 -0.319620 0.777344 0.000000 0.000000 0.000000 1.000000 0.000000 0.000000
10.000000 92.847095 -2.585284 -0.315626 0.806168 0.000000 0.000000 0.000000 1.000000 0.000000 0.000000
10.000000 92.853275 -2.689731 -0.339017 0.793748 0.000000 0.000000 0.000000 1.000000 0.000000 0.000000
10.000000 92.863221 -2.662199 -0.324553 0.807691 0.000000 0.000000 0.000000 1.000000 0.000000 0.000000
10.000000 92.873311 -2.776216 -0.334562 0.803502 0.000000 0.000000 0.000000 1.000000 0.000000 0.000000
10.000000 92.883239 -2.756697 -0.320691 0.814218 0.000000 0.000000 0.000000 1.000000 0.000000 0.000000
10.000000 92.895972 -2.880470 -0.321149 0.803850 0.000000 0.000000 0.000000 1.000000 0.000000 0.000000
10.000000 92.903247 -2.830030 -0.312882 0.801928 0.000000 0.000000 0.000000 1.000000 0.000000 0.000000
10.000000 92.916105 -3.087294 -0.337541 0.769170 0.000000 0.000000 0.000000 1.000000 0.000000 0.000000
10.000000 92.923260 -2.959348 -0.311185 0.778738 0.000000 0.000000 0.000000 1.000000 0.000000 0.000000
10.000000 92.933308 -3.080986 -0.317314 0.757978 0.000000 0.000000 0.000000 1.000000 0.000000 0.000000
10.000000 92.943248 -3.092329 -0.338867 0.766719 0.000000 0.000000 0.000000 1.000000 0.000000 0.000000
10.000000 92.953312 -3.068824 -0.319299 0.769545 0.000000 0.000000 0.000000 1.000000 0.000000 0.000000
10.000000 92.963280 -3.213676 -0.342433 0.737348 0.000000 0.000000 0.000000 1.000000 0.000000 0.000000
10.000000 92.976071 -3.312729 -0.323979 0.712122 0.000000 0.000000 0.000000 1.000000 0.000000 0.000000
10.000000 92.983299 -3.326789 -0.328533 0.705780 0.000000 0.000000 0.000000 1.000000 0.000000 0.000000
10.000000 92.993347 -3.189869 -0.315916 0.722655 0.000000 0.000000 0.000000 1.000000 0.000000 0.000000
10.000000 93.003247 -3.224605 -0.314714 0.702515 0.000000 0.000000 0.000000 1.000000 0.000000 0.000000
10.000000 93.013351 -3.287793 -0.308460 0.689776 0.000000 0.000000 0.000000 1.000000 0.000000 0.000000
10.000000 93.023311 -3.423301 -0.339423 0.644804 0.000000 0.000000 0.000000 1.000000 0.000000 0.000000
10.000000 93.033327 -3.385962 -0.317066 0.637180 0.000000 0.000000 0.000000 1.000000 0.000000 0.000000
10.000000 93.043513 -3.495346 -0.323954 0.616614 0.000000 0.000000 0.000000 1.000000 0.000000 0.000000
10.000000 93.053495 -3.492873 -0.322327 0.606259 0.000000 0.000000 0.000000 1.000000 0.000000 0.000000
10.000000 93.063394 -3.648063 -0.348164 0.566543 0.000000 0.000000 0.000000 1.000000 0.000000 0.000000
10.000000 93.073551 -3.699822 -0.328218 0.539559 0.000000 0.000000 0.000000 1.000000 0.000000 0.000000
10.000000 93.083331 -3.732828 -0.331214 0.515056 0.000000 0.000000 0.000000 1.000000 0.000000 0.000000
10.000000 93.093425 -3.761091 -0.339868 0.503370 0.000000 0.000000 0.000000 1.000000 0.000000 0.000000
10.000000 93.103404 -3.771693 -0.337200 0.467588 0.000000 0.000000 0.000000 1.000000 0.000000 0.000000
10.000000 93.113458 -3.875206 -0.348673 0.425827 0.000000 0.000000 0.000000 1.000000 0.000000 0.000000
10.000000 93.123424 -3.869104 -0.323243 0.419982 0.000000 0.000000 0.000000 1.000000 0.000000 0.000000
10.000000 93.133415 -3.999080 -0.333441 0.369280 0.000000 0.000000 0.000000 1.000000 0.000000 0.000000
10.000000 93.143528 -4.047256 -0.354042 0.346894 0.000000 0.000000 0.000000 1.000000 0.000000 0.000000
10.000000 93.153495 -4.044534 -0.342506 0.312574 0.000000 0.000000 0.000000 1.000000 0.000000 0.000000
10.000000 93.163379 -4.103665 -0.329003 0.282621 0.000000 0.000000 0.000000 1.000000 0.000000 0.000000
10.000000 93.183398 -4.201510 -0.337127 0.212649 0.000000 0.000000 0.000000 1.000000 0.000000 0.000000
10.000000 93.193521 -4.183118 -0.338693 0.179105 0.000000 0.000000 0.000000 1.000000 0.000000 0.000000
10.000000 93.203455 -4.100371 -0.320243 0.154180 0.000000 0.000000 0.000000 1.000000 0.000000 0.000000
10.000000 93.213387 -4.184887 -0.316107 0.121406 0.000000 0.000000 0.000000 1.000000 0.000000 0.000000
10.000000 93.223258 -4.243833 -0.331577 0.096611 0.000000 0.000000 0.000000 1.000000 0.000000 0.000000
10.000000 93.233524 -4.379680 -0.340441 0.020245 0.000000 0.000000 0.000000 1.000000 0.000000 0.000000
10.000000 93.243462 -4.373674 -0.335013 -0.011843 0.000000 0.000000 0.000000 1.000000 0.000000 0.000000
10.000000 93.253575 -4.345268 -0.326769 -0.050723 0.000000 0.000000 0.000000 1.000000 0.000000 0.000000
10.000000 93.263446 -4.468744 -0.324738 -0.084728 0.000000 0.000000 0.000000 1.000000 0.000000 0.000000
10.000000 93.283489 -4.720732 -0.343821 -0.063829 0.000000 0.000000 0.000000 1.000000 0.000000 0.000000
10.000000 93.293531 -4.558658 -0.321817 0.005916 0.000000 0.000000 0.000000 1.000000 0.000000 0.000000
10.000000 93.303571 -4.715857 -0.338736 0.015251 0.000000 0.000000 0.000000 1.000000 0.000000 0.000000
10.000000 93.316435 -4.701541 -0.336343 0.079651 0.000000 0.000000 0.000000 1.000000 0.000000 0.000000
10.000000 93.326624 -4.832691 -0.325121 0.081445 0.000000 0.000000 0.000000 1.000000 0.000000 0.000000
10.000000 93.336382 -4.821110 -0.336372 0.118932 0.000000 0.000000 0.000000 1.000000 0.000000 0.000000
10.000000 93.343515 -4.847002 -0.336585 0.135697 0.000000 0.000000 0.000000 1.000000 0.000000 0.000000
10.000000 93.366180 -5.007088 -0.336391 0.179051 0.000000 0.000000 0.000000 1.000000 0.000000 0.000000
10.000000 93.373717 -5.009886 -0.332725 0.194300 0.000000 0.000000 0.000000 1.000000 0.000000 0.000000
10.000000 93.376453 -5.032288 -0.326593 0.209212 0.000000 0.000000 0.000000 1.000000 0.000000 0.000000
10.000000 93.383727 -5.046456 -0.325648 0.222132 0.000000 0.000000 0.000000 1.000000 0.000000 0.000000
10.000000 93.386172 -4.983598 -0.327413 0.239869 0.000000 0.000000 0.000000 1.000000 0.000000 0.000000
10.000000 93.393701 -5.061343 -0.341290 0.238560 0.000000 0.000000 0.000000 1.000000 0.000000 0.000000
10.000000 93.396457 -5.060954 -0.338144 0.251149 0.000000 0.000000 0.000000 1.000000 0.000000 0.000000
10.000000 93.403463 -5.062573 -0.334685 0.265283 0.000000 0.000000 0.000000 1.000000 0.000000 0.000000
10.000000 93.406241 -5.115531 -0.327645 0.271996 0.000000 0.000000 0.000000 1.000000 0.000000 0.000000
10.000000 93.413558 -5.132569 -0.326713 0.286539 0.000000 0.000000 0.000000 1.000000 0.000000 0.000000
10.000000 93.426554 -5.239709 -0.322582 0.300323 0.000000 0.000000 0.000000 1.000000 0.000000 0.000000
10.000000 93.433548 -5.266240 -0.324626 0.310499 0.000000 0.000000 0.000000 1.000000 0.000000 0.000000
10.000000 93.436392 -5.186244 -0.327958 0.328754 0.000000 0.000000 0.000000 1.000000 0.000000 0.000000
10.000000 93.443590 -5.217818 -0.332607 0.332063 0.000000 0.000000 0.000000 1.000000 0.000000 0.000000
10.000000 93.446245 -5.217502 -0.329850 0.343325 0.000000 0.000000 0.000000 1.000000 0.000000 0.000000
10.000000 93.453490 -5.292952 -0.343585 0.341453 0.000000 0.000000 0.000000 1.000000 0.000000 0.000000
10.000000 93.456386 -5.382545 -0.336932 0.332951 0.000000 0.000000 0.000000 1.000000 0.000000 0.000000
10.000000 93.463438 -5.401700 -0.338955 0.338095 0.000000 0.000000 0.000000 1.000000 0.000000 0.000000
10.000000 93.466162 -5.499299 -0.329804 0.336733 0.000000 0.000000 0.000000 1.000000 0.000000 0.000000
10.000000 93.473539 -5.495245 -0.328741 0.338213 0.000000 0.000000 0.000000 1.000000 0.000000 0.000000
10.000000 93.476348 -5.377035 -0.337205 0.350521 0.000000 0.000000 0.000000 1.000000 0.000000 0.000000
10.000000 93.483429 -5.398778 -0.339906 0.354810 0.000000 0.000000 0.000000 1.000000 0.000000 0.000000
10.000000 93.486340 -5.440268 -0.332884 0.367831 0.000000 0.000000 0.000000 1.000000 0.000000 0.000000
10.000000 93.493585 -5.484254 -0.340237 0.369802 0.000000 0.000000 0.000000 1.000000 0.000000 0.000000
10.000000 93.496431 -5.498842 -0.337876 0.374331 0.000000 0.000000 0.000000 1.000000 0.000000 0.000000
10.000000 93.503518 -5.558606 -0.346939 0.380651 0.000000 0.000000 0.000000 1.000000 0.000000 0.000000
10.000000 93.506569 -5.573982 -0.344397 0.385241 0.000000 0.000000 0.000000 1.000000 0.000000 0.000000
10.000000 93.513581 -5.614411 -0.352723 0.380136 0.000000 0.000000 0.000000 1.000000 0.000000 0.000000
10.000000 93.516455 -5.693849 -0.346591 0.374515 0.000000 0.000000 0.000000 1.000000 0.000000 0.000000
10.000000 93.523471 -5.642792 -0.335834 0.382227 0.000000 0.000000 0.000000 1.000000 0.000000 0.000000
10.000000 93.526374 -5.671030 -0.336444 0.368029 0.000000 0.000000 0.000000 1.000000 0.000000 0.000000
10.000000 93.533611 -5.652746 -0.330143 0.380068 0.000000 0.000000 0.000000 1.000000 0.000000 0.000000
10.000000 93.536183 -5.605307 -0.328693 0.404619 0.000000 0.000000 0.000000 1.000000 0.000000 0.000000
10.000000 93.543480 -5.680985 -0.343142 0.399763 0.000000 0.000000 0.000000 1.000000 0.000000 0.000000
10.000000 93.546379 -5.710024 -0.340474 0.399521 0.000000 0.000000 0.000000 1.000000 0.000000 0.000000
10.000000 93.553633 -5.731249 -0.344283 0.399197 0.000000 0.000000 0.000000 1.000000 0.000000 0.000000
10.000000 93.556334 -5.826232 -0.339318 0.382066 0.000000 0.000000 0.000000 1.000000 0.000000 0.000000
10.000000 93.563560 -5.801471 -0.334928 0.382385 0.000000 0.000000 0.000000 1.000000 0.000000 0.000000
10.000000 93.566363 -5.795698 -0.332441 0.396222 0.000000 0.000000 0.000000 1.000000 0.000000 0.000000
10.000000 93.573622 -5.804628 -0.334348 0.394693 0.000000 0.000000 0.000000 1.000000 0.000000 0.000000
10.000000 93.576566 -5.796111 -0.335475 0.392974 0.000000 0.000000 0.000000 1.000000 0.000000 0.000000
10.000000 93.583523 -5.889036 -0.352950 0.388122 0.000000 0.000000 0.000000 1.000000 0.000000 0.000000
10.000000 93.586362 -5.936422 -0.349497 0.384019 0.000000 0.000000 0.000000 1.000000 0.000000 0.000000
10.000000 93.593770 -5.935815 -0.349446 0.383766 0.000000 0.000000 0.000000 1.000000 0.000000 0.000000
10.000000 93.596359 -5.928446 -0.350032 0.384171 0.000000 0.000000 0.000000 1.000000 0.000000 0.000000
10.000000 93.603670 -5.944340 -0.353694 0.380260 0.000000 0.000000 0.000000 1.000000 0.000000 0.000000
10.000000 93.606292 -6.029668 -0.351007 0.357061 0.000000 0.000000 0.000000 1.000000 0.000000 0.000000
10.000000 93.613771 -6.041171 -0.353528 0.354881 0.000000 0.000000 0.000000 1.000000 0.000000 0.000000
10.000000 93.616644 -6.127232 -0.345830 0.353762 0.000000 0.000000 0.000000 1.000000 0.000000 0.000000
10.000000 93.623711 -6.055811 -0.332674 0.356604 0.000000 0.000000 0.000000 1.000000 0.000000 0.000000
10.000000 93.626474 -6.002830 -0.337191 0.358020 0.000000 0.000000 0.000000 1.000000 0.000000 0.000000
10.000000 93.633702 -6.005511 -0.337998 0.356488 0.000000 0.000000 0.000000 1.000000 0.000000 0.000000
10.000000 93.637182 -6.042838 -0.335994 0.349878 0.000000 0.000000 0.000000 1.000000 0.000000 0.000000
10.000000 93.643648 -6.083506 -0.343004 0.350249 0.000000 0.000000 0.000000 1.000000 0.000000 0.000000
10.000000 93.646515 -6.146258 -0.339077 0.341851 0.000000 0.000000 0.000000 1.000000 0.000000 0.000000
10.000000 93.653720 -6.073537 -0.325026 0.348043 0.000000 0.000000 0.000000 1.000000 0.000000 0.000000
10.000000 93.656721 -6.034863 -0.326178 0.359198 0.000000 0.000000 0.000000 1.000000 0.000000 0.000000
10.000000 93.663653 -6.100099 -0.338804 0.353713 0.000000 0.000000 0.000000 1.000000 0.000000 0.000000
10.000000 93.666560 -6.259634 -0.330867 0.323124 0.000000 0.000000 0.000000 1.000000 0.000000 0.000000
10.000000 93.673630 -6.162775 -0.316993 0.308901 0.000000 0.000000 0.000000 1.000000 0.000000 0.000000
10.000000 93.676778 -6.102738 -0.319448 0.324849 0.000000 0.000000 0.000000 1.000000 0.000000 0.000000
10.000000 93.683825 -6.251950 -0.348143 0.313581 0.000000 0.000000 0.000000 1.000000 0.000000 0.000000
10.000000 93.686441 -6.335619 -0.346331 0.284704 0.000000 0.000000 0.000000 1.000000 0.000000 0.000000
10.000000 93.693807 -6.270962 -0.334363 0.287969 0.000000 0.000000 0.000000 1.000000 0.000000 0.000000
10.000000 93.696451 -6.343788 -0.330117 0.276635 0.000000 0.000000 0.000000 1.000000 0.000000 0.000000
10.000000 93.703684 -6.277233 -0.318211 0.278054 0.000000 0.000000 0.000000 1.000000 0.000000 0.000000
10.000000 93.706312 -6.209420 -0.323955 0.279914 0.000000 0.000000 0.000000 1.000000 0.000000 0.000000
10.000000 93.713681 -6.312701 -0.346198 0.259803 0.000000 0.000000 0.000000 1.000000 0.000000 0.000000
10.000000 93.716734 -6.445637 -0.340601 0.228731 0.000000 0.000000 0.000000 1.000000 0.000000 0.000000
10.000000 93.723628 -6.351621 -0.324601 0.227335 0.000000 0.000000 0.000000 1.000000 0.000000 0.000000
10.000000 93.726377 -6.408782 -0.322600 0.211697 0.000000 0.000000 0.000000 1.000000 0.000000 0.000000
10.000000 93.733673 -6.547840 -0.350983 0.191366 0.000000 0.000000 0.000000 1.000000 0.000000 0.000000
10.000000 93.766298 -6.615857 -0.351462 0.112181 0.000000 0.000000 0.000000 1.000000 0.000000 0.000000
10.000000 93.773731 -6.556760 -0.341837 0.109825 0.000000 0.000000 0.000000 1.000000 0.000000 0.000000
10.000000 93.776387 -6.702008 -0.331966 0.094156 0.000000 0.000000 0.000000 1.000000 0.000000 0.000000
10.000000 93.783669 -6.628256 -0.318835 0.096005 0.000000 0.000000 0.000000 1.000000 0.000000 0.000000
10.000000 93.786526 -6.664469 -0.318649 0.080077 0.000000 0.000000 0.000000 1.000000 0.000000 0.000000
10.000000 93.793777 -6.657436 -0.319649 0.068956 0.000000 0.000000 0.000000 1.000000 0.000000 0.000000
10.000000 93.796650 -6.680005 -0.320472 0.053998 0.000000 0.000000 0.000000 1.000000 0.000000 0.000000
10.000000 93.803762 -6.767051 -0.340549 0.028168 0.000000 0.000000 0.000000 1.000000 0.000000 0.000000
10.000000 93.826321 -6.784215 -0.330288 -0.040086 0.000000 0.000000 0.000000 1.000000 0.000000 0.000000
10.000000 93.833673 -6.840367 -0.342738 -0.054707 0.000000 0.000000 0.000000 1.000000 0.000000 0.000000
10.000000 93.836817 -6.977515 -0.334999 -0.078228 0.000000 0.000000 0.000000 1.000000 0.000000 0.000000
10.000000 93.843627 -6.932168 -0.327879 -0.082257 0.000000 0.000000 0.000000 1.000000 0.000000 0.000000
10.000000 93.846456 -6.991994 -0.325602 -0.099285 0.000000 0.000000 0.000000 1.000000 0.000000 0.000000
10.000000 93.853756 -7.001053 -0.324840 -0.087662 0.000000 0.000000 0.000000 1.000000 0.000000 0.000000
10.000000 93.866335 -6.953854 -0.325626 -0.037552 0.000000 0.000000 0.000000 1.000000 0.000000 0.000000
10.000000 93.873749 -7.042622 -0.339496 -0.031448 0.000000 0.000000 0.000000 1.000000 0.000000 0.000000
10.000000 93.876480 -7.107031 -0.331632 -0.019812 0.000000 0.000000 0.000000 1.000000 0.000000 0.000000
10.000000 93.883711 -7.140057 -0.335974 -0.012922 0.000000 0.000000 0.000000 1.000000 0.000000 0.000000
10.000000 93.886383 -7.010763 -0.342694 0.011582 0.000000 0.000000 0.000000 1.000000 0.000000 0.000000
10.000000 93.893862 -7.151224 -0.364362 0.021816 0.000000 0.000000 0.000000 1.000000 0.000000 0.000000
10.000000 93.896412 -7.230835 -0.330397 0.021820 0.000000 0.000000 0.000000 1.000000 0.000000 0.000000
10.000000 93.903880 -7.258388 -0.333230 0.030852 0.000000 0.000000 0.000000 1.000000 0.000000 0.000000
10.000000 93.906385 -7.281644 -0.329306 0.040529 0.000000 0.000000 0.000000 1.000000 0.000000 0.000000
10.000000 93.913914 -7.420587 -0.354720 0.031389 0.000000 0.000000 0.000000 1.000000 0.000000 0.000000
10.000000 93.916563 -7.381710 -0.355180 0.046858 0.000000 0.000000 0.000000 1.000000 0.000000 0.000000
10.000000 93.923647 -7.314536 -0.338977 0.070864 0.000000 0.000000 0.000000 1.000000 0.000000 0.000000
10.000000 93.946908 -7.483810 -0.356986 0.096337 0.000000 0.000000 0.000000 1.000000 0.000000 0.000000
10.000000 93.953926 -7.489585 -0.357763 0.097546 0.000000 0.000000 0.000000 1.000000 0.000000 0.000000
10.000000 93.956471 -7.412433 -0.360132 0.122028 0.000000 0.000000 0.000000 1.000000 0.000000 0.000000
10.000000 93.963699 -7.355988 -0.346576 0.144092 0.000000 0.000000 0.000000 1.000000 0.000000 0.000000
10.000000 93.976464 -7.580896 -0.339557 0.150072 0.000000 0.000000 0.000000 1.000000 0.000000 0.000000
10.000000 93.983771 -7.573072 -0.335897 0.160835 0.000000 0.000000 0.000000 1.000000 0.000000 0.000000
10.000000 93.986834 -7.593542 -0.330887 0.176383 0.000000 0.000000 0.000000 1.000000 0.000000 0.000000
10.000000 93.993855 -7.716798 -0.351922 0.174998 0.000000 0.000000 0.000000 1.000000 0.000000 0.000000
10.000000 93.996509 -7.712624 -0.351363 0.179433 0.000000 0.000000 0.000000 1.000000 0.000000 0.000000
