19.000000 172.201609 25.159075 -0.321967 0.574805 0.000000 0.000000 0.000000 1.000000 0.000000 0.000000
19.000000 172.211422 24.932276 -0.334280 0.694953 0.000000 0.000000 0.000000 1.000000 0.000000 0.000000
19.000000 172.221695 24.894203 -0.340584 0.773715 0.000000 0.000000 0.000000 1.000000 0.000000 0.000000
19.000000 172.231394 24.694435 -0.340326 0.883231 0.000000 0.000000 0.000000 1.000000 0.000000 0.000000
19.000000 172.241301 24.539192 -0.344164 0.973307 0.000000 0.000000 0.000000 1.000000 0.000000 0.000000
19.000000 172.251609 24.500784 -0.363010 1.024148 0.000000 0.000000 0.000000 1.000000 0.000000 0.000000
19.000000 172.260826 22.900120 -0.181593 1.209101 0.000000 0.000000 0.000000 1.000000 0.000000 0.000000
19.000000 172.261429 24.335134 -0.358721 1.124633 0.000000 0.000000 0.000000 1.000000 0.000000 0.000000
19.000000 172.270733 22.805247 -0.187265 1.273256 0.000000 0.000000 0.000000 1.000000 0.000000 0.000000
19.000000 172.271407 24.159853 -0.360308 1.205472 0.000000 0.000000 0.000000 1.000000 0.000000 0.000000
19.000000 172.280833 22.717275 -0.211713 1.355903 0.000000 0.000000 0.000000 1.000000 0.000000 0.000000
19.000000 172.281665 23.953137 -0.362605 1.299646 0.000000 0.000000 0.000000 1.000000 0.000000 0.000000
19.000000 172.290719 22.580540 -0.205124 1.417549 0.000000 0.000000 0.000000 1.000000 0.000000 0.000000
19.000000 172.291478 23.874428 -0.368450 1.365812 0.000000 0.000000 0.000000 1.000000 0.000000 0.000000
19.000000 172.300818 22.506170 -0.221303 1.495447 0.000000 0.000000 0.000000 1.000000 0.000000 0.000000
19.000000 172.301621 23.770967 -0.381477 1.437862 0.000000 0.000000 0.000000 1.000000 0.000000 0.000000
19.000000 172.310715 22.422807 -0.234885 1.565120 0.000000 0.000000 0.000000 1.000000 0.000000 0.000000
19.000000 172.311388 23.603217 -0.382143 1.519531 0.000000 0.000000 0.000000 1.000000 0.000000 0.000000
19.000000 172.320795 22.315872 -0.238800 1.636942 0.000000 0.000000 0.000000 1.000000 0.000000 0.000000
19.000000 172.321599 23.473250 -0.376084 1.588860 0.000000 0.000000 0.000000 1.000000 0.000000 0.000000
19.000000 172.330690 22.221463 -0.247150 1.708531 0.000000 0.000000 0.000000 1.000000 0.000000 0.000000
19.000000 172.331504 23.368000 -0.383189 1.656432 0.000000 0.000000 0.000000 1.000000 0.000000 0.000000
19.000000 172.340800 22.119503 -0.264098 1.769241 0.000000 0.000000 0.000000 1.000000 0.000000 0.000000
19.000000 172.341510 23.150266 -0.380242 1.739978 0.000000 0.000000 0.000000 1.000000 0.000000 0.000000
19.000000 172.350737 22.041433 -0.276480 1.845649 0.000000 0.000000 0.000000 1.000000 0.000000 0.000000
19.000000 172.351336 23.039202 -0.387055 1.809515 0.000000 0.000000 0.000000 1.000000 0.000000 0.000000
19.000000 172.360801 21.907479 -0.277732 1.904245 0.000000 0.000000 0.000000 1.000000 0.000000 0.000000
19.000000 172.361502 22.947957 -0.407881 1.866298 0.000000 0.000000 0.000000 1.000000 0.000000 0.000000
19.000000 172.370744 21.824547 -0.290374 1.964163 0.000000 0.000000 0.000000 1.000000 0.000000 0.000000
19.000000 172.371479 22.746660 -0.391201 1.939033 0.000000 0.000000 0.000000 1.000000 0.000000 0.000000
19.000000 172.380863 21.743908 -0.298855 2.031375 0.000000 0.000000 0.000000 1.000000 0.000000 0.000000
19.000000 172.381570 22.663019 -0.397785 2.006721 0.000000 0.000000 0.000000 1.000000 0.000000 0.000000
19.000000 172.390763 21.637143 -0.310309 2.091000 0.000000 0.000000 0.000000 1.000000 0.000000 0.000000
19.000000 172.391470 22.488636 -0.401352 2.069684 0.000000 0.000000 0.000000 1.000000 0.000000 0.000000
19.000000 172.397691 20.768142 -0.262411 1.940525 0.000000 0.000000 0.000000 1.000000 0.000000 0.000000
19.000000 172.400887 21.559846 -0.324527 2.154638 0.000000 0.000000 0.000000 1.000000 0.000000 0.000000
19.000000 172.401542 22.367157 -0.405079 2.133082 0.000000 0.000000 0.000000 1.000000 0.000000 0.000000
19.000000 172.407505 20.668352 -0.270828 2.008580 0.000000 0.000000 0.000000 1.000000 0.000000 0.000000
19.000000 172.410786 21.456154 -0.342357 2.211429 0.000000 0.000000 0.000000 1.000000 0.000000 0.000000
19.000000 172.411443 22.126819 -0.400844 2.202321 0.000000 0.000000 0.000000 1.000000 0.000000 0.000000
19.000000 172.417617 20.546812 -0.270142 2.067724 0.000000 0.000000 0.000000 1.000000 0.000000 0.000000
19.000000 172.421558 22.052846 -0.403662 2.257547 0.000000 0.000000 0.000000 1.000000 0.000000 0.000000
19.000000 172.427755 20.429966 -0.281159 2.124279 0.000000 0.000000 0.000000 1.000000 0.000000 0.000000
19.000000 172.431454 21.949027 -0.414426 2.318634 0.000000 0.000000 0.000000 1.000000 0.000000 0.000000
19.000000 172.437674 20.327101 -0.283738 2.188093 0.000000 0.000000 0.000000 1.000000 0.000000 0.000000
19.000000 172.441552 21.837580 -0.416549 2.370635 0.000000 0.000000 0.000000 1.000000 0.000000 0.000000
19.000000 172.447636 20.200674 -0.286641 2.241235 0.000000 0.000000 0.000000 1.000000 0.000000 0.000000
19.000000 172.451454 21.648759 -0.417901 2.428680 0.000000 0.000000 0.000000 1.000000 0.000000 0.000000
19.000000 172.457675 20.089550 -0.294353 2.289854 0.000000 0.000000 0.000000 1.000000 0.000000 0.000000
19.000000 172.461601 21.487625 -0.424710 2.491064 0.000000 0.000000 0.000000 1.000000 0.000000 0.000000
19.000000 172.467479 19.978841 -0.289156 2.354909 0.000000 0.000000 0.000000 1.000000 0.000000 0.000000
19.000000 172.471462 21.416308 -0.443097 2.532635 0.000000 0.000000 0.000000 1.000000 0.000000 0.000000
19.000000 172.477477 19.861610 -0.293209 2.406400 0.000000 0.000000 0.000000 1.000000 0.000000 0.000000
19.000000 172.481598 21.267382 -0.427491 2.593558 0.000000 0.000000 0.000000 1.000000 0.000000 0.000000
19.000000 172.487433 19.766962 -0.302065 2.455337 0.000000 0.000000 0.000000 1.000000 0.000000 0.000000
19.000000 172.491512 21.135272 -0.437556 2.644874 0.000000 0.000000 0.000000 1.000000 0.000000 0.000000
19.000000 172.497547 19.639755 -0.312145 2.507996 0.000000 0.000000 0.000000 1.000000 0.000000 0.000000
19.000000 172.501582 21.007486 -0.445724 2.691005 0.000000 0.000000 0.000000 1.000000 0.000000 0.000000
19.000000 172.507538 19.513324 -0.315696 2.549793 0.000000 0.000000 0.000000 1.000000 0.000000 0.000000
19.000000 172.511544 20.853059 -0.444278 2.747575 0.000000 0.000000 0.000000 1.000000 0.000000 0.000000
19.000000 172.517514 19.392875 -0.322096 2.600839 0.000000 0.000000 0.000000 1.000000 0.000000 0.000000
19.000000 172.521573 20.753348 -0.451701 2.794580 0.000000 0.000000 0.000000 1.000000 0.000000 0.000000
19.000000 172.527527 19.278449 -0.324002 2.656823 0.000000 0.000000 0.000000 1.000000 0.000000 0.000000
19.000000 172.531488 20.642113 -0.452144 2.839507 0.000000 0.000000 0.000000 1.000000 0.000000 0.000000
19.000000 172.541655 20.498706 -0.458408 2.883996 0.000000 0.000000 0.000000 1.000000 0.000000 0.000000
19.000000 172.547887 19.067752 -0.334951 2.739747 0.000000 0.000000 0.000000 1.000000 0.000000 0.000000
19.000000 172.551465 20.373521 -0.461894 2.929697 0.000000 0.000000 0.000000 1.000000 0.000000 0.000000
19.000000 172.557540 18.968906 -0.332148 2.789958 0.000000 0.000000 0.000000 1.000000 0.000000 0.000000
19.000000 172.561573 20.182482 -0.463011 2.963110 0.000000 0.000000 0.000000 1.000000 0.000000 0.000000
19.000000 172.567792 18.842668 -0.345789 2.832466 0.000000 0.000000 0.000000 1.000000 0.000000 0.000000
19.000000 172.571644 20.099716 -0.470863 3.010744 0.000000 0.000000 0.000000 1.000000 0.000000 0.000000
19.000000 172.577607 18.712968 -0.350681 2.870756 0.000000 0.000000 0.000000 1.000000 0.000000 0.000000
19.000000 172.581575 19.977009 -0.474101 3.061315 0.000000 0.000000 0.000000 1.000000 0.000000 0.000000
19.000000 172.587577 18.625634 -0.352837 2.921538 0.000000 0.000000 0.000000 1.000000 0.000000 0.000000
19.000000 172.591687 19.862095 -0.478741 3.094029 0.000000 0.000000 0.000000 1.000000 0.000000 0.000000
19.000000 172.597735 18.505061 -0.356866 2.951695 0.000000 0.000000 0.000000 1.000000 0.000000 0.000000
19.000000 172.601667 19.732063 -0.482538 3.132203 0.000000 0.000000 0.000000 1.000000 0.000000 0.000000
19.000000 172.607815 18.388190 -0.361912 2.990532 0.000000 0.000000 0.000000 1.000000 0.000000 0.000000
19.000000 172.611590 19.621875 -0.488234 3.167943 0.000000 0.000000 0.000000 1.000000 0.000000 0.000000
19.000000 172.617637 18.292860 -0.363959 3.031347 0.000000 0.000000 0.000000 1.000000 0.000000 0.000000
19.000000 172.621626 19.516317 -0.499872 3.198619 0.000000 0.000000 0.000000 1.000000 0.000000 0.000000
19.000000 172.627783 18.146606 -0.368589 3.074310 0.000000 0.000000 0.000000 1.000000 0.000000 0.000000
19.000000 172.631699 19.305087 -0.489724 3.242057 0.000000 0.000000 0.000000 1.000000 0.000000 0.000000
19.000000 172.637642 18.060914 -0.376967 3.108722 0.000000 0.000000 0.000000 1.000000 0.000000 0.000000
19.000000 172.641598 19.265201 -0.509129 3.270163 0.000000 0.000000 0.000000 1.000000 0.000000 0.000000
19.000000 172.647622 17.947289 -0.372385 3.135656 0.000000 0.000000 0.000000 1.000000 0.000000 0.000000
19.000000 172.651550 19.134326 -0.512435 3.307651 0.000000 0.000000 0.000000 1.000000 0.000000 0.000000
19.000000 172.657728 17.844059 -0.382346 3.175159 0.000000 0.000000 0.000000 1.000000 0.000000 0.000000
19.000000 172.661633 18.989593 -0.515402 3.339483 0.000000 0.000000 0.000000 1.000000 0.000000 0.000000
19.000000 172.667655 17.730752 -0.381506 3.199690 0.000000 0.000000 0.000000 1.000000 0.000000 0.000000
19.000000 172.671612 18.858535 -0.519049 3.368152 0.000000 0.000000 0.000000 1.000000 0.000000 0.000000
19.000000 172.677653 17.597148 -0.383484 3.243177 0.000000 0.000000 0.000000 1.000000 0.000000 0.000000
19.000000 172.681796 18.753148 -0.529845 3.391735 0.000000 0.000000 0.000000 1.000000 0.000000 0.000000
19.000000 172.687843 17.473019 -0.400160 3.264971 0.000000 0.000000 0.000000 1.000000 0.000000 0.000000
19.000000 172.691743 18.617571 -0.532253 3.418329 0.000000 0.000000 0.000000 1.000000 0.000000 0.000000
19.000000 172.697680 17.356345 -0.406478 3.299297 0.000000 0.000000 0.000000 1.000000 0.000000 0.000000
19.000000 172.701718 18.472993 -0.523279 3.450381 0.000000 0.000000 0.000000 1.000000 0.000000 0.000000
19.000000 172.707866 17.265347 -0.413061 3.331148 0.000000 0.000000 0.000000 1.000000 0.000000 0.000000
19.000000 172.711514 18.376020 -0.544059 3.462163 0.000000 0.000000 0.000000 1.000000 0.000000 0.000000
19.000000 172.717756 17.181113 -0.406564 3.357901 0.000000 0.000000 0.000000 1.000000 0.000000 0.000000
19.000000 172.721775 18.238922 -0.540451 3.493776 0.000000 0.000000 0.000000 1.000000 0.000000 0.000000
19.000000 172.727642 16.846110 -0.388840 3.378767 0.000000 0.000000 0.000000 1.000000 0.000000 0.000000
19.000000 172.731649 18.079716 -0.535030 3.512163 0.000000 0.000000 0.000000 1.000000 0.000000 0.000000
19.000000 172.737682 16.933397 -0.412394 3.408027 0.000000 0.000000 0.000000 1.000000 0.000000 0.000000
19.000000 172.741747 18.017379 -0.544351 3.524115 0.000000 0.000000 0.000000 1.000000 0.000000 0.000000
19.000000 172.747798 16.817839 -0.422573 3.432856 0.000000 0.000000 0.000000 1.000000 0.000000 0.000000
19.000000 172.751643 17.902354 -0.552174 3.538704 0.000000 0.000000 0.000000 1.000000 0.000000 0.000000
19.000000 172.757734 16.712447 -0.436178 3.454701 0.000000 0.000000 0.000000 1.000000 0.000000 0.000000
19.000000 172.761792 17.736418 -0.562266 3.564419 0.000000 0.000000 0.000000 1.000000 0.000000 0.000000
19.000000 172.767797 16.588267 -0.445859 3.480036 0.000000 0.000000 0.000000 1.000000 0.000000 0.000000
19.000000 172.771629 17.548231 -0.565300 3.585960 0.000000 0.000000 0.000000 1.000000 0.000000 0.000000
19.000000 172.777697 16.496532 -0.442341 3.500487 0.000000 0.000000 0.000000 1.000000 0.000000 0.000000
19.000000 172.787642 16.378749 -0.439165 3.520027 0.000000 0.000000 0.000000 1.000000 0.000000 0.000000
19.000000 172.791681 17.355762 -0.566174 3.607616 0.000000 0.000000 0.000000 1.000000 0.000000 0.000000
19.000000 172.797716 16.257900 -0.456268 3.539277 0.000000 0.000000 0.000000 1.000000 0.000000 0.000000
19.000000 172.807813 16.149343 -0.458799 3.555900 0.000000 0.000000 0.000000 1.000000 0.000000 0.000000
19.000000 172.817598 16.055059 -0.461125 3.575976 0.000000 0.000000 0.000000 1.000000 0.000000 0.000000
19.000000 172.827628 15.965320 -0.460379 3.601389 0.000000 0.000000 0.000000 1.000000 0.000000 0.000000
19.000000 172.831684 16.919214 -0.576920 3.672908 0.000000 0.000000 0.000000 1.000000 0.000000 0.000000
19.000000 172.837939 15.853487 -0.474054 3.605144 0.000000 0.000000 0.000000 1.000000 0.000000 0.000000
19.000000 172.841004 16.813174 -0.606905 3.686092 0.000000 0.000000 0.000000 1.000000 0.000000 0.000000
19.000000 172.841710 16.769513 -0.577122 3.681183 0.000000 0.000000 0.000000 1.000000 0.000000 0.000000
19.000000 172.847640 15.700783 -0.466701 3.621891 0.000000 0.000000 0.000000 1.000000 0.000000 0.000000
19.000000 172.851020 16.723422 -0.609721 3.706657 0.000000 0.000000 0.000000 1.000000 0.000000 0.000000
19.000000 172.851673 16.673638 -0.579243 3.698632 0.000000 0.000000 0.000000 1.000000 0.000000 0.000000
19.000000 172.857760 15.614721 -0.482244 3.636910 0.000000 0.000000 0.000000 1.000000 0.000000 0.000000
19.000000 172.861208 16.621441 -0.621641 3.713324 0.000000 0.000000 0.000000 1.000000 0.000000 0.000000
19.000000 172.861858 16.557657 -0.587483 3.709216 0.000000 0.000000 0.000000 1.000000 0.000000 0.000000
19.000000 172.867655 15.496407 -0.491971 3.648410 0.000000 0.000000 0.000000 1.000000 0.000000 0.000000
19.000000 172.870981 16.445169 -0.621593 3.723919 0.000000 0.000000 0.000000 1.000000 0.000000 0.000000
19.000000 172.871721 16.387134 -0.589651 3.717001 0.000000 0.000000 0.000000 1.000000 0.000000 0.000000
19.000000 172.877691 15.403060 -0.492612 3.656994 0.000000 0.000000 0.000000 1.000000 0.000000 0.000000
19.000000 172.881126 16.350884 -0.621165 3.731905 0.000000 0.000000 0.000000 1.000000 0.000000 0.000000
19.000000 172.881777 16.321814 -0.598776 3.716659 0.000000 0.000000 0.000000 1.000000 0.000000 0.000000
19.000000 172.887625 15.277492 -0.501007 3.665632 0.000000 0.000000 0.000000 1.000000 0.000000 0.000000
19.000000 172.890986 16.252584 -0.632232 3.745654 0.000000 0.000000 0.000000 1.000000 0.000000 0.000000
19.000000 172.891654 16.185898 -0.596734 3.728012 0.000000 0.000000 0.000000 1.000000 0.000000 0.000000
19.000000 172.897749 15.141374 -0.503994 3.672540 0.000000 0.000000 0.000000 1.000000 0.000000 0.000000
19.000000 172.901061 16.116937 -0.629782 3.748633 0.000000 0.000000 0.000000 1.000000 0.000000 0.000000
19.000000 172.901758 16.098824 -0.607305 3.732611 0.000000 0.000000 0.000000 1.000000 0.000000 0.000000
19.000000 172.907768 15.068323 -0.512944 3.684261 0.000000 0.000000 0.000000 1.000000 0.000000 0.000000
19.000000 172.910959 16.049125 -0.640479 3.756561 0.000000 0.000000 0.000000 1.000000 0.000000 0.000000
19.000000 172.911633 16.014796 -0.614576 3.737584 0.000000 0.000000 0.000000 1.000000 0.000000 0.000000
19.000000 172.917775 14.949546 -0.513961 3.688065 0.000000 0.000000 0.000000 1.000000 0.000000 0.000000
19.000000 172.921053 15.801714 -0.622185 3.751156 0.000000 0.000000 0.000000 1.000000 0.000000 0.000000
19.000000 172.921708 15.795352 -0.606678 3.742025 0.000000 0.000000 0.000000 1.000000 0.000000 0.000000
19.000000 172.927885 14.844649 -0.524912 3.698790 0.000000 0.000000 0.000000 1.000000 0.000000 0.000000
19.000000 172.930985 15.805902 -0.641414 3.759452 0.000000 0.000000 0.000000 1.000000 0.000000 0.000000
19.000000 172.931714 15.834138 -0.631969 3.729992 0.000000 0.000000 0.000000 1.000000 0.000000 0.000000
19.000000 172.937868 14.711045 -0.521275 3.698596 0.000000 0.000000 0.000000 1.000000 0.000000 0.000000
19.000000 172.941051 15.639845 -0.634724 3.764233 0.000000 0.000000 0.000000 1.000000 0.000000 0.000000
19.000000 172.941762 15.642388 -0.618293 3.736588 0.000000 0.000000 0.000000 1.000000 0.000000 0.000000
19.000000 172.947660 14.598077 -0.525135 3.698796 0.000000 0.000000 0.000000 1.000000 0.000000 0.000000
19.000000 172.951768 15.507514 -0.623861 3.739554 0.000000 0.000000 0.000000 1.000000 0.000000 0.000000
19.000000 172.957740 14.505787 -0.532138 3.705947 0.000000 0.000000 0.000000 1.000000 0.000000 0.000000
19.000000 172.961783 15.396115 -0.626836 3.739440 0.000000 0.000000 0.000000 1.000000 0.000000 0.000000
19.000000 172.967834 14.141985 -0.506645 3.692948 0.000000 0.000000 0.000000 1.000000 0.000000 0.000000
19.000000 172.971757 15.285219 -0.619366 3.730981 0.000000 0.000000 0.000000 1.000000 0.000000 0.000000
19.000000 172.977768 14.273619 -0.545394 3.702276 0.000000 0.000000 0.000000 1.000000 0.000000 0.000000
19.000000 172.987868 14.161611 -0.549012 3.697459 0.000000 0.000000 0.000000 1.000000 0.000000 0.000000
19.000000 172.991887 15.062182 -0.639160 3.726843 0.000000 0.000000 0.000000 1.000000 0.000000 0.000000
19.000000 172.997837 14.111461 -0.554345 3.706630 0.000000 0.000000 0.000000 1.000000 0.000000 0.000000
19.000000 173.001938 14.948490 -0.635020 3.724389 0.000000 0.000000 0.000000 1.000000 0.000000 0.000000
19.000000 173.007885 13.967886 -0.564868 3.709348 0.000000 0.000000 0.000000 1.000000 0.000000 0.000000
19.000000 173.017767 13.864559 -0.566402 3.705893 0.000000 0.000000 0.000000 1.000000 0.000000 0.000000
19.000000 173.022386 14.738959 -0.649627 3.720046 0.000000 0.000000 0.000000 1.000000 0.000000 0.000000
19.000000 173.027802 13.759981 -0.561871 3.693700 0.000000 0.000000 0.000000 1.000000 0.000000 0.000000
19.000000 173.032331 14.634632 -0.655277 3.704196 0.000000 0.000000 0.000000 1.000000 0.000000 0.000000
19.000000 173.037757 13.621852 -0.577430 3.683738 0.000000 0.000000 0.000000 1.000000 0.000000 0.000000
19.000000 173.042017 14.536236 -0.661013 3.698430 0.000000 0.000000 0.000000 1.000000 0.000000 0.000000
19.000000 173.047844 13.518539 -0.585373 3.686247 0.000000 0.000000 0.000000 1.000000 0.000000 0.000000
19.000000 173.051923 14.404942 -0.656101 3.695603 0.000000 0.000000 0.000000 1.000000 0.000000 0.000000
19.000000 173.057852 13.417370 -0.581384 3.677490 0.000000 0.000000 0.000000 1.000000 0.000000 0.000000
19.000000 173.061816 14.274314 -0.655568 3.694420 0.000000 0.000000 0.000000 1.000000 0.000000 0.000000
19.000000 173.067965 13.296435 -0.593569 3.670914 0.000000 0.000000 0.000000 1.000000 0.000000 0.000000
19.000000 173.071655 14.181763 -0.659988 3.682237 0.000000 0.000000 0.000000 1.000000 0.000000 0.000000
19.000000 173.077914 13.220453 -0.589936 3.658944 0.000000 0.000000 0.000000 1.000000 0.000000 0.000000
19.000000 173.081872 14.067818 -0.662144 3.670255 0.000000 0.000000 0.000000 1.000000 0.000000 0.000000
19.000000 173.087915 13.061922 -0.594022 3.637393 0.000000 0.000000 0.000000 1.000000 0.000000 0.000000
19.000000 173.091678 13.951655 -0.659473 3.662391 0.000000 0.000000 0.000000 1.000000 0.000000 0.000000
19.000000 173.097837 12.972552 -0.601016 3.634342 0.000000 0.000000 0.000000 1.000000 0.000000 0.000000
19.000000 173.101767 13.875523 -0.675217 3.648329 0.000000 0.000000 0.000000 1.000000 0.000000 0.000000
19.000000 173.107896 12.881039 -0.615666 3.622535 0.000000 0.000000 0.000000 1.000000 0.000000 0.000000
19.000000 173.111702 13.724626 -0.671818 3.628918 0.000000 0.000000 0.000000 1.000000 0.000000 0.000000
19.000000 173.117761 12.760618 -0.614860 3.610668 0.000000 0.000000 0.000000 1.000000 0.000000 0.000000
19.000000 173.121780 13.627270 -0.673674 3.611931 0.000000 0.000000 0.000000 1.000000 0.000000 0.000000
19.000000 173.127987 12.659526 -0.619782 3.595409 0.000000 0.000000 0.000000 1.000000 0.000000 0.000000
19.000000 173.131687 13.569301 -0.683132 3.593117 0.000000 0.000000 0.000000 1.000000 0.000000 0.000000
19.000000 173.137920 12.541918 -0.618947 3.575530 0.000000 0.000000 0.000000 1.000000 0.000000 0.000000
19.000000 173.141813 13.435753 -0.673459 3.578903 0.000000 0.000000 0.000000 1.000000 0.000000 0.000000
19.000000 173.148087 12.419890 -0.629146 3.560025 0.000000 0.000000 0.000000 1.000000 0.000000 0.000000
19.000000 173.151741 13.317352 -0.684005 3.552377 0.000000 0.000000 0.000000 1.000000 0.000000 0.000000
19.000000 173.157782 12.342016 -0.633413 3.549385 0.000000 0.000000 0.000000 1.000000 0.000000 0.000000
19.000000 173.161819 13.163368 -0.682343 3.533995 0.000000 0.000000 0.000000 1.000000 0.000000 0.000000
19.000000 173.167867 12.261959 -0.640156 3.527785 0.000000 0.000000 0.000000 1.000000 0.000000 0.000000
19.000000 173.171777 13.053158 -0.683099 3.510537 0.000000 0.000000 0.000000 1.000000 0.000000 0.000000
19.000000 173.177886 12.144557 -0.651027 3.503719 0.000000 0.000000 0.000000 1.000000 0.000000 0.000000
19.000000 173.181834 12.974849 -0.686969 3.490223 0.000000 0.000000 0.000000 1.000000 0.000000 0.000000
19.000000 173.187944 11.982798 -0.652071 3.484176 0.000000 0.000000 0.000000 1.000000 0.000000 0.000000
19.000000 173.191747 12.920014 -0.699669 3.465256 0.000000 0.000000 0.000000 1.000000 0.000000 0.000000
19.000000 173.197829 11.927535 -0.652883 3.465559 0.000000 0.000000 0.000000 1.000000 0.000000 0.000000
19.000000 173.201830 12.795263 -0.697681 3.441202 0.000000 0.000000 0.000000 1.000000 0.000000 0.000000
19.000000 173.207953 11.812066 -0.659760 3.442158 0.000000 0.000000 0.000000 1.000000 0.000000 0.000000
19.000000 173.211755 12.648293 -0.707913 3.415361 0.000000 0.000000 0.000000 1.000000 0.000000 0.000000
19.000000 173.217947 11.691172 -0.666402 3.418783 0.000000 0.000000 0.000000 1.000000 0.000000 0.000000
19.000000 173.221887 12.502816 -0.694561 3.393853 0.000000 0.000000 0.000000 1.000000 0.000000 0.000000
19.000000 173.227851 11.551650 -0.669419 3.389562 0.000000 0.000000 0.000000 1.000000 0.000000 0.000000
19.000000 173.231745 12.472750 -0.715686 3.360374 0.000000 0.000000 0.000000 1.000000 0.000000 0.000000
19.000000 173.237900 11.473140 -0.673876 3.361744 0.000000 0.000000 0.000000 1.000000 0.000000 0.000000
19.000000 173.241948 12.331387 -0.705033 3.328931 0.000000 0.000000 0.000000 1.000000 0.000000 0.000000
19.000000 173.247879 11.350589 -0.677321 3.336284 0.000000 0.000000 0.000000 1.000000 0.000000 0.000000
19.000000 173.251912 12.263471 -0.715720 3.307725 0.000000 0.000000 0.000000 1.000000 0.000000 0.000000
19.000000 173.257893 11.273541 -0.685046 3.314327 0.000000 0.000000 0.000000 1.000000 0.000000 0.000000
19.000000 173.261898 12.074434 -0.716612 3.277674 0.000000 0.000000 0.000000 1.000000 0.000000 0.000000
19.000000 173.267962 11.169591 -0.688195 3.282769 0.000000 0.000000 0.000000 1.000000 0.000000 0.000000
19.000000 173.271805 12.036693 -0.722523 3.232890 0.000000 0.000000 0.000000 1.000000 0.000000 0.000000
19.000000 173.278044 11.047719 -0.699588 3.251896 0.000000 0.000000 0.000000 1.000000 0.000000 0.000000
19.000000 173.281846 11.934637 -0.716152 3.205812 0.000000 0.000000 0.000000 1.000000 0.000000 0.000000
19.000000 173.287948 10.953119 -0.701925 3.213335 0.000000 0.000000 0.000000 1.000000 0.000000 0.000000
19.000000 173.291804 11.855005 -0.723091 3.175215 0.000000 0.000000 0.000000 1.000000 0.000000 0.000000
19.000000 173.301201 11.313432 -0.529713 3.187130 0.000000 0.000000 0.000000 1.000000 0.000000 0.000000
19.000000 173.301877 11.770971 -0.734192 3.142280 0.000000 0.000000 0.000000 1.000000 0.000000 0.000000
19.000000 173.307997 10.732157 -0.712764 3.154856 0.000000 0.000000 0.000000 1.000000 0.000000 0.000000
19.000000 173.311890 11.643983 -0.735245 3.100589 0.000000 0.000000 0.000000 1.000000 0.000000 0.000000
19.000000 173.317989 10.632888 -0.721500 3.121160 0.000000 0.000000 0.000000 1.000000 0.000000 0.000000
19.000000 173.321886 11.545251 -0.728771 3.066390 0.000000 0.000000 0.000000 1.000000 0.000000 0.000000
19.000000 173.327973 10.535054 -0.712265 3.086917 0.000000 0.000000 0.000000 1.000000 0.000000 0.000000
19.000000 173.331805 11.449193 -0.738349 3.033630 0.000000 0.000000 0.000000 1.000000 0.000000 0.000000
19.000000 173.337892 10.359032 -0.726574 3.045553 0.000000 0.000000 0.000000 1.000000 0.000000 0.000000
19.000000 173.341927 11.359036 -0.744769 2.993396 0.000000 0.000000 0.000000 1.000000 0.000000 0.000000
19.000000 173.347988 10.284461 -0.729212 3.011008 0.000000 0.000000 0.000000 1.000000 0.000000 0.000000
19.000000 173.351844 11.239460 -0.740084 2.956487 0.000000 0.000000 0.000000 1.000000 0.000000 0.000000
19.000000 173.358002 10.190956 -0.740871 2.977306 0.000000 0.000000 0.000000 1.000000 0.000000 0.000000
19.000000 173.361965 11.135316 -0.750585 2.908815 0.000000 0.000000 0.000000 1.000000 0.000000 0.000000
19.000000 173.367960 10.112121 -0.741190 2.939477 0.000000 0.000000 0.000000 1.000000 0.000000 0.000000
19.000000 173.371813 11.056225 -0.752197 2.875366 0.000000 0.000000 0.000000 1.000000 0.000000 0.000000
19.000000 173.378008 9.973498 -0.751467 2.894682 0.000000 0.000000 0.000000 1.000000 0.000000 0.000000
19.000000 173.381934 10.956940 -0.756891 2.833895 0.000000 0.000000 0.000000 1.000000 0.000000 0.000000
19.000000 173.388133 9.856049 -0.752639 2.851401 0.000000 0.000000 0.000000 1.000000 0.000000 0.000000
19.000000 173.391850 10.846633 -0.756910 2.792141 0.000000 0.000000 0.000000 1.000000 0.000000 0.000000
19.000000 173.397925 9.740531 -0.756535 2.801870 0.000000 0.000000 0.000000 1.000000 0.000000 0.000000
19.000000 173.401884 10.725735 -0.753865 2.747580 0.000000 0.000000 0.000000 1.000000 0.000000 0.000000
19.000000 173.407988 9.661944 -0.765527 2.770536 0.000000 0.000000 0.000000 1.000000 0.000000 0.000000
19.000000 173.411838 10.632485 -0.762979 2.703338 0.000000 0.000000 0.000000 1.000000 0.000000 0.000000
19.000000 173.417939 9.573683 -0.769860 2.725021 0.000000 0.000000 0.000000 1.000000 0.000000 0.000000
19.000000 173.421923 10.534996 -0.766068 2.655351 0.000000 0.000000 0.000000 1.000000 0.000000 0.000000
19.000000 173.427985 9.479670 -0.764705 2.681028 0.000000 0.000000 0.000000 1.000000 0.000000 0.000000
19.000000 173.431849 10.440655 -0.770095 2.603902 0.000000 0.000000 0.000000 1.000000 0.000000 0.000000
19.000000 173.437886 9.334617 -0.775213 2.622991 0.000000 0.000000 0.000000 1.000000 0.000000 0.000000
19.000000 173.441972 10.306796 -0.774782 2.578286 0.000000 0.000000 0.000000 1.000000 0.000000 0.000000
19.000000 173.448160 9.180623 -0.778335 2.582109 0.000000 0.000000 0.000000 1.000000 0.000000 0.000000
19.000000 173.451864 10.225941 -0.778392 2.509279 0.000000 0.000000 0.000000 1.000000 0.000000 0.000000
19.000000 173.458070 9.126668 -0.786683 2.541430 0.000000 0.000000 0.000000 1.000000 0.000000 0.000000
19.000000 173.461982 10.126186 -0.782300 2.458462 0.000000 0.000000 0.000000 1.000000 0.000000 0.000000
19.000000 173.468051 9.022303 -0.794258 2.491124 0.000000 0.000000 0.000000 1.000000 0.000000 0.000000
19.000000 173.471886 9.995080 -0.780131 2.407827 0.000000 0.000000 0.000000 1.000000 0.000000 0.000000
19.000000 173.478057 8.927454 -0.796304 2.442868 0.000000 0.000000 0.000000 1.000000 0.000000 0.000000
19.000000 173.481941 9.900918 -0.789155 2.352568 0.000000 0.000000 0.000000 1.000000 0.000000 0.000000
19.000000 173.488266 8.799908 -0.799344 2.385190 0.000000 0.000000 0.000000 1.000000 0.000000 0.000000
19.000000 173.491896 9.824858 -0.790359 2.302354 0.000000 0.000000 0.000000 1.000000 0.000000 0.000000
19.000000 173.498082 8.701594 -0.809205 2.325384 0.000000 0.000000 0.000000 1.000000 0.000000 0.000000
19.000000 173.501950 9.721606 -0.787286 2.253206 0.000000 0.000000 0.000000 1.000000 0.000000 0.000000
19.000000 173.508289 8.619297 -0.805751 2.292706 0.000000 0.000000 0.000000 1.000000 0.000000 0.000000
19.000000 173.511869 9.677293 -0.797440 2.192512 0.000000 0.000000 0.000000 1.000000 0.000000 0.000000
19.000000 173.518105 8.509998 -0.817612 2.226816 0.000000 0.000000 0.000000 1.000000 0.000000 0.000000
19.000000 173.522016 9.540928 -0.798003 2.146496 0.000000 0.000000 0.000000 1.000000 0.000000 0.000000
19.000000 173.528169 8.393210 -0.820529 2.175805 0.000000 0.000000 0.000000 1.000000 0.000000 0.000000
19.000000 173.531886 9.428014 -0.798324 2.094809 0.000000 0.000000 0.000000 1.000000 0.000000 0.000000
19.000000 173.538039 8.286109 -0.822889 2.114834 0.000000 0.000000 0.000000 1.000000 0.000000 0.000000
19.000000 173.542128 9.327672 -0.798258 2.035117 0.000000 0.000000 0.000000 1.000000 0.000000 0.000000
19.000000 173.548035 8.162151 -0.827638 2.054070 0.000000 0.000000 0.000000 1.000000 0.000000 0.000000
19.000000 173.552038 9.246056 -0.805499 1.979398 0.000000 0.000000 0.000000 1.000000 0.000000 0.000000
19.000000 173.557909 8.223277 -0.837597 2.014784 0.000000 0.000000 0.000000 1.000000 0.000000 0.000000
19.000000 173.562064 9.145635 -0.806108 1.919824 0.000000 0.000000 0.000000 1.000000 0.000000 0.000000
19.000000 173.568017 7.979141 -0.827276 1.958267 0.000000 0.000000 0.000000 1.000000 0.000000 0.000000
19.000000 173.572013 9.065768 -0.811162 1.858977 0.000000 0.000000 0.000000 1.000000 0.000000 0.000000
19.000000 173.578297 7.862470 -0.843034 1.895714 0.000000 0.000000 0.000000 1.000000 0.000000 0.000000
19.000000 173.582104 8.958458 -0.807059 1.811125 0.000000 0.000000 0.000000 1.000000 0.000000 0.000000
19.000000 173.588060 7.711511 -0.850165 1.804594 0.000000 0.000000 0.000000 1.000000 0.000000 0.000000
19.000000 173.591890 8.871442 -0.816056 1.743806 0.000000 0.000000 0.000000 1.000000 0.000000 0.000000
19.000000 173.598053 7.663138 -0.850971 1.754325 0.000000 0.000000 0.000000 1.000000 0.000000 0.000000
19.000000 173.602027 8.746945 -0.809100 1.679094 0.000000 0.000000 0.000000 1.000000 0.000000 0.000000
19.000000 173.608232 7.561271 -0.857895 1.708557 0.000000 0.000000 0.000000 1.000000 0.000000 0.000000
19.000000 173.611918 8.689950 -0.821898 1.623387 0.000000 0.000000 0.000000 1.000000 0.000000 0.000000
19.000000 173.618132 7.558919 -0.870771 1.627301 0.000000 0.000000 0.000000 1.000000 0.000000 0.000000
19.000000 173.621998 8.566171 -0.815737 1.569690 0.000000 0.000000 0.000000 1.000000 0.000000 0.000000
19.000000 173.628136 7.413581 -0.872993 1.561215 0.000000 0.000000 0.000000 1.000000 0.000000 0.000000
19.000000 173.632151 8.478332 -0.816093 1.498719 0.000000 0.000000 0.000000 1.000000 0.000000 0.000000
19.000000 173.638052 7.226544 -0.876855 1.477258 0.000000 0.000000 0.000000 1.000000 0.000000 0.000000
19.000000 173.642060 8.391359 -0.820843 1.438218 0.000000 0.000000 0.000000 1.000000 0.000000 0.000000
19.000000 173.648101 7.139496 -0.882575 1.410078 0.000000 0.000000 0.000000 1.000000 0.000000 0.000000
19.000000 173.651966 8.321662 -0.830648 1.368077 0.000000 0.000000 0.000000 1.000000 0.000000 0.000000
19.000000 173.658032 7.103441 -0.906343 1.355368 0.000000 0.000000 0.000000 1.000000 0.000000 0.000000
19.000000 173.662112 8.221061 -0.832345 1.305856 0.000000 0.000000 0.000000 1.000000 0.000000 0.000000
19.000000 173.668107 7.070270 -0.905371 1.303066 0.000000 0.000000 0.000000 1.000000 0.000000 0.000000
19.000000 173.672092 8.116048 -0.831179 1.236275 0.000000 0.000000 0.000000 1.000000 0.000000 0.000000
19.000000 173.678059 6.880884 -0.908796 1.232011 0.000000 0.000000 0.000000 1.000000 0.000000 0.000000
19.000000 173.682145 8.020206 -0.831767 1.176203 0.000000 0.000000 0.000000 1.000000 0.000000 0.000000
19.000000 173.688127 6.654097 -0.907924 1.140588 0.000000 0.000000 0.000000 1.000000 0.000000 0.000000
19.000000 173.692038 7.940415 -0.834354 1.104065 0.000000 0.000000 0.000000 1.000000 0.000000 0.000000
19.000000 173.698041 6.642054 -0.890248 1.084680 0.000000 0.000000 0.000000 1.000000 0.000000 0.000000
19.000000 173.702092 7.834159 -0.832469 1.040627 0.000000 0.000000 0.000000 1.000000 0.000000 0.000000
19.000000 173.708090 6.499193 -0.915569 1.022532 0.000000 0.000000 0.000000 1.000000 0.000000 0.000000
19.000000 173.712301 7.746150 -0.839706 0.969449 0.000000 0.000000 0.000000 1.000000 0.000000 0.000000
19.000000 173.718034 6.407149 -0.909120 0.954268 0.000000 0.000000 0.000000 1.000000 0.000000 0.000000
19.000000 173.722127 7.642268 -0.840893 0.894192 0.000000 0.000000 0.000000 1.000000 0.000000 0.000000
19.000000 173.728206 6.304604 -0.916708 0.876690 0.000000 0.000000 0.000000 1.000000 0.000000 0.000000
19.000000 173.732101 7.563573 -0.846989 0.824985 0.000000 0.000000 0.000000 1.000000 0.000000 0.000000
19.000000 173.738212 6.212593 -0.918773 0.782761 0.000000 0.000000 0.000000 1.000000 0.000000 0.000000
19.000000 173.742120 7.477896 -0.847429 0.753682 0.000000 0.000000 0.000000 1.000000 0.000000 0.000000
19.000000 173.748088 6.047188 -0.937405 0.697302 0.000000 0.000000 0.000000 1.000000 0.000000 0.000000
19.000000 173.752057 7.387884 -0.851029 0.681780 0.000000 0.000000 0.000000 1.000000 0.000000 0.000000
19.000000 173.758175 6.112726 -0.933585 0.642455 0.000000 0.000000 0.000000 1.000000 0.000000 0.000000
19.000000 173.762201 7.282188 -0.849271 0.606817 0.000000 0.000000 0.000000 1.000000 0.000000 0.000000
19.000000 173.768115 5.891214 -0.938259 0.570751 0.000000 0.000000 0.000000 1.000000 0.000000 0.000000
19.000000 173.772120 7.206159 -0.855681 0.534037 0.000000 0.000000 0.000000 1.000000 0.000000 0.000000
19.000000 173.778121 5.914142 -0.949704 0.488822 0.000000 0.000000 0.000000 1.000000 0.000000 0.000000
19.000000 173.782188 7.110474 -0.854902 0.462070 0.000000 0.000000 0.000000 1.000000 0.000000 0.000000
19.000000 173.788372 5.642398 -0.962825 0.372478 0.000000 0.000000 0.000000 1.000000 0.000000 0.000000
19.000000 173.792122 7.028602 -0.856521 0.382363 0.000000 0.000000 0.000000 1.000000 0.000000 0.000000
19.000000 173.798061 5.546725 -0.951835 0.307992 0.000000 0.000000 0.000000 1.000000 0.000000 0.000000
19.000000 173.802179 6.937296 -0.860538 0.307055 0.000000 0.000000 0.000000 1.000000 0.000000 0.000000
19.000000 173.808156 5.470102 -0.958616 0.252816 0.000000 0.000000 0.000000 1.000000 0.000000 0.000000
19.000000 173.812118 6.847234 -0.862544 0.228344 0.000000 0.000000 0.000000 1.000000 0.000000 0.000000
19.000000 173.818067 5.437300 -0.993035 0.147583 0.000000 0.000000 0.000000 1.000000 0.000000 0.000000
19.000000 173.822204 6.763602 -0.863870 0.147964 0.000000 0.000000 0.000000 1.000000 0.000000 0.000000
19.000000 173.828228 5.247081 -0.967915 0.070682 0.000000 0.000000 0.000000 1.000000 0.000000 0.000000
19.000000 173.832046 6.674400 -0.865689 0.074155 0.000000 0.000000 0.000000 1.000000 0.000000 0.000000
19.000000 173.838092 5.181149 -0.970114 -0.019168 0.000000 0.000000 0.000000 1.000000 0.000000 0.000000
19.000000 173.842154 6.605035 -0.870168 0.017626 0.000000 0.000000 0.000000 1.000000 0.000000 0.000000
19.000000 173.848210 5.121656 -0.973286 -0.004534 0.000000 0.000000 0.000000 1.000000 0.000000 0.000000
19.000000 173.852036 6.557607 -0.873032 0.078531 0.000000 0.000000 0.000000 1.000000 0.000000 0.000000
19.000000 173.858099 5.051179 -0.982932 0.083457 0.000000 0.000000 0.000000 1.000000 0.000000 0.000000
19.000000 173.862065 6.498957 -0.875450 0.137960 0.000000 0.000000 0.000000 1.000000 0.000000 0.000000
19.000000 173.868220 5.015173 -0.983293 0.154757 0.000000 0.000000 0.000000 1.000000 0.000000 0.000000
19.000000 173.872058 6.473540 -0.880433 0.189003 0.000000 0.000000 0.000000 1.000000 0.000000 0.000000
19.000000 173.878101 5.145888 -0.995941 0.219078 0.000000 0.000000 0.000000 1.000000 0.000000 0.000000
19.000000 173.882107 6.413687 -0.883170 0.254757 0.000000 0.000000 0.000000 1.000000 0.000000 0.000000
19.000000 173.888141 4.926984 -0.984423 0.258749 0.000000 0.000000 0.000000 1.000000 0.000000 0.000000
19.000000 173.892085 6.366833 -0.885809 0.310332 0.000000 0.000000 0.000000 1.000000 0.000000 0.000000
19.000000 173.898061 4.879154 -0.989892 0.310022 0.000000 0.000000 0.000000 1.000000 0.000000 0.000000
19.000000 173.902168 6.322432 -0.889382 0.362182 0.000000 0.000000 0.000000 1.000000 0.000000 0.000000
19.000000 173.908139 4.843801 -0.996566 0.396216 0.000000 0.000000 0.000000 1.000000 0.000000 0.000000
19.000000 173.912097 6.279958 -0.893132 0.413672 0.000000 0.000000 0.000000 1.000000 0.000000 0.000000
19.000000 173.918083 4.783679 -1.002732 0.451628 0.000000 0.000000 0.000000 1.000000 0.000000 0.000000
19.000000 173.922249 6.229574 -0.893240 0.469551 0.000000 0.000000 0.000000 1.000000 0.000000 0.000000
19.000000 173.928159 4.731483 -1.007133 0.514525 0.000000 0.000000 0.000000 1.000000 0.000000 0.000000
19.000000 173.932124 6.190154 -0.899510 0.517358 0.000000 0.000000 0.000000 1.000000 0.000000 0.000000
19.000000 173.938132 4.569546 -0.997013 0.525630 0.000000 0.000000 0.000000 1.000000 0.000000 0.000000
19.000000 173.942141 6.143574 -0.904671 0.567146 0.000000 0.000000 0.000000 1.000000 0.000000 0.000000
19.000000 173.948167 4.602200 -1.013544 0.573902 0.000000 0.000000 0.000000 1.000000 0.000000 0.000000
19.000000 173.952094 6.090145 -0.901430 0.617646 0.000000 0.000000 0.000000 1.000000 0.000000 0.000000
19.000000 173.958101 4.573626 -1.023197 0.657579 0.000000 0.000000 0.000000 1.000000 0.000000 0.000000
19.000000 173.962132 6.032586 -0.908084 0.666517 0.000000 0.000000 0.000000 1.000000 0.000000 0.000000
19.000000 173.968187 4.547084 -1.028770 0.690068 0.000000 0.000000 0.000000 1.000000 0.000000 0.000000
19.000000 173.972063 6.013064 -0.916410 0.705366 0.000000 0.000000 0.000000 1.000000 0.000000 0.000000
19.000000 173.978193 4.509009 -1.025985 0.745402 0.000000 0.000000 0.000000 1.000000 0.000000 0.000000
19.000000 173.982173 5.937246 -0.912844 0.756204 0.000000 0.000000 0.000000 1.000000 0.000000 0.000000
19.000000 173.988223 4.441444 -1.028188 0.786529 0.000000 0.000000 0.000000 1.000000 0.000000 0.000000
19.000000 173.992083 5.920388 -0.919921 0.798222 0.000000 0.000000 0.000000 1.000000 0.000000 0.000000
19.000000 173.998210 4.399254 -1.031656 0.837747 0.000000 0.000000 0.000000 1.000000 0.000000 0.000000
19.000000 174.002237 5.875235 -0.922344 0.840143 0.000000 0.000000 0.000000 1.000000 0.000000 0.000000
19.000000 174.008241 4.374030 -1.037132 0.882806 0.000000 0.000000 0.000000 1.000000 0.000000 0.000000
19.000000 174.012187 5.824458 -0.927118 0.880461 0.000000 0.000000 0.000000 1.000000 0.000000 0.000000
19.000000 174.018147 4.301642 -1.038444 0.918829 0.000000 0.000000 0.000000 1.000000 0.000000 0.000000
19.000000 174.022158 5.759820 -0.924841 0.925973 0.000000 0.000000 0.000000 1.000000 0.000000 0.000000
19.000000 174.028240 4.283818 -1.042674 0.968825 0.000000 0.000000 0.000000 1.000000 0.000000 0.000000
19.000000 174.032121 5.736898 -0.929405 0.961299 0.000000 0.000000 0.000000 1.000000 0.000000 0.000000
19.000000 174.038170 4.220116 -1.045299 1.000188 0.000000 0.000000 0.000000 1.000000 0.000000 0.000000
19.000000 174.042154 5.695816 -0.934438 0.999884 0.000000 0.000000 0.000000 1.000000 0.000000 0.000000
19.000000 174.048270 4.181503 -1.059304 1.042129 0.000000 0.000000 0.000000 1.000000 0.000000 0.000000
19.000000 174.052099 5.656279 -0.941846 1.038247 0.000000 0.000000 0.000000 1.000000 0.000000 0.000000
19.000000 174.058193 4.136343 -1.057986 1.092305 0.000000 0.000000 0.000000 1.000000 0.000000 0.000000
19.000000 174.062299 5.608001 -0.941769 1.074083 0.000000 0.000000 0.000000 1.000000 0.000000 0.000000
19.000000 174.068231 4.097731 -1.061706 1.128046 0.000000 0.000000 0.000000 1.000000 0.000000 0.000000
19.000000 174.072129 5.559663 -0.942867 1.106336 0.000000 0.000000 0.000000 1.000000 0.000000 0.000000
19.000000 174.078254 4.051140 -1.059422 1.163774 0.000000 0.000000 0.000000 1.000000 0.000000 0.000000
19.000000 174.082148 5.514186 -0.947298 1.146480 0.000000 0.000000 0.000000 1.000000 0.000000 0.000000
19.000000 174.088252 3.973344 -1.067616 1.201782 0.000000 0.000000 0.000000 1.000000 0.000000 0.000000
19.000000 174.092116 5.473229 -0.950838 1.175421 0.000000 0.000000 0.000000 1.000000 0.000000 0.000000
19.000000 174.098351 3.931623 -1.071315 1.234489 0.000000 0.000000 0.000000 1.000000 0.000000 0.000000
19.000000 174.102216 5.429159 -0.954681 1.208973 0.000000 0.000000 0.000000 1.000000 0.000000 0.000000
19.000000 174.108381 3.906468 -1.073813 1.277186 0.000000 0.000000 0.000000 1.000000 0.000000 0.000000
19.000000 174.112135 5.389294 -0.955037 1.236177 0.000000 0.000000 0.000000 1.000000 0.000000 0.000000
19.000000 174.118239 3.849430 -1.081568 1.306504 0.000000 0.000000 0.000000 1.000000 0.000000 0.000000
19.000000 174.122208 5.335293 -0.958077 1.272285 0.000000 0.000000 0.000000 1.000000 0.000000 0.000000
19.000000 174.128370 3.800123 -1.086611 1.344498 0.000000 0.000000 0.000000 1.000000 0.000000 0.000000
19.000000 174.132114 5.286829 -0.958945 1.298088 0.000000 0.000000 0.000000 1.000000 0.000000 0.000000
19.000000 174.138215 3.705351 -1.083777 1.361404 0.000000 0.000000 0.000000 1.000000 0.000000 0.000000
19.000000 174.142156 5.248033 -0.968279 1.327658 0.000000 0.000000 0.000000 1.000000 0.000000 0.000000
19.000000 174.148227 3.698686 -1.088612 1.392147 0.000000 0.000000 0.000000 1.000000 0.000000 0.000000
19.000000 174.152126 5.197459 -0.966481 1.353063 0.000000 0.000000 0.000000 1.000000 0.000000 0.000000
19.000000 174.158153 3.647483 -1.095119 1.430238 0.000000 0.000000 0.000000 1.000000 0.000000 0.000000
19.000000 174.162232 5.146660 -0.969254 1.380159 0.000000 0.000000 0.000000 1.000000 0.000000 0.000000
19.000000 174.168352 3.610280 -1.101858 1.463271 0.000000 0.000000 0.000000 1.000000 0.000000 0.000000
19.000000 174.172213 5.107988 -0.974188 1.398514 0.000000 0.000000 0.000000 1.000000 0.000000 0.000000
19.000000 174.178254 3.539355 -1.107852 1.487731 0.000000 0.000000 0.000000 1.000000 0.000000 0.000000
19.000000 174.182209 5.074945 -0.982511 1.423408 0.000000 0.000000 0.000000 1.000000 0.000000 0.000000
19.000000 174.188301 3.452130 -1.106566 1.504555 0.000000 0.000000 0.000000 1.000000 0.000000 0.000000
19.000000 174.192137 5.033434 -0.982658 1.444411 0.000000 0.000000 0.000000 1.000000 0.000000 0.000000
19.000000 174.198245 3.443471 -1.112817 1.532709 0.000000 0.000000 0.000000 1.000000 0.000000 0.000000
19.000000 174.202466 4.986880 -0.985105 1.470376 0.000000 0.000000 0.000000 1.000000 0.000000 0.000000
19.000000 174.208414 3.402298 -1.122566 1.568781 0.000000 0.000000 0.000000 1.000000 0.000000 0.000000
19.000000 174.212312 4.941797 -0.987497 1.488658 0.000000 0.000000 0.000000 1.000000 0.000000 0.000000
19.000000 174.218468 3.337263 -1.127267 1.590313 0.000000 0.000000 0.000000 1.000000 0.000000 0.000000
19.000000 174.222417 4.895523 -0.987551 1.504582 0.000000 0.000000 0.000000 1.000000 0.000000 0.000000
19.000000 174.228358 3.290200 -1.128669 1.606787 0.000000 0.000000 0.000000 1.000000 0.000000 0.000000
19.000000 174.232211 4.857390 -0.997195 1.525337 0.000000 0.000000 0.000000 1.000000 0.000000 0.000000
19.000000 174.242251 4.811260 -0.998062 1.543093 0.000000 0.000000 0.000000 1.000000 0.000000 0.000000
19.000000 174.248392 3.126149 -1.133271 1.643646 0.000000 0.000000 0.000000 1.000000 0.000000 0.000000
19.000000 174.252163 4.766226 -0.997875 1.560997 0.000000 0.000000 0.000000 1.000000 0.000000 0.000000
19.000000 174.258424 3.169548 -1.138961 1.668353 0.000000 0.000000 0.000000 1.000000 0.000000 0.000000
19.000000 174.262283 4.721779 -1.001520 1.574457 0.000000 0.000000 0.000000 1.000000 0.000000 0.000000
19.000000 174.268618 3.120012 -1.140220 1.687013 0.000000 0.000000 0.000000 1.000000 0.000000 0.000000
19.000000 174.272256 4.680831 -1.006142 1.586283 0.000000 0.000000 0.000000 1.000000 0.000000 0.000000
19.000000 174.278308 3.086887 -1.139214 1.698734 0.000000 0.000000 0.000000 1.000000 0.000000 0.000000
19.000000 174.282508 4.635988 -1.009492 1.603804 0.000000 0.000000 0.000000 1.000000 0.000000 0.000000
19.000000 174.288520 2.961044 -1.146817 1.700648 0.000000 0.000000 0.000000 1.000000 0.000000 0.000000
19.000000 174.292413 4.591338 -1.009674 1.613756 0.000000 0.000000 0.000000 1.000000 0.000000 0.000000
19.000000 174.298334 2.902294 -1.150489 1.706792 0.000000 0.000000 0.000000 1.000000 0.000000 0.000000
19.000000 174.302389 4.546387 -1.014809 1.624861 0.000000 0.000000 0.000000 1.000000 0.000000 0.000000
19.000000 174.308373 2.922542 -1.156092 1.737893 0.000000 0.000000 0.000000 1.000000 0.000000 0.000000
19.000000 174.312384 4.504951 -1.016971 1.630971 0.000000 0.000000 0.000000 1.000000 0.000000 0.000000
19.000000 174.318474 2.875967 -1.166225 1.750193 0.000000 0.000000 0.000000 1.000000 0.000000 0.000000
19.000000 174.322292 4.442536 -1.018034 1.645098 0.000000 0.000000 0.000000 1.000000 0.000000 0.000000
19.000000 174.328422 2.813959 -1.172509 1.756284 0.000000 0.000000 0.000000 1.000000 0.000000 0.000000
19.000000 174.332277 4.405144 -1.018785 1.650192 0.000000 0.000000 0.000000 1.000000 0.000000 0.000000
19.000000 174.338473 2.652024 -1.163052 1.753947 0.000000 0.000000 0.000000 1.000000 0.000000 0.000000
19.000000 174.342360 4.396089 -1.028038 1.650404 0.000000 0.000000 0.000000 1.000000 0.000000 0.000000
19.000000 174.348584 2.711752 -1.181146 1.771283 0.000000 0.000000 0.000000 1.000000 0.000000 0.000000
19.000000 174.358346 2.653846 -1.179433 1.775799 0.000000 0.000000 0.000000 1.000000 0.000000 0.000000
19.000000 174.368524 2.638478 -1.184457 1.784494 0.000000 0.000000 0.000000 1.000000 0.000000 0.000000
19.000000 174.378246 2.550596 -1.188535 1.786028 0.000000 0.000000 0.000000 1.000000 0.000000 0.000000
19.000000 174.388365 2.465156 -1.192434 1.783432 0.000000 0.000000 0.000000 1.000000 0.000000 0.000000
19.000000 174.398380 2.427229 -1.191880 1.785544 0.000000 0.000000 0.000000 1.000000 0.000000 0.000000
19.000000 174.408397 2.438004 -1.200061 1.793009 0.000000 0.000000 0.000000 1.000000 0.000000 0.000000
19.000000 174.418338 2.374066 -1.205376 1.791717 0.000000 0.000000 0.000000 1.000000 0.000000 0.000000
19.000000 174.428433 2.316143 -1.214150 1.787135 0.000000 0.000000 0.000000 1.000000 0.000000 0.000000
19.000000 174.438346 2.207205 -1.212430 1.778170 0.000000 0.000000 0.000000 1.000000 0.000000 0.000000
19.000000 174.448416 2.168494 -1.217127 1.789306 0.000000 0.000000 0.000000 1.000000 0.000000 0.000000
19.000000 174.458413 2.188113 -1.220573 1.779571 0.000000 0.000000 0.000000 1.000000 0.000000 0.000000
19.000000 174.468496 2.144203 -1.226710 1.775181 0.000000 0.000000 0.000000 1.000000 0.000000 0.000000
19.000000 174.478347 2.120099 -1.217343 1.766298 0.000000 0.000000 0.000000 1.000000 0.000000 0.000000
19.000000 174.488420 2.023729 -1.233139 1.747490 0.000000 0.000000 0.000000 1.000000 0.000000 0.000000
19.000000 174.498356 1.919258 -1.233523 1.726442 0.000000 0.000000 0.000000 1.000000 0.000000 0.000000
19.000000 174.508469 1.939207 -1.238936 1.738180 0.000000 0.000000 0.000000 1.000000 0.000000 0.000000
19.000000 174.518572 1.875257 -1.243593 1.716591 0.000000 0.000000 0.000000 1.000000 0.000000 0.000000
19.000000 174.528587 1.840037 -1.244060 1.712373 0.000000 0.000000 0.000000 1.000000 0.000000 0.000000
19.000000 174.538390 1.742241 -1.252119 1.679331 0.000000 0.000000 0.000000 1.000000 0.000000 0.000000
19.000000 174.548551 1.678311 -1.248463 1.673012 0.000000 0.000000 0.000000 1.000000 0.000000 0.000000
19.000000 174.558368 1.696398 -1.260823 1.664188 0.000000 0.000000 0.000000 1.000000 0.000000 0.000000
19.000000 174.568558 1.646854 -1.260490 1.650774 0.000000 0.000000 0.000000 1.000000 0.000000 0.000000
19.000000 174.578497 1.585223 -1.267233 1.628087 0.000000 0.000000 0.000000 1.000000 0.000000 0.000000
19.000000 174.589313 1.488874 -1.272212 1.605445 0.000000 0.000000 0.000000 1.000000 0.000000 0.000000
19.000000 174.598607 1.432460 -1.276255 1.583174 0.000000 0.000000 0.000000 1.000000 0.000000 0.000000
19.000000 174.608536 1.420920 -1.278109 1.562860 0.000000 0.000000 0.000000 1.000000 0.000000 0.000000
19.000000 174.618454 1.359425 -1.287352 1.542446 0.000000 0.000000 0.000000 1.000000 0.000000 0.000000
19.000000 174.628673 1.311338 -1.290325 1.518249 0.000000 0.000000 0.000000 1.000000 0.000000 0.000000
19.000000 174.638460 1.243456 -1.286633 1.481018 0.000000 0.000000 0.000000 1.000000 0.000000 0.000000
19.000000 174.648533 1.215224 -1.296975 1.464012 0.000000 0.000000 0.000000 1.000000 0.000000 0.000000
19.000000 174.658462 1.184624 -1.300753 1.442750 0.000000 0.000000 0.000000 1.000000 0.000000 0.000000
19.000000 174.668528 1.126364 -1.303966 1.410401 0.000000 0.000000 0.000000 1.000000 0.000000 0.000000
19.000000 174.678537 1.078797 -1.309242 1.381806 0.000000 0.000000 0.000000 1.000000 0.000000 0.000000
19.000000 174.688530 0.994973 -1.309500 1.341167 0.000000 0.000000 0.000000 1.000000 0.000000 0.000000
19.000000 174.698571 0.948907 -1.309450 1.318073 0.000000 0.000000 0.000000 1.000000 0.000000 0.000000
19.000000 174.708669 0.916023 -1.315590 1.282670 0.000000 0.000000 0.000000 1.000000 0.000000 0.000000
19.000000 174.718492 0.828410 -1.328966 1.238104 0.000000 0.000000 0.000000 1.000000 0.000000 0.000000
19.000000 174.728510 0.877799 -1.312634 1.227180 0.000000 0.000000 0.000000 1.000000 0.000000 0.000000
19.000000 174.738489 0.681058 -1.330162 1.165669 0.000000 0.000000 0.000000 1.000000 0.000000 0.000000
19.000000 174.748646 0.716269 -1.329314 1.119124 0.000000 0.000000 0.000000 1.000000 0.000000 0.000000
19.000000 174.758503 0.670280 -1.344680 1.092970 0.000000 0.000000 0.000000 1.000000 0.000000 0.000000
19.000000 174.768560 0.621445 -1.341764 1.046658 0.000000 0.000000 0.000000 1.000000 0.000000 0.000000
19.000000 174.778754 0.560473 -1.346173 1.010175 0.000000 0.000000 0.000000 1.000000 0.000000 0.000000
19.000000 174.788635 0.501717 -1.350324 0.964933 0.000000 0.000000 0.000000 1.000000 0.000000 0.000000
19.000000 174.798610 0.454768 -1.351060 0.918335 0.000000 0.000000 0.000000 1.000000 0.000000 0.000000
19.000000 174.808619 0.436046 -1.360815 0.875349 0.000000 0.000000 0.000000 1.000000 0.000000 0.000000
19.000000 174.818491 0.356096 -1.365411 0.829233 0.000000 0.000000 0.000000 1.000000 0.000000 0.000000
19.000000 174.828707 0.280816 -1.369701 0.782890 0.000000 0.000000 0.000000 1.000000 0.000000 0.000000
19.000000 174.838617 0.177175 -1.371366 0.718185 0.000000 0.000000 0.000000 1.000000 0.000000 0.000000
19.000000 174.858557 0.158334 -1.375382 0.634635 0.000000 0.000000 0.000000 1.000000 0.000000 0.000000
19.000000 174.868603 0.083446 -1.385038 0.578316 0.000000 0.000000 0.000000 1.000000 0.000000 0.000000
19.000000 174.878583 0.092677 -1.373971 0.541632 0.000000 0.000000 0.000000 1.000000 0.000000 0.000000
19.000000 174.898649 -0.110012 -1.395242 0.420059 0.000000 0.000000 0.000000 1.000000 0.000000 0.000000
19.000000 174.908682 -0.171399 -1.401891 0.355749 0.000000 0.000000 0.000000 1.000000 0.000000 0.000000
19.000000 174.918582 -0.184103 -1.405238 0.306823 0.000000 0.000000 0.000000 1.000000 0.000000 0.000000
19.000000 174.928680 -0.235006 -1.406596 0.252322 0.000000 0.000000 0.000000 1.000000 0.000000 0.000000
19.000000 174.938592 -0.332632 -1.411633 0.202649 0.000000 0.000000 0.000000 1.000000 0.000000 0.000000
19.000000 174.948651 -0.462492 -1.411529 0.133486 0.000000 0.000000 0.000000 1.000000 0.000000 0.000000
19.000000 174.958630 -0.462968 -1.432340 0.077040 0.000000 0.000000 0.000000 1.000000 0.000000 0.000000
19.000000 174.968645 -0.509246 -1.433653 0.019479 0.000000 0.000000 0.000000 1.000000 0.000000 0.000000
19.000000 174.978596 -0.577122 -1.440745 -0.054331 0.000000 0.000000 0.000000 1.000000 0.000000 0.000000
19.000000 174.988689 -0.675249 -1.443234 -0.072562 0.000000 0.000000 0.000000 1.000000 0.000000 0.000000
19.000000 174.998674 -0.647137 -1.440503 0.001389 0.000000 0.000000 0.000000 1.000000 0.000000 0.000000
19.000000 175.008673 -0.676890 -1.443009 0.043265 0.000000 0.000000 0.000000 1.000000 0.000000 0.000000
19.000000 175.018683 -0.740152 -1.440984 0.088843 0.000000 0.000000 0.000000 1.000000 0.000000 0.000000
19.000000 175.028679 -0.783246 -1.441639 0.130662 0.000000 0.000000 0.000000 1.000000 0.000000 0.000000
19.000000 175.038643 -0.872711 -1.444819 0.168788 0.000000 0.000000 0.000000 1.000000 0.000000 0.000000
19.000000 175.048346 -0.863906 -1.443004 0.177298 0.000000 0.000000 0.000000 1.000000 0.000000 0.000000
19.000000 175.048756 -0.926636 -1.453861 0.191922 0.000000 0.000000 0.000000 1.000000 0.000000 0.000000
19.000000 175.058638 -0.908512 -1.453433 0.243950 0.000000 0.000000 0.000000 1.000000 0.000000 0.000000
19.000000 175.068720 -0.992010 -1.455300 0.277494 0.000000 0.000000 0.000000 1.000000 0.000000 0.000000
19.000000 175.078230 -0.925808 -1.450313 0.309782 0.000000 0.000000 0.000000 1.000000 0.000000 0.000000
19.000000 175.078691 -0.942306 -1.447236 0.339538 0.000000 0.000000 0.000000 1.000000 0.000000 0.000000
19.000000 175.098197 -1.085701 -1.441853 0.368842 0.000000 0.000000 0.000000 1.000000 0.000000 0.000000
19.000000 175.098645 -1.164296 -1.455631 0.386138 0.000000 0.000000 0.000000 1.000000 0.000000 0.000000
19.000000 175.108270 -1.091395 -1.451169 0.416702 0.000000 0.000000 0.000000 1.000000 0.000000 0.000000
19.000000 175.108802 -1.125007 -1.454976 0.432512 0.000000 0.000000 0.000000 1.000000 0.000000 0.000000
19.000000 175.118212 -1.091503 -1.449771 0.456067 0.000000 0.000000 0.000000 1.000000 0.000000 0.000000
19.000000 175.118631 -1.147999 -1.459075 0.470615 0.000000 0.000000 0.000000 1.000000 0.000000 0.000000
19.000000 175.128318 -1.141573 -1.452556 0.491038 0.000000 0.000000 0.000000 1.000000 0.000000 0.000000
19.000000 175.128776 -1.204899 -1.463644 0.503996 0.000000 0.000000 0.000000 1.000000 0.000000 0.000000
19.000000 175.138169 -1.243844 -1.456323 0.515426 0.000000 0.000000 0.000000 1.000000 0.000000 0.000000
19.000000 175.138754 -1.283586 -1.461907 0.527754 0.000000 0.000000 0.000000 1.000000 0.000000 0.000000
19.000000 175.148585 -1.217336 -1.456754 0.557501 0.000000 0.000000 0.000000 1.000000 0.000000 0.000000
19.000000 175.148841 -1.268468 -1.465614 0.568600 0.000000 0.000000 0.000000 1.000000 0.000000 0.000000
19.000000 175.158245 -1.263070 -1.458273 0.592066 0.000000 0.000000 0.000000 1.000000 0.000000 0.000000
19.000000 175.158713 -1.283162 -1.459205 0.607470 0.000000 0.000000 0.000000 1.000000 0.000000 0.000000
19.000000 175.168293 -1.296456 -1.455816 0.614396 0.000000 0.000000 0.000000 1.000000 0.000000 0.000000
19.000000 175.168809 -1.358296 -1.467284 0.623951 0.000000 0.000000 0.000000 1.000000 0.000000 0.000000
19.000000 175.178455 -1.337203 -1.459835 0.650542 0.000000 0.000000 0.000000 1.000000 0.000000 0.000000
19.000000 175.178734 -1.375054 -1.465729 0.662038 0.000000 0.000000 0.000000 1.000000 0.000000 0.000000
19.000000 175.188313 -1.468327 -1.460543 0.655583 0.000000 0.000000 0.000000 1.000000 0.000000 0.000000
19.000000 175.188782 -1.521279 -1.470085 0.663761 0.000000 0.000000 0.000000 1.000000 0.000000 0.000000
19.000000 175.198262 -1.549067 -1.465069 0.670765 0.000000 0.000000 0.000000 1.000000 0.000000 0.000000
19.000000 175.198721 -1.604944 -1.473927 0.682123 0.000000 0.000000 0.000000 1.000000 0.000000 0.000000
19.000000 175.208320 -1.499176 -1.468219 0.720153 0.000000 0.000000 0.000000 1.000000 0.000000 0.000000
19.000000 175.208794 -1.520456 -1.470134 0.730955 0.000000 0.000000 0.000000 1.000000 0.000000 0.000000
19.000000 175.218297 -1.516822 -1.466740 0.741266 0.000000 0.000000 0.000000 1.000000 0.000000 0.000000
19.000000 175.218718 -1.551796 -1.470935 0.754204 0.000000 0.000000 0.000000 1.000000 0.000000 0.000000
19.000000 175.228282 -1.554712 -1.464894 0.769759 0.000000 0.000000 0.000000 1.000000 0.000000 0.000000
19.000000 175.228842 -1.600965 -1.473871 0.775184 0.000000 0.000000 0.000000 1.000000 0.000000 0.000000
19.000000 175.238297 -1.598308 -1.466708 0.797025 0.000000 0.000000 0.000000 1.000000 0.000000 0.000000
19.000000 175.238760 -1.631482 -1.471616 0.807857 0.000000 0.000000 0.000000 1.000000 0.000000 0.000000
19.000000 175.248405 -1.663635 -1.471881 0.800027 0.000000 0.000000 0.000000 1.000000 0.000000 0.000000
19.000000 175.248863 -1.734915 -1.486397 0.804500 0.000000 0.000000 0.000000 1.000000 0.000000 0.000000
19.000000 175.258294 -1.731500 -1.478377 0.826449 0.000000 0.000000 0.000000 1.000000 0.000000 0.000000
19.000000 175.258765 -1.762966 -1.483120 0.834962 0.000000 0.000000 0.000000 1.000000 0.000000 0.000000
19.000000 175.268375 -1.782315 -1.480248 0.838552 0.000000 0.000000 0.000000 1.000000 0.000000 0.000000
19.000000 175.268756 -1.822838 -1.486486 0.847888 0.000000 0.000000 0.000000 1.000000 0.000000 0.000000
19.000000 175.278284 -1.805707 -1.480674 0.866996 0.000000 0.000000 0.000000 1.000000 0.000000 0.000000
19.000000 175.278740 -1.815580 -1.481018 0.873693 0.000000 0.000000 0.000000 1.000000 0.000000 0.000000
19.000000 175.288402 -1.887788 -1.477177 0.868487 0.000000 0.000000 0.000000 1.000000 0.000000 0.000000
19.000000 175.288792 -1.946506 -1.488409 0.874673 0.000000 0.000000 0.000000 1.000000 0.000000 0.000000
19.000000 175.298319 -1.981363 -1.486510 0.872113 0.000000 0.000000 0.000000 1.000000 0.000000 0.000000
19.000000 175.298830 -2.036343 -1.497277 0.875951 0.000000 0.000000 0.000000 1.000000 0.000000 0.000000
19.000000 175.308334 -1.978153 -1.492468 0.899654 0.000000 0.000000 0.000000 1.000000 0.000000 0.000000
19.000000 175.308828 -1.992319 -1.493845 0.905397 0.000000 0.000000 0.000000 1.000000 0.000000 0.000000
19.000000 175.318248 -1.974652 -1.489634 0.920433 0.000000 0.000000 0.000000 1.000000 0.000000 0.000000
19.000000 175.318752 -2.005203 -1.495698 0.923383 0.000000 0.000000 0.000000 1.000000 0.000000 0.000000
19.000000 175.328345 -2.074217 -1.492322 0.917740 0.000000 0.000000 0.000000 1.000000 0.000000 0.000000
19.000000 175.328888 -2.042503 -1.481467 0.929861 0.000000 0.000000 0.000000 1.000000 0.000000 0.000000
19.000000 175.338243 -2.075164 -1.483798 0.917587 0.000000 0.000000 0.000000 1.000000 0.000000 0.000000
19.000000 175.338786 -2.146921 -1.499390 0.917616 0.000000 0.000000 0.000000 1.000000 0.000000 0.000000
19.000000 175.348312 -2.138741 -1.493619 0.932447 0.000000 0.000000 0.000000 1.000000 0.000000 0.000000
19.000000 175.348783 -2.123396 -1.487420 0.940717 0.000000 0.000000 0.000000 1.000000 0.000000 0.000000
19.000000 175.358326 -2.118324 -1.482860 0.952947 0.000000 0.000000 0.000000 1.000000 0.000000 0.000000
19.000000 175.358712 -2.135099 -1.488012 0.948436 0.000000 0.000000 0.000000 1.000000 0.000000 0.000000
19.000000 175.368356 -2.133538 -1.483533 0.961817 0.000000 0.000000 0.000000 1.000000 0.000000 0.000000
19.000000 175.368816 -2.171058 -1.491190 0.965095 0.000000 0.000000 0.000000 1.000000 0.000000 0.000000
19.000000 175.378270 -2.200243 -1.489179 0.964531 0.000000 0.000000 0.000000 1.000000 0.000000 0.000000
19.000000 175.378855 -2.156679 -1.477200 0.971916 0.000000 0.000000 0.000000 1.000000 0.000000 0.000000
19.000000 175.388351 -2.227983 -1.477434 0.955774 0.000000 0.000000 0.000000 1.000000 0.000000 0.000000
19.000000 175.388851 -2.300072 -1.493824 0.954580 0.000000 0.000000 0.000000 1.000000 0.000000 0.000000
19.000000 175.398262 -2.394568 -1.485872 0.955589 0.000000 0.000000 0.000000 1.000000 0.000000 0.000000
19.000000 175.398784 -2.444867 -1.496745 0.956740 0.000000 0.000000 0.000000 1.000000 0.000000 0.000000
19.000000 175.408334 -2.338037 -1.497384 0.978030 0.000000 0.000000 0.000000 1.000000 0.000000 0.000000
19.000000 175.408862 -2.320252 -1.492639 0.980534 0.000000 0.000000 0.000000 1.000000 0.000000 0.000000
19.000000 175.418264 -2.345343 -1.491245 0.979067 0.000000 0.000000 0.000000 1.000000 0.000000 0.000000
19.000000 175.418806 -2.373612 -1.496711 0.982132 0.000000 0.000000 0.000000 1.000000 0.000000 0.000000
19.000000 175.428367 -2.420707 -1.494341 0.978583 0.000000 0.000000 0.000000 1.000000 0.000000 0.000000
19.000000 175.428914 -2.433236 -1.496991 0.979111 0.000000 0.000000 0.000000 1.000000 0.000000 0.000000
19.000000 175.438301 -2.471913 -1.495869 0.973895 0.000000 0.000000 0.000000 1.000000 0.000000 0.000000
19.000000 175.438824 -2.469423 -1.495161 0.974390 0.000000 0.000000 0.000000 1.000000 0.000000 0.000000
19.000000 175.448434 -2.581958 -1.491067 0.961437 0.000000 0.000000 0.000000 1.000000 0.000000 0.000000
19.000000 175.448871 -2.571186 -1.487867 0.964017 0.000000 0.000000 0.000000 1.000000 0.000000 0.000000
19.000000 175.458364 -2.536584 -1.488444 0.969884 0.000000 0.000000 0.000000 1.000000 0.000000 0.000000
19.000000 175.458791 -2.564133 -1.495678 0.966334 0.000000 0.000000 0.000000 1.000000 0.000000 0.000000
19.000000 175.468336 -2.575960 -1.494905 0.965937 0.000000 0.000000 0.000000 1.000000 0.000000 0.000000
19.000000 175.468894 -2.594501 -1.500404 0.961438 0.000000 0.000000 0.000000 1.000000 0.000000 0.000000
19.000000 175.478388 -2.655831 -1.500552 0.947736 0.000000 0.000000 0.000000 1.000000 0.000000 0.000000
19.000000 175.478898 -2.668484 -1.503473 0.947352 0.000000 0.000000 0.000000 1.000000 0.000000 0.000000
19.000000 175.488369 -2.756939 -1.501151 0.934778 0.000000 0.000000 0.000000 1.000000 0.000000 0.000000
19.000000 175.489012 -2.742693 -1.498229 0.934135 0.000000 0.000000 0.000000 1.000000 0.000000 0.000000
19.000000 175.498327 -2.872091 -1.494784 0.915755 0.000000 0.000000 0.000000 1.000000 0.000000 0.000000
19.000000 175.499063 -2.846455 -1.488448 0.917978 0.000000 0.000000 0.000000 1.000000 0.000000 0.000000
19.000000 175.508335 -2.723133 -1.491538 0.936088 0.000000 0.000000 0.000000 1.000000 0.000000 0.000000
19.000000 175.509081 -2.790487 -1.510876 0.921859 0.000000 0.000000 0.000000 1.000000 0.000000 0.000000
19.000000 175.518358 -2.815260 -1.510493 0.917515 0.000000 0.000000 0.000000 1.000000 0.000000 0.000000
19.000000 175.518932 -2.812859 -1.510783 0.914769 0.000000 0.000000 0.000000 1.000000 0.000000 0.000000
19.000000 175.528428 -2.882758 -1.510491 0.900249 0.000000 0.000000 0.000000 1.000000 0.000000 0.000000
19.000000 175.528943 -2.881627 -1.511145 0.897345 0.000000 0.000000 0.000000 1.000000 0.000000 0.000000
19.000000 175.538598 -2.956754 -1.509591 0.885327 0.000000 0.000000 0.000000 1.000000 0.000000 0.000000
19.000000 175.538821 -2.962639 -1.511329 0.883917 0.000000 0.000000 0.000000 1.000000 0.000000 0.000000
19.000000 175.548391 -3.035150 -1.509113 0.874338 0.000000 0.000000 0.000000 1.000000 0.000000 0.000000
19.000000 175.548902 -3.022528 -1.508803 0.866196 0.000000 0.000000 0.000000 1.000000 0.000000 0.000000
19.000000 175.558572 -3.005598 -1.513769 0.855612 0.000000 0.000000 0.000000 1.000000 0.000000 0.000000
19.000000 175.558872 -3.010962 -1.516718 0.850092 0.000000 0.000000 0.000000 1.000000 0.000000 0.000000
19.000000 175.568429 -3.054413 -1.516495 0.841251 0.000000 0.000000 0.000000 1.000000 0.000000 0.000000
19.000000 175.568881 -3.044261 -1.517638 0.830279 0.000000 0.000000 0.000000 1.000000 0.000000 0.000000
19.000000 175.578439 -3.117959 -1.519258 0.809171 0.000000 0.000000 0.000000 1.000000 0.000000 0.000000
19.000000 175.578990 -3.116427 -1.520684 0.803653 0.000000 0.000000 0.000000 1.000000 0.000000 0.000000
19.000000 175.588712 -3.191024 -1.522900 0.781498 0.000000 0.000000 0.000000 1.000000 0.000000 0.000000
19.000000 175.588954 -3.210095 -1.530466 0.771317 0.000000 0.000000 0.000000 1.000000 0.000000 0.000000
19.000000 175.598423 -3.290790 -1.527667 0.761481 0.000000 0.000000 0.000000 1.000000 0.000000 0.000000
19.000000 175.598909 -3.281605 -1.527889 0.754421 0.000000 0.000000 0.000000 1.000000 0.000000 0.000000
19.000000 175.608431 -3.305078 -1.529486 0.744543 0.000000 0.000000 0.000000 1.000000 0.000000 0.000000
19.000000 175.608951 -3.285448 -1.526650 0.739984 0.000000 0.000000 0.000000 1.000000 0.000000 0.000000
19.000000 175.618422 -3.322932 -1.529206 0.724428 0.000000 0.000000 0.000000 1.000000 0.000000 0.000000
19.000000 175.619088 -3.322186 -1.531231 0.717764 0.000000 0.000000 0.000000 1.000000 0.000000 0.000000
19.000000 175.628433 -3.353216 -1.531949 0.708906 0.000000 0.000000 0.000000 1.000000 0.000000 0.000000
19.000000 175.628944 -3.315891 -1.525982 0.702233 0.000000 0.000000 0.000000 1.000000 0.000000 0.000000
19.000000 175.638474 -3.424517 -1.526564 0.676286 0.000000 0.000000 0.000000 1.000000 0.000000 0.000000
19.000000 175.638892 -3.409155 -1.525779 0.668541 0.000000 0.000000 0.000000 1.000000 0.000000 0.000000
19.000000 175.648431 -3.481327 -1.530518 0.639971 0.000000 0.000000 0.000000 1.000000 0.000000 0.000000
19.000000 175.648981 -3.481427 -1.533779 0.630897 0.000000 0.000000 0.000000 1.000000 0.000000 0.000000
19.000000 175.658447 -3.501589 -1.532700 0.629398 0.000000 0.000000 0.000000 1.000000 0.000000 0.000000
19.000000 175.658957 -3.470879 -1.529563 0.618539 0.000000 0.000000 0.000000 1.000000 0.000000 0.000000
19.000000 175.668511 -3.490305 -1.532590 0.605162 0.000000 0.000000 0.000000 1.000000 0.000000 0.000000
19.000000 175.668971 -3.504502 -1.539288 0.593632 0.000000 0.000000 0.000000 1.000000 0.000000 0.000000
19.000000 175.678467 -3.582796 -1.541629 0.569213 0.000000 0.000000 0.000000 1.000000 0.000000 0.000000
19.000000 175.679006 -3.567698 -1.541660 0.559275 0.000000 0.000000 0.000000 1.000000 0.000000 0.000000
19.000000 175.688705 -3.621391 -1.542727 0.544010 0.000000 0.000000 0.000000 1.000000 0.000000 0.000000
19.000000 175.689000 -3.582215 -1.537399 0.534249 0.000000 0.000000 0.000000 1.000000 0.000000 0.000000
19.000000 175.698431 -3.657966 -1.542862 0.501450 0.000000 0.000000 0.000000 1.000000 0.000000 0.000000
19.000000 175.699000 -3.632745 -1.542454 0.486819 0.000000 0.000000 0.000000 1.000000 0.000000 0.000000
19.000000 175.708535 -3.700486 -1.545586 0.462645 0.000000 0.000000 0.000000 1.000000 0.000000 0.000000
19.000000 175.708972 -3.673230 -1.542222 0.455714 0.000000 0.000000 0.000000 1.000000 0.000000 0.000000
19.000000 175.718435 -3.721666 -1.545922 0.434892 0.000000 0.000000 0.000000 1.000000 0.000000 0.000000
19.000000 175.718953 -3.692314 -1.543853 0.423177 0.000000 0.000000 0.000000 1.000000 0.000000 0.000000
19.000000 175.728755 -3.765851 -1.544258 0.405320 0.000000 0.000000 0.000000 1.000000 0.000000 0.000000
19.000000 175.729029 -3.745565 -1.544614 0.391003 0.000000 0.000000 0.000000 1.000000 0.000000 0.000000
19.000000 175.738416 -3.857571 -1.545935 0.360975 0.000000 0.000000 0.000000 1.000000 0.000000 0.000000
19.000000 175.738933 -3.823587 -1.543255 0.346784 0.000000 0.000000 0.000000 1.000000 0.000000 0.000000
19.000000 175.748466 -3.875561 -1.549427 0.316398 0.000000 0.000000 0.000000 1.000000 0.000000 0.000000
19.000000 175.749014 -3.836295 -1.546270 0.301060 0.000000 0.000000 0.000000 1.000000 0.000000 0.000000
19.000000 175.758463 -3.862767 -1.551204 0.280285 0.000000 0.000000 0.000000 1.000000 0.000000 0.000000
19.000000 175.758984 -3.813949 -1.544079 0.270933 0.000000 0.000000 0.000000 1.000000 0.000000 0.000000
19.000000 175.768451 -3.893362 -1.545002 0.249348 0.000000 0.000000 0.000000 1.000000 0.000000 0.000000
19.000000 175.769221 -3.888195 -1.547895 0.236869 0.000000 0.000000 0.000000 1.000000 0.000000 0.000000
19.000000 175.778687 -3.953147 -1.551405 0.210955 0.000000 0.000000 0.000000 1.000000 0.000000 0.000000
19.000000 175.778939 -3.919676 -1.547056 0.203102 0.000000 0.000000 0.000000 1.000000 0.000000 0.000000
19.000000 175.808535 -4.108805 -1.555635 0.073813 0.000000 0.000000 0.000000 1.000000 0.000000 0.000000
19.000000 175.809003 -4.082617 -1.555400 0.058129 0.000000 0.000000 0.000000 1.000000 0.000000 0.000000
19.000000 175.818509 -4.125782 -1.559972 0.033937 0.000000 0.000000 0.000000 1.000000 0.000000 0.000000
19.000000 175.818951 -4.083077 -1.556490 0.017350 0.000000 0.000000 0.000000 1.000000 0.000000 0.000000
19.000000 175.828543 -4.183125 -1.560474 -0.019425 0.000000 0.000000 0.000000 1.000000 0.000000 0.000000
19.000000 175.829024 -4.134533 -1.555026 -0.033391 0.000000 0.000000 0.000000 1.000000 0.000000 0.000000
19.000000 175.838519 -4.301559 -1.556846 -0.079934 0.000000 0.000000 0.000000 1.000000 0.000000 0.000000
19.000000 175.839001 -4.286251 -1.560698 -0.101573 0.000000 0.000000 0.000000 1.000000 0.000000 0.000000
19.000000 175.848507 -4.264057 -1.563836 -0.106413 0.000000 0.000000 0.000000 1.000000 0.000000 0.000000
19.000000 175.849015 -4.243657 -1.560710 -0.109998 0.000000 0.000000 0.000000 1.000000 0.000000 0.000000
19.000000 175.858435 -4.257442 -1.554856 -0.091438 0.000000 0.000000 0.000000 1.000000 0.000000 0.000000
19.000000 175.858979 -4.282809 -1.556853 -0.078515 0.000000 0.000000 0.000000 1.000000 0.000000 0.000000
19.000000 175.868614 -4.216728 -1.553005 -0.044614 0.000000 0.000000 0.000000 1.000000 0.000000 0.000000
19.000000 175.869054 -4.297233 -1.565790 -0.027501 0.000000 0.000000 0.000000 1.000000 0.000000 0.000000
19.000000 175.878757 -4.297294 -1.560946 -0.009206 0.000000 0.000000 0.000000 1.000000 0.000000 0.000000
19.000000 175.879022 -4.385402 -1.577142 -0.000202 0.000000 0.000000 0.000000 1.000000 0.000000 0.000000
19.000000 175.898552 -4.448411 -1.572439 0.044257 0.000000 0.000000 0.000000 1.000000 0.000000 0.000000
19.000000 175.899022 -4.504825 -1.582355 0.050929 0.000000 0.000000 0.000000 1.000000 0.000000 0.000000
19.000000 175.908590 -4.430664 -1.578297 0.084947 0.000000 0.000000 0.000000 1.000000 0.000000 0.000000
19.000000 175.909117 -4.492320 -1.587998 0.097572 0.000000 0.000000 0.000000 1.000000 0.000000 0.000000
19.000000 175.918687 -4.420392 -1.586109 0.122674 0.000000 0.000000 0.000000 1.000000 0.000000 0.000000
19.000000 175.918984 -4.457805 -1.591283 0.132741 0.000000 0.000000 0.000000 1.000000 0.000000 0.000000
19.000000 175.948813 -4.610027 -1.593301 0.198569 0.000000 0.000000 0.000000 1.000000 0.000000 0.000000
19.000000 175.949179 -4.664672 -1.602170 0.208026 0.000000 0.000000 0.000000 1.000000 0.000000 0.000000
19.000000 175.958519 -4.624912 -1.597470 0.234871 0.000000 0.000000 0.000000 1.000000 0.000000 0.000000
19.000000 175.959154 -4.676149 -1.605446 0.245776 0.000000 0.000000 0.000000 1.000000 0.000000 0.000000
19.000000 175.968720 -4.675364 -1.601152 0.261793 0.000000 0.000000 0.000000 1.000000 0.000000 0.000000
19.000000 175.969294 -4.724643 -1.609618 0.269427 0.000000 0.000000 0.000000 1.000000 0.000000 0.000000
19.000000 175.978504 -4.702124 -1.606342 0.287325 0.000000 0.000000 0.000000 1.000000 0.000000 0.000000
19.000000 175.979190 -4.718548 -1.606937 0.298507 0.000000 0.000000 0.000000 1.000000 0.000000 0.000000
19.000000 175.988614 -4.742388 -1.603508 0.305436 0.000000 0.000000 0.000000 1.000000 0.000000 0.000000
19.000000 175.989137 -4.784556 -1.610838 0.311645 0.000000 0.000000 0.000000 1.000000 0.000000 0.000000
19.000000 175.998537 -4.847505 -1.608872 0.303514 0.000000 0.000000 0.000000 1.000000 0.000000 0.000000
19.000000 175.999230 -4.912837 -1.621253 0.307983 0.000000 0.000000 0.000000 1.000000 0.000000 0.000000
19.000000 176.008591 -4.796816 -1.617192 0.350403 0.000000 0.000000 0.000000 1.000000 0.000000 0.000000
19.000000 176.009296 -4.850636 -1.627377 0.355730 0.000000 0.000000 0.000000 1.000000 0.000000 0.000000
19.000000 176.018563 -4.849779 -1.625584 0.362737 0.000000 0.000000 0.000000 1.000000 0.000000 0.000000
19.000000 176.018983 -4.885100 -1.631250 0.369819 0.000000 0.000000 0.000000 1.000000 0.000000 0.000000
19.000000 176.028726 -4.910328 -1.626504 0.381709 0.000000 0.000000 0.000000 1.000000 0.000000 0.000000
19.000000 176.029188 -4.943205 -1.632170 0.387224 0.000000 0.000000 0.000000 1.000000 0.000000 0.000000
19.000000 176.038540 -4.979456 -1.629218 0.389839 0.000000 0.000000 0.000000 1.000000 0.000000 0.000000
19.000000 176.039176 -5.041226 -1.639989 0.398904 0.000000 0.000000 0.000000 1.000000 0.000000 0.000000
19.000000 176.048653 -5.031404 -1.638767 0.405526 0.000000 0.000000 0.000000 1.000000 0.000000 0.000000
19.000000 176.049161 -5.047427 -1.640675 0.410877 0.000000 0.000000 0.000000 1.000000 0.000000 0.000000
19.000000 176.058534 -4.985390 -1.636884 0.439839 0.000000 0.000000 0.000000 1.000000 0.000000 0.000000
19.000000 176.059108 -5.004184 -1.639140 0.447069 0.000000 0.000000 0.000000 1.000000 0.000000 0.000000
19.000000 176.068629 -5.004509 -1.635971 0.459758 0.000000 0.000000 0.000000 1.000000 0.000000 0.000000
19.000000 176.069071 -5.004508 -1.634105 0.467616 0.000000 0.000000 0.000000 1.000000 0.000000 0.000000
19.000000 176.078574 -5.048393 -1.632817 0.462050 0.000000 0.000000 0.000000 1.000000 0.000000 0.000000
19.000000 176.079011 -5.123287 -1.648058 0.464970 0.000000 0.000000 0.000000 1.000000 0.000000 0.000000
19.000000 176.088696 -5.094113 -1.644061 0.487613 0.000000 0.000000 0.000000 1.000000 0.000000 0.000000
19.000000 176.089291 -5.140997 -1.653924 0.488798 0.000000 0.000000 0.000000 1.000000 0.000000 0.000000
19.000000 176.098593 -5.230189 -1.652350 0.473668 0.000000 0.000000 0.000000 1.000000 0.000000 0.000000
19.000000 176.098986 -5.269942 -1.659056 0.480365 0.000000 0.000000 0.000000 1.000000 0.000000 0.000000
19.000000 176.108627 -5.208983 -1.658052 0.498163 0.000000 0.000000 0.000000 1.000000 0.000000 0.000000
19.000000 176.109055 -5.237716 -1.664248 0.497978 0.000000 0.000000 0.000000 1.000000 0.000000 0.000000
19.000000 176.118695 -5.258994 -1.663206 0.496977 0.000000 0.000000 0.000000 1.000000 0.000000 0.000000
19.000000 176.119056 -5.269412 -1.664453 0.500740 0.000000 0.000000 0.000000 1.000000 0.000000 0.000000
19.000000 176.128604 -5.276403 -1.663450 0.502857 0.000000 0.000000 0.000000 1.000000 0.000000 0.000000
19.000000 176.129099 -5.304268 -1.669034 0.504187 0.000000 0.000000 0.000000 1.000000 0.000000 0.000000
19.000000 176.138836 -5.432719 -1.662779 0.498177 0.000000 0.000000 0.000000 1.000000 0.000000 0.000000
19.000000 176.139094 -5.449927 -1.666652 0.497385 0.000000 0.000000 0.000000 1.000000 0.000000 0.000000
19.000000 176.148591 -5.395193 -1.667271 0.507891 0.000000 0.000000 0.000000 1.000000 0.000000 0.000000
19.000000 176.149173 -5.394994 -1.666231 0.511991 0.000000 0.000000 0.000000 1.000000 0.000000 0.000000
19.000000 176.158605 -5.371888 -1.666715 0.515520 0.000000 0.000000 0.000000 1.000000 0.000000 0.000000
19.000000 176.159341 -5.452611 -1.685398 0.509858 0.000000 0.000000 0.000000 1.000000 0.000000 0.000000
19.000000 176.168710 -5.452051 -1.684895 0.511945 0.000000 0.000000 0.000000 1.000000 0.000000 0.000000
19.000000 176.169125 -5.477340 -1.690985 0.509219 0.000000 0.000000 0.000000 1.000000 0.000000 0.000000
19.000000 176.178698 -5.477918 -1.691023 0.508936 0.000000 0.000000 0.000000 1.000000 0.000000 0.000000
19.000000 176.179130 -5.531384 -1.703126 0.506259 0.000000 0.000000 0.000000 1.000000 0.000000 0.000000
19.000000 176.188907 -5.580320 -1.702494 0.497566 0.000000 0.000000 0.000000 1.000000 0.000000 0.000000
19.000000 176.189208 -5.593833 -1.705283 0.497880 0.000000 0.000000 0.000000 1.000000 0.000000 0.000000
19.000000 176.198623 -5.696932 -1.702171 0.486317 0.000000 0.000000 0.000000 1.000000 0.000000 0.000000
19.000000 176.199243 -5.731733 -1.709923 0.484833 0.000000 0.000000 0.000000 1.000000 0.000000 0.000000
19.000000 176.208683 -5.659057 -1.710477 0.499066 0.000000 0.000000 0.000000 1.000000 0.000000 0.000000
19.000000 176.209069 -5.645378 -1.707448 0.499523 0.000000 0.000000 0.000000 1.000000 0.000000 0.000000
19.000000 176.218626 -5.642731 -1.707390 0.500352 0.000000 0.000000 0.000000 1.000000 0.000000 0.000000
19.000000 176.219276 -5.652840 -1.710065 0.498272 0.000000 0.000000 0.000000 1.000000 0.000000 0.000000
19.000000 176.228691 -5.659890 -1.710180 0.496213 0.000000 0.000000 0.000000 1.000000 0.000000 0.000000
19.000000 176.229296 -5.712497 -1.723645 0.487181 0.000000 0.000000 0.000000 1.000000 0.000000 0.000000
19.000000 176.238870 -5.787896 -1.721395 0.478925 0.000000 0.000000 0.000000 1.000000 0.000000 0.000000
19.000000 176.239156 -5.811557 -1.726874 0.477161 0.000000 0.000000 0.000000 1.000000 0.000000 0.000000
19.000000 176.248667 -5.888094 -1.730460 0.446934 0.000000 0.000000 0.000000 1.000000 0.000000 0.000000
19.000000 176.249243 -5.861687 -1.725322 0.445558 0.000000 0.000000 0.000000 1.000000 0.000000 0.000000
19.000000 176.258701 -5.818474 -1.721859 0.468358 0.000000 0.000000 0.000000 1.000000 0.000000 0.000000
19.000000 176.259110 -5.839952 -1.727297 0.464793 0.000000 0.000000 0.000000 1.000000 0.000000 0.000000
19.000000 176.268738 -5.878563 -1.726807 0.457883 0.000000 0.000000 0.000000 1.000000 0.000000 0.000000
19.000000 176.269273 -5.869001 -1.725368 0.455345 0.000000 0.000000 0.000000 1.000000 0.000000 0.000000
19.000000 176.278929 -5.862175 -1.727244 0.449292 0.000000 0.000000 0.000000 1.000000 0.000000 0.000000
19.000000 176.279285 -5.925859 -1.743935 0.436372 0.000000 0.000000 0.000000 1.000000 0.000000 0.000000
19.000000 176.288699 -6.013992 -1.742853 0.420596 0.000000 0.000000 0.000000 1.000000 0.000000 0.000000
19.000000 176.289424 -6.022248 -1.744876 0.419486 0.000000 0.000000 0.000000 1.000000 0.000000 0.000000
19.000000 176.298661 -6.024887 -1.744117 0.421974 0.000000 0.000000 0.000000 1.000000 0.000000 0.000000
19.000000 176.299070 -6.019550 -1.744658 0.414667 0.000000 0.000000 0.000000 1.000000 0.000000 0.000000
19.000000 176.308721 -6.017860 -1.746283 0.408081 0.000000 0.000000 0.000000 1.000000 0.000000 0.000000
19.000000 176.309376 -6.031450 -1.750201 0.403705 0.000000 0.000000 0.000000 1.000000 0.000000 0.000000
19.000000 176.318715 -6.090116 -1.751161 0.386335 0.000000 0.000000 0.000000 1.000000 0.000000 0.000000
19.000000 176.319314 -6.079049 -1.749322 0.384298 0.000000 0.000000 0.000000 1.000000 0.000000 0.000000
19.000000 176.329006 -6.114470 -1.749593 0.375210 0.000000 0.000000 0.000000 1.000000 0.000000 0.000000
19.000000 176.329125 -6.110299 -1.750509 0.367848 0.000000 0.000000 0.000000 1.000000 0.000000 0.000000
19.000000 176.338658 -6.085273 -1.751908 0.367848 0.000000 0.000000 0.000000 1.000000 0.000000 0.000000
19.000000 176.339127 -6.096807 -1.755735 0.362066 0.000000 0.000000 0.000000 1.000000 0.000000 0.000000
19.000000 176.348742 -6.161607 -1.754602 0.351826 0.000000 0.000000 0.000000 1.000000 0.000000 0.000000
19.000000 176.349311 -6.188682 -1.762418 0.342924 0.000000 0.000000 0.000000 1.000000 0.000000 0.000000
19.000000 176.358684 -6.199541 -1.767576 0.319893 0.000000 0.000000 0.000000 1.000000 0.000000 0.000000
19.000000 176.359133 -6.214070 -1.772974 0.310859 0.000000 0.000000 0.000000 1.000000 0.000000 0.000000
19.000000 176.368735 -6.281513 -1.772845 0.296438 0.000000 0.000000 0.000000 1.000000 0.000000 0.000000
19.000000 176.369336 -6.271287 -1.772383 0.289901 0.000000 0.000000 0.000000 1.000000 0.000000 0.000000
19.000000 176.378705 -6.285902 -1.772878 0.284696 0.000000 0.000000 0.000000 1.000000 0.000000 0.000000
19.000000 176.379143 -6.291239 -1.776361 0.275132 0.000000 0.000000 0.000000 1.000000 0.000000 0.000000
19.000000 176.388748 -6.259633 -1.780053 0.267618 0.000000 0.000000 0.000000 1.000000 0.000000 0.000000
19.000000 176.389111 -6.242386 -1.778826 0.258019 0.000000 0.000000 0.000000 1.000000 0.000000 0.000000
19.000000 176.398692 -6.458087 -1.777958 0.213113 0.000000 0.000000 0.000000 1.000000 0.000000 0.000000
19.000000 176.399332 -6.406971 -1.770115 0.202091 0.000000 0.000000 0.000000 1.000000 0.000000 0.000000
19.000000 176.408926 -6.377965 -1.772432 0.199313 0.000000 0.000000 0.000000 1.000000 0.000000 0.000000
19.000000 176.409319 -6.408042 -1.782092 0.185382 0.000000 0.000000 0.000000 1.000000 0.000000 0.000000
19.000000 176.418776 -6.434098 -1.783415 0.173811 0.000000 0.000000 0.000000 1.000000 0.000000 0.000000
19.000000 176.419199 -6.447486 -1.788921 0.162407 0.000000 0.000000 0.000000 1.000000 0.000000 0.000000
19.000000 176.428858 -6.499437 -1.791778 0.138744 0.000000 0.000000 0.000000 1.000000 0.000000 0.000000
19.000000 176.429223 -6.502880 -1.796649 0.121611 0.000000 0.000000 0.000000 1.000000 0.000000 0.000000
19.000000 176.448810 -6.608529 -1.803381 0.062192 0.000000 0.000000 0.000000 1.000000 0.000000 0.000000
19.000000 176.449218 -6.574900 -1.799201 0.051882 0.000000 0.000000 0.000000 1.000000 0.000000 0.000000
19.000000 176.458730 -6.345153 -1.805633 0.078633 0.000000 0.000000 0.000000 1.000000 0.000000 0.000000
19.000000 176.459163 -6.343057 -1.809539 0.060837 0.000000 0.000000 0.000000 1.000000 0.000000 0.000000
19.000000 176.468771 -6.502254 -1.808223 0.029234 0.000000 0.000000 0.000000 1.000000 0.000000 0.000000
19.000000 176.469237 -6.481548 -1.806750 0.016786 0.000000 0.000000 0.000000 1.000000 0.000000 0.000000
19.000000 176.478797 -6.528317 -1.808783 -0.003264 0.000000 0.000000 0.000000 1.000000 0.000000 0.000000
19.000000 176.479221 -6.546176 -1.816666 -0.021434 0.000000 0.000000 0.000000 1.000000 0.000000 0.000000
19.000000 176.509396 -6.495337 -1.827429 -0.065178 0.000000 0.000000 0.000000 1.000000 0.000000 0.000000
19.000000 176.518780 -6.607389 -1.820890 -0.060934 0.000000 0.000000 0.000000 1.000000 0.000000 0.000000
19.000000 176.519170 -6.674860 -1.833504 -0.052640 0.000000 0.000000 0.000000 1.000000 0.000000 0.000000
19.000000 176.548832 -6.611557 -1.844815 0.057323 0.000000 0.000000 0.000000 1.000000 0.000000 0.000000
19.000000 176.549248 -6.729612 -1.871814 0.049318 0.000000 0.000000 0.000000 1.000000 0.000000 0.000000
19.000000 176.558848 -6.721364 -1.873833 0.040633 0.000000 0.000000 0.000000 1.000000 0.000000 0.000000
19.000000 176.559170 -6.699505 -1.864229 0.063329 0.000000 0.000000 0.000000 1.000000 0.000000 0.000000
19.000000 176.568847 -6.591016 -1.864355 0.087472 0.000000 0.000000 0.000000 1.000000 0.000000 0.000000
19.000000 176.569350 -6.621689 -1.869251 0.094402 0.000000 0.000000 0.000000 1.000000 0.000000 0.000000
19.000000 176.578793 -6.632439 -1.866269 0.105065 0.000000 0.000000 0.000000 1.000000 0.000000 0.000000
19.000000 176.579334 -6.671579 -1.873018 0.111833 0.000000 0.000000 0.000000 1.000000 0.000000 0.000000
19.000000 176.588824 -7.133797 -1.856581 0.082826 0.000000 0.000000 0.000000 1.000000 0.000000 0.000000
19.000000 176.589418 -7.166510 -1.862622 0.087777 0.000000 0.000000 0.000000 1.000000 0.000000 0.000000
19.000000 176.609058 -6.935570 -1.865702 0.139908 0.000000 0.000000 0.000000 1.000000 0.000000 0.000000
19.000000 176.609324 -7.027336 -1.883742 0.146281 0.000000 0.000000 0.000000 1.000000 0.000000 0.000000
19.000000 176.618782 -7.085126 -1.879839 0.151107 0.000000 0.000000 0.000000 1.000000 0.000000 0.000000
19.000000 176.619237 -7.054756 -1.870697 0.163742 0.000000 0.000000 0.000000 1.000000 0.000000 0.000000
19.000000 176.629287 -7.228532 -1.875096 0.160897 0.000000 0.000000 0.000000 1.000000 0.000000 0.000000
19.000000 176.639239 -7.349613 -1.883670 0.164844 0.000000 0.000000 0.000000 1.000000 0.000000 0.000000
19.000000 176.648935 -7.208623 -1.878947 0.224582 0.000000 0.000000 0.000000 1.000000 0.000000 0.000000
19.000000 176.649284 -7.178748 -1.870735 0.235624 0.000000 0.000000 0.000000 1.000000 0.000000 0.000000
19.000000 176.658958 -7.323503 -1.870148 0.203092 0.000000 0.000000 0.000000 1.000000 0.000000 0.000000
19.000000 176.659284 -7.358797 -1.877010 0.206423 0.000000 0.000000 0.000000 1.000000 0.000000 0.000000
19.000000 176.669094 -7.341011 -1.877727 0.206935 0.000000 0.000000 0.000000 1.000000 0.000000 0.000000
19.000000 176.669368 -7.368492 -1.882228 0.213152 0.000000 0.000000 0.000000 1.000000 0.000000 0.000000
19.000000 176.679068 -7.169597 -1.886727 0.236570 0.000000 0.000000 0.000000 1.000000 0.000000 0.000000
19.000000 176.679291 -7.229523 -1.901842 0.225197 0.000000 0.000000 0.000000 1.000000 0.000000 0.000000
19.000000 176.688817 -7.299173 -1.898912 0.223781 0.000000 0.000000 0.000000 1.000000 0.000000 0.000000
19.000000 176.689498 -7.371191 -1.912235 0.232682 0.000000 0.000000 0.000000 1.000000 0.000000 0.000000
19.000000 176.699260 -7.421058 -1.908594 0.238559 0.000000 0.000000 0.000000 1.000000 0.000000 0.000000
19.000000 176.699340 -7.405335 -1.904264 0.243401 0.000000 0.000000 0.000000 1.000000 0.000000 0.000000
19.000000 176.709003 -7.226553 -1.908709 0.261908 0.000000 0.000000 0.000000 1.000000 0.000000 0.000000
19.000000 176.709318 -7.271298 -1.918159 0.261873 0.000000 0.000000 0.000000 1.000000 0.000000 0.000000
19.000000 176.719082 -7.579549 -1.909483 0.234992 0.000000 0.000000 0.000000 1.000000 0.000000 0.000000
19.000000 176.719289 -7.585763 -1.910431 0.236733 0.000000 0.000000 0.000000 1.000000 0.000000 0.000000
19.000000 176.729005 -7.504863 -1.911801 0.247961 0.000000 0.000000 0.000000 1.000000 0.000000 0.000000
19.000000 176.729284 -7.755252 -1.968816 0.227704 0.000000 0.000000 0.000000 1.000000 0.000000 0.000000
19.000000 176.738935 -7.786224 -1.969128 0.219919 0.000000 0.000000 0.000000 1.000000 0.000000 0.000000
19.000000 176.739222 -7.569631 -1.918816 0.242336 0.000000 0.000000 0.000000 1.000000 0.000000 0.000000
19.000000 176.748905 -7.599546 -1.920115 0.230493 0.000000 0.000000 0.000000 1.000000 0.000000 0.000000
19.000000 176.749320 -7.613165 -1.921938 0.234636 0.000000 0.000000 0.000000 1.000000 0.000000 0.000000
19.000000 176.758900 -7.321731 -1.923706 0.287772 0.000000 0.000000 0.000000 1.000000 0.000000 0.000000
19.000000 176.759340 -7.371593 -1.935216 0.283344 0.000000 0.000000 0.000000 1.000000 0.000000 0.000000
19.000000 176.769126 -7.402250 -1.934721 0.279093 0.000000 0.000000 0.000000 1.000000 0.000000 0.000000
19.000000 176.769312 -7.604227 -1.983359 0.251709 0.000000 0.000000 0.000000 1.000000 0.000000 0.000000
19.000000 176.779025 -7.904725 -1.976515 0.221363 0.000000 0.000000 0.000000 1.000000 0.000000 0.000000
19.000000 176.779299 -7.749968 -1.939525 0.242829 0.000000 0.000000 0.000000 1.000000 0.000000 0.000000
19.000000 176.788917 -7.710083 -1.946084 0.222626 0.000000 0.000000 0.000000 1.000000 0.000000 0.000000
19.000000 176.789287 -7.750346 -1.954606 0.221745 0.000000 0.000000 0.000000 1.000000 0.000000 0.000000
19.000000 176.798953 -7.477350 -1.955087 0.274920 0.000000 0.000000 0.000000 1.000000 0.000000 0.000000
19.000000 176.799278 -7.493765 -1.959115 0.272380 0.000000 0.000000 0.000000 1.000000 0.000000 0.000000
19.000000 176.808996 -7.803025 -1.951960 0.240285 0.000000 0.000000 0.000000 1.000000 0.000000 0.000000
19.000000 176.809289 -7.880484 -1.970523 0.229379 0.000000 0.000000 0.000000 1.000000 0.000000 0.000000
19.000000 176.819030 -7.935591 -1.970934 0.215934 0.000000 0.000000 0.000000 1.000000 0.000000 0.000000
19.000000 176.819256 -7.921646 -1.968024 0.215898 0.000000 0.000000 0.000000 1.000000 0.000000 0.000000
19.000000 176.828979 -7.963353 -1.968046 0.207144 0.000000 0.000000 0.000000 1.000000 0.000000 0.000000
19.000000 176.829369 -7.963921 -1.968528 0.205473 0.000000 0.000000 0.000000 1.000000 0.000000 0.000000
19.000000 176.839309 -7.943268 -1.964238 0.231314 0.000000 0.000000 0.000000 1.000000 0.000000 0.000000
19.000000 176.839337 -7.974862 -1.972351 0.223527 0.000000 0.000000 0.000000 1.000000 0.000000 0.000000
19.000000 176.848974 -7.897569 -1.972018 0.243443 0.000000 0.000000 0.000000 1.000000 0.000000 0.000000
19.000000 176.849307 -7.911804 -1.976182 0.236384 0.000000 0.000000 0.000000 1.000000 0.000000 0.000000
19.000000 176.859219 -8.113315 -1.979155 0.174528 0.000000 0.000000 0.000000 1.000000 0.000000 0.000000
19.000000 176.859290 -8.158027 -1.989902 0.167743 0.000000 0.000000 0.000000 1.000000 0.000000 0.000000
19.000000 176.868982 -7.967937 -1.993051 0.192331 0.000000 0.000000 0.000000 1.000000 0.000000 0.000000
19.000000 176.869322 -7.945007 -1.988429 0.191217 0.000000 0.000000 0.000000 1.000000 0.000000 0.000000
19.000000 176.879645 -8.037933 -1.996882 0.158517 0.000000 0.000000 0.000000 1.000000 0.000000 0.000000
19.000000 176.889457 -8.069077 -1.999721 0.147767 0.000000 0.000000 0.000000 1.000000 0.000000 0.000000
19.000000 176.899062 -8.089486 -2.000601 0.138941 0.000000 0.000000 0.000000 1.000000 0.000000 0.000000
19.000000 176.899425 -8.146786 -2.014550 0.129429 0.000000 0.000000 0.000000 1.000000 0.000000 0.000000
19.000000 176.908995 -8.225770 -2.006054 0.163777 0.000000 0.000000 0.000000 1.000000 0.000000 0.000000
19.000000 176.909537 -8.347587 -2.035627 0.139404 0.000000 0.000000 0.000000 1.000000 0.000000 0.000000
19.000000 176.918960 -7.891757 -2.056596 0.117552 0.000000 0.000000 0.000000 1.000000 0.000000 0.000000
19.000000 176.919369 -7.869373 -2.052634 0.114364 0.000000 0.000000 0.000000 1.000000 0.000000 0.000000
19.000000 176.929084 -8.398251 -2.041186 0.061034 0.000000 0.000000 0.000000 1.000000 0.000000 0.000000
19.000000 176.929354 -8.362337 -2.035814 0.049504 0.000000 0.000000 0.000000 1.000000 0.000000 0.000000
19.000000 176.939237 -8.125242 -2.040519 0.074855 0.000000 0.000000 0.000000 1.000000 0.000000 0.000000
19.000000 176.939370 -8.113087 -2.037594 0.076700 0.000000 0.000000 0.000000 1.000000 0.000000 0.000000
19.000000 176.949123 -8.342976 -2.038044 0.026699 0.000000 0.000000 0.000000 1.000000 0.000000 0.000000
19.000000 176.949433 -8.519463 -2.081644 -0.006096 0.000000 0.000000 0.000000 1.000000 0.000000 0.000000
19.000000 176.959019 -8.655971 -2.080618 -0.028664 0.000000 0.000000 0.000000 1.000000 0.000000 0.000000
19.000000 176.959384 -8.529068 -2.053684 -0.026579 0.000000 0.000000 0.000000 1.000000 0.000000 0.000000
19.000000 176.968990 -8.486826 -2.055297 -0.026177 0.000000 0.000000 0.000000 1.000000 0.000000 0.000000
19.000000 176.969392 -8.519683 -2.063659 -0.033877 0.000000 0.000000 0.000000 1.000000 0.000000 0.000000
19.000000 176.979290 -8.649939 -2.063689 -0.061149 0.000000 0.000000 0.000000 1.000000 0.000000 0.000000
19.000000 176.979439 -8.735844 -2.086458 -0.086379 0.000000 0.000000 0.000000 1.000000 0.000000 0.000000
19.000000 176.989067 -8.730322 -2.092803 -0.116784 0.000000 0.000000 0.000000 1.000000 0.000000 0.000000
19.000000 176.989433 -8.613982 -2.068706 -0.116293 0.000000 0.000000 0.000000 1.000000 0.000000 0.000000
19.000000 176.999363 -8.543721 -2.067975 -0.098024 0.000000 0.000000 0.000000 1.000000 0.000000 0.000000
19.000000 176.999505 -8.513881 -2.060388 -0.091114 0.000000 0.000000 0.000000 1.000000 0.000000 0.000000
19.000000 177.009021 -8.533668 -2.057787 -0.081491 0.000000 0.000000 0.000000 1.000000 0.000000 0.000000
19.000000 177.009375 -8.642565 -2.081412 -0.085675 0.000000 0.000000 0.000000 1.000000 0.000000 0.000000
19.000000 177.018979 -8.600593 -2.079768 -0.067779 0.000000 0.000000 0.000000 1.000000 0.000000 0.000000
19.000000 177.019412 -8.744358 -2.110937 -0.072757 0.000000 0.000000 0.000000 1.000000 0.000000 0.000000
19.000000 177.028974 -8.738583 -2.109249 -0.062335 0.000000 0.000000 0.000000 1.000000 0.000000 0.000000
19.000000 177.029404 -8.678138 -2.092352 -0.039986 0.000000 0.000000 0.000000 1.000000 0.000000 0.000000
19.000000 177.039033 -8.692707 -2.089789 -0.029499 0.000000 0.000000 0.000000 1.000000 0.000000 0.000000
19.000000 177.039435 -8.694019 -2.088474 -0.021039 0.000000 0.000000 0.000000 1.000000 0.000000 0.000000
19.000000 177.049002 -8.668211 -2.084185 0.009026 0.000000 0.000000 0.000000 1.000000 0.000000 0.000000
19.000000 177.049431 -8.741172 -2.099955 0.007599 0.000000 0.000000 0.000000 1.000000 0.000000 0.000000
19.000000 177.059011 -8.789937 -2.099635 -0.000875 0.000000 0.000000 0.000000 1.000000 0.000000 0.000000
19.000000 177.059454 -8.869702 -2.111877 0.022408 0.000000 0.000000 0.000000 1.000000 0.000000 0.000000
