24.000000 240.648545 23.002411 -0.180502 1.340573 0.000000 0.000000 0.000000 1.000000 0.000000 0.000000
24.000000 240.652426 22.826735 0.032245 1.251606 0.000000 0.000000 0.000000 1.000000 0.000000 0.000000
24.000000 240.658461 22.896032 -0.170918 1.414178 0.000000 0.000000 0.000000 1.000000 0.000000 0.000000
24.000000 240.662381 22.730119 0.030390 1.324708 0.000000 0.000000 0.000000 1.000000 0.000000 0.000000
24.000000 240.668345 22.804541 -0.160480 1.485458 0.000000 0.000000 0.000000 1.000000 0.000000 0.000000
24.000000 240.672310 22.626268 0.042047 1.396403 0.000000 0.000000 0.000000 1.000000 0.000000 0.000000
24.000000 240.678409 22.710235 -0.151444 1.557048 0.000000 0.000000 0.000000 1.000000 0.000000 0.000000
24.000000 240.682387 22.546769 0.043929 1.474992 0.000000 0.000000 0.000000 1.000000 0.000000 0.000000
24.000000 240.688488 22.599334 -0.141876 1.620248 0.000000 0.000000 0.000000 1.000000 0.000000 0.000000
24.000000 240.692348 22.406126 0.055588 1.526532 0.000000 0.000000 0.000000 1.000000 0.000000 0.000000
24.000000 240.698456 22.484657 -0.126583 1.684993 0.000000 0.000000 0.000000 1.000000 0.000000 0.000000
24.000000 240.702378 22.330364 0.056035 1.604997 0.000000 0.000000 0.000000 1.000000 0.000000 0.000000
24.000000 240.708356 22.372685 -0.115034 1.743984 0.000000 0.000000 0.000000 1.000000 0.000000 0.000000
24.000000 240.712436 22.229905 0.066958 1.673102 0.000000 0.000000 0.000000 1.000000 0.000000 0.000000
24.000000 240.718426 22.265226 -0.096081 1.812273 0.000000 0.000000 0.000000 1.000000 0.000000 0.000000
24.000000 240.722448 22.129259 0.073699 1.739008 0.000000 0.000000 0.000000 1.000000 0.000000 0.000000
24.000000 240.728364 22.145090 -0.091028 1.868288 0.000000 0.000000 0.000000 1.000000 0.000000 0.000000
24.000000 240.732363 22.030283 0.072668 1.802138 0.000000 0.000000 0.000000 1.000000 0.000000 0.000000
24.000000 240.738680 22.050638 -0.081527 1.933891 0.000000 0.000000 0.000000 1.000000 0.000000 0.000000
24.000000 240.742957 21.907993 0.081165 1.857225 0.000000 0.000000 0.000000 1.000000 0.000000 0.000000
24.000000 240.748610 21.938044 -0.063091 1.989995 0.000000 0.000000 0.000000 1.000000 0.000000 0.000000
24.000000 240.752472 21.192470 0.117004 1.738718 0.000000 0.000000 0.000000 1.000000 0.000000 0.000000
24.000000 240.752572 21.525726 0.356502 1.927232 0.000000 0.000000 0.000000 1.000000 0.000000 0.000000
24.000000 240.758537 21.813690 -0.047075 2.046999 0.000000 0.000000 0.000000 1.000000 0.000000 0.000000
24.000000 240.762496 21.719354 0.099316 1.985216 0.000000 0.000000 0.000000 1.000000 0.000000 0.000000
24.000000 240.762889 21.399462 0.362249 1.982489 0.000000 0.000000 0.000000 1.000000 0.000000 0.000000
24.000000 240.768477 21.716505 -0.035645 2.105191 0.000000 0.000000 0.000000 1.000000 0.000000 0.000000
24.000000 240.772437 20.956397 0.142950 1.861636 0.000000 0.000000 0.000000 1.000000 0.000000 0.000000
24.000000 240.772566 21.284195 0.370717 2.041833 0.000000 0.000000 0.000000 1.000000 0.000000 0.000000
24.000000 240.778610 21.595250 -0.019137 2.159616 0.000000 0.000000 0.000000 1.000000 0.000000 0.000000
24.000000 240.782536 21.527025 0.113427 2.104050 0.000000 0.000000 0.000000 1.000000 0.000000 0.000000
24.000000 240.782582 21.173193 0.380423 2.100415 0.000000 0.000000 0.000000 1.000000 0.000000 0.000000
24.000000 240.788447 21.490899 -0.012038 2.214577 0.000000 0.000000 0.000000 1.000000 0.000000 0.000000
24.000000 240.792506 21.380918 0.123591 2.146889 0.000000 0.000000 0.000000 1.000000 0.000000 0.000000
24.000000 240.792549 21.041404 0.374181 2.146797 0.000000 0.000000 0.000000 1.000000 0.000000 0.000000
24.000000 240.798501 21.379821 0.000103 2.267536 0.000000 0.000000 0.000000 1.000000 0.000000 0.000000
24.000000 240.802402 21.307926 0.131206 2.209866 0.000000 0.000000 0.000000 1.000000 0.000000 0.000000
24.000000 240.802610 20.948728 0.396354 2.203156 0.000000 0.000000 0.000000 1.000000 0.000000 0.000000
24.000000 240.808418 21.245229 0.019626 2.316043 0.000000 0.000000 0.000000 1.000000 0.000000 0.000000
24.000000 240.812352 21.217159 0.135803 2.268472 0.000000 0.000000 0.000000 1.000000 0.000000 0.000000
24.000000 240.812477 20.832695 0.407729 2.258439 0.000000 0.000000 0.000000 1.000000 0.000000 0.000000
24.000000 240.818504 21.140094 0.028852 2.367240 0.000000 0.000000 0.000000 1.000000 0.000000 0.000000
24.000000 240.822405 21.132934 0.138388 2.324072 0.000000 0.000000 0.000000 1.000000 0.000000 0.000000
24.000000 240.822574 20.719756 0.417752 2.311686 0.000000 0.000000 0.000000 1.000000 0.000000 0.000000
24.000000 240.828538 21.043425 0.037245 2.419428 0.000000 0.000000 0.000000 1.000000 0.000000 0.000000
24.000000 240.832284 21.021087 0.150987 2.372959 0.000000 0.000000 0.000000 1.000000 0.000000 0.000000
24.000000 240.832514 20.608782 0.425876 2.363023 0.000000 0.000000 0.000000 1.000000 0.000000 0.000000
24.000000 240.838724 20.923420 0.053121 2.466812 0.000000 0.000000 0.000000 1.000000 0.000000 0.000000
24.000000 240.842286 20.899799 0.152678 2.416035 0.000000 0.000000 0.000000 1.000000 0.000000 0.000000
24.000000 240.842813 20.467722 0.423354 2.401594 0.000000 0.000000 0.000000 1.000000 0.000000 0.000000
24.000000 240.848575 20.831511 0.060522 2.519847 0.000000 0.000000 0.000000 1.000000 0.000000 0.000000
24.000000 240.852574 20.372371 0.443970 2.460115 0.000000 0.000000 0.000000 1.000000 0.000000 0.000000
24.000000 240.858487 20.695518 0.074859 2.562710 0.000000 0.000000 0.000000 1.000000 0.000000 0.000000
24.000000 240.866179 19.985123 0.202905 2.539814 0.000000 0.000000 0.000000 1.000000 0.000000 0.000000
24.000000 240.868603 19.901802 0.234405 2.389574 0.000000 0.000000 0.000000 1.000000 0.000000 0.000000
24.000000 240.872506 20.130860 0.462126 2.557825 0.000000 0.000000 0.000000 1.000000 0.000000 0.000000
24.000000 240.878569 20.469350 0.101195 2.655818 0.000000 0.000000 0.000000 1.000000 0.000000 0.000000
24.000000 240.882662 20.021207 0.471503 2.610082 0.000000 0.000000 0.000000 1.000000 0.000000 0.000000
24.000000 240.888494 20.350929 0.113655 2.698714 0.000000 0.000000 0.000000 1.000000 0.000000 0.000000
24.000000 240.892615 19.897933 0.451694 2.640030 0.000000 0.000000 0.000000 1.000000 0.000000 0.000000
24.000000 240.898486 20.269862 0.121461 2.737049 0.000000 0.000000 0.000000 1.000000 0.000000 0.000000
24.000000 240.902764 19.820157 0.486978 2.682716 0.000000 0.000000 0.000000 1.000000 0.000000 0.000000
24.000000 240.908472 20.141025 0.134170 2.783871 0.000000 0.000000 0.000000 1.000000 0.000000 0.000000
24.000000 240.912555 19.668690 0.499683 2.736614 0.000000 0.000000 0.000000 1.000000 0.000000 0.000000
24.000000 240.918566 20.011974 0.154891 2.825305 0.000000 0.000000 0.000000 1.000000 0.000000 0.000000
24.000000 240.922822 19.575207 0.498644 2.775876 0.000000 0.000000 0.000000 1.000000 0.000000 0.000000
24.000000 240.928476 19.927037 0.158985 2.864436 0.000000 0.000000 0.000000 1.000000 0.000000 0.000000
24.000000 240.932638 19.451118 0.513312 2.819323 0.000000 0.000000 0.000000 1.000000 0.000000 0.000000
24.000000 240.938518 19.824944 0.163798 2.906750 0.000000 0.000000 0.000000 1.000000 0.000000 0.000000
24.000000 240.942691 19.325721 0.499569 2.846870 0.000000 0.000000 0.000000 1.000000 0.000000 0.000000
24.000000 240.948605 19.683145 0.171704 2.937865 0.000000 0.000000 0.000000 1.000000 0.000000 0.000000
24.000000 240.952352 19.910926 0.200169 2.914630 0.000000 0.000000 0.000000 1.000000 0.000000 0.000000
24.000000 240.958472 19.550453 0.199673 2.977301 0.000000 0.000000 0.000000 1.000000 0.000000 0.000000
24.000000 240.962726 19.109201 0.536422 2.934298 0.000000 0.000000 0.000000 1.000000 0.000000 0.000000
24.000000 240.968501 19.429251 0.210032 3.012473 0.000000 0.000000 0.000000 1.000000 0.000000 0.000000
24.000000 240.972594 19.023006 0.536916 2.975608 0.000000 0.000000 0.000000 1.000000 0.000000 0.000000
24.000000 240.978557 19.309293 0.220977 3.043629 0.000000 0.000000 0.000000 1.000000 0.000000 0.000000
24.000000 240.982833 18.915186 0.551909 3.007158 0.000000 0.000000 0.000000 1.000000 0.000000 0.000000
24.000000 240.988629 19.190110 0.233068 3.079876 0.000000 0.000000 0.000000 1.000000 0.000000 0.000000
24.000000 240.992429 19.531518 0.208227 3.058796 0.000000 0.000000 0.000000 1.000000 0.000000 0.000000
24.000000 240.998561 19.089073 0.244861 3.113928 0.000000 0.000000 0.000000 1.000000 0.000000 0.000000
24.000000 241.002603 18.687301 0.571158 3.074518 0.000000 0.000000 0.000000 1.000000 0.000000 0.000000
24.000000 241.008572 18.959192 0.256120 3.140689 0.000000 0.000000 0.000000 1.000000 0.000000 0.000000
24.000000 241.012476 19.409119 0.219465 3.128701 0.000000 0.000000 0.000000 1.000000 0.000000 0.000000
24.000000 241.018667 18.849060 0.275486 3.172933 0.000000 0.000000 0.000000 1.000000 0.000000 0.000000
24.000000 241.022651 18.448560 0.589642 3.141134 0.000000 0.000000 0.000000 1.000000 0.000000 0.000000
24.000000 241.028560 18.734823 0.283151 3.202719 0.000000 0.000000 0.000000 1.000000 0.000000 0.000000
24.000000 241.032789 18.330357 0.600347 3.172065 0.000000 0.000000 0.000000 1.000000 0.000000 0.000000
24.000000 241.038711 18.625447 0.294781 3.230660 0.000000 0.000000 0.000000 1.000000 0.000000 0.000000
24.000000 241.042732 18.190276 0.584116 3.187745 0.000000 0.000000 0.000000 1.000000 0.000000 0.000000
24.000000 241.048565 18.474769 0.307955 3.253435 0.000000 0.000000 0.000000 1.000000 0.000000 0.000000
24.000000 241.052766 18.113035 0.611692 3.231204 0.000000 0.000000 0.000000 1.000000 0.000000 0.000000
24.000000 241.058543 18.412102 0.319639 3.288584 0.000000 0.000000 0.000000 1.000000 0.000000 0.000000
24.000000 241.062937 17.992473 0.620876 3.264489 0.000000 0.000000 0.000000 1.000000 0.000000 0.000000
24.000000 241.068709 18.258711 0.329195 3.315213 0.000000 0.000000 0.000000 1.000000 0.000000 0.000000
24.000000 241.072668 17.886274 0.626479 3.291029 0.000000 0.000000 0.000000 1.000000 0.000000 0.000000
24.000000 241.078661 18.134370 0.343035 3.340151 0.000000 0.000000 0.000000 1.000000 0.000000 0.000000
24.000000 241.082771 17.781874 0.644960 3.294591 0.000000 0.000000 0.000000 1.000000 0.000000 0.000000
24.000000 241.088621 18.049742 0.352921 3.359775 0.000000 0.000000 0.000000 1.000000 0.000000 0.000000
24.000000 241.092678 17.618724 0.643734 3.316485 0.000000 0.000000 0.000000 1.000000 0.000000 0.000000
24.000000 241.098627 17.920211 0.365491 3.382493 0.000000 0.000000 0.000000 1.000000 0.000000 0.000000
24.000000 241.102872 17.555437 0.657916 3.338135 0.000000 0.000000 0.000000 1.000000 0.000000 0.000000
24.000000 241.108644 17.762018 0.383978 3.406200 0.000000 0.000000 0.000000 1.000000 0.000000 0.000000
24.000000 241.112467 18.416246 0.289703 3.400300 0.000000 0.000000 0.000000 1.000000 0.000000 0.000000
24.000000 241.112663 17.435372 0.667256 3.373312 0.000000 0.000000 0.000000 1.000000 0.000000 0.000000
24.000000 241.118663 17.671395 0.389431 3.426774 0.000000 0.000000 0.000000 1.000000 0.000000 0.000000
24.000000 241.122748 18.322957 0.290849 3.423357 0.000000 0.000000 0.000000 1.000000 0.000000 0.000000
24.000000 241.122836 17.295811 0.674697 3.397814 0.000000 0.000000 0.000000 1.000000 0.000000 0.000000
24.000000 241.128675 17.557488 0.401908 3.442441 0.000000 0.000000 0.000000 1.000000 0.000000 0.000000
24.000000 241.132555 18.193738 0.308663 3.436684 0.000000 0.000000 0.000000 1.000000 0.000000 0.000000
24.000000 241.132709 17.160839 0.693298 3.413937 0.000000 0.000000 0.000000 1.000000 0.000000 0.000000
24.000000 241.138647 17.408251 0.408460 3.458226 0.000000 0.000000 0.000000 1.000000 0.000000 0.000000
24.000000 241.142525 18.117558 0.297783 3.456113 0.000000 0.000000 0.000000 1.000000 0.000000 0.000000
24.000000 241.142735 17.064583 0.688598 3.429420 0.000000 0.000000 0.000000 1.000000 0.000000 0.000000
24.000000 241.148658 17.255955 0.429060 3.472700 0.000000 0.000000 0.000000 1.000000 0.000000 0.000000
24.000000 241.152563 17.944227 0.328657 3.466246 0.000000 0.000000 0.000000 1.000000 0.000000 0.000000
24.000000 241.152642 16.932998 0.708904 3.443973 0.000000 0.000000 0.000000 1.000000 0.000000 0.000000
24.000000 241.158771 17.149521 0.443994 3.487375 0.000000 0.000000 0.000000 1.000000 0.000000 0.000000
24.000000 241.162812 17.927738 0.320437 3.486925 0.000000 0.000000 0.000000 1.000000 0.000000 0.000000
24.000000 241.162850 16.886650 0.707868 3.463159 0.000000 0.000000 0.000000 1.000000 0.000000 0.000000
24.000000 241.168597 17.034828 0.453752 3.501224 0.000000 0.000000 0.000000 1.000000 0.000000 0.000000
24.000000 241.172682 17.783065 0.336802 3.501022 0.000000 0.000000 0.000000 1.000000 0.000000 0.000000
24.000000 241.172741 16.712621 0.729366 3.479554 0.000000 0.000000 0.000000 1.000000 0.000000 0.000000
24.000000 241.178604 16.976409 0.457320 3.520320 0.000000 0.000000 0.000000 1.000000 0.000000 0.000000
24.000000 241.182673 16.253236 0.603649 3.410336 0.000000 0.000000 0.000000 1.000000 0.000000 0.000000
24.000000 241.182757 16.582876 0.742002 3.497612 0.000000 0.000000 0.000000 1.000000 0.000000 0.000000
24.000000 241.188689 16.851423 0.471779 3.533811 0.000000 0.000000 0.000000 1.000000 0.000000 0.000000
24.000000 241.192414 17.500299 0.367446 3.516448 0.000000 0.000000 0.000000 1.000000 0.000000 0.000000
24.000000 241.192868 16.492771 0.734589 3.498208 0.000000 0.000000 0.000000 1.000000 0.000000 0.000000
24.000000 241.198739 16.679673 0.492045 3.541269 0.000000 0.000000 0.000000 1.000000 0.000000 0.000000
24.000000 241.202685 16.073348 0.617789 3.437837 0.000000 0.000000 0.000000 1.000000 0.000000 0.000000
24.000000 241.202788 16.407997 0.754181 3.512708 0.000000 0.000000 0.000000 1.000000 0.000000 0.000000
24.000000 241.208685 16.599696 0.496038 3.549977 0.000000 0.000000 0.000000 1.000000 0.000000 0.000000
24.000000 241.212455 17.378362 0.371189 3.551510 0.000000 0.000000 0.000000 1.000000 0.000000 0.000000
24.000000 241.212642 16.276645 0.767699 3.531861 0.000000 0.000000 0.000000 1.000000 0.000000 0.000000
24.000000 241.218691 16.433360 0.507898 3.559787 0.000000 0.000000 0.000000 1.000000 0.000000 0.000000
24.000000 241.222682 15.822907 0.632988 3.469067 0.000000 0.000000 0.000000 1.000000 0.000000 0.000000
24.000000 241.222719 16.165976 0.773059 3.542003 0.000000 0.000000 0.000000 1.000000 0.000000 0.000000
24.000000 241.228905 16.314582 0.527167 3.566337 0.000000 0.000000 0.000000 1.000000 0.000000 0.000000
24.000000 241.232553 17.136431 0.393213 3.569251 0.000000 0.000000 0.000000 1.000000 0.000000 0.000000
24.000000 241.232602 16.052295 0.783933 3.549661 0.000000 0.000000 0.000000 1.000000 0.000000 0.000000
24.000000 241.238702 16.163045 0.543242 3.575684 0.000000 0.000000 0.000000 1.000000 0.000000 0.000000
24.000000 241.242738 17.056191 0.390975 3.583218 0.000000 0.000000 0.000000 1.000000 0.000000 0.000000
24.000000 241.242942 15.973554 0.782028 3.552218 0.000000 0.000000 0.000000 1.000000 0.000000 0.000000
24.000000 241.248684 16.088873 0.545709 3.582759 0.000000 0.000000 0.000000 1.000000 0.000000 0.000000
24.000000 241.252564 16.921418 0.413232 3.585830 0.000000 0.000000 0.000000 1.000000 0.000000 0.000000
24.000000 241.252645 15.831075 0.807196 3.565169 0.000000 0.000000 0.000000 1.000000 0.000000 0.000000
24.000000 241.258708 15.986446 0.557281 3.588260 0.000000 0.000000 0.000000 1.000000 0.000000 0.000000
24.000000 241.262682 15.400064 0.679057 3.503601 0.000000 0.000000 0.000000 1.000000 0.000000 0.000000
24.000000 241.262721 15.737926 0.811560 3.568167 0.000000 0.000000 0.000000 1.000000 0.000000 0.000000
24.000000 241.268725 15.842530 0.574843 3.592470 0.000000 0.000000 0.000000 1.000000 0.000000 0.000000
24.000000 241.272604 16.695887 0.434829 3.596213 0.000000 0.000000 0.000000 1.000000 0.000000 0.000000
24.000000 241.272635 15.626655 0.820254 3.575043 0.000000 0.000000 0.000000 1.000000 0.000000 0.000000
24.000000 241.278872 15.730685 0.583755 3.599305 0.000000 0.000000 0.000000 1.000000 0.000000 0.000000
24.000000 241.282505 16.537138 0.456480 3.600510 0.000000 0.000000 0.000000 1.000000 0.000000 0.000000
24.000000 241.282748 15.532413 0.824841 3.571346 0.000000 0.000000 0.000000 1.000000 0.000000 0.000000
24.000000 241.288682 15.639564 0.591815 3.597594 0.000000 0.000000 0.000000 1.000000 0.000000 0.000000
24.000000 241.292516 16.438001 0.465375 3.599253 0.000000 0.000000 0.000000 1.000000 0.000000 0.000000
24.000000 241.292866 15.409614 0.839139 3.574334 0.000000 0.000000 0.000000 1.000000 0.000000 0.000000
24.000000 241.298746 15.549096 0.603157 3.596019 0.000000 0.000000 0.000000 1.000000 0.000000 0.000000
24.000000 241.302692 16.367951 0.467354 3.599195 0.000000 0.000000 0.000000 1.000000 0.000000 0.000000
24.000000 241.302701 15.314100 0.845013 3.579124 0.000000 0.000000 0.000000 1.000000 0.000000 0.000000
24.000000 241.308591 15.426508 0.613813 3.599461 0.000000 0.000000 0.000000 1.000000 0.000000 0.000000
24.000000 241.312525 16.258845 0.476414 3.600849 0.000000 0.000000 0.000000 1.000000 0.000000 0.000000
24.000000 241.312700 15.213952 0.854021 3.575751 0.000000 0.000000 0.000000 1.000000 0.000000 0.000000
24.000000 241.318707 15.334851 0.630342 3.609393 0.000000 0.000000 0.000000 1.000000 0.000000 0.000000
24.000000 241.322665 14.783853 0.746958 3.526960 0.000000 0.000000 0.000000 1.000000 0.000000 0.000000
24.000000 241.322692 15.105652 0.865171 3.577686 0.000000 0.000000 0.000000 1.000000 0.000000 0.000000
24.000000 241.328696 15.180467 0.651259 3.609110 0.000000 0.000000 0.000000 1.000000 0.000000 0.000000
24.000000 241.332550 15.835192 0.555470 3.606282 0.000000 0.000000 0.000000 1.000000 0.000000 0.000000
24.000000 241.332879 14.991175 0.871268 3.576044 0.000000 0.000000 0.000000 1.000000 0.000000 0.000000
24.000000 241.338739 14.996471 0.650050 3.604906 0.000000 0.000000 0.000000 1.000000 0.000000 0.000000
24.000000 241.342643 15.919172 0.502616 3.605968 0.000000 0.000000 0.000000 1.000000 0.000000 0.000000
24.000000 241.342737 14.887005 0.883706 3.578662 0.000000 0.000000 0.000000 1.000000 0.000000 0.000000
24.000000 241.348732 14.943609 0.666195 3.601160 0.000000 0.000000 0.000000 1.000000 0.000000 0.000000
24.000000 241.352547 15.668424 0.554047 3.591264 0.000000 0.000000 0.000000 1.000000 0.000000 0.000000
24.000000 241.352681 14.752174 0.893697 3.569477 0.000000 0.000000 0.000000 1.000000 0.000000 0.000000
24.000000 241.358788 14.865856 0.670639 3.601376 0.000000 0.000000 0.000000 1.000000 0.000000 0.000000
24.000000 241.362538 15.568560 0.564513 3.596495 0.000000 0.000000 0.000000 1.000000 0.000000 0.000000
24.000000 241.362766 14.658431 0.901965 3.571126 0.000000 0.000000 0.000000 1.000000 0.000000 0.000000
24.000000 241.368731 14.779245 0.685395 3.597100 0.000000 0.000000 0.000000 1.000000 0.000000 0.000000
24.000000 241.372554 15.428457 0.592962 3.591125 0.000000 0.000000 0.000000 1.000000 0.000000 0.000000
24.000000 241.372711 14.549369 0.921353 3.566864 0.000000 0.000000 0.000000 1.000000 0.000000 0.000000
24.000000 241.378896 14.631180 0.696781 3.592462 0.000000 0.000000 0.000000 1.000000 0.000000 0.000000
24.000000 241.382533 15.335561 0.592992 3.582553 0.000000 0.000000 0.000000 1.000000 0.000000 0.000000
24.000000 241.382753 14.434236 0.930659 3.560643 0.000000 0.000000 0.000000 1.000000 0.000000 0.000000
24.000000 241.388683 14.513552 0.704942 3.582515 0.000000 0.000000 0.000000 1.000000 0.000000 0.000000
24.000000 241.392583 15.073229 0.638791 3.561506 0.000000 0.000000 0.000000 1.000000 0.000000 0.000000
24.000000 241.393066 14.346555 0.925943 3.539881 0.000000 0.000000 0.000000 1.000000 0.000000 0.000000
24.000000 241.398715 14.410247 0.716762 3.575408 0.000000 0.000000 0.000000 1.000000 0.000000 0.000000
24.000000 241.402655 15.120225 0.611766 3.570541 0.000000 0.000000 0.000000 1.000000 0.000000 0.000000
24.000000 241.402736 14.214112 0.952501 3.541950 0.000000 0.000000 0.000000 1.000000 0.000000 0.000000
24.000000 241.408798 14.278531 0.725912 3.565660 0.000000 0.000000 0.000000 1.000000 0.000000 0.000000
24.000000 241.412521 15.033291 0.612749 3.559121 0.000000 0.000000 0.000000 1.000000 0.000000 0.000000
24.000000 241.412817 14.114028 0.958468 3.538124 0.000000 0.000000 0.000000 1.000000 0.000000 0.000000
24.000000 241.418791 14.222983 0.742549 3.564151 0.000000 0.000000 0.000000 1.000000 0.000000 0.000000
24.000000 241.422718 14.768534 0.676526 3.552659 0.000000 0.000000 0.000000 1.000000 0.000000 0.000000
24.000000 241.422799 14.005232 0.972798 3.528081 0.000000 0.000000 0.000000 1.000000 0.000000 0.000000
24.000000 241.428707 14.069592 0.744541 3.544412 0.000000 0.000000 0.000000 1.000000 0.000000 0.000000
24.000000 241.432624 14.786535 0.643555 3.533176 0.000000 0.000000 0.000000 1.000000 0.000000 0.000000
24.000000 241.432745 13.907707 0.980432 3.513405 0.000000 0.000000 0.000000 1.000000 0.000000 0.000000
24.000000 241.438944 13.933340 0.760078 3.535036 0.000000 0.000000 0.000000 1.000000 0.000000 0.000000
24.000000 241.442692 14.486980 0.680935 3.521138 0.000000 0.000000 0.000000 1.000000 0.000000 0.000000
24.000000 241.442981 13.764792 0.959840 3.499248 0.000000 0.000000 0.000000 1.000000 0.000000 0.000000
24.000000 241.448833 13.801022 0.772805 3.523000 0.000000 0.000000 0.000000 1.000000 0.000000 0.000000
24.000000 241.452730 13.684510 1.000083 3.486783 0.000000 0.000000 0.000000 1.000000 0.000000 0.000000
24.000000 241.458981 13.709826 0.780448 3.507066 0.000000 0.000000 0.000000 1.000000 0.000000 0.000000
24.000000 241.462827 13.604735 1.005938 3.472725 0.000000 0.000000 0.000000 1.000000 0.000000 0.000000
24.000000 241.468824 13.567867 0.793337 3.491733 0.000000 0.000000 0.000000 1.000000 0.000000 0.000000
24.000000 241.472734 13.470288 1.019089 3.462195 0.000000 0.000000 0.000000 1.000000 0.000000 0.000000
24.000000 241.478910 13.467700 0.802175 3.474480 0.000000 0.000000 0.000000 1.000000 0.000000 0.000000
24.000000 241.482790 13.364220 1.025071 3.446068 0.000000 0.000000 0.000000 1.000000 0.000000 0.000000
24.000000 241.488823 13.358616 0.812975 3.457072 0.000000 0.000000 0.000000 1.000000 0.000000 0.000000
24.000000 241.492619 13.953562 0.740827 3.445589 0.000000 0.000000 0.000000 1.000000 0.000000 0.000000
24.000000 241.498917 13.238958 0.823070 3.440565 0.000000 0.000000 0.000000 1.000000 0.000000 0.000000
24.000000 241.502777 13.173606 1.029247 3.406852 0.000000 0.000000 0.000000 1.000000 0.000000 0.000000
24.000000 241.508832 13.111133 0.833386 3.420046 0.000000 0.000000 0.000000 1.000000 0.000000 0.000000
24.000000 241.512705 13.032197 1.060073 3.388423 0.000000 0.000000 0.000000 1.000000 0.000000 0.000000
24.000000 241.518895 13.020365 0.838219 3.404625 0.000000 0.000000 0.000000 1.000000 0.000000 0.000000
24.000000 241.522894 12.929923 1.071062 3.374112 0.000000 0.000000 0.000000 1.000000 0.000000 0.000000
24.000000 241.528804 12.904146 0.851692 3.380956 0.000000 0.000000 0.000000 1.000000 0.000000 0.000000
24.000000 241.532779 12.840142 1.076821 3.349166 0.000000 0.000000 0.000000 1.000000 0.000000 0.000000
24.000000 241.538830 12.754694 0.867976 3.359705 0.000000 0.000000 0.000000 1.000000 0.000000 0.000000
24.000000 241.543054 12.713588 1.082143 3.315900 0.000000 0.000000 0.000000 1.000000 0.000000 0.000000
24.000000 241.548749 12.647571 0.873608 3.340819 0.000000 0.000000 0.000000 1.000000 0.000000 0.000000
24.000000 241.552617 13.254911 0.819291 3.327032 0.000000 0.000000 0.000000 1.000000 0.000000 0.000000
24.000000 241.559061 12.591468 0.882413 3.307464 0.000000 0.000000 0.000000 1.000000 0.000000 0.000000
24.000000 241.562841 12.547858 1.100482 3.273934 0.000000 0.000000 0.000000 1.000000 0.000000 0.000000
24.000000 241.568831 12.463388 0.893844 3.291402 0.000000 0.000000 0.000000 1.000000 0.000000 0.000000
24.000000 241.572664 12.970973 0.862082 3.279207 0.000000 0.000000 0.000000 1.000000 0.000000 0.000000
24.000000 241.578971 12.332339 0.905644 3.263348 0.000000 0.000000 0.000000 1.000000 0.000000 0.000000
24.000000 241.582864 12.292217 1.129208 3.228645 0.000000 0.000000 0.000000 1.000000 0.000000 0.000000
24.000000 241.589073 12.212646 0.913471 3.237922 0.000000 0.000000 0.000000 1.000000 0.000000 0.000000
24.000000 241.592636 12.690151 0.884845 3.224678 0.000000 0.000000 0.000000 1.000000 0.000000 0.000000
24.000000 241.598948 12.135209 0.928172 3.214105 0.000000 0.000000 0.000000 1.000000 0.000000 0.000000
24.000000 241.602893 12.099443 1.147737 3.174816 0.000000 0.000000 0.000000 1.000000 0.000000 0.000000
24.000000 241.609062 11.994978 0.931612 3.178951 0.000000 0.000000 0.000000 1.000000 0.000000 0.000000
24.000000 241.612677 12.584098 0.889227 3.173680 0.000000 0.000000 0.000000 1.000000 0.000000 0.000000
24.000000 241.619106 11.876692 0.940570 3.157378 0.000000 0.000000 0.000000 1.000000 0.000000 0.000000
24.000000 241.623246 11.884736 1.171906 3.119872 0.000000 0.000000 0.000000 1.000000 0.000000 0.000000
24.000000 241.629049 11.782270 0.946938 3.125330 0.000000 0.000000 0.000000 1.000000 0.000000 0.000000
24.000000 241.632812 11.840501 1.163295 3.089447 0.000000 0.000000 0.000000 1.000000 0.000000 0.000000
24.000000 241.639028 11.662869 0.961069 3.095593 0.000000 0.000000 0.000000 1.000000 0.000000 0.000000
24.000000 241.642865 11.738448 1.171006 3.048739 0.000000 0.000000 0.000000 1.000000 0.000000 0.000000
24.000000 241.648948 11.616739 0.975507 3.065778 0.000000 0.000000 0.000000 1.000000 0.000000 0.000000
24.000000 241.652691 11.967207 0.988985 3.053253 0.000000 0.000000 0.000000 1.000000 0.000000 0.000000
24.000000 241.659058 11.512729 0.991905 3.033880 0.000000 0.000000 0.000000 1.000000 0.000000 0.000000
24.000000 241.662888 11.529852 1.196153 2.992247 0.000000 0.000000 0.000000 1.000000 0.000000 0.000000
24.000000 241.668828 11.340860 0.982951 2.997766 0.000000 0.000000 0.000000 1.000000 0.000000 0.000000
24.000000 241.673100 11.388929 1.210087 2.954924 0.000000 0.000000 0.000000 1.000000 0.000000 0.000000
24.000000 241.679096 11.232883 0.994573 2.960815 0.000000 0.000000 0.000000 1.000000 0.000000 0.000000
24.000000 241.682998 11.300279 1.217459 2.919791 0.000000 0.000000 0.000000 1.000000 0.000000 0.000000
24.000000 241.689014 11.154635 1.010575 2.921540 0.000000 0.000000 0.000000 1.000000 0.000000 0.000000
24.000000 241.692942 11.160264 1.219764 2.875192 0.000000 0.000000 0.000000 1.000000 0.000000 0.000000
24.000000 241.698805 11.030596 1.014996 2.886509 0.000000 0.000000 0.000000 1.000000 0.000000 0.000000
24.000000 241.702915 11.064676 1.251651 2.852539 0.000000 0.000000 0.000000 1.000000 0.000000 0.000000
24.000000 241.708766 10.938134 1.025064 2.847857 0.000000 0.000000 0.000000 1.000000 0.000000 0.000000
24.000000 241.712848 10.958753 1.255899 2.815191 0.000000 0.000000 0.000000 1.000000 0.000000 0.000000
24.000000 241.718780 10.799049 1.033563 2.812483 0.000000 0.000000 0.000000 1.000000 0.000000 0.000000
24.000000 241.723174 10.871082 1.264246 2.774451 0.000000 0.000000 0.000000 1.000000 0.000000 0.000000
24.000000 241.728817 10.761442 1.053396 2.775625 0.000000 0.000000 0.000000 1.000000 0.000000 0.000000
24.000000 241.732871 10.758267 1.270471 2.728076 0.000000 0.000000 0.000000 1.000000 0.000000 0.000000
24.000000 241.738937 10.637784 1.054277 2.730807 0.000000 0.000000 0.000000 1.000000 0.000000 0.000000
24.000000 241.743009 10.671832 1.277195 2.696390 0.000000 0.000000 0.000000 1.000000 0.000000 0.000000
24.000000 241.748808 10.511146 1.060372 2.688673 0.000000 0.000000 0.000000 1.000000 0.000000 0.000000
24.000000 241.752874 10.569823 1.291073 2.630585 0.000000 0.000000 0.000000 1.000000 0.000000 0.000000
24.000000 241.758913 10.424929 1.069705 2.645809 0.000000 0.000000 0.000000 1.000000 0.000000 0.000000
24.000000 241.762916 10.467555 1.298599 2.601787 0.000000 0.000000 0.000000 1.000000 0.000000 0.000000
24.000000 241.768966 10.356158 1.077405 2.604177 0.000000 0.000000 0.000000 1.000000 0.000000 0.000000
24.000000 241.772825 10.388621 1.299246 2.544895 0.000000 0.000000 0.000000 1.000000 0.000000 0.000000
24.000000 241.778953 10.183967 1.082226 2.559650 0.000000 0.000000 0.000000 1.000000 0.000000 0.000000
24.000000 241.783057 10.241844 1.311419 2.526633 0.000000 0.000000 0.000000 1.000000 0.000000 0.000000
24.000000 241.788857 10.066154 1.088542 2.514494 0.000000 0.000000 0.000000 1.000000 0.000000 0.000000
24.000000 241.792919 10.136960 1.320899 2.461318 0.000000 0.000000 0.000000 1.000000 0.000000 0.000000
24.000000 241.798944 10.011009 1.100182 2.466311 0.000000 0.000000 0.000000 1.000000 0.000000 0.000000
24.000000 241.803001 10.033541 1.328754 2.431090 0.000000 0.000000 0.000000 1.000000 0.000000 0.000000
24.000000 241.808857 9.891093 1.103369 2.413484 0.000000 0.000000 0.000000 1.000000 0.000000 0.000000
24.000000 241.812931 9.981764 1.320372 2.373018 0.000000 0.000000 0.000000 1.000000 0.000000 0.000000
24.000000 241.818950 9.801737 1.120305 2.372502 0.000000 0.000000 0.000000 1.000000 0.000000 0.000000
24.000000 241.823243 9.903778 1.328883 2.322998 0.000000 0.000000 0.000000 1.000000 0.000000 0.000000
24.000000 241.828977 9.733867 1.135195 2.328002 0.000000 0.000000 0.000000 1.000000 0.000000 0.000000
24.000000 241.833197 9.815173 1.341556 2.279027 0.000000 0.000000 0.000000 1.000000 0.000000 0.000000
24.000000 241.839093 9.623912 1.143182 2.280071 0.000000 0.000000 0.000000 1.000000 0.000000 0.000000
24.000000 241.843204 9.616546 1.377141 2.222937 0.000000 0.000000 0.000000 1.000000 0.000000 0.000000
24.000000 241.848925 9.530810 1.151903 2.226870 0.000000 0.000000 0.000000 1.000000 0.000000 0.000000
24.000000 241.852983 9.562298 1.385155 2.180016 0.000000 0.000000 0.000000 1.000000 0.000000 0.000000
24.000000 241.859019 9.450120 1.155801 2.169523 0.000000 0.000000 0.000000 1.000000 0.000000 0.000000
24.000000 241.862939 9.538920 1.366718 2.128302 0.000000 0.000000 0.000000 1.000000 0.000000 0.000000
24.000000 241.868900 9.271646 1.156143 2.122883 0.000000 0.000000 0.000000 1.000000 0.000000 0.000000
24.000000 241.872991 9.418918 1.375836 2.073183 0.000000 0.000000 0.000000 1.000000 0.000000 0.000000
24.000000 241.878987 9.221920 1.164979 2.066147 0.000000 0.000000 0.000000 1.000000 0.000000 0.000000
24.000000 241.883089 9.336800 1.385914 2.019867 0.000000 0.000000 0.000000 1.000000 0.000000 0.000000
24.000000 241.888918 9.100198 1.166889 2.011714 0.000000 0.000000 0.000000 1.000000 0.000000 0.000000
24.000000 241.893025 9.119721 1.435178 1.956429 0.000000 0.000000 0.000000 1.000000 0.000000 0.000000
24.000000 241.898959 9.020540 1.171552 1.955067 0.000000 0.000000 0.000000 1.000000 0.000000 0.000000
24.000000 241.902956 9.074070 1.429644 1.887543 0.000000 0.000000 0.000000 1.000000 0.000000 0.000000
24.000000 241.909029 8.905664 1.182726 1.901991 0.000000 0.000000 0.000000 1.000000 0.000000 0.000000
24.000000 241.912901 9.043377 1.410831 1.838016 0.000000 0.000000 0.000000 1.000000 0.000000 0.000000
24.000000 241.919073 8.825487 1.189432 1.844760 0.000000 0.000000 0.000000 1.000000 0.000000 0.000000
24.000000 241.923005 8.943507 1.419418 1.781009 0.000000 0.000000 0.000000 1.000000 0.000000 0.000000
24.000000 241.929066 8.767759 1.214463 1.788347 0.000000 0.000000 0.000000 1.000000 0.000000 0.000000
24.000000 241.933071 8.823855 1.436275 1.727380 0.000000 0.000000 0.000000 1.000000 0.000000 0.000000
24.000000 241.939092 8.690491 1.210611 1.719650 0.000000 0.000000 0.000000 1.000000 0.000000 0.000000
24.000000 241.943117 8.649237 1.457911 1.664722 0.000000 0.000000 0.000000 1.000000 0.000000 0.000000
24.000000 241.948964 8.547686 1.226959 1.663962 0.000000 0.000000 0.000000 1.000000 0.000000 0.000000
24.000000 241.952919 8.626125 1.461202 1.610537 0.000000 0.000000 0.000000 1.000000 0.000000 0.000000
24.000000 241.959013 8.482100 1.229396 1.611916 0.000000 0.000000 0.000000 1.000000 0.000000 0.000000
24.000000 241.962993 8.538107 1.473571 1.546350 0.000000 0.000000 0.000000 1.000000 0.000000 0.000000
24.000000 241.968937 8.371590 1.232931 1.551356 0.000000 0.000000 0.000000 1.000000 0.000000 0.000000
24.000000 241.972946 8.423553 1.493717 1.488366 0.000000 0.000000 0.000000 1.000000 0.000000 0.000000
24.000000 241.979020 8.289646 1.247977 1.491941 0.000000 0.000000 0.000000 1.000000 0.000000 0.000000
24.000000 241.983017 8.317997 1.499644 1.425478 0.000000 0.000000 0.000000 1.000000 0.000000 0.000000
24.000000 241.988955 8.154627 1.251482 1.435741 0.000000 0.000000 0.000000 1.000000 0.000000 0.000000
24.000000 241.992993 8.166670 1.535533 1.368274 0.000000 0.000000 0.000000 1.000000 0.000000 0.000000
24.000000 241.999144 8.069399 1.255785 1.373789 0.000000 0.000000 0.000000 1.000000 0.000000 0.000000
24.000000 242.002990 8.097307 1.546735 1.297187 0.000000 0.000000 0.000000 1.000000 0.000000 0.000000
24.000000 242.009028 8.007016 1.267483 1.303806 0.000000 0.000000 0.000000 1.000000 0.000000 0.000000
24.000000 242.013067 8.031949 1.530604 1.239361 0.000000 0.000000 0.000000 1.000000 0.000000 0.000000
24.000000 242.019087 7.895886 1.272035 1.242442 0.000000 0.000000 0.000000 1.000000 0.000000 0.000000
24.000000 242.023105 7.921715 1.549943 1.180253 0.000000 0.000000 0.000000 1.000000 0.000000 0.000000
24.000000 242.029052 7.826061 1.293888 1.176427 0.000000 0.000000 0.000000 1.000000 0.000000 0.000000
24.000000 242.033637 7.830165 1.560990 1.110128 0.000000 0.000000 0.000000 1.000000 0.000000 0.000000
24.000000 242.039153 7.719356 1.287332 1.112238 0.000000 0.000000 0.000000 1.000000 0.000000 0.000000
24.000000 242.043001 7.738708 1.568378 1.031941 0.000000 0.000000 0.000000 1.000000 0.000000 0.000000
24.000000 242.049004 7.650707 1.300798 1.041357 0.000000 0.000000 0.000000 1.000000 0.000000 0.000000
24.000000 242.053062 7.604971 1.602463 0.977694 0.000000 0.000000 0.000000 1.000000 0.000000 0.000000
24.000000 242.059099 7.561134 1.309400 0.972687 0.000000 0.000000 0.000000 1.000000 0.000000 0.000000
24.000000 242.063067 7.552186 1.589600 0.905372 0.000000 0.000000 0.000000 1.000000 0.000000 0.000000
24.000000 242.069263 7.475821 1.317578 0.905179 0.000000 0.000000 0.000000 1.000000 0.000000 0.000000
24.000000 242.073063 7.463009 1.596579 0.835373 0.000000 0.000000 0.000000 1.000000 0.000000 0.000000
24.000000 242.079173 7.366940 1.327447 0.839105 0.000000 0.000000 0.000000 1.000000 0.000000 0.000000
24.000000 242.083066 7.387676 1.595860 0.762292 0.000000 0.000000 0.000000 1.000000 0.000000 0.000000
24.000000 242.089078 7.291356 1.330504 0.762968 0.000000 0.000000 0.000000 1.000000 0.000000 0.000000
24.000000 242.095988 7.157779 1.477064 0.683726 0.000000 0.000000 0.000000 1.000000 0.000000 0.000000
24.000000 242.099069 7.181620 1.325643 0.696415 0.000000 0.000000 0.000000 1.000000 0.000000 0.000000
24.000000 242.103366 7.175222 1.633587 0.606653 0.000000 0.000000 0.000000 1.000000 0.000000 0.000000
24.000000 242.109030 7.124830 1.342736 0.618718 0.000000 0.000000 0.000000 1.000000 0.000000 0.000000
24.000000 242.113068 7.086684 1.644830 0.542961 0.000000 0.000000 0.000000 1.000000 0.000000 0.000000
24.000000 242.119217 7.004210 1.340162 0.556425 0.000000 0.000000 0.000000 1.000000 0.000000 0.000000
24.000000 242.123180 7.040416 1.629817 0.465386 0.000000 0.000000 0.000000 1.000000 0.000000 0.000000
24.000000 242.129174 6.964163 1.353422 0.471891 0.000000 0.000000 0.000000 1.000000 0.000000 0.000000
24.000000 242.136053 6.857281 1.519150 0.387223 0.000000 0.000000 0.000000 1.000000 0.000000 0.000000
24.000000 242.139089 6.863527 1.361112 0.402749 0.000000 0.000000 0.000000 1.000000 0.000000 0.000000
24.000000 242.143577 6.811401 1.678756 0.319189 0.000000 0.000000 0.000000 1.000000 0.000000 0.000000
24.000000 242.149044 6.772473 1.370566 0.329943 0.000000 0.000000 0.000000 1.000000 0.000000 0.000000
24.000000 242.153484 6.726918 1.684345 0.248243 0.000000 0.000000 0.000000 1.000000 0.000000 0.000000
24.000000 242.159121 6.687504 1.373356 0.254930 0.000000 0.000000 0.000000 1.000000 0.000000 0.000000
24.000000 242.163203 6.643328 1.690451 0.169638 0.000000 0.000000 0.000000 1.000000 0.000000 0.000000
24.000000 242.169066 6.608143 1.382303 0.177024 0.000000 0.000000 0.000000 1.000000 0.000000 0.000000
24.000000 242.173178 6.609805 1.680478 0.142852 0.000000 0.000000 0.000000 1.000000 0.000000 0.000000
24.000000 242.179163 6.500269 1.389021 0.219251 0.000000 0.000000 0.000000 1.000000 0.000000 0.000000
24.000000 242.183262 6.581850 1.677231 0.201811 0.000000 0.000000 0.000000 1.000000 0.000000 0.000000
24.000000 242.189065 6.458370 1.399627 0.276703 0.000000 0.000000 0.000000 1.000000 0.000000 0.000000
24.000000 242.193235 6.475611 1.715741 0.271833 0.000000 0.000000 0.000000 1.000000 0.000000 0.000000
24.000000 242.199178 6.366183 1.392385 0.340992 0.000000 0.000000 0.000000 1.000000 0.000000 0.000000
24.000000 242.203096 6.449089 1.717830 0.313361 0.000000 0.000000 0.000000 1.000000 0.000000 0.000000
24.000000 242.209049 6.350570 1.404000 0.386384 0.000000 0.000000 0.000000 1.000000 0.000000 0.000000
24.000000 242.213095 6.395001 1.725605 0.379003 0.000000 0.000000 0.000000 1.000000 0.000000 0.000000
24.000000 242.219271 6.284067 1.403258 0.443993 0.000000 0.000000 0.000000 1.000000 0.000000 0.000000
24.000000 242.223132 6.340521 1.728683 0.437576 0.000000 0.000000 0.000000 1.000000 0.000000 0.000000
24.000000 242.229124 6.246366 1.415366 0.497724 0.000000 0.000000 0.000000 1.000000 0.000000 0.000000
24.000000 242.232988 6.565451 1.476149 0.475193 0.000000 0.000000 0.000000 1.000000 0.000000 0.000000
24.000000 242.239134 6.192625 1.423681 0.548855 0.000000 0.000000 0.000000 1.000000 0.000000 0.000000
24.000000 242.243360 6.237519 1.745671 0.545732 0.000000 0.000000 0.000000 1.000000 0.000000 0.000000
24.000000 242.249006 6.114067 1.419561 0.606805 0.000000 0.000000 0.000000 1.000000 0.000000 0.000000
24.000000 242.253086 6.205403 1.744509 0.589444 0.000000 0.000000 0.000000 1.000000 0.000000 0.000000
24.000000 242.259189 6.086508 1.432855 0.650906 0.000000 0.000000 0.000000 1.000000 0.000000 0.000000
24.000000 242.263137 6.182862 1.739497 0.632092 0.000000 0.000000 0.000000 1.000000 0.000000 0.000000
24.000000 242.269082 6.020197 1.434230 0.701879 0.000000 0.000000 0.000000 1.000000 0.000000 0.000000
24.000000 242.273207 6.102594 1.763479 0.689713 0.000000 0.000000 0.000000 1.000000 0.000000 0.000000
24.000000 242.279217 5.973945 1.441112 0.749275 0.000000 0.000000 0.000000 1.000000 0.000000 0.000000
24.000000 242.283124 6.072687 1.763586 0.729184 0.000000 0.000000 0.000000 1.000000 0.000000 0.000000
24.000000 242.289226 5.922139 1.445879 0.797027 0.000000 0.000000 0.000000 1.000000 0.000000 0.000000
24.000000 242.293085 5.996924 1.778163 0.782759 0.000000 0.000000 0.000000 1.000000 0.000000 0.000000
24.000000 242.299155 5.874784 1.455159 0.842832 0.000000 0.000000 0.000000 1.000000 0.000000 0.000000
24.000000 242.303104 5.940114 1.784440 0.829881 0.000000 0.000000 0.000000 1.000000 0.000000 0.000000
24.000000 242.309142 5.862531 1.469566 0.876562 0.000000 0.000000 0.000000 1.000000 0.000000 0.000000
24.000000 242.313149 5.936022 1.779781 0.868894 0.000000 0.000000 0.000000 1.000000 0.000000 0.000000
24.000000 242.319164 5.770633 1.465531 0.929019 0.000000 0.000000 0.000000 1.000000 0.000000 0.000000
24.000000 242.323212 5.884394 1.794175 0.910933 0.000000 0.000000 0.000000 1.000000 0.000000 0.000000
24.000000 242.329152 5.709061 1.468591 0.975772 0.000000 0.000000 0.000000 1.000000 0.000000 0.000000
24.000000 242.333217 5.838289 1.791506 0.957777 0.000000 0.000000 0.000000 1.000000 0.000000 0.000000
24.000000 242.339226 5.688410 1.475215 1.010498 0.000000 0.000000 0.000000 1.000000 0.000000 0.000000
24.000000 242.343241 5.765470 1.815787 0.998604 0.000000 0.000000 0.000000 1.000000 0.000000 0.000000
24.000000 242.349125 5.652461 1.491806 1.050352 0.000000 0.000000 0.000000 1.000000 0.000000 0.000000
24.000000 242.359214 5.597855 1.492102 1.086949 0.000000 0.000000 0.000000 1.000000 0.000000 0.000000
24.000000 242.363193 5.707169 1.814229 1.065431 0.000000 0.000000 0.000000 1.000000 0.000000 0.000000
24.000000 242.369159 5.557578 1.500949 1.123426 0.000000 0.000000 0.000000 1.000000 0.000000 0.000000
24.000000 242.373254 5.696712 1.798554 1.097046 0.000000 0.000000 0.000000 1.000000 0.000000 0.000000
24.000000 242.379239 5.518607 1.500889 1.157311 0.000000 0.000000 0.000000 1.000000 0.000000 0.000000
24.000000 242.383188 5.646978 1.804798 1.137440 0.000000 0.000000 0.000000 1.000000 0.000000 0.000000
24.000000 242.389415 5.459804 1.510030 1.195718 0.000000 0.000000 0.000000 1.000000 0.000000 0.000000
24.000000 242.393138 5.529193 1.831909 1.175194 0.000000 0.000000 0.000000 1.000000 0.000000 0.000000
24.000000 242.399208 5.399664 1.508161 1.229669 0.000000 0.000000 0.000000 1.000000 0.000000 0.000000
24.000000 242.403344 5.521279 1.849614 1.198686 0.000000 0.000000 0.000000 1.000000 0.000000 0.000000
24.000000 242.409098 5.368376 1.519069 1.258317 0.000000 0.000000 0.000000 1.000000 0.000000 0.000000
24.000000 242.413194 5.510112 1.827856 1.234100 0.000000 0.000000 0.000000 1.000000 0.000000 0.000000
24.000000 242.419202 5.310437 1.521390 1.294323 0.000000 0.000000 0.000000 1.000000 0.000000 0.000000
24.000000 242.423178 5.433479 1.844997 1.273487 0.000000 0.000000 0.000000 1.000000 0.000000 0.000000
24.000000 242.429139 5.277682 1.532059 1.322878 0.000000 0.000000 0.000000 1.000000 0.000000 0.000000
24.000000 242.433257 5.400536 1.849363 1.306517 0.000000 0.000000 0.000000 1.000000 0.000000 0.000000
24.000000 242.439180 5.228050 1.537368 1.358212 0.000000 0.000000 0.000000 1.000000 0.000000 0.000000
24.000000 242.443209 5.302427 1.876337 1.335089 0.000000 0.000000 0.000000 1.000000 0.000000 0.000000
24.000000 242.449274 5.172547 1.541055 1.385017 0.000000 0.000000 0.000000 1.000000 0.000000 0.000000
24.000000 242.453215 5.291613 1.876439 1.369900 0.000000 0.000000 0.000000 1.000000 0.000000 0.000000
24.000000 242.459300 5.158680 1.542631 1.401381 0.000000 0.000000 0.000000 1.000000 0.000000 0.000000
24.000000 242.463218 5.270149 1.860824 1.392407 0.000000 0.000000 0.000000 1.000000 0.000000 0.000000
24.000000 242.469197 5.064346 1.541631 1.441421 0.000000 0.000000 0.000000 1.000000 0.000000 0.000000
24.000000 242.473270 5.218171 1.874666 1.419009 0.000000 0.000000 0.000000 1.000000 0.000000 0.000000
24.000000 242.479264 5.044570 1.561539 1.467795 0.000000 0.000000 0.000000 1.000000 0.000000 0.000000
24.000000 242.483313 5.158023 1.887829 1.448795 0.000000 0.000000 0.000000 1.000000 0.000000 0.000000
24.000000 242.489105 4.996055 1.561582 1.488899 0.000000 0.000000 0.000000 1.000000 0.000000 0.000000
24.000000 242.493241 5.113746 1.893989 1.470827 0.000000 0.000000 0.000000 1.000000 0.000000 0.000000
24.000000 242.499193 4.965338 1.568522 1.508489 0.000000 0.000000 0.000000 1.000000 0.000000 0.000000
24.000000 242.503195 5.053399 1.909907 1.491491 0.000000 0.000000 0.000000 1.000000 0.000000 0.000000
24.000000 242.509183 4.873920 1.565357 1.538683 0.000000 0.000000 0.000000 1.000000 0.000000 0.000000
24.000000 242.513220 5.007676 1.915508 1.518419 0.000000 0.000000 0.000000 1.000000 0.000000 0.000000
24.000000 242.519283 4.832281 1.572289 1.562122 0.000000 0.000000 0.000000 1.000000 0.000000 0.000000
24.000000 242.523294 4.962544 1.924345 1.541034 0.000000 0.000000 0.000000 1.000000 0.000000 0.000000
24.000000 242.529197 4.785287 1.575024 1.579658 0.000000 0.000000 0.000000 1.000000 0.000000 0.000000
24.000000 242.533431 4.909887 1.933065 1.563870 0.000000 0.000000 0.000000 1.000000 0.000000 0.000000
24.000000 242.539260 4.733438 1.582487 1.603060 0.000000 0.000000 0.000000 1.000000 0.000000 0.000000
24.000000 242.549222 4.689223 1.585580 1.619184 0.000000 0.000000 0.000000 1.000000 0.000000 0.000000
24.000000 242.553201 4.805055 1.946457 1.598714 0.000000 0.000000 0.000000 1.000000 0.000000 0.000000
24.000000 242.559378 4.627822 1.586737 1.643844 0.000000 0.000000 0.000000 1.000000 0.000000 0.000000
24.000000 242.563320 4.765656 1.956929 1.622274 0.000000 0.000000 0.000000 1.000000 0.000000 0.000000
24.000000 242.569319 4.596793 1.596899 1.656095 0.000000 0.000000 0.000000 1.000000 0.000000 0.000000
24.000000 242.573280 4.745148 1.953511 1.634888 0.000000 0.000000 0.000000 1.000000 0.000000 0.000000
24.000000 242.579294 4.557326 1.604818 1.672846 0.000000 0.000000 0.000000 1.000000 0.000000 0.000000
24.000000 242.583457 4.694756 1.959423 1.653741 0.000000 0.000000 0.000000 1.000000 0.000000 0.000000
24.000000 242.589212 4.508152 1.609208 1.690195 0.000000 0.000000 0.000000 1.000000 0.000000 0.000000
24.000000 242.593259 4.643007 1.972492 1.665009 0.000000 0.000000 0.000000 1.000000 0.000000 0.000000
24.000000 242.596182 4.591640 1.784952 1.647282 0.000000 0.000000 0.000000 1.000000 0.000000 0.000000
24.000000 242.599297 4.451999 1.609447 1.702705 0.000000 0.000000 0.000000 1.000000 0.000000 0.000000
24.000000 242.603321 4.589703 1.976809 1.676952 0.000000 0.000000 0.000000 1.000000 0.000000 0.000000
24.000000 242.606134 4.580427 1.800163 1.651524 0.000000 0.000000 0.000000 1.000000 0.000000 0.000000
24.000000 242.609222 4.408076 1.616284 1.714648 0.000000 0.000000 0.000000 1.000000 0.000000 0.000000
24.000000 242.613671 4.561460 1.979132 1.690904 0.000000 0.000000 0.000000 1.000000 0.000000 0.000000
24.000000 242.616164 4.515690 1.796472 1.668419 0.000000 0.000000 0.000000 1.000000 0.000000 0.000000
24.000000 242.619288 4.346718 1.617468 1.730424 0.000000 0.000000 0.000000 1.000000 0.000000 0.000000
24.000000 242.623429 4.514480 1.986832 1.701716 0.000000 0.000000 0.000000 1.000000 0.000000 0.000000
24.000000 242.626051 4.484760 1.805141 1.678364 0.000000 0.000000 0.000000 1.000000 0.000000 0.000000
24.000000 242.629263 4.321534 1.627475 1.741239 0.000000 0.000000 0.000000 1.000000 0.000000 0.000000
24.000000 242.633426 4.470203 1.991196 1.713521 0.000000 0.000000 0.000000 1.000000 0.000000 0.000000
24.000000 242.636169 4.421160 1.805891 1.690723 0.000000 0.000000 0.000000 1.000000 0.000000 0.000000
24.000000 242.639347 4.315292 1.647051 1.746987 0.000000 0.000000 0.000000 1.000000 0.000000 0.000000
24.000000 242.643282 4.398173 2.002598 1.719329 0.000000 0.000000 0.000000 1.000000 0.000000 0.000000
24.000000 242.646149 4.964745 1.718423 1.549388 0.000000 0.000000 0.000000 1.000000 0.000000 0.000000
24.000000 242.649294 4.239793 1.636121 1.754659 0.000000 0.000000 0.000000 1.000000 0.000000 0.000000
24.000000 242.653280 4.372275 2.007779 1.738405 0.000000 0.000000 0.000000 1.000000 0.000000 0.000000
24.000000 242.656213 4.306220 1.814150 1.714860 0.000000 0.000000 0.000000 1.000000 0.000000 0.000000
24.000000 242.659331 4.197371 1.647116 1.764899 0.000000 0.000000 0.000000 1.000000 0.000000 0.000000
24.000000 242.663465 4.342472 2.010269 1.737258 0.000000 0.000000 0.000000 1.000000 0.000000 0.000000
24.000000 242.666249 4.901444 1.732223 1.558609 0.000000 0.000000 0.000000 1.000000 0.000000 0.000000
24.000000 242.669194 4.136415 1.648117 1.776164 0.000000 0.000000 0.000000 1.000000 0.000000 0.000000
24.000000 242.673309 4.296389 2.018837 1.748222 0.000000 0.000000 0.000000 1.000000 0.000000 0.000000
24.000000 242.676258 4.247762 1.829443 1.723138 0.000000 0.000000 0.000000 1.000000 0.000000 0.000000
24.000000 242.679416 4.159399 1.671570 1.773443 0.000000 0.000000 0.000000 1.000000 0.000000 0.000000
24.000000 242.683369 4.257626 2.021806 1.747719 0.000000 0.000000 0.000000 1.000000 0.000000 0.000000
24.000000 242.686278 4.217806 1.834971 1.723314 0.000000 0.000000 0.000000 1.000000 0.000000 0.000000
24.000000 242.689297 4.057496 1.657524 1.782438 0.000000 0.000000 0.000000 1.000000 0.000000 0.000000
24.000000 242.693482 4.201690 2.032691 1.755450 0.000000 0.000000 0.000000 1.000000 0.000000 0.000000
24.000000 242.696289 4.177749 1.843075 1.727301 0.000000 0.000000 0.000000 1.000000 0.000000 0.000000
24.000000 242.699306 4.056530 1.674340 1.784536 0.000000 0.000000 0.000000 1.000000 0.000000 0.000000
24.000000 242.703354 4.140216 2.044344 1.759094 0.000000 0.000000 0.000000 1.000000 0.000000 0.000000
24.000000 242.706228 4.133608 1.854065 1.732060 0.000000 0.000000 0.000000 1.000000 0.000000 0.000000
24.000000 242.709242 4.004779 1.678105 1.786562 0.000000 0.000000 0.000000 1.000000 0.000000 0.000000
24.000000 242.713276 4.127135 2.042842 1.758714 0.000000 0.000000 0.000000 1.000000 0.000000 0.000000
24.000000 242.716391 4.088444 1.850899 1.732734 0.000000 0.000000 0.000000 1.000000 0.000000 0.000000
24.000000 242.719339 3.959273 1.679598 1.786913 0.000000 0.000000 0.000000 1.000000 0.000000 0.000000
24.000000 242.723480 4.085920 2.048365 1.756693 0.000000 0.000000 0.000000 1.000000 0.000000 0.000000
24.000000 242.726179 4.069409 1.861996 1.729927 0.000000 0.000000 0.000000 1.000000 0.000000 0.000000
24.000000 242.729305 3.944858 1.692426 1.783459 0.000000 0.000000 0.000000 1.000000 0.000000 0.000000
24.000000 242.733431 4.051424 2.046078 1.758197 0.000000 0.000000 0.000000 1.000000 0.000000 0.000000
24.000000 242.736234 4.002418 1.855382 1.732286 0.000000 0.000000 0.000000 1.000000 0.000000 0.000000
24.000000 242.739361 3.897488 1.693439 1.781674 0.000000 0.000000 0.000000 1.000000 0.000000 0.000000
24.000000 242.746196 4.545510 1.773319 1.567696 0.000000 0.000000 0.000000 1.000000 0.000000 0.000000
24.000000 242.749237 3.833351 1.698673 1.785929 0.000000 0.000000 0.000000 1.000000 0.000000 0.000000
24.000000 242.753614 3.979036 2.052981 1.744570 0.000000 0.000000 0.000000 1.000000 0.000000 0.000000
24.000000 242.756302 3.967670 1.872836 1.716352 0.000000 0.000000 0.000000 1.000000 0.000000 0.000000
24.000000 242.759374 3.791677 1.700705 1.785641 0.000000 0.000000 0.000000 1.000000 0.000000 0.000000
24.000000 242.766369 4.473099 1.786899 1.558743 0.000000 0.000000 0.000000 1.000000 0.000000 0.000000
24.000000 242.769310 3.739000 1.706090 1.780746 0.000000 0.000000 0.000000 1.000000 0.000000 0.000000
24.000000 242.776294 4.427568 1.791442 1.556037 0.000000 0.000000 0.000000 1.000000 0.000000 0.000000
24.000000 242.779456 3.717961 1.714787 1.773858 0.000000 0.000000 0.000000 1.000000 0.000000 0.000000
24.000000 242.786221 4.387983 1.796757 1.550895 0.000000 0.000000 0.000000 1.000000 0.000000 0.000000
24.000000 242.789420 3.683459 1.719449 1.768262 0.000000 0.000000 0.000000 1.000000 0.000000 0.000000
24.000000 242.796343 4.349860 1.800211 1.543662 0.000000 0.000000 0.000000 1.000000 0.000000 0.000000
24.000000 242.799291 3.645350 1.725064 1.762400 0.000000 0.000000 0.000000 1.000000 0.000000 0.000000
24.000000 242.806227 4.315727 1.805803 1.531174 0.000000 0.000000 0.000000 1.000000 0.000000 0.000000
24.000000 242.809499 3.601344 1.725611 1.752405 0.000000 0.000000 0.000000 1.000000 0.000000 0.000000
24.000000 242.816272 4.257997 1.812364 1.527525 0.000000 0.000000 0.000000 1.000000 0.000000 0.000000
24.000000 242.819418 3.545055 1.728951 1.746563 0.000000 0.000000 0.000000 1.000000 0.000000 0.000000
24.000000 242.826109 4.219279 1.818649 1.513748 0.000000 0.000000 0.000000 1.000000 0.000000 0.000000
24.000000 242.829470 3.502252 1.734962 1.736662 0.000000 0.000000 0.000000 1.000000 0.000000 0.000000
24.000000 242.833182 3.928045 1.832485 1.708818 0.000000 0.000000 0.000000 1.000000 0.000000 0.000000
24.000000 242.839621 3.472073 1.738417 1.722626 0.000000 0.000000 0.000000 1.000000 0.000000 0.000000
24.000000 242.846116 4.147408 1.829544 1.484796 0.000000 0.000000 0.000000 1.000000 0.000000 0.000000
24.000000 242.849398 3.439666 1.746185 1.709164 0.000000 0.000000 0.000000 1.000000 0.000000 0.000000
24.000000 242.856419 4.096959 1.833597 1.476472 0.000000 0.000000 0.000000 1.000000 0.000000 0.000000
24.000000 242.859550 3.409921 1.747763 1.688273 0.000000 0.000000 0.000000 1.000000 0.000000 0.000000
24.000000 242.866317 4.054294 1.839016 1.459740 0.000000 0.000000 0.000000 1.000000 0.000000 0.000000
24.000000 242.869364 3.350854 1.750867 1.682342 0.000000 0.000000 0.000000 1.000000 0.000000 0.000000
24.000000 242.876360 4.008831 1.844690 1.445646 0.000000 0.000000 0.000000 1.000000 0.000000 0.000000
24.000000 242.879530 3.322438 1.763687 1.668252 0.000000 0.000000 0.000000 1.000000 0.000000 0.000000
24.000000 242.886252 3.975795 1.849109 1.427435 0.000000 0.000000 0.000000 1.000000 0.000000 0.000000
24.000000 242.889341 3.282329 1.765639 1.655805 0.000000 0.000000 0.000000 1.000000 0.000000 0.000000
24.000000 242.896281 3.936434 1.855776 1.405173 0.000000 0.000000 0.000000 1.000000 0.000000 0.000000
24.000000 242.899552 3.214502 1.758505 1.639892 0.000000 0.000000 0.000000 1.000000 0.000000 0.000000
24.000000 242.906222 3.874278 1.858546 1.392921 0.000000 0.000000 0.000000 1.000000 0.000000 0.000000
24.000000 242.909479 3.197680 1.768846 1.615520 0.000000 0.000000 0.000000 1.000000 0.000000 0.000000
24.000000 242.916287 3.846566 1.865441 1.373746 0.000000 0.000000 0.000000 1.000000 0.000000 0.000000
24.000000 242.919590 3.139700 1.767660 1.600836 0.000000 0.000000 0.000000 1.000000 0.000000 0.000000
24.000000 242.926203 3.801663 1.869685 1.358408 0.000000 0.000000 0.000000 1.000000 0.000000 0.000000
24.000000 242.929436 3.096592 1.767547 1.582670 0.000000 0.000000 0.000000 1.000000 0.000000 0.000000
24.000000 242.936242 3.772416 1.875202 1.329824 0.000000 0.000000 0.000000 1.000000 0.000000 0.000000
24.000000 242.939332 3.069361 1.775857 1.559075 0.000000 0.000000 0.000000 1.000000 0.000000 0.000000
24.000000 242.946162 3.721602 1.880121 1.308710 0.000000 0.000000 0.000000 1.000000 0.000000 0.000000
24.000000 242.949238 3.055100 1.794011 1.538413 0.000000 0.000000 0.000000 1.000000 0.000000 0.000000
24.000000 242.956343 3.687645 1.883570 1.279665 0.000000 0.000000 0.000000 1.000000 0.000000 0.000000
24.000000 242.959370 2.994464 1.780639 1.510402 0.000000 0.000000 0.000000 1.000000 0.000000 0.000000
24.000000 242.966187 3.648035 1.893887 1.257295 0.000000 0.000000 0.000000 1.000000 0.000000 0.000000
24.000000 242.969462 2.985326 1.797456 1.483000 0.000000 0.000000 0.000000 1.000000 0.000000 0.000000
24.000000 242.976280 3.604404 1.897980 1.231283 0.000000 0.000000 0.000000 1.000000 0.000000 0.000000
24.000000 242.979426 2.930175 1.794486 1.458771 0.000000 0.000000 0.000000 1.000000 0.000000 0.000000
24.000000 242.986199 3.558409 1.901401 1.208162 0.000000 0.000000 0.000000 1.000000 0.000000 0.000000
24.000000 242.989378 2.871753 1.798242 1.446078 0.000000 0.000000 0.000000 1.000000 0.000000 0.000000
24.000000 242.996220 3.528314 1.907741 1.173198 0.000000 0.000000 0.000000 1.000000 0.000000 0.000000
24.000000 242.999393 2.868547 1.806723 1.405759 0.000000 0.000000 0.000000 1.000000 0.000000 0.000000
24.000000 243.006202 3.488434 1.912120 1.142431 0.000000 0.000000 0.000000 1.000000 0.000000 0.000000
24.000000 243.009296 2.827058 1.809043 1.378834 0.000000 0.000000 0.000000 1.000000 0.000000 0.000000
24.000000 243.016293 3.442925 1.917915 1.122481 0.000000 0.000000 0.000000 1.000000 0.000000 0.000000
24.000000 243.019312 2.800769 1.819310 1.352379 0.000000 0.000000 0.000000 1.000000 0.000000 0.000000
24.000000 243.026212 3.403775 1.924415 1.090596 0.000000 0.000000 0.000000 1.000000 0.000000 0.000000
24.000000 243.029396 2.782024 1.828035 1.315307 0.000000 0.000000 0.000000 1.000000 0.000000 0.000000
24.000000 243.036294 3.364319 1.927429 1.059775 0.000000 0.000000 0.000000 1.000000 0.000000 0.000000
24.000000 243.039344 2.738673 1.827989 1.285903 0.000000 0.000000 0.000000 1.000000 0.000000 0.000000
24.000000 243.046190 3.331674 1.931750 1.019338 0.000000 0.000000 0.000000 1.000000 0.000000 0.000000
24.000000 243.049401 2.710403 1.829341 1.247501 0.000000 0.000000 0.000000 1.000000 0.000000 0.000000
24.000000 243.056260 3.281958 1.938534 0.995035 0.000000 0.000000 0.000000 1.000000 0.000000 0.000000
24.000000 243.059403 2.660522 1.833988 1.221347 0.000000 0.000000 0.000000 1.000000 0.000000 0.000000
24.000000 243.066254 3.248206 1.942303 0.955357 0.000000 0.000000 0.000000 1.000000 0.000000 0.000000
24.000000 243.069365 2.612114 1.825048 1.185245 0.000000 0.000000 0.000000 1.000000 0.000000 0.000000
24.000000 243.076349 3.201780 1.948606 0.917850 0.000000 0.000000 0.000000 1.000000 0.000000 0.000000
24.000000 243.079389 2.578545 1.828638 1.146298 0.000000 0.000000 0.000000 1.000000 0.000000 0.000000
24.000000 243.086223 3.170757 1.947146 0.882256 0.000000 0.000000 0.000000 1.000000 0.000000 0.000000
24.000000 243.089458 2.539309 1.828588 1.115296 0.000000 0.000000 0.000000 1.000000 0.000000 0.000000
24.000000 243.096375 3.134923 1.952205 0.839617 0.000000 0.000000 0.000000 1.000000 0.000000 0.000000
24.000000 243.099656 2.546653 1.853352 1.071746 0.000000 0.000000 0.000000 1.000000 0.000000 0.000000
24.000000 243.106251 3.098233 1.958210 0.809987 0.000000 0.000000 0.000000 1.000000 0.000000 0.000000
24.000000 243.109544 2.518753 1.856603 1.041739 0.000000 0.000000 0.000000 1.000000 0.000000 0.000000
24.000000 243.113311 2.801115 1.972493 0.985867 0.000000 0.000000 0.000000 1.000000 0.000000 0.000000
24.000000 243.119544 2.478275 1.865843 1.000614 0.000000 0.000000 0.000000 1.000000 0.000000 0.000000
24.000000 243.126238 3.013975 1.969526 0.727521 0.000000 0.000000 0.000000 1.000000 0.000000 0.000000
24.000000 243.129469 2.436729 1.864741 0.957026 0.000000 0.000000 0.000000 1.000000 0.000000 0.000000
24.000000 243.136362 2.977095 1.971657 0.684545 0.000000 0.000000 0.000000 1.000000 0.000000 0.000000
24.000000 243.139552 2.418094 1.870317 0.908203 0.000000 0.000000 0.000000 1.000000 0.000000 0.000000
24.000000 243.146256 2.939983 1.969961 0.638157 0.000000 0.000000 0.000000 1.000000 0.000000 0.000000
24.000000 243.149453 2.394238 1.875285 0.870061 0.000000 0.000000 0.000000 1.000000 0.000000 0.000000
24.000000 243.156290 2.922038 1.975689 0.592239 0.000000 0.000000 0.000000 1.000000 0.000000 0.000000
24.000000 243.159479 2.344427 1.865440 0.834953 0.000000 0.000000 0.000000 1.000000 0.000000 0.000000
24.000000 243.169402 2.691094 1.950429 0.739000 0.000000 0.000000 0.000000 1.000000 0.000000 0.000000
24.000000 243.179529 2.656646 1.955753 0.689445 0.000000 0.000000 0.000000 1.000000 0.000000 0.000000
24.000000 243.189395 2.619377 1.954820 0.648986 0.000000 0.000000 0.000000 1.000000 0.000000 0.000000
