9.000000 88.883613 25.436379 -0.253324 0.414998 0.000000 0.000000 0.000000 1.000000 0.000000 0.000000
9.000000 88.893723 25.312339 -0.248983 0.520171 0.000000 0.000000 0.000000 1.000000 0.000000 0.000000
9.000000 88.903650 25.116144 -0.241656 0.611015 0.000000 0.000000 0.000000 1.000000 0.000000 0.000000
9.000000 88.913841 24.852122 -0.209661 0.707069 0.000000 0.000000 0.000000 1.000000 0.000000 0.000000
9.000000 88.923784 24.811836 -0.218830 0.804554 0.000000 0.000000 0.000000 1.000000 0.000000 0.000000
9.000000 88.933811 24.660961 -0.206798 0.898697 0.000000 0.000000 0.000000 1.000000 0.000000 0.000000
9.000000 88.943687 24.484325 -0.188506 0.972192 0.000000 0.000000 0.000000 1.000000 0.000000 0.000000
9.000000 88.953847 24.374877 -0.180142 1.039531 0.000000 0.000000 0.000000 1.000000 0.000000 0.000000
9.000000 88.957086 22.753029 0.023141 1.157150 0.000000 0.000000 0.000000 1.000000 0.000000 0.000000
9.000000 88.963779 24.242136 -0.189603 1.105473 0.000000 0.000000 0.000000 1.000000 0.000000 0.000000
9.000000 88.966912 22.586722 0.040314 1.203314 0.000000 0.000000 0.000000 1.000000 0.000000 0.000000
9.000000 88.973849 24.102436 -0.167289 1.214330 0.000000 0.000000 0.000000 1.000000 0.000000 0.000000
9.000000 88.977045 22.571583 0.024230 1.316434 0.000000 0.000000 0.000000 1.000000 0.000000 0.000000
9.000000 88.983799 23.987331 -0.161679 1.295382 0.000000 0.000000 0.000000 1.000000 0.000000 0.000000
9.000000 88.987012 22.461524 0.030240 1.388406 0.000000 0.000000 0.000000 1.000000 0.000000 0.000000
9.000000 88.993881 23.864600 -0.166461 1.368352 0.000000 0.000000 0.000000 1.000000 0.000000 0.000000
9.000000 88.997159 22.343951 0.030335 1.458047 0.000000 0.000000 0.000000 1.000000 0.000000 0.000000
9.000000 89.003766 23.778740 -0.167831 1.441154 0.000000 0.000000 0.000000 1.000000 0.000000 0.000000
9.000000 89.006948 22.253658 0.032903 1.534701 0.000000 0.000000 0.000000 1.000000 0.000000 0.000000
9.000000 89.013830 23.447764 -0.124472 1.528835 0.000000 0.000000 0.000000 1.000000 0.000000 0.000000
9.000000 89.017061 22.129647 0.036427 1.593845 0.000000 0.000000 0.000000 1.000000 0.000000 0.000000
9.000000 89.023746 23.362360 -0.104379 1.606762 0.000000 0.000000 0.000000 1.000000 0.000000 0.000000
9.000000 89.026927 22.060172 0.041128 1.673470 0.000000 0.000000 0.000000 1.000000 0.000000 0.000000
9.000000 89.033870 23.239151 -0.096148 1.675347 0.000000 0.000000 0.000000 1.000000 0.000000 0.000000
9.000000 89.037043 21.948289 0.049268 1.740333 0.000000 0.000000 0.000000 1.000000 0.000000 0.000000
9.000000 89.043747 23.102962 -0.090647 1.744595 0.000000 0.000000 0.000000 1.000000 0.000000 0.000000
9.000000 89.046876 21.847546 0.053497 1.807364 0.000000 0.000000 0.000000 1.000000 0.000000 0.000000
9.000000 89.053957 22.937321 -0.074514 1.815305 0.000000 0.000000 0.000000 1.000000 0.000000 0.000000
9.000000 89.057158 21.739442 0.056736 1.868863 0.000000 0.000000 0.000000 1.000000 0.000000 0.000000
9.000000 89.059946 21.263977 0.025730 1.909486 0.000000 0.000000 0.000000 1.000000 0.000000 0.000000
9.000000 89.063786 22.758629 -0.069698 1.879791 0.000000 0.000000 0.000000 1.000000 0.000000 0.000000
9.000000 89.066903 21.609800 0.060487 1.921816 0.000000 0.000000 0.000000 1.000000 0.000000 0.000000
9.000000 89.069903 21.178726 0.031901 1.975824 0.000000 0.000000 0.000000 1.000000 0.000000 0.000000
9.000000 89.073889 22.679258 -0.057376 1.950579 0.000000 0.000000 0.000000 1.000000 0.000000 0.000000
9.000000 89.077092 21.542786 0.063695 1.997953 0.000000 0.000000 0.000000 1.000000 0.000000 0.000000
9.000000 89.079986 21.070073 0.040791 2.036972 0.000000 0.000000 0.000000 1.000000 0.000000 0.000000
9.000000 89.083802 22.553760 -0.046052 2.015439 0.000000 0.000000 0.000000 1.000000 0.000000 0.000000
9.000000 89.086916 21.441444 0.068631 2.059765 0.000000 0.000000 0.000000 1.000000 0.000000 0.000000
9.000000 89.090014 20.948419 0.051904 2.093595 0.000000 0.000000 0.000000 1.000000 0.000000 0.000000
9.000000 89.093643 22.411828 -0.035796 2.082202 0.000000 0.000000 0.000000 1.000000 0.000000 0.000000
9.000000 89.097002 21.352004 0.067031 2.122353 0.000000 0.000000 0.000000 1.000000 0.000000 0.000000
9.000000 89.099971 20.813566 0.056814 2.150952 0.000000 0.000000 0.000000 1.000000 0.000000 0.000000
9.000000 89.103601 22.238980 -0.026796 2.141376 0.000000 0.000000 0.000000 1.000000 0.000000 0.000000
9.000000 89.106957 21.232865 0.070781 2.176591 0.000000 0.000000 0.000000 1.000000 0.000000 0.000000
9.000000 89.109934 20.706761 0.063340 2.211553 0.000000 0.000000 0.000000 1.000000 0.000000 0.000000
9.000000 89.113874 22.033350 -0.016868 2.206582 0.000000 0.000000 0.000000 1.000000 0.000000 0.000000
9.000000 89.117070 21.122224 0.067165 2.229362 0.000000 0.000000 0.000000 1.000000 0.000000 0.000000
9.000000 89.119917 20.587742 0.071305 2.264125 0.000000 0.000000 0.000000 1.000000 0.000000 0.000000
9.000000 89.123657 21.962967 -0.008289 2.261276 0.000000 0.000000 0.000000 1.000000 0.000000 0.000000
9.000000 89.127007 21.037124 0.075600 2.286918 0.000000 0.000000 0.000000 1.000000 0.000000 0.000000
9.000000 89.129914 20.467453 0.077859 2.317704 0.000000 0.000000 0.000000 1.000000 0.000000 0.000000
9.000000 89.133796 21.870269 -0.001013 2.319980 0.000000 0.000000 0.000000 1.000000 0.000000 0.000000
9.000000 89.137153 20.952775 0.077066 2.348178 0.000000 0.000000 0.000000 1.000000 0.000000 0.000000
9.000000 89.140129 20.308264 0.069081 2.362184 0.000000 0.000000 0.000000 1.000000 0.000000 0.000000
9.000000 89.143656 21.795646 -0.009797 2.365158 0.000000 0.000000 0.000000 1.000000 0.000000 0.000000
9.000000 89.147045 20.848601 0.081268 2.400128 0.000000 0.000000 0.000000 1.000000 0.000000 0.000000
9.000000 89.150069 20.219008 0.096557 2.422229 0.000000 0.000000 0.000000 1.000000 0.000000 0.000000
9.000000 89.153750 21.557638 0.023900 2.431295 0.000000 0.000000 0.000000 1.000000 0.000000 0.000000
9.000000 89.157204 20.747401 0.083611 2.452934 0.000000 0.000000 0.000000 1.000000 0.000000 0.000000
9.000000 89.159992 20.111263 0.100926 2.473676 0.000000 0.000000 0.000000 1.000000 0.000000 0.000000
9.000000 89.163700 21.312278 0.031956 2.476893 0.000000 0.000000 0.000000 1.000000 0.000000 0.000000
9.000000 89.167122 20.548192 0.098426 2.480779 0.000000 0.000000 0.000000 1.000000 0.000000 0.000000
9.000000 89.170015 19.985762 0.104986 2.527191 0.000000 0.000000 0.000000 1.000000 0.000000 0.000000
9.000000 89.173829 21.289879 0.036453 2.540658 0.000000 0.000000 0.000000 1.000000 0.000000 0.000000
9.000000 89.177194 20.562814 0.080615 2.555324 0.000000 0.000000 0.000000 1.000000 0.000000 0.000000
9.000000 89.180116 19.872070 0.116742 2.570489 0.000000 0.000000 0.000000 1.000000 0.000000 0.000000
9.000000 89.183698 21.168769 0.050551 2.590005 0.000000 0.000000 0.000000 1.000000 0.000000 0.000000
9.000000 89.187022 20.483474 0.084888 2.607104 0.000000 0.000000 0.000000 1.000000 0.000000 0.000000
9.000000 89.189935 19.717744 0.095204 2.607140 0.000000 0.000000 0.000000 1.000000 0.000000 0.000000
9.000000 89.193972 21.142516 0.026580 2.625761 0.000000 0.000000 0.000000 1.000000 0.000000 0.000000
9.000000 89.197163 20.359948 0.092668 2.652360 0.000000 0.000000 0.000000 1.000000 0.000000 0.000000
9.000000 89.199984 19.605125 0.117818 2.660598 0.000000 0.000000 0.000000 1.000000 0.000000 0.000000
9.000000 89.204030 20.922130 0.054281 2.685104 0.000000 0.000000 0.000000 1.000000 0.000000 0.000000
9.000000 89.207018 20.318011 0.078890 2.699677 0.000000 0.000000 0.000000 1.000000 0.000000 0.000000
9.000000 89.210063 19.511224 0.133087 2.706741 0.000000 0.000000 0.000000 1.000000 0.000000 0.000000
9.000000 89.214152 20.688525 0.070964 2.733989 0.000000 0.000000 0.000000 1.000000 0.000000 0.000000
9.000000 89.217113 20.135536 0.093008 2.736408 0.000000 0.000000 0.000000 1.000000 0.000000 0.000000
9.000000 89.220112 19.383966 0.138361 2.756479 0.000000 0.000000 0.000000 1.000000 0.000000 0.000000
9.000000 89.223855 20.667126 0.079695 2.783973 0.000000 0.000000 0.000000 1.000000 0.000000 0.000000
9.000000 89.227002 20.130670 0.085611 2.795049 0.000000 0.000000 0.000000 1.000000 0.000000 0.000000
9.000000 89.229937 19.252163 0.139496 2.801509 0.000000 0.000000 0.000000 1.000000 0.000000 0.000000
9.000000 89.233956 20.550884 0.081948 2.828988 0.000000 0.000000 0.000000 1.000000 0.000000 0.000000
9.000000 89.237140 20.046357 0.080708 2.837543 0.000000 0.000000 0.000000 1.000000 0.000000 0.000000
9.000000 89.240050 19.120761 0.153490 2.839798 0.000000 0.000000 0.000000 1.000000 0.000000 0.000000
9.000000 89.243815 20.381426 0.098206 2.871070 0.000000 0.000000 0.000000 1.000000 0.000000 0.000000
9.000000 89.247004 19.947047 0.088857 2.875839 0.000000 0.000000 0.000000 1.000000 0.000000 0.000000
9.000000 89.250056 19.001151 0.155999 2.881954 0.000000 0.000000 0.000000 1.000000 0.000000 0.000000
9.000000 89.254045 20.269535 0.102007 2.915480 0.000000 0.000000 0.000000 1.000000 0.000000 0.000000
9.000000 89.257049 19.870589 0.083759 2.920150 0.000000 0.000000 0.000000 1.000000 0.000000 0.000000
9.000000 89.260056 18.903539 0.162730 2.923234 0.000000 0.000000 0.000000 1.000000 0.000000 0.000000
9.000000 89.263952 20.050016 0.113316 2.949389 0.000000 0.000000 0.000000 1.000000 0.000000 0.000000
9.000000 89.267007 19.629940 0.108787 2.948117 0.000000 0.000000 0.000000 1.000000 0.000000 0.000000
9.000000 89.270019 18.779851 0.166500 2.963830 0.000000 0.000000 0.000000 1.000000 0.000000 0.000000
9.000000 89.274010 19.997956 0.117142 2.996582 0.000000 0.000000 0.000000 1.000000 0.000000 0.000000
9.000000 89.277100 19.639115 0.094311 2.998198 0.000000 0.000000 0.000000 1.000000 0.000000 0.000000
9.000000 89.280022 18.674308 0.180523 3.001016 0.000000 0.000000 0.000000 1.000000 0.000000 0.000000
9.000000 89.284126 19.846761 0.135436 3.039065 0.000000 0.000000 0.000000 1.000000 0.000000 0.000000
9.000000 89.286980 19.593241 0.086273 3.043084 0.000000 0.000000 0.000000 1.000000 0.000000 0.000000
9.000000 89.290000 18.532624 0.188589 3.035992 0.000000 0.000000 0.000000 1.000000 0.000000 0.000000
9.000000 89.293886 19.729938 0.141847 3.072426 0.000000 0.000000 0.000000 1.000000 0.000000 0.000000
9.000000 89.297107 19.459485 0.100493 3.069653 0.000000 0.000000 0.000000 1.000000 0.000000 0.000000
9.000000 89.303956 19.573031 0.153400 3.114036 0.000000 0.000000 0.000000 1.000000 0.000000 0.000000
9.000000 89.307095 19.429386 0.081856 3.108464 0.000000 0.000000 0.000000 1.000000 0.000000 0.000000
9.000000 89.310040 18.309587 0.195487 3.110488 0.000000 0.000000 0.000000 1.000000 0.000000 0.000000
9.000000 89.313898 19.439888 0.155745 3.134646 0.000000 0.000000 0.000000 1.000000 0.000000 0.000000
9.000000 89.317135 19.176849 0.121736 3.125336 0.000000 0.000000 0.000000 1.000000 0.000000 0.000000
9.000000 89.320064 18.204053 0.210855 3.144814 0.000000 0.000000 0.000000 1.000000 0.000000 0.000000
9.000000 89.323994 19.365714 0.171700 3.182418 0.000000 0.000000 0.000000 1.000000 0.000000 0.000000
9.000000 89.327039 19.262392 0.085697 3.178587 0.000000 0.000000 0.000000 1.000000 0.000000 0.000000
9.000000 89.330014 18.055409 0.204791 3.173072 0.000000 0.000000 0.000000 1.000000 0.000000 0.000000
9.000000 89.333915 19.248227 0.166554 3.214014 0.000000 0.000000 0.000000 1.000000 0.000000 0.000000
9.000000 89.337174 19.165568 0.083483 3.213656 0.000000 0.000000 0.000000 1.000000 0.000000 0.000000
9.000000 89.340056 17.951903 0.221608 3.199369 0.000000 0.000000 0.000000 1.000000 0.000000 0.000000
9.000000 89.343851 19.115178 0.182685 3.246663 0.000000 0.000000 0.000000 1.000000 0.000000 0.000000
9.000000 89.346999 19.075449 0.088043 3.245293 0.000000 0.000000 0.000000 1.000000 0.000000 0.000000
9.000000 89.350157 17.804652 0.221709 3.240359 0.000000 0.000000 0.000000 1.000000 0.000000 0.000000
9.000000 89.353945 19.006881 0.185342 3.281510 0.000000 0.000000 0.000000 1.000000 0.000000 0.000000
9.000000 89.357171 18.986729 0.087573 3.276631 0.000000 0.000000 0.000000 1.000000 0.000000 0.000000
9.000000 89.360025 17.696362 0.219659 3.268481 0.000000 0.000000 0.000000 1.000000 0.000000 0.000000
9.000000 89.364012 18.864295 0.185873 3.302676 0.000000 0.000000 0.000000 1.000000 0.000000 0.000000
9.000000 89.367066 18.831860 0.098126 3.293781 0.000000 0.000000 0.000000 1.000000 0.000000 0.000000
9.000000 89.370101 17.595087 0.232019 3.298058 0.000000 0.000000 0.000000 1.000000 0.000000 0.000000
9.000000 89.374074 18.739508 0.200637 3.342047 0.000000 0.000000 0.000000 1.000000 0.000000 0.000000
9.000000 89.377154 18.836415 0.078277 3.339154 0.000000 0.000000 0.000000 1.000000 0.000000 0.000000
9.000000 89.380058 17.462852 0.237870 3.319588 0.000000 0.000000 0.000000 1.000000 0.000000 0.000000
9.000000 89.383929 18.619445 0.207848 3.364351 0.000000 0.000000 0.000000 1.000000 0.000000 0.000000
9.000000 89.387187 18.664787 0.106905 3.365842 0.000000 0.000000 0.000000 1.000000 0.000000 0.000000
9.000000 89.390030 17.336588 0.253616 3.343791 0.000000 0.000000 0.000000 1.000000 0.000000 0.000000
9.000000 89.394045 18.457183 0.223920 3.391440 0.000000 0.000000 0.000000 1.000000 0.000000 0.000000
9.000000 89.397008 18.602077 0.095151 3.388444 0.000000 0.000000 0.000000 1.000000 0.000000 0.000000
9.000000 89.400003 17.192388 0.246161 3.367273 0.000000 0.000000 0.000000 1.000000 0.000000 0.000000
9.000000 89.404170 18.384064 0.219318 3.410869 0.000000 0.000000 0.000000 1.000000 0.000000 0.000000
9.000000 89.407093 18.496302 0.100584 3.414866 0.000000 0.000000 0.000000 1.000000 0.000000 0.000000
9.000000 89.410070 17.099591 0.260828 3.396101 0.000000 0.000000 0.000000 1.000000 0.000000 0.000000
9.000000 89.414259 18.225071 0.235815 3.433465 0.000000 0.000000 0.000000 1.000000 0.000000 0.000000
9.000000 89.417073 18.337209 0.119262 3.430385 0.000000 0.000000 0.000000 1.000000 0.000000 0.000000
9.000000 89.420096 16.975105 0.259729 3.413425 0.000000 0.000000 0.000000 1.000000 0.000000 0.000000
9.000000 89.423996 18.139933 0.237042 3.455480 0.000000 0.000000 0.000000 1.000000 0.000000 0.000000
9.000000 89.427095 18.305541 0.107580 3.461529 0.000000 0.000000 0.000000 1.000000 0.000000 0.000000
9.000000 89.430203 16.860189 0.272061 3.437015 0.000000 0.000000 0.000000 1.000000 0.000000 0.000000
9.000000 89.434071 17.966044 0.250357 3.480632 0.000000 0.000000 0.000000 1.000000 0.000000 0.000000
9.000000 89.437232 18.185429 0.111330 3.482913 0.000000 0.000000 0.000000 1.000000 0.000000 0.000000
9.000000 89.443888 17.850934 0.253987 3.501026 0.000000 0.000000 0.000000 1.000000 0.000000 0.000000
9.000000 89.447234 18.136042 0.100927 3.504674 0.000000 0.000000 0.000000 1.000000 0.000000 0.000000
9.000000 89.450224 16.600163 0.275662 3.464081 0.000000 0.000000 0.000000 1.000000 0.000000 0.000000
9.000000 89.454073 17.779257 0.255819 3.511832 0.000000 0.000000 0.000000 1.000000 0.000000 0.000000
9.000000 89.457145 17.958424 0.135699 3.524004 0.000000 0.000000 0.000000 1.000000 0.000000 0.000000
9.000000 89.460344 16.515457 0.292570 3.493931 0.000000 0.000000 0.000000 1.000000 0.000000 0.000000
9.000000 89.463911 17.525440 0.276165 3.537627 0.000000 0.000000 0.000000 1.000000 0.000000 0.000000
9.000000 89.467182 17.814241 0.135212 3.539209 0.000000 0.000000 0.000000 1.000000 0.000000 0.000000
9.000000 89.470298 16.392043 0.297754 3.508910 0.000000 0.000000 0.000000 1.000000 0.000000 0.000000
9.000000 89.474106 17.491041 0.284676 3.541863 0.000000 0.000000 0.000000 1.000000 0.000000 0.000000
9.000000 89.477320 17.732246 0.144548 3.551100 0.000000 0.000000 0.000000 1.000000 0.000000 0.000000
9.000000 89.480071 16.299378 0.313942 3.527854 0.000000 0.000000 0.000000 1.000000 0.000000 0.000000
9.000000 89.484033 17.372417 0.302204 3.559174 0.000000 0.000000 0.000000 1.000000 0.000000 0.000000
9.000000 89.487205 17.656371 0.146886 3.567703 0.000000 0.000000 0.000000 1.000000 0.000000 0.000000
9.000000 89.490141 16.135919 0.318306 3.541515 0.000000 0.000000 0.000000 1.000000 0.000000 0.000000
9.000000 89.494051 17.236466 0.307385 3.569823 0.000000 0.000000 0.000000 1.000000 0.000000 0.000000
9.000000 89.497248 17.477368 0.166539 3.578798 0.000000 0.000000 0.000000 1.000000 0.000000 0.000000
9.000000 89.498361 16.101906 0.394211 3.485379 0.000000 0.000000 0.000000 1.000000 0.000000 0.000000
9.000000 89.500284 16.007723 0.317431 3.548957 0.000000 0.000000 0.000000 1.000000 0.000000 0.000000
9.000000 89.503938 17.147142 0.305582 3.578875 0.000000 0.000000 0.000000 1.000000 0.000000 0.000000
9.000000 89.507167 17.337892 0.181544 3.589159 0.000000 0.000000 0.000000 1.000000 0.000000 0.000000
9.000000 89.510215 15.933519 0.330546 3.568577 0.000000 0.000000 0.000000 1.000000 0.000000 0.000000
9.000000 89.514020 16.953662 0.322188 3.592451 0.000000 0.000000 0.000000 1.000000 0.000000 0.000000
9.000000 89.517247 17.165594 0.199026 3.599437 0.000000 0.000000 0.000000 1.000000 0.000000 0.000000
9.000000 89.520198 15.802752 0.334717 3.579187 0.000000 0.000000 0.000000 1.000000 0.000000 0.000000
9.000000 89.524001 16.793391 0.326890 3.614073 0.000000 0.000000 0.000000 1.000000 0.000000 0.000000
9.000000 89.527168 17.110736 0.183969 3.622636 0.000000 0.000000 0.000000 1.000000 0.000000 0.000000
9.000000 89.530126 15.698542 0.349379 3.596270 0.000000 0.000000 0.000000 1.000000 0.000000 0.000000
9.000000 89.534116 16.691747 0.342537 3.625668 0.000000 0.000000 0.000000 1.000000 0.000000 0.000000
9.000000 89.537210 17.022863 0.190661 3.631192 0.000000 0.000000 0.000000 1.000000 0.000000 0.000000
9.000000 89.540169 15.521226 0.344555 3.602997 0.000000 0.000000 0.000000 1.000000 0.000000 0.000000
9.000000 89.543921 16.616880 0.339283 3.629449 0.000000 0.000000 0.000000 1.000000 0.000000 0.000000
9.000000 89.547249 16.830203 0.224855 3.641491 0.000000 0.000000 0.000000 1.000000 0.000000 0.000000
9.000000 89.550050 15.431743 0.348296 3.609252 0.000000 0.000000 0.000000 1.000000 0.000000 0.000000
9.000000 89.554047 16.522194 0.344262 3.637356 0.000000 0.000000 0.000000 1.000000 0.000000 0.000000
9.000000 89.557345 16.787333 0.213019 3.654061 0.000000 0.000000 0.000000 1.000000 0.000000 0.000000
9.000000 89.560102 15.312881 0.353878 3.622738 0.000000 0.000000 0.000000 1.000000 0.000000 0.000000
9.000000 89.563962 16.444250 0.352949 3.637614 0.000000 0.000000 0.000000 1.000000 0.000000 0.000000
9.000000 89.567258 16.675991 0.224307 3.655424 0.000000 0.000000 0.000000 1.000000 0.000000 0.000000
9.000000 89.570149 15.212524 0.369362 3.633119 0.000000 0.000000 0.000000 1.000000 0.000000 0.000000
9.000000 89.574001 16.256700 0.366232 3.658453 0.000000 0.000000 0.000000 1.000000 0.000000 0.000000
9.000000 89.577205 16.590000 0.215439 3.668166 0.000000 0.000000 0.000000 1.000000 0.000000 0.000000
9.000000 89.580173 15.117307 0.383601 3.647704 0.000000 0.000000 0.000000 1.000000 0.000000 0.000000
9.000000 89.583945 16.115542 0.381139 3.667970 0.000000 0.000000 0.000000 1.000000 0.000000 0.000000
9.000000 89.587232 16.404084 0.244263 3.674504 0.000000 0.000000 0.000000 1.000000 0.000000 0.000000
9.000000 89.590163 14.944514 0.387095 3.646024 0.000000 0.000000 0.000000 1.000000 0.000000 0.000000
9.000000 89.594054 16.016349 0.386871 3.667170 0.000000 0.000000 0.000000 1.000000 0.000000 0.000000
9.000000 89.597204 16.344172 0.242951 3.674888 0.000000 0.000000 0.000000 1.000000 0.000000 0.000000
9.000000 89.600225 14.823894 0.390696 3.648402 0.000000 0.000000 0.000000 1.000000 0.000000 0.000000
9.000000 89.603937 15.920707 0.390492 3.668769 0.000000 0.000000 0.000000 1.000000 0.000000 0.000000
9.000000 89.607315 16.186512 0.260369 3.683555 0.000000 0.000000 0.000000 1.000000 0.000000 0.000000
9.000000 89.608685 14.896131 0.476868 3.620076 0.000000 0.000000 0.000000 1.000000 0.000000 0.000000
9.000000 89.610119 14.742737 0.391175 3.653053 0.000000 0.000000 0.000000 1.000000 0.000000 0.000000
9.000000 89.614028 15.792003 0.393699 3.667166 0.000000 0.000000 0.000000 1.000000 0.000000 0.000000
9.000000 89.617311 16.027577 0.274979 3.685227 0.000000 0.000000 0.000000 1.000000 0.000000 0.000000
9.000000 89.620161 14.636336 0.400397 3.658985 0.000000 0.000000 0.000000 1.000000 0.000000 0.000000
9.000000 89.623875 15.727915 0.406211 3.665643 0.000000 0.000000 0.000000 1.000000 0.000000 0.000000
9.000000 89.627193 15.998079 0.271099 3.687604 0.000000 0.000000 0.000000 1.000000 0.000000 0.000000
9.000000 89.630126 14.543908 0.410717 3.654555 0.000000 0.000000 0.000000 1.000000 0.000000 0.000000
9.000000 89.637269 15.100958 0.401379 3.695174 0.000000 0.000000 0.000000 1.000000 0.000000 0.000000
9.000000 89.640357 14.364609 0.413174 3.653475 0.000000 0.000000 0.000000 1.000000 0.000000 0.000000
9.000000 89.643989 15.517054 0.415961 3.669326 0.000000 0.000000 0.000000 1.000000 0.000000 0.000000
9.000000 89.647204 15.748074 0.294590 3.691249 0.000000 0.000000 0.000000 1.000000 0.000000 0.000000
9.000000 89.650318 14.238792 0.422091 3.657321 0.000000 0.000000 0.000000 1.000000 0.000000 0.000000
9.000000 89.653935 15.349404 0.427697 3.666555 0.000000 0.000000 0.000000 1.000000 0.000000 0.000000
9.000000 89.657278 15.455097 0.349492 3.693166 0.000000 0.000000 0.000000 1.000000 0.000000 0.000000
9.000000 89.660155 14.181240 0.430293 3.659054 0.000000 0.000000 0.000000 1.000000 0.000000 0.000000
9.000000 89.663912 15.214531 0.435913 3.670807 0.000000 0.000000 0.000000 1.000000 0.000000 0.000000
9.000000 89.667186 15.438719 0.324483 3.691506 0.000000 0.000000 0.000000 1.000000 0.000000 0.000000
9.000000 89.670253 14.071361 0.440051 3.659913 0.000000 0.000000 0.000000 1.000000 0.000000 0.000000
9.000000 89.674128 15.129502 0.446277 3.671298 0.000000 0.000000 0.000000 1.000000 0.000000 0.000000
9.000000 89.677269 15.425486 0.310989 3.689062 0.000000 0.000000 0.000000 1.000000 0.000000 0.000000
9.000000 89.680226 13.979221 0.453475 3.653869 0.000000 0.000000 0.000000 1.000000 0.000000 0.000000
9.000000 89.684039 15.025288 0.461393 3.666933 0.000000 0.000000 0.000000 1.000000 0.000000 0.000000
9.000000 89.687193 15.360860 0.311592 3.691817 0.000000 0.000000 0.000000 1.000000 0.000000 0.000000
9.000000 89.690195 13.866494 0.458598 3.647901 0.000000 0.000000 0.000000 1.000000 0.000000 0.000000
9.000000 89.694081 14.893969 0.465128 3.664650 0.000000 0.000000 0.000000 1.000000 0.000000 0.000000
9.000000 89.697314 15.182779 0.333573 3.688983 0.000000 0.000000 0.000000 1.000000 0.000000 0.000000
9.000000 89.700211 13.739852 0.473429 3.642831 0.000000 0.000000 0.000000 1.000000 0.000000 0.000000
9.000000 89.703892 14.773072 0.479083 3.666192 0.000000 0.000000 0.000000 1.000000 0.000000 0.000000
9.000000 89.707218 15.086379 0.340729 3.691715 0.000000 0.000000 0.000000 1.000000 0.000000 0.000000
9.000000 89.710267 13.626415 0.471717 3.642987 0.000000 0.000000 0.000000 1.000000 0.000000 0.000000
9.000000 89.714015 14.698978 0.481889 3.647312 0.000000 0.000000 0.000000 1.000000 0.000000 0.000000
9.000000 89.717326 14.957956 0.353362 3.675492 0.000000 0.000000 0.000000 1.000000 0.000000 0.000000
9.000000 89.720183 13.557947 0.482962 3.630866 0.000000 0.000000 0.000000 1.000000 0.000000 0.000000
9.000000 89.723882 14.548771 0.490037 3.645647 0.000000 0.000000 0.000000 1.000000 0.000000 0.000000
9.000000 89.727263 14.812209 0.364064 3.674160 0.000000 0.000000 0.000000 1.000000 0.000000 0.000000
9.000000 89.730243 13.446476 0.496119 3.628204 0.000000 0.000000 0.000000 1.000000 0.000000 0.000000
9.000000 89.734101 14.409921 0.502546 3.642910 0.000000 0.000000 0.000000 1.000000 0.000000 0.000000
9.000000 89.737365 14.645095 0.388243 3.667671 0.000000 0.000000 0.000000 1.000000 0.000000 0.000000
9.000000 89.740199 13.282082 0.505565 3.623301 0.000000 0.000000 0.000000 1.000000 0.000000 0.000000
9.000000 89.744104 14.323418 0.512343 3.637485 0.000000 0.000000 0.000000 1.000000 0.000000 0.000000
9.000000 89.747288 14.573826 0.392240 3.659766 0.000000 0.000000 0.000000 1.000000 0.000000 0.000000
9.000000 89.750155 13.196207 0.507285 3.614892 0.000000 0.000000 0.000000 1.000000 0.000000 0.000000
9.000000 89.754128 14.197625 0.515385 3.624199 0.000000 0.000000 0.000000 1.000000 0.000000 0.000000
9.000000 89.757336 14.386282 0.415491 3.650448 0.000000 0.000000 0.000000 1.000000 0.000000 0.000000
9.000000 89.760167 13.115962 0.519007 3.607691 0.000000 0.000000 0.000000 1.000000 0.000000 0.000000
9.000000 89.764004 14.073972 0.526610 3.609421 0.000000 0.000000 0.000000 1.000000 0.000000 0.000000
9.000000 89.767220 14.334160 0.397888 3.628080 0.000000 0.000000 0.000000 1.000000 0.000000 0.000000
9.000000 89.770192 12.997345 0.518998 3.594059 0.000000 0.000000 0.000000 1.000000 0.000000 0.000000
9.000000 89.774090 14.022699 0.527929 3.600162 0.000000 0.000000 0.000000 1.000000 0.000000 0.000000
9.000000 89.777341 14.277428 0.402515 3.625669 0.000000 0.000000 0.000000 1.000000 0.000000 0.000000
9.000000 89.780351 12.914979 0.540924 3.578820 0.000000 0.000000 0.000000 1.000000 0.000000 0.000000
9.000000 89.783995 13.874878 0.549430 3.581031 0.000000 0.000000 0.000000 1.000000 0.000000 0.000000
9.000000 89.787260 14.077179 0.437557 3.609095 0.000000 0.000000 0.000000 1.000000 0.000000 0.000000
9.000000 89.790275 12.746944 0.540085 3.561374 0.000000 0.000000 0.000000 1.000000 0.000000 0.000000
9.000000 89.794247 13.778406 0.548903 3.564917 0.000000 0.000000 0.000000 1.000000 0.000000 0.000000
9.000000 89.797345 14.014191 0.426218 3.592861 0.000000 0.000000 0.000000 1.000000 0.000000 0.000000
9.000000 89.800253 12.660680 0.554090 3.549082 0.000000 0.000000 0.000000 1.000000 0.000000 0.000000
9.000000 89.804236 13.664337 0.561995 3.553599 0.000000 0.000000 0.000000 1.000000 0.000000 0.000000
9.000000 89.807300 13.832384 0.462409 3.584178 0.000000 0.000000 0.000000 1.000000 0.000000 0.000000
9.000000 89.810207 12.551358 0.553960 3.532986 0.000000 0.000000 0.000000 1.000000 0.000000 0.000000
9.000000 89.814364 13.512917 0.565167 3.527001 0.000000 0.000000 0.000000 1.000000 0.000000 0.000000
9.000000 89.817331 13.710205 0.455898 3.554678 0.000000 0.000000 0.000000 1.000000 0.000000 0.000000
9.000000 89.820170 12.454147 0.560556 3.520358 0.000000 0.000000 0.000000 1.000000 0.000000 0.000000
9.000000 89.824091 13.460115 0.570955 3.515549 0.000000 0.000000 0.000000 1.000000 0.000000 0.000000
9.000000 89.827271 13.679509 0.451457 3.543689 0.000000 0.000000 0.000000 1.000000 0.000000 0.000000
9.000000 89.830178 12.349495 0.571786 3.500502 0.000000 0.000000 0.000000 1.000000 0.000000 0.000000
9.000000 89.834155 13.339865 0.584079 3.493440 0.000000 0.000000 0.000000 1.000000 0.000000 0.000000
9.000000 89.837361 13.570139 0.455475 3.530816 0.000000 0.000000 0.000000 1.000000 0.000000 0.000000
9.000000 89.844065 13.201225 0.596996 3.472711 0.000000 0.000000 0.000000 1.000000 0.000000 0.000000
9.000000 89.847301 13.394559 0.483712 3.506615 0.000000 0.000000 0.000000 1.000000 0.000000 0.000000
9.000000 89.850194 12.098237 0.597922 3.460000 0.000000 0.000000 0.000000 1.000000 0.000000 0.000000
9.000000 89.854143 13.060189 0.608911 3.452621 0.000000 0.000000 0.000000 1.000000 0.000000 0.000000
9.000000 89.857315 13.253758 0.496433 3.484879 0.000000 0.000000 0.000000 1.000000 0.000000 0.000000
9.000000 89.860136 12.030734 0.594855 3.438208 0.000000 0.000000 0.000000 1.000000 0.000000 0.000000
9.000000 89.864061 12.995632 0.607306 3.425029 0.000000 0.000000 0.000000 1.000000 0.000000 0.000000
9.000000 89.867373 13.155962 0.500361 3.465775 0.000000 0.000000 0.000000 1.000000 0.000000 0.000000
9.000000 89.870200 11.919451 0.600762 3.419914 0.000000 0.000000 0.000000 1.000000 0.000000 0.000000
9.000000 89.874131 12.858061 0.612583 3.401260 0.000000 0.000000 0.000000 1.000000 0.000000 0.000000
9.000000 89.877478 12.959257 0.527080 3.438506 0.000000 0.000000 0.000000 1.000000 0.000000 0.000000
9.000000 89.880161 11.799259 0.612242 3.397988 0.000000 0.000000 0.000000 1.000000 0.000000 0.000000
9.000000 89.884078 12.791505 0.626720 3.377302 0.000000 0.000000 0.000000 1.000000 0.000000 0.000000
9.000000 89.887283 12.870883 0.546537 3.422320 0.000000 0.000000 0.000000 1.000000 0.000000 0.000000
9.000000 89.890187 11.714962 0.623428 3.362324 0.000000 0.000000 0.000000 1.000000 0.000000 0.000000
9.000000 89.894176 12.661561 0.632190 3.352000 0.000000 0.000000 0.000000 1.000000 0.000000 0.000000
9.000000 89.897393 12.776914 0.538818 3.397102 0.000000 0.000000 0.000000 1.000000 0.000000 0.000000
9.000000 89.900309 11.527804 0.624118 3.343760 0.000000 0.000000 0.000000 1.000000 0.000000 0.000000
9.000000 89.904078 12.556939 0.637532 3.325292 0.000000 0.000000 0.000000 1.000000 0.000000 0.000000
9.000000 89.907294 12.675960 0.545245 3.368706 0.000000 0.000000 0.000000 1.000000 0.000000 0.000000
9.000000 89.910300 11.475409 0.632322 3.321891 0.000000 0.000000 0.000000 1.000000 0.000000 0.000000
9.000000 89.914180 12.398617 0.644933 3.303260 0.000000 0.000000 0.000000 1.000000 0.000000 0.000000
9.000000 89.917319 12.475221 0.567372 3.350254 0.000000 0.000000 0.000000 1.000000 0.000000 0.000000
9.000000 89.920178 11.371910 0.646784 3.299479 0.000000 0.000000 0.000000 1.000000 0.000000 0.000000
9.000000 89.924061 12.343227 0.663482 3.269062 0.000000 0.000000 0.000000 1.000000 0.000000 0.000000
9.000000 89.927293 12.404655 0.584766 3.319754 0.000000 0.000000 0.000000 1.000000 0.000000 0.000000
9.000000 89.930261 11.292541 0.647901 3.266786 0.000000 0.000000 0.000000 1.000000 0.000000 0.000000
9.000000 89.934215 12.245776 0.662097 3.239253 0.000000 0.000000 0.000000 1.000000 0.000000 0.000000
9.000000 89.937480 12.264839 0.598767 3.293966 0.000000 0.000000 0.000000 1.000000 0.000000 0.000000
9.000000 89.940200 11.118018 0.655124 3.229997 0.000000 0.000000 0.000000 1.000000 0.000000 0.000000
9.000000 89.944118 12.147044 0.664660 3.206076 0.000000 0.000000 0.000000 1.000000 0.000000 0.000000
9.000000 89.947274 12.219897 0.578346 3.259696 0.000000 0.000000 0.000000 1.000000 0.000000 0.000000
9.000000 89.950297 10.978476 0.661458 3.211305 0.000000 0.000000 0.000000 1.000000 0.000000 0.000000
9.000000 89.954274 12.006404 0.673862 3.179453 0.000000 0.000000 0.000000 1.000000 0.000000 0.000000
9.000000 89.957370 12.066448 0.594891 3.228421 0.000000 0.000000 0.000000 1.000000 0.000000 0.000000
9.000000 89.960455 10.967234 0.671260 3.177756 0.000000 0.000000 0.000000 1.000000 0.000000 0.000000
9.000000 89.964152 11.872989 0.683958 3.142139 0.000000 0.000000 0.000000 1.000000 0.000000 0.000000
9.000000 89.967293 11.835812 0.638738 3.198119 0.000000 0.000000 0.000000 1.000000 0.000000 0.000000
9.000000 89.970355 10.844114 0.673451 3.150982 0.000000 0.000000 0.000000 1.000000 0.000000 0.000000
9.000000 89.974278 11.798450 0.686561 3.111412 0.000000 0.000000 0.000000 1.000000 0.000000 0.000000
9.000000 89.977413 11.726777 0.652317 3.171744 0.000000 0.000000 0.000000 1.000000 0.000000 0.000000
9.000000 89.980453 10.721266 0.682602 3.120209 0.000000 0.000000 0.000000 1.000000 0.000000 0.000000
9.000000 89.984133 11.712802 0.699173 3.076063 0.000000 0.000000 0.000000 1.000000 0.000000 0.000000
9.000000 89.987412 11.658811 0.657192 3.139421 0.000000 0.000000 0.000000 1.000000 0.000000 0.000000
9.000000 89.990459 10.595363 0.688025 3.080343 0.000000 0.000000 0.000000 1.000000 0.000000 0.000000
9.000000 89.994359 11.612120 0.699386 3.039954 0.000000 0.000000 0.000000 1.000000 0.000000 0.000000
9.000000 89.997309 11.614543 0.636611 3.097854 0.000000 0.000000 0.000000 1.000000 0.000000 0.000000
9.000000 90.000328 10.435818 0.698304 3.050641 0.000000 0.000000 0.000000 1.000000 0.000000 0.000000
9.000000 90.004110 11.487205 0.713178 3.003497 0.000000 0.000000 0.000000 1.000000 0.000000 0.000000
9.000000 90.007329 11.479902 0.654581 3.062723 0.000000 0.000000 0.000000 1.000000 0.000000 0.000000
9.000000 90.010353 10.429454 0.706490 3.015321 0.000000 0.000000 0.000000 1.000000 0.000000 0.000000
9.000000 90.014399 11.378121 0.719878 2.968644 0.000000 0.000000 0.000000 1.000000 0.000000 0.000000
9.000000 90.017379 11.280734 0.692527 3.037166 0.000000 0.000000 0.000000 1.000000 0.000000 0.000000
9.000000 90.020469 10.326741 0.713788 2.978202 0.000000 0.000000 0.000000 1.000000 0.000000 0.000000
9.000000 90.024355 11.284524 0.729625 2.926730 0.000000 0.000000 0.000000 1.000000 0.000000 0.000000
9.000000 90.027279 11.208964 0.691497 2.997245 0.000000 0.000000 0.000000 1.000000 0.000000 0.000000
9.000000 90.030330 10.184016 0.720260 2.944684 0.000000 0.000000 0.000000 1.000000 0.000000 0.000000
9.000000 90.034256 11.184919 0.736565 2.886689 0.000000 0.000000 0.000000 1.000000 0.000000 0.000000
9.000000 90.037340 11.144398 0.680405 2.957000 0.000000 0.000000 0.000000 1.000000 0.000000 0.000000
9.000000 90.040472 10.059969 0.728881 2.902302 0.000000 0.000000 0.000000 1.000000 0.000000 0.000000
9.000000 90.044217 11.080756 0.734845 2.854573 0.000000 0.000000 0.000000 1.000000 0.000000 0.000000
9.000000 90.047352 11.058035 0.675448 2.921222 0.000000 0.000000 0.000000 1.000000 0.000000 0.000000
9.000000 90.050373 9.949444 0.736253 2.870764 0.000000 0.000000 0.000000 1.000000 0.000000 0.000000
9.000000 90.054197 10.977265 0.749341 2.809061 0.000000 0.000000 0.000000 1.000000 0.000000 0.000000
9.000000 90.057490 10.930695 0.692390 2.882444 0.000000 0.000000 0.000000 1.000000 0.000000 0.000000
9.000000 90.060402 9.928810 0.744811 2.828284 0.000000 0.000000 0.000000 1.000000 0.000000 0.000000
9.000000 90.064097 10.820598 0.753619 2.761350 0.000000 0.000000 0.000000 1.000000 0.000000 0.000000
9.000000 90.067379 10.645406 0.747507 2.833021 0.000000 0.000000 0.000000 1.000000 0.000000 0.000000
9.000000 90.070285 9.779221 0.747307 2.789126 0.000000 0.000000 0.000000 1.000000 0.000000 0.000000
9.000000 90.074230 10.760191 0.758209 2.722867 0.000000 0.000000 0.000000 1.000000 0.000000 0.000000
9.000000 90.077508 10.638607 0.734181 2.797148 0.000000 0.000000 0.000000 1.000000 0.000000 0.000000
9.000000 90.080287 9.686580 0.754116 2.746591 0.000000 0.000000 0.000000 1.000000 0.000000 0.000000
9.000000 90.084232 10.665466 0.766694 2.675001 0.000000 0.000000 0.000000 1.000000 0.000000 0.000000
9.000000 90.087416 10.519156 0.747914 2.756716 0.000000 0.000000 0.000000 1.000000 0.000000 0.000000
9.000000 90.090361 9.589269 0.761551 2.699875 0.000000 0.000000 0.000000 1.000000 0.000000 0.000000
9.000000 90.094256 10.554742 0.766956 2.631986 0.000000 0.000000 0.000000 1.000000 0.000000 0.000000
9.000000 90.097457 10.395167 0.756044 2.712195 0.000000 0.000000 0.000000 1.000000 0.000000 0.000000
9.000000 90.100279 9.422434 0.773036 2.654482 0.000000 0.000000 0.000000 1.000000 0.000000 0.000000
9.000000 90.104331 10.458100 0.775305 2.583232 0.000000 0.000000 0.000000 1.000000 0.000000 0.000000
9.000000 90.107373 10.285128 0.766731 2.671233 0.000000 0.000000 0.000000 1.000000 0.000000 0.000000
9.000000 90.110422 9.375750 0.773189 2.610893 0.000000 0.000000 0.000000 1.000000 0.000000 0.000000
9.000000 90.114385 10.354027 0.782858 2.532778 0.000000 0.000000 0.000000 1.000000 0.000000 0.000000
9.000000 90.117422 10.180128 0.773584 2.622334 0.000000 0.000000 0.000000 1.000000 0.000000 0.000000
9.000000 90.120307 9.287440 0.778450 2.568647 0.000000 0.000000 0.000000 1.000000 0.000000 0.000000
9.000000 90.124158 10.268426 0.784392 2.486975 0.000000 0.000000 0.000000 1.000000 0.000000 0.000000
9.000000 90.127402 10.085809 0.777172 2.576048 0.000000 0.000000 0.000000 1.000000 0.000000 0.000000
9.000000 90.130294 9.196003 0.793081 2.522410 0.000000 0.000000 0.000000 1.000000 0.000000 0.000000
9.000000 90.134364 10.152791 0.797280 2.439379 0.000000 0.000000 0.000000 1.000000 0.000000 0.000000
9.000000 90.137476 9.976087 0.787229 2.527263 0.000000 0.000000 0.000000 1.000000 0.000000 0.000000
9.000000 90.140334 9.081759 0.809109 2.468436 0.000000 0.000000 0.000000 1.000000 0.000000 0.000000
9.000000 90.144167 10.046688 0.803967 2.388075 0.000000 0.000000 0.000000 1.000000 0.000000 0.000000
9.000000 90.147690 9.866781 0.795040 2.477024 0.000000 0.000000 0.000000 1.000000 0.000000 0.000000
9.000000 90.150302 8.996444 0.806603 2.422513 0.000000 0.000000 0.000000 1.000000 0.000000 0.000000
9.000000 90.154323 9.966288 0.805044 2.340206 0.000000 0.000000 0.000000 1.000000 0.000000 0.000000
9.000000 90.157518 9.777709 0.799365 2.437492 0.000000 0.000000 0.000000 1.000000 0.000000 0.000000
9.000000 90.160316 8.923621 0.816124 2.382159 0.000000 0.000000 0.000000 1.000000 0.000000 0.000000
9.000000 90.164427 9.872238 0.816567 2.286463 0.000000 0.000000 0.000000 1.000000 0.000000 0.000000
9.000000 90.167459 9.707912 0.790290 2.380031 0.000000 0.000000 0.000000 1.000000 0.000000 0.000000
9.000000 90.170335 8.828318 0.828231 2.334047 0.000000 0.000000 0.000000 1.000000 0.000000 0.000000
9.000000 90.174345 9.755411 0.825540 2.235877 0.000000 0.000000 0.000000 1.000000 0.000000 0.000000
9.000000 90.177475 9.582207 0.801381 2.329642 0.000000 0.000000 0.000000 1.000000 0.000000 0.000000
9.000000 90.180358 8.715900 0.833316 2.283990 0.000000 0.000000 0.000000 1.000000 0.000000 0.000000
9.000000 90.184230 9.669767 0.828716 2.184199 0.000000 0.000000 0.000000 1.000000 0.000000 0.000000
9.000000 90.187426 9.456112 0.827849 2.282671 0.000000 0.000000 0.000000 1.000000 0.000000 0.000000
9.000000 90.190310 8.668285 0.851296 2.228248 0.000000 0.000000 0.000000 1.000000 0.000000 0.000000
9.000000 90.194352 9.558233 0.843093 2.134569 0.000000 0.000000 0.000000 1.000000 0.000000 0.000000
9.000000 90.197493 9.390640 0.822293 2.227967 0.000000 0.000000 0.000000 1.000000 0.000000 0.000000
9.000000 90.200351 8.587687 0.864055 2.171989 0.000000 0.000000 0.000000 1.000000 0.000000 0.000000
9.000000 90.204345 9.452533 0.847794 2.081754 0.000000 0.000000 0.000000 1.000000 0.000000 0.000000
9.000000 90.207629 9.264014 0.839249 2.175528 0.000000 0.000000 0.000000 1.000000 0.000000 0.000000
9.000000 90.210422 8.480054 0.866938 2.125704 0.000000 0.000000 0.000000 1.000000 0.000000 0.000000
9.000000 90.214293 9.312136 0.853681 2.029318 0.000000 0.000000 0.000000 1.000000 0.000000 0.000000
9.000000 90.217463 9.097930 0.854206 2.126411 0.000000 0.000000 0.000000 1.000000 0.000000 0.000000
9.000000 90.220367 8.391549 0.874507 2.069191 0.000000 0.000000 0.000000 1.000000 0.000000 0.000000
9.000000 90.224354 9.268638 0.857370 1.964834 0.000000 0.000000 0.000000 1.000000 0.000000 0.000000
9.000000 90.227665 9.071686 0.845967 2.062985 0.000000 0.000000 0.000000 1.000000 0.000000 0.000000
9.000000 90.230373 8.315266 0.886336 2.012205 0.000000 0.000000 0.000000 1.000000 0.000000 0.000000
9.000000 90.234302 9.153235 0.864121 1.913089 0.000000 0.000000 0.000000 1.000000 0.000000 0.000000
9.000000 90.237548 8.995740 0.835006 2.008038 0.000000 0.000000 0.000000 1.000000 0.000000 0.000000
9.000000 90.240358 8.215512 0.900115 1.955484 0.000000 0.000000 0.000000 1.000000 0.000000 0.000000
9.000000 90.244218 9.062429 0.872098 1.854647 0.000000 0.000000 0.000000 1.000000 0.000000 0.000000
9.000000 90.247424 8.915744 0.838105 1.949328 0.000000 0.000000 0.000000 1.000000 0.000000 0.000000
9.000000 90.250373 8.161356 0.909090 1.899703 0.000000 0.000000 0.000000 1.000000 0.000000 0.000000
9.000000 90.254296 8.961279 0.876784 1.797159 0.000000 0.000000 0.000000 1.000000 0.000000 0.000000
9.000000 90.257547 8.806842 0.844617 1.888331 0.000000 0.000000 0.000000 1.000000 0.000000 0.000000
9.000000 90.260449 8.057836 0.914973 1.841848 0.000000 0.000000 0.000000 1.000000 0.000000 0.000000
9.000000 90.264248 8.855235 0.888673 1.731923 0.000000 0.000000 0.000000 1.000000 0.000000 0.000000
9.000000 90.267453 8.695039 0.859170 1.824848 0.000000 0.000000 0.000000 1.000000 0.000000 0.000000
9.000000 90.270448 7.961385 0.915729 1.782525 0.000000 0.000000 0.000000 1.000000 0.000000 0.000000
9.000000 90.274418 8.766162 0.885795 1.666889 0.000000 0.000000 0.000000 1.000000 0.000000 0.000000
9.000000 90.277595 8.597907 0.862253 1.758419 0.000000 0.000000 0.000000 1.000000 0.000000 0.000000
9.000000 90.280551 7.910877 0.937644 1.719501 0.000000 0.000000 0.000000 1.000000 0.000000 0.000000
9.000000 90.284213 8.671582 0.902144 1.612967 0.000000 0.000000 0.000000 1.000000 0.000000 0.000000
9.000000 90.287446 8.492671 0.880235 1.714083 0.000000 0.000000 0.000000 1.000000 0.000000 0.000000
9.000000 90.290382 7.799950 0.947284 1.671141 0.000000 0.000000 0.000000 1.000000 0.000000 0.000000
9.000000 90.294299 8.583926 0.906448 1.553620 0.000000 0.000000 0.000000 1.000000 0.000000 0.000000
9.000000 90.297550 8.437910 0.870376 1.642597 0.000000 0.000000 0.000000 1.000000 0.000000 0.000000
9.000000 90.300560 7.718094 0.954708 1.606593 0.000000 0.000000 0.000000 1.000000 0.000000 0.000000
9.000000 90.304292 8.489782 0.912985 1.485429 0.000000 0.000000 0.000000 1.000000 0.000000 0.000000
9.000000 90.307445 8.327077 0.877040 1.583790 0.000000 0.000000 0.000000 1.000000 0.000000 0.000000
9.000000 90.310418 7.687922 0.966290 1.536172 0.000000 0.000000 0.000000 1.000000 0.000000 0.000000
9.000000 90.314331 8.376261 0.918991 1.423405 0.000000 0.000000 0.000000 1.000000 0.000000 0.000000
9.000000 90.317540 8.174778 0.903015 1.524646 0.000000 0.000000 0.000000 1.000000 0.000000 0.000000
9.000000 90.320419 7.595169 0.972624 1.477301 0.000000 0.000000 0.000000 1.000000 0.000000 0.000000
9.000000 90.324272 8.295522 0.922501 1.358540 0.000000 0.000000 0.000000 1.000000 0.000000 0.000000
9.000000 90.327497 8.128667 0.889484 1.453589 0.000000 0.000000 0.000000 1.000000 0.000000 0.000000
9.000000 90.330606 7.500260 0.983674 1.412837 0.000000 0.000000 0.000000 1.000000 0.000000 0.000000
9.000000 90.334334 8.195699 0.930345 1.295250 0.000000 0.000000 0.000000 1.000000 0.000000 0.000000
9.000000 90.337583 8.016392 0.906558 1.395573 0.000000 0.000000 0.000000 1.000000 0.000000 0.000000
9.000000 90.340450 7.413746 0.992801 1.352457 0.000000 0.000000 0.000000 1.000000 0.000000 0.000000
9.000000 90.344267 8.097235 0.939792 1.228145 0.000000 0.000000 0.000000 1.000000 0.000000 0.000000
9.000000 90.347445 7.906658 0.914789 1.332580 0.000000 0.000000 0.000000 1.000000 0.000000 0.000000
9.000000 90.350421 7.316098 1.001852 1.293060 0.000000 0.000000 0.000000 1.000000 0.000000 0.000000
9.000000 90.354371 8.017230 0.941641 1.161072 0.000000 0.000000 0.000000 1.000000 0.000000 0.000000
9.000000 90.357511 7.794556 0.929817 1.273757 0.000000 0.000000 0.000000 1.000000 0.000000 0.000000
9.000000 90.360430 7.241432 1.009044 1.227774 0.000000 0.000000 0.000000 1.000000 0.000000 0.000000
9.000000 90.364311 7.914585 0.952582 1.089574 0.000000 0.000000 0.000000 1.000000 0.000000 0.000000
9.000000 90.367566 7.684418 0.940967 1.201463 0.000000 0.000000 0.000000 1.000000 0.000000 0.000000
9.000000 90.370418 7.174006 1.021477 1.156522 0.000000 0.000000 0.000000 1.000000 0.000000 0.000000
9.000000 90.374362 7.817523 0.957190 1.024535 0.000000 0.000000 0.000000 1.000000 0.000000 0.000000
9.000000 90.377645 7.594407 0.945502 1.136027 0.000000 0.000000 0.000000 1.000000 0.000000 0.000000
9.000000 90.380423 7.090333 1.031690 1.090126 0.000000 0.000000 0.000000 1.000000 0.000000 0.000000
9.000000 90.384326 7.703405 0.968177 0.959763 0.000000 0.000000 0.000000 1.000000 0.000000 0.000000
9.000000 90.387561 7.506780 0.944708 1.065084 0.000000 0.000000 0.000000 1.000000 0.000000 0.000000
9.000000 90.394357 7.638198 0.967453 0.881023 0.000000 0.000000 0.000000 1.000000 0.000000 0.000000
9.000000 90.397689 7.406894 0.956417 0.998145 0.000000 0.000000 0.000000 1.000000 0.000000 0.000000
9.000000 90.400455 6.910734 1.046661 0.953845 0.000000 0.000000 0.000000 1.000000 0.000000 0.000000
9.000000 90.404321 7.539441 0.974573 0.811720 0.000000 0.000000 0.000000 1.000000 0.000000 0.000000
9.000000 90.407474 7.316212 0.964160 0.925795 0.000000 0.000000 0.000000 1.000000 0.000000 0.000000
9.000000 90.410446 6.857144 1.057303 0.879067 0.000000 0.000000 0.000000 1.000000 0.000000 0.000000
9.000000 90.414446 7.404921 0.982473 0.748337 0.000000 0.000000 0.000000 1.000000 0.000000 0.000000
9.000000 90.417581 7.208347 0.962049 0.849717 0.000000 0.000000 0.000000 1.000000 0.000000 0.000000
9.000000 90.420447 6.778983 1.064301 0.808993 0.000000 0.000000 0.000000 1.000000 0.000000 0.000000
9.000000 90.424270 7.359519 0.989022 0.660590 0.000000 0.000000 0.000000 1.000000 0.000000 0.000000
9.000000 90.427564 7.127865 0.977289 0.773383 0.000000 0.000000 0.000000 1.000000 0.000000 0.000000
9.000000 90.430659 6.690379 1.073183 0.739976 0.000000 0.000000 0.000000 1.000000 0.000000 0.000000
9.000000 90.434401 7.271904 0.992946 0.589430 0.000000 0.000000 0.000000 1.000000 0.000000 0.000000
9.000000 90.437682 7.046967 0.978738 0.703280 0.000000 0.000000 0.000000 1.000000 0.000000 0.000000
9.000000 90.440546 6.611720 1.086997 0.664417 0.000000 0.000000 0.000000 1.000000 0.000000 0.000000
9.000000 90.444480 7.173368 1.001425 0.516546 0.000000 0.000000 0.000000 1.000000 0.000000 0.000000
9.000000 90.447492 6.964419 0.980345 0.627799 0.000000 0.000000 0.000000 1.000000 0.000000 0.000000
9.000000 90.450624 6.527148 1.089702 0.592434 0.000000 0.000000 0.000000 1.000000 0.000000 0.000000
9.000000 90.454454 7.082876 1.006589 0.439076 0.000000 0.000000 0.000000 1.000000 0.000000 0.000000
9.000000 90.457668 6.864208 0.986735 0.555369 0.000000 0.000000 0.000000 1.000000 0.000000 0.000000
9.000000 90.460577 6.478449 1.106759 0.514922 0.000000 0.000000 0.000000 1.000000 0.000000 0.000000
9.000000 90.464329 6.971360 1.014168 0.370156 0.000000 0.000000 0.000000 1.000000 0.000000 0.000000
9.000000 90.467620 6.774426 0.986528 0.471621 0.000000 0.000000 0.000000 1.000000 0.000000 0.000000
9.000000 90.470439 6.389572 1.113728 0.439877 0.000000 0.000000 0.000000 1.000000 0.000000 0.000000
9.000000 90.474402 6.905556 1.019391 0.287758 0.000000 0.000000 0.000000 1.000000 0.000000 0.000000
9.000000 90.477654 6.684561 1.003577 0.402702 0.000000 0.000000 0.000000 1.000000 0.000000 0.000000
9.000000 90.480483 6.321194 1.125727 0.362252 0.000000 0.000000 0.000000 1.000000 0.000000 0.000000
9.000000 90.484426 6.809962 1.028964 0.212822 0.000000 0.000000 0.000000 1.000000 0.000000 0.000000
9.000000 90.487656 6.618172 0.994897 0.320305 0.000000 0.000000 0.000000 1.000000 0.000000 0.000000
9.000000 90.490461 6.242142 1.136965 0.285874 0.000000 0.000000 0.000000 1.000000 0.000000 0.000000
9.000000 90.494448 6.724598 1.033011 0.131237 0.000000 0.000000 0.000000 1.000000 0.000000 0.000000
9.000000 90.497655 6.508808 1.009293 0.245686 0.000000 0.000000 0.000000 1.000000 0.000000 0.000000
9.000000 90.500582 6.192912 1.153237 0.198051 0.000000 0.000000 0.000000 1.000000 0.000000 0.000000
9.000000 90.504370 6.629159 1.042415 0.055153 0.000000 0.000000 0.000000 1.000000 0.000000 0.000000
9.000000 90.507551 6.408911 1.018755 0.174782 0.000000 0.000000 0.000000 1.000000 0.000000 0.000000
9.000000 90.510671 6.114652 1.151965 0.134067 0.000000 0.000000 0.000000 1.000000 0.000000 0.000000
9.000000 90.514557 6.547304 1.046349 0.013889 0.000000 0.000000 0.000000 1.000000 0.000000 0.000000
9.000000 90.517653 6.307995 1.028703 0.173074 0.000000 0.000000 0.000000 1.000000 0.000000 0.000000
9.000000 90.520554 6.084132 1.157537 0.177702 0.000000 0.000000 0.000000 1.000000 0.000000 0.000000
9.000000 90.524384 6.515857 1.043450 0.061575 0.000000 0.000000 0.000000 1.000000 0.000000 0.000000
9.000000 90.527580 6.266943 1.030923 0.226865 0.000000 0.000000 0.000000 1.000000 0.000000 0.000000
9.000000 90.530645 6.029422 1.160191 0.234996 0.000000 0.000000 0.000000 1.000000 0.000000 0.000000
9.000000 90.534434 6.462116 1.046946 0.119644 0.000000 0.000000 0.000000 1.000000 0.000000 0.000000
9.000000 90.537737 6.222962 1.027975 0.283807 0.000000 0.000000 0.000000 1.000000 0.000000 0.000000
9.000000 90.540577 5.964068 1.170395 0.286585 0.000000 0.000000 0.000000 1.000000 0.000000 0.000000
9.000000 90.544384 6.425194 1.045634 0.166374 0.000000 0.000000 0.000000 1.000000 0.000000 0.000000
9.000000 90.547642 6.185708 1.024073 0.336842 0.000000 0.000000 0.000000 1.000000 0.000000 0.000000
9.000000 90.550638 5.922226 1.172134 0.340010 0.000000 0.000000 0.000000 1.000000 0.000000 0.000000
9.000000 90.554476 6.365964 1.052406 0.224294 0.000000 0.000000 0.000000 1.000000 0.000000 0.000000
9.000000 90.557687 6.127812 1.033561 0.390979 0.000000 0.000000 0.000000 1.000000 0.000000 0.000000
9.000000 90.560606 5.862009 1.160013 0.391937 0.000000 0.000000 0.000000 1.000000 0.000000 0.000000
9.000000 90.564438 6.320344 1.050532 0.275056 0.000000 0.000000 0.000000 1.000000 0.000000 0.000000
9.000000 90.567567 6.091236 1.030162 0.441332 0.000000 0.000000 0.000000 1.000000 0.000000 0.000000
9.000000 90.570758 5.814014 1.161736 0.442722 0.000000 0.000000 0.000000 1.000000 0.000000 0.000000
9.000000 90.574517 6.268589 1.053414 0.327331 0.000000 0.000000 0.000000 1.000000 0.000000 0.000000
9.000000 90.577682 6.027555 1.037883 0.499465 0.000000 0.000000 0.000000 1.000000 0.000000 0.000000
9.000000 90.580756 5.761463 1.160568 0.490781 0.000000 0.000000 0.000000 1.000000 0.000000 0.000000
9.000000 90.584395 6.231130 1.052268 0.371872 0.000000 0.000000 0.000000 1.000000 0.000000 0.000000
9.000000 90.587643 6.005842 1.028997 0.539796 0.000000 0.000000 0.000000 1.000000 0.000000 0.000000
9.000000 90.590785 5.707161 1.173359 0.536821 0.000000 0.000000 0.000000 1.000000 0.000000 0.000000
9.000000 90.594595 6.174303 1.057945 0.420429 0.000000 0.000000 0.000000 1.000000 0.000000 0.000000
9.000000 90.597665 5.958735 1.031143 0.585841 0.000000 0.000000 0.000000 1.000000 0.000000 0.000000
9.000000 90.600631 5.658193 1.160395 0.581908 0.000000 0.000000 0.000000 1.000000 0.000000 0.000000
9.000000 90.604442 6.137464 1.054951 0.463475 0.000000 0.000000 0.000000 1.000000 0.000000 0.000000
9.000000 90.607571 5.900426 1.041628 0.637263 0.000000 0.000000 0.000000 1.000000 0.000000 0.000000
9.000000 90.610759 5.603137 1.162008 0.629804 0.000000 0.000000 0.000000 1.000000 0.000000 0.000000
9.000000 90.614486 6.089466 1.057660 0.508562 0.000000 0.000000 0.000000 1.000000 0.000000 0.000000
9.000000 90.617738 5.872328 1.033449 0.675898 0.000000 0.000000 0.000000 1.000000 0.000000 0.000000
9.000000 90.620556 5.548211 1.161827 0.678419 0.000000 0.000000 0.000000 1.000000 0.000000 0.000000
9.000000 90.624408 6.040573 1.056406 0.555305 0.000000 0.000000 0.000000 1.000000 0.000000 0.000000
9.000000 90.627616 5.810097 1.039857 0.726971 0.000000 0.000000 0.000000 1.000000 0.000000 0.000000
9.000000 90.630617 5.495547 1.168408 0.719685 0.000000 0.000000 0.000000 1.000000 0.000000 0.000000
9.000000 90.634502 5.985119 1.066965 0.600545 0.000000 0.000000 0.000000 1.000000 0.000000 0.000000
9.000000 90.637693 5.777048 1.041430 0.766876 0.000000 0.000000 0.000000 1.000000 0.000000 0.000000
9.000000 90.640697 5.453549 1.171067 0.759461 0.000000 0.000000 0.000000 1.000000 0.000000 0.000000
9.000000 90.644448 5.935220 1.063667 0.644533 0.000000 0.000000 0.000000 1.000000 0.000000 0.000000
9.000000 90.647900 5.726319 1.039935 0.812236 0.000000 0.000000 0.000000 1.000000 0.000000 0.000000
9.000000 90.650696 5.358680 1.164521 0.811118 0.000000 0.000000 0.000000 1.000000 0.000000 0.000000
9.000000 90.654461 5.899984 1.062032 0.678802 0.000000 0.000000 0.000000 1.000000 0.000000 0.000000
9.000000 90.657714 5.679398 1.047397 0.849615 0.000000 0.000000 0.000000 1.000000 0.000000 0.000000
9.000000 90.660636 5.326065 1.165989 0.846653 0.000000 0.000000 0.000000 1.000000 0.000000 0.000000
9.000000 90.664585 5.836743 1.061618 0.722968 0.000000 0.000000 0.000000 1.000000 0.000000 0.000000
9.000000 90.667698 5.612961 1.051855 0.892045 0.000000 0.000000 0.000000 1.000000 0.000000 0.000000
9.000000 90.670675 5.269701 1.169537 0.887937 0.000000 0.000000 0.000000 1.000000 0.000000 0.000000
9.000000 90.674738 5.794847 1.070350 0.765271 0.000000 0.000000 0.000000 1.000000 0.000000 0.000000
9.000000 90.677683 5.591304 1.046040 0.938262 0.000000 0.000000 0.000000 1.000000 0.000000 0.000000
9.000000 90.680648 5.212915 1.168346 0.928879 0.000000 0.000000 0.000000 1.000000 0.000000 0.000000
9.000000 90.684464 5.761025 1.068099 0.799379 0.000000 0.000000 0.000000 1.000000 0.000000 0.000000
9.000000 90.687561 5.558720 1.045643 0.969972 0.000000 0.000000 0.000000 1.000000 0.000000 0.000000
9.000000 90.690739 5.153508 1.165654 0.964809 0.000000 0.000000 0.000000 1.000000 0.000000 0.000000
9.000000 90.694513 5.711682 1.066235 0.836116 0.000000 0.000000 0.000000 1.000000 0.000000 0.000000
9.000000 90.697776 5.508914 1.048680 1.007768 0.000000 0.000000 0.000000 1.000000 0.000000 0.000000
9.000000 90.700525 5.107795 1.175212 0.997384 0.000000 0.000000 0.000000 1.000000 0.000000 0.000000
9.000000 90.704479 5.660621 1.067145 0.871993 0.000000 0.000000 0.000000 1.000000 0.000000 0.000000
9.000000 90.710709 5.076964 1.172876 1.026527 0.000000 0.000000 0.000000 1.000000 0.000000 0.000000
9.000000 90.714547 5.610825 1.074240 0.907753 0.000000 0.000000 0.000000 1.000000 0.000000 0.000000
9.000000 90.717784 5.482275 1.011694 1.066275 0.000000 0.000000 0.000000 1.000000 0.000000 0.000000
9.000000 90.720542 5.036460 1.172725 1.058565 0.000000 0.000000 0.000000 1.000000 0.000000 0.000000
9.000000 90.724582 5.569840 1.075623 0.938208 0.000000 0.000000 0.000000 1.000000 0.000000 0.000000
9.000000 90.727609 5.440210 1.013002 1.096764 0.000000 0.000000 0.000000 1.000000 0.000000 0.000000
9.000000 90.730667 4.984580 1.168481 1.093206 0.000000 0.000000 0.000000 1.000000 0.000000 0.000000
9.000000 90.734550 5.529649 1.073161 0.969343 0.000000 0.000000 0.000000 1.000000 0.000000 0.000000
9.000000 90.737779 5.385767 1.021081 1.130271 0.000000 0.000000 0.000000 1.000000 0.000000 0.000000
9.000000 90.740591 4.920721 1.176217 1.126943 0.000000 0.000000 0.000000 1.000000 0.000000 0.000000
9.000000 90.744426 5.480321 1.076272 1.000746 0.000000 0.000000 0.000000 1.000000 0.000000 0.000000
9.000000 90.747559 5.340166 1.020434 1.166016 0.000000 0.000000 0.000000 1.000000 0.000000 0.000000
9.000000 90.750736 4.900205 1.180578 1.144701 0.000000 0.000000 0.000000 1.000000 0.000000 0.000000
9.000000 90.754525 5.432869 1.080320 1.030024 0.000000 0.000000 0.000000 1.000000 0.000000 0.000000
9.000000 90.757728 5.291630 1.027417 1.198544 0.000000 0.000000 0.000000 1.000000 0.000000 0.000000
9.000000 90.760633 4.818289 1.175310 1.186456 0.000000 0.000000 0.000000 1.000000 0.000000 0.000000
9.000000 90.764431 5.385770 1.080406 1.055704 0.000000 0.000000 0.000000 1.000000 0.000000 0.000000
9.000000 90.767591 5.231996 1.039957 1.216478 0.000000 0.000000 0.000000 1.000000 0.000000 0.000000
9.000000 90.770687 4.756871 1.173073 1.216849 0.000000 0.000000 0.000000 1.000000 0.000000 0.000000
9.000000 90.774507 5.342784 1.079196 1.084880 0.000000 0.000000 0.000000 1.000000 0.000000 0.000000
9.000000 90.777760 5.182612 1.043431 1.252427 0.000000 0.000000 0.000000 1.000000 0.000000 0.000000
9.000000 90.780702 4.723047 1.174967 1.241352 0.000000 0.000000 0.000000 1.000000 0.000000 0.000000
9.000000 90.784450 5.296901 1.081982 1.113278 0.000000 0.000000 0.000000 1.000000 0.000000 0.000000
9.000000 90.787678 5.184950 1.014008 1.274479 0.000000 0.000000 0.000000 1.000000 0.000000 0.000000
9.000000 90.790695 4.645346 1.174765 1.275402 0.000000 0.000000 0.000000 1.000000 0.000000 0.000000
9.000000 90.794561 5.251096 1.083015 1.139744 0.000000 0.000000 0.000000 1.000000 0.000000 0.000000
9.000000 90.797684 5.081475 1.057040 1.310012 0.000000 0.000000 0.000000 1.000000 0.000000 0.000000
9.000000 90.800684 4.633371 1.183320 1.286875 0.000000 0.000000 0.000000 1.000000 0.000000 0.000000
9.000000 90.804408 5.208478 1.083921 1.163665 0.000000 0.000000 0.000000 1.000000 0.000000 0.000000
9.000000 90.807696 5.063286 1.044412 1.331945 0.000000 0.000000 0.000000 1.000000 0.000000 0.000000
9.000000 90.810916 4.547149 1.172525 1.321109 0.000000 0.000000 0.000000 1.000000 0.000000 0.000000
9.000000 90.814547 5.162094 1.087704 1.181796 0.000000 0.000000 0.000000 1.000000 0.000000 0.000000
9.000000 90.817764 5.050870 1.020835 1.346590 0.000000 0.000000 0.000000 1.000000 0.000000 0.000000
9.000000 90.820601 4.518108 1.177894 1.339462 0.000000 0.000000 0.000000 1.000000 0.000000 0.000000
9.000000 90.824609 5.113392 1.087019 1.209530 0.000000 0.000000 0.000000 1.000000 0.000000 0.000000
9.000000 90.827602 4.946052 1.064845 1.380723 0.000000 0.000000 0.000000 1.000000 0.000000 0.000000
9.000000 90.830801 4.449233 1.176954 1.370767 0.000000 0.000000 0.000000 1.000000 0.000000 0.000000
9.000000 90.834533 5.057242 1.088649 1.232361 0.000000 0.000000 0.000000 1.000000 0.000000 0.000000
9.000000 90.837718 4.884590 1.067534 1.403846 0.000000 0.000000 0.000000 1.000000 0.000000 0.000000
9.000000 90.840650 4.396235 1.189050 1.389859 0.000000 0.000000 0.000000 1.000000 0.000000 0.000000
9.000000 90.844521 5.017666 1.093904 1.246769 0.000000 0.000000 0.000000 1.000000 0.000000 0.000000
9.000000 90.847680 4.845015 1.066508 1.427045 0.000000 0.000000 0.000000 1.000000 0.000000 0.000000
9.000000 90.850791 4.391650 1.190856 1.395618 0.000000 0.000000 0.000000 1.000000 0.000000 0.000000
9.000000 90.854621 4.974207 1.092727 1.271511 0.000000 0.000000 0.000000 1.000000 0.000000 0.000000
9.000000 90.857760 4.816139 1.063695 1.449777 0.000000 0.000000 0.000000 1.000000 0.000000 0.000000
9.000000 90.860644 4.271925 1.177279 1.433835 0.000000 0.000000 0.000000 1.000000 0.000000 0.000000
9.000000 90.864494 4.931953 1.093134 1.287860 0.000000 0.000000 0.000000 1.000000 0.000000 0.000000
9.000000 90.867746 4.765820 1.069275 1.469958 0.000000 0.000000 0.000000 1.000000 0.000000 0.000000
9.000000 90.870897 4.253345 1.183575 1.446438 0.000000 0.000000 0.000000 1.000000 0.000000 0.000000
9.000000 90.874714 4.884128 1.094056 1.306539 0.000000 0.000000 0.000000 1.000000 0.000000 0.000000
9.000000 90.877769 4.718936 1.069887 1.487285 0.000000 0.000000 0.000000 1.000000 0.000000 0.000000
9.000000 90.880772 4.197298 1.184159 1.465940 0.000000 0.000000 0.000000 1.000000 0.000000 0.000000
9.000000 90.884639 4.834565 1.100438 1.323356 0.000000 0.000000 0.000000 1.000000 0.000000 0.000000
9.000000 90.887727 4.707063 1.048893 1.501864 0.000000 0.000000 0.000000 1.000000 0.000000 0.000000
9.000000 90.891032 4.198896 1.194399 1.468417 0.000000 0.000000 0.000000 1.000000 0.000000 0.000000
9.000000 90.894623 4.798712 1.094328 1.338021 0.000000 0.000000 0.000000 1.000000 0.000000 0.000000
9.000000 90.897808 4.654757 1.055255 1.521177 0.000000 0.000000 0.000000 1.000000 0.000000 0.000000
9.000000 90.900635 4.107646 1.193462 1.492200 0.000000 0.000000 0.000000 1.000000 0.000000 0.000000
9.000000 90.904501 4.746175 1.099412 1.350727 0.000000 0.000000 0.000000 1.000000 0.000000 0.000000
9.000000 90.907649 4.616426 1.050686 1.534442 0.000000 0.000000 0.000000 1.000000 0.000000 0.000000
9.000000 90.910794 4.049054 1.188276 1.514151 0.000000 0.000000 0.000000 1.000000 0.000000 0.000000
9.000000 90.914593 4.708735 1.101458 1.360951 0.000000 0.000000 0.000000 1.000000 0.000000 0.000000
9.000000 90.917696 4.528207 1.088762 1.544916 0.000000 0.000000 0.000000 1.000000 0.000000 0.000000
9.000000 90.920701 3.998713 1.190354 1.525794 0.000000 0.000000 0.000000 1.000000 0.000000 0.000000
9.000000 90.924474 4.663310 1.102856 1.374061 0.000000 0.000000 0.000000 1.000000 0.000000 0.000000
9.000000 90.927782 4.497671 1.079567 1.562284 0.000000 0.000000 0.000000 1.000000 0.000000 0.000000
9.000000 90.930811 3.942759 1.190499 1.537436 0.000000 0.000000 0.000000 1.000000 0.000000 0.000000
9.000000 90.934715 4.608112 1.105449 1.386732 0.000000 0.000000 0.000000 1.000000 0.000000 0.000000
9.000000 90.937735 4.443954 1.083632 1.575539 0.000000 0.000000 0.000000 1.000000 0.000000 0.000000
9.000000 90.940690 3.906600 1.201096 1.549424 0.000000 0.000000 0.000000 1.000000 0.000000 0.000000
9.000000 90.944557 4.565433 1.106463 1.396939 0.000000 0.000000 0.000000 1.000000 0.000000 0.000000
9.000000 90.947828 4.411212 1.075167 1.586792 0.000000 0.000000 0.000000 1.000000 0.000000 0.000000
9.000000 90.950798 3.861265 1.195942 1.556308 0.000000 0.000000 0.000000 1.000000 0.000000 0.000000
9.000000 90.954595 4.527204 1.105040 1.403492 0.000000 0.000000 0.000000 1.000000 0.000000 0.000000
9.000000 90.957715 4.367943 1.078378 1.596468 0.000000 0.000000 0.000000 1.000000 0.000000 0.000000
9.000000 90.960672 3.799692 1.188930 1.568489 0.000000 0.000000 0.000000 1.000000 0.000000 0.000000
9.000000 90.964528 4.486219 1.106244 1.407922 0.000000 0.000000 0.000000 1.000000 0.000000 0.000000
9.000000 90.967697 4.321146 1.083020 1.602351 0.000000 0.000000 0.000000 1.000000 0.000000 0.000000
9.000000 90.970966 3.754220 1.195204 1.577430 0.000000 0.000000 0.000000 1.000000 0.000000 0.000000
9.000000 90.974674 4.428321 1.110243 1.414609 0.000000 0.000000 0.000000 1.000000 0.000000 0.000000
9.000000 90.977837 4.272246 1.081025 1.603820 0.000000 0.000000 0.000000 1.000000 0.000000 0.000000
9.000000 90.980754 3.714646 1.195153 1.585973 0.000000 0.000000 0.000000 1.000000 0.000000 0.000000
9.000000 90.984531 4.384901 1.112679 1.425752 0.000000 0.000000 0.000000 1.000000 0.000000 0.000000
9.000000 90.987615 4.270448 1.056103 1.610784 0.000000 0.000000 0.000000 1.000000 0.000000 0.000000
9.000000 90.990822 3.678913 1.209580 1.589754 0.000000 0.000000 0.000000 1.000000 0.000000 0.000000
9.000000 90.994646 4.357772 1.110204 1.422365 0.000000 0.000000 0.000000 1.000000 0.000000 0.000000
9.000000 90.997869 4.180780 1.096956 1.615083 0.000000 0.000000 0.000000 1.000000 0.000000 0.000000
9.000000 91.000915 3.620582 1.198745 1.594145 0.000000 0.000000 0.000000 1.000000 0.000000 0.000000
9.000000 91.004715 4.304030 1.112067 1.430083 0.000000 0.000000 0.000000 1.000000 0.000000 0.000000
9.000000 91.007829 4.187918 1.060318 1.615466 0.000000 0.000000 0.000000 1.000000 0.000000 0.000000
9.000000 91.010776 3.557919 1.197087 1.600437 0.000000 0.000000 0.000000 1.000000 0.000000 0.000000
9.000000 91.014717 4.252394 1.116030 1.428373 0.000000 0.000000 0.000000 1.000000 0.000000 0.000000
9.000000 91.017891 4.121623 1.069899 1.620183 0.000000 0.000000 0.000000 1.000000 0.000000 0.000000
9.000000 91.020895 3.543915 1.205831 1.598933 0.000000 0.000000 0.000000 1.000000 0.000000 0.000000
9.000000 91.024610 4.216782 1.117169 1.434477 0.000000 0.000000 0.000000 1.000000 0.000000 0.000000
9.000000 91.027808 4.071836 1.086265 1.624456 0.000000 0.000000 0.000000 1.000000 0.000000 0.000000
9.000000 91.030890 3.504202 1.210063 1.599283 0.000000 0.000000 0.000000 1.000000 0.000000 0.000000
9.000000 91.034748 4.169887 1.117639 1.433101 0.000000 0.000000 0.000000 1.000000 0.000000 0.000000
9.000000 91.037718 4.049904 1.068009 1.620317 0.000000 0.000000 0.000000 1.000000 0.000000 0.000000
9.000000 91.040809 3.458386 1.215433 1.598280 0.000000 0.000000 0.000000 1.000000 0.000000 0.000000
9.000000 91.044593 4.125123 1.119366 1.434890 0.000000 0.000000 0.000000 1.000000 0.000000 0.000000
9.000000 91.047856 4.033182 1.057765 1.613148 0.000000 0.000000 0.000000 1.000000 0.000000 0.000000
9.000000 91.050848 3.440033 1.221303 1.596430 0.000000 0.000000 0.000000 1.000000 0.000000 0.000000
9.000000 91.054687 4.081317 1.122575 1.434237 0.000000 0.000000 0.000000 1.000000 0.000000 0.000000
9.000000 91.058095 3.972036 1.068061 1.618190 0.000000 0.000000 0.000000 1.000000 0.000000 0.000000
9.000000 91.060730 3.349162 1.209846 1.605007 0.000000 0.000000 0.000000 1.000000 0.000000 0.000000
9.000000 91.064662 4.034802 1.122936 1.430846 0.000000 0.000000 0.000000 1.000000 0.000000 0.000000
9.000000 91.067798 3.884830 1.098766 1.622303 0.000000 0.000000 0.000000 1.000000 0.000000 0.000000
9.000000 91.070805 3.311936 1.213337 1.600034 0.000000 0.000000 0.000000 1.000000 0.000000 0.000000
9.000000 91.074675 3.988727 1.124268 1.428878 0.000000 0.000000 0.000000 1.000000 0.000000 0.000000
9.000000 91.077810 3.888708 1.063638 1.618493 0.000000 0.000000 0.000000 1.000000 0.000000 0.000000
9.000000 91.080691 3.277396 1.215815 1.595881 0.000000 0.000000 0.000000 1.000000 0.000000 0.000000
9.000000 91.084685 3.941659 1.124587 1.425143 0.000000 0.000000 0.000000 1.000000 0.000000 0.000000
9.000000 91.087887 3.818144 1.087119 1.607303 0.000000 0.000000 0.000000 1.000000 0.000000 0.000000
9.000000 91.090844 3.267091 1.229724 1.584293 0.000000 0.000000 0.000000 1.000000 0.000000 0.000000
9.000000 91.094725 3.910184 1.127889 1.415949 0.000000 0.000000 0.000000 1.000000 0.000000 0.000000
9.000000 91.097943 3.789805 1.081719 1.607201 0.000000 0.000000 0.000000 1.000000 0.000000 0.000000
9.000000 91.100774 3.242416 1.239101 1.573869 0.000000 0.000000 0.000000 1.000000 0.000000 0.000000
9.000000 91.104688 3.866333 1.130243 1.411875 0.000000 0.000000 0.000000 1.000000 0.000000 0.000000
9.000000 91.107867 3.774324 1.070217 1.593193 0.000000 0.000000 0.000000 1.000000 0.000000 0.000000
9.000000 91.111000 3.180038 1.229450 1.572269 0.000000 0.000000 0.000000 1.000000 0.000000 0.000000
9.000000 91.114692 3.815760 1.127066 1.398048 0.000000 0.000000 0.000000 1.000000 0.000000 0.000000
9.000000 91.118021 3.682298 1.087922 1.592514 0.000000 0.000000 0.000000 1.000000 0.000000 0.000000
9.000000 91.120852 3.143747 1.233611 1.565952 0.000000 0.000000 0.000000 1.000000 0.000000 0.000000
9.000000 91.124663 3.768615 1.130768 1.396482 0.000000 0.000000 0.000000 1.000000 0.000000 0.000000
9.000000 91.127869 3.659490 1.080412 1.581724 0.000000 0.000000 0.000000 1.000000 0.000000 0.000000
9.000000 91.130926 3.099198 1.234906 1.557168 0.000000 0.000000 0.000000 1.000000 0.000000 0.000000
9.000000 91.134718 3.725975 1.136213 1.385698 0.000000 0.000000 0.000000 1.000000 0.000000 0.000000
9.000000 91.137920 3.621473 1.081018 1.573426 0.000000 0.000000 0.000000 1.000000 0.000000 0.000000
9.000000 91.140815 3.070751 1.239960 1.546022 0.000000 0.000000 0.000000 1.000000 0.000000 0.000000
9.000000 91.144618 3.685973 1.133834 1.373560 0.000000 0.000000 0.000000 1.000000 0.000000 0.000000
9.000000 91.148026 3.573532 1.084051 1.562112 0.000000 0.000000 0.000000 1.000000 0.000000 0.000000
9.000000 91.150902 3.073796 1.251963 1.520535 0.000000 0.000000 0.000000 1.000000 0.000000 0.000000
9.000000 91.154664 3.647770 1.133858 1.358466 0.000000 0.000000 0.000000 1.000000 0.000000 0.000000
9.000000 91.157996 3.506028 1.105950 1.552965 0.000000 0.000000 0.000000 1.000000 0.000000 0.000000
9.000000 91.160821 2.987588 1.243108 1.524437 0.000000 0.000000 0.000000 1.000000 0.000000 0.000000
9.000000 91.164640 3.600144 1.140474 1.348114 0.000000 0.000000 0.000000 1.000000 0.000000 0.000000
9.000000 91.168007 3.485810 1.093297 1.535246 0.000000 0.000000 0.000000 1.000000 0.000000 0.000000
9.000000 91.170908 2.932304 1.238614 1.516514 0.000000 0.000000 0.000000 1.000000 0.000000 0.000000
9.000000 91.174676 3.550366 1.137748 1.337433 0.000000 0.000000 0.000000 1.000000 0.000000 0.000000
9.000000 91.177949 3.434922 1.091687 1.526823 0.000000 0.000000 0.000000 1.000000 0.000000 0.000000
9.000000 91.180944 2.918858 1.245466 1.497233 0.000000 0.000000 0.000000 1.000000 0.000000 0.000000
9.000000 91.184636 3.518085 1.138514 1.322100 0.000000 0.000000 0.000000 1.000000 0.000000 0.000000
9.000000 91.187977 3.403033 1.090195 1.516024 0.000000 0.000000 0.000000 1.000000 0.000000 0.000000
9.000000 91.190903 2.872285 1.253561 1.485855 0.000000 0.000000 0.000000 1.000000 0.000000 0.000000
9.000000 91.194762 3.467410 1.142953 1.306796 0.000000 0.000000 0.000000 1.000000 0.000000 0.000000
9.000000 91.197757 3.350615 1.093962 1.502907 0.000000 0.000000 0.000000 1.000000 0.000000 0.000000
9.000000 91.200966 2.920156 1.277920 1.441796 0.000000 0.000000 0.000000 1.000000 0.000000 0.000000
9.000000 91.204667 3.428169 1.143695 1.287570 0.000000 0.000000 0.000000 1.000000 0.000000 0.000000
9.000000 91.207772 3.317787 1.092454 1.480952 0.000000 0.000000 0.000000 1.000000 0.000000 0.000000
9.000000 91.210933 2.807974 1.259428 1.450176 0.000000 0.000000 0.000000 1.000000 0.000000 0.000000
9.000000 91.214683 3.387740 1.143298 1.270617 0.000000 0.000000 0.000000 1.000000 0.000000 0.000000
9.000000 91.218050 3.278374 1.090109 1.464565 0.000000 0.000000 0.000000 1.000000 0.000000 0.000000
9.000000 91.220786 2.789506 1.262389 1.426388 0.000000 0.000000 0.000000 1.000000 0.000000 0.000000
9.000000 91.224663 3.347137 1.144435 1.244031 0.000000 0.000000 0.000000 1.000000 0.000000 0.000000
9.000000 91.227891 3.228572 1.092757 1.439292 0.000000 0.000000 0.000000 1.000000 0.000000 0.000000
9.000000 91.230879 2.744979 1.267215 1.411840 0.000000 0.000000 0.000000 1.000000 0.000000 0.000000
9.000000 91.234848 3.299119 1.150531 1.232490 0.000000 0.000000 0.000000 1.000000 0.000000 0.000000
9.000000 91.238125 3.198305 1.091381 1.420390 0.000000 0.000000 0.000000 1.000000 0.000000 0.000000
9.000000 91.244720 3.262019 1.146410 1.210120 0.000000 0.000000 0.000000 1.000000 0.000000 0.000000
9.000000 91.247866 3.156741 1.089401 1.403821 0.000000 0.000000 0.000000 1.000000 0.000000 0.000000
9.000000 91.250901 2.706672 1.285335 1.362092 0.000000 0.000000 0.000000 1.000000 0.000000 0.000000
9.000000 91.254712 3.216861 1.148085 1.191209 0.000000 0.000000 0.000000 1.000000 0.000000 0.000000
9.000000 91.258234 3.106160 1.097899 1.382699 0.000000 0.000000 0.000000 1.000000 0.000000 0.000000
9.000000 91.260826 2.640209 1.280407 1.345177 0.000000 0.000000 0.000000 1.000000 0.000000 0.000000
9.000000 91.264632 3.172253 1.154987 1.164146 0.000000 0.000000 0.000000 1.000000 0.000000 0.000000
9.000000 91.268023 3.063306 1.100043 1.358801 0.000000 0.000000 0.000000 1.000000 0.000000 0.000000
9.000000 91.270920 2.613213 1.278514 1.322129 0.000000 0.000000 0.000000 1.000000 0.000000 0.000000
9.000000 91.274732 3.135441 1.152648 1.141793 0.000000 0.000000 0.000000 1.000000 0.000000 0.000000
9.000000 91.277995 3.020619 1.103396 1.335271 0.000000 0.000000 0.000000 1.000000 0.000000 0.000000
9.000000 91.280842 2.586688 1.285331 1.296170 0.000000 0.000000 0.000000 1.000000 0.000000 0.000000
9.000000 91.284724 3.081937 1.155358 1.120664 0.000000 0.000000 0.000000 1.000000 0.000000 0.000000
9.000000 91.288008 2.979483 1.099006 1.306388 0.000000 0.000000 0.000000 1.000000 0.000000 0.000000
9.000000 91.290911 2.574944 1.306197 1.266259 0.000000 0.000000 0.000000 1.000000 0.000000 0.000000
9.000000 91.294835 3.051298 1.155519 1.091549 0.000000 0.000000 0.000000 1.000000 0.000000 0.000000
9.000000 91.298135 2.957061 1.092941 1.278083 0.000000 0.000000 0.000000 1.000000 0.000000 0.000000
9.000000 91.300843 2.545771 1.305657 1.237117 0.000000 0.000000 0.000000 1.000000 0.000000 0.000000
9.000000 91.304760 3.006795 1.157092 1.063069 0.000000 0.000000 0.000000 1.000000 0.000000 0.000000
9.000000 91.307929 2.905878 1.098214 1.249350 0.000000 0.000000 0.000000 1.000000 0.000000 0.000000
9.000000 91.310936 2.496848 1.297821 1.215896 0.000000 0.000000 0.000000 1.000000 0.000000 0.000000
9.000000 91.314885 2.962235 1.158019 1.036486 0.000000 0.000000 0.000000 1.000000 0.000000 0.000000
9.000000 91.318092 2.864646 1.096590 1.217747 0.000000 0.000000 0.000000 1.000000 0.000000 0.000000
9.000000 91.320774 2.462863 1.298805 1.183478 0.000000 0.000000 0.000000 1.000000 0.000000 0.000000
9.000000 91.324801 2.913011 1.159977 1.011237 0.000000 0.000000 0.000000 1.000000 0.000000 0.000000
9.000000 91.328038 2.818706 1.100203 1.189914 0.000000 0.000000 0.000000 1.000000 0.000000 0.000000
9.000000 91.330970 2.399099 1.301272 1.161706 0.000000 0.000000 0.000000 1.000000 0.000000 0.000000
9.000000 91.334775 2.877649 1.161763 0.976579 0.000000 0.000000 0.000000 1.000000 0.000000 0.000000
9.000000 91.338088 2.781512 1.100772 1.162778 0.000000 0.000000 0.000000 1.000000 0.000000 0.000000
9.000000 91.340977 2.409969 1.325627 1.127296 0.000000 0.000000 0.000000 1.000000 0.000000 0.000000
9.000000 91.344700 2.840566 1.162908 0.949337 0.000000 0.000000 0.000000 1.000000 0.000000 0.000000
9.000000 91.348035 2.749699 1.098900 1.128890 0.000000 0.000000 0.000000 1.000000 0.000000 0.000000
9.000000 91.350945 2.374767 1.319312 1.095515 0.000000 0.000000 0.000000 1.000000 0.000000 0.000000
9.000000 91.354876 2.805110 1.166191 0.916281 0.000000 0.000000 0.000000 1.000000 0.000000 0.000000
9.000000 91.358102 2.717867 1.097790 1.094616 0.000000 0.000000 0.000000 1.000000 0.000000 0.000000
9.000000 91.360873 2.346130 1.315483 1.058740 0.000000 0.000000 0.000000 1.000000 0.000000 0.000000
9.000000 91.364730 2.758308 1.167833 0.879760 0.000000 0.000000 0.000000 1.000000 0.000000 0.000000
9.000000 91.367975 2.655771 1.108690 1.058120 0.000000 0.000000 0.000000 1.000000 0.000000 0.000000
9.000000 91.371051 2.299159 1.321346 1.028802 0.000000 0.000000 0.000000 1.000000 0.000000 0.000000
9.000000 91.374702 2.714262 1.170067 0.850954 0.000000 0.000000 0.000000 1.000000 0.000000 0.000000
9.000000 91.378048 2.625374 1.104563 1.027523 0.000000 0.000000 0.000000 1.000000 0.000000 0.000000
9.000000 91.381008 2.287044 1.323876 0.992049 0.000000 0.000000 0.000000 1.000000 0.000000 0.000000
9.000000 91.384661 2.673773 1.168356 0.818897 0.000000 0.000000 0.000000 1.000000 0.000000 0.000000
9.000000 91.388257 2.577615 1.106618 0.995472 0.000000 0.000000 0.000000 1.000000 0.000000 0.000000
9.000000 91.391054 2.245592 1.335574 0.962688 0.000000 0.000000 0.000000 1.000000 0.000000 0.000000
9.000000 91.394725 2.636791 1.171245 0.780467 0.000000 0.000000 0.000000 1.000000 0.000000 0.000000
9.000000 91.398120 2.534296 1.111278 0.962571 0.000000 0.000000 0.000000 1.000000 0.000000 0.000000
9.000000 91.400898 2.205853 1.327913 0.924819 0.000000 0.000000 0.000000 1.000000 0.000000 0.000000
9.000000 91.404677 2.595706 1.170291 0.744418 0.000000 0.000000 0.000000 1.000000 0.000000 0.000000
9.000000 91.408022 2.506894 1.103731 0.918044 0.000000 0.000000 0.000000 1.000000 0.000000 0.000000
9.000000 91.414745 2.089611 1.505829 0.913666 0.000000 0.000000 0.000000 1.000000 0.000000 0.000000
9.000000 91.418084 2.466482 1.106882 0.875724 0.000000 0.000000 0.000000 1.000000 0.000000 0.000000
9.000000 91.424704 2.056629 1.502283 0.870680 0.000000 0.000000 0.000000 1.000000 0.000000 0.000000
9.000000 91.428116 2.412548 1.112276 0.844581 0.000000 0.000000 0.000000 1.000000 0.000000 0.000000
9.000000 91.434756 2.014015 1.509697 0.832397 0.000000 0.000000 0.000000 1.000000 0.000000 0.000000
9.000000 91.437929 2.367952 1.116743 0.807262 0.000000 0.000000 0.000000 1.000000 0.000000 0.000000
9.000000 91.444756 1.974089 1.509820 0.799569 0.000000 0.000000 0.000000 1.000000 0.000000 0.000000
9.000000 91.448003 2.338079 1.111231 0.762631 0.000000 0.000000 0.000000 1.000000 0.000000 0.000000
9.000000 91.454808 1.927734 1.521390 0.758409 0.000000 0.000000 0.000000 1.000000 0.000000 0.000000
9.000000 91.458129 2.291092 1.117155 0.722982 0.000000 0.000000 0.000000 1.000000 0.000000 0.000000
9.000000 91.464729 1.901173 1.521909 0.717289 0.000000 0.000000 0.000000 1.000000 0.000000 0.000000
9.000000 91.468059 2.268860 1.110407 0.679907 0.000000 0.000000 0.000000 1.000000 0.000000 0.000000
9.000000 91.477915 0.239679 1.236356 0.449747 0.000000 0.000000 0.000000 1.000000 0.000000 0.000000
9.000000 91.487929 0.191906 1.236810 0.403551 0.000000 0.000000 0.000000 1.000000 0.000000 0.000000
9.000000 91.508066 0.042962 1.240002 0.300443 0.000000 0.000000 0.000000 1.000000 0.000000 0.000000
9.000000 91.518152 0.023266 1.253077 0.259738 0.000000 0.000000 0.000000 1.000000 0.000000 0.000000
9.000000 91.528033 -0.026576 1.251628 0.214078 0.000000 0.000000 0.000000 1.000000 0.000000 0.000000
9.000000 91.538151 -0.105178 1.246269 0.155597 0.000000 0.000000 0.000000 1.000000 0.000000 0.000000
9.000000 91.547964 -0.217568 1.249850 0.094738 0.000000 0.000000 0.000000 1.000000 0.000000 0.000000
9.000000 91.558186 -0.215576 1.247232 0.053224 0.000000 0.000000 0.000000 1.000000 0.000000 0.000000
9.000000 91.568130 -0.250595 1.252607 -0.019567 0.000000 0.000000 0.000000 1.000000 0.000000 0.000000
9.000000 91.578173 -0.298525 1.256033 -0.046240 0.000000 0.000000 0.000000 1.000000 0.000000 0.000000
9.000000 91.588027 -0.334817 1.261963 -0.014128 0.000000 0.000000 0.000000 1.000000 0.000000 0.000000
9.000000 91.598233 -0.397191 1.267194 0.034037 0.000000 0.000000 0.000000 1.000000 0.000000 0.000000
9.000000 91.608021 -0.465257 1.270876 0.062552 0.000000 0.000000 0.000000 1.000000 0.000000 0.000000
9.000000 91.618009 -0.474438 1.273332 0.105911 0.000000 0.000000 0.000000 1.000000 0.000000 0.000000
9.000000 91.628043 -0.517683 1.278804 0.145628 0.000000 0.000000 0.000000 1.000000 0.000000 0.000000
9.000000 91.638091 -0.614573 1.273298 0.168114 0.000000 0.000000 0.000000 1.000000 0.000000 0.000000
9.000000 91.658137 -0.732522 1.287105 0.228885 0.000000 0.000000 0.000000 1.000000 0.000000 0.000000
9.000000 91.668102 -0.675352 1.286689 0.270884 0.000000 0.000000 0.000000 1.000000 0.000000 0.000000
9.000000 91.678262 -0.747904 1.287285 0.296748 0.000000 0.000000 0.000000 1.000000 0.000000 0.000000
