24.000000 223.955114 25.578077 -0.298118 0.355314 0.000000 0.000000 0.000000 1.000000 0.000000 0.000000
24.000000 223.965052 25.273255 -0.281892 0.487078 0.000000 0.000000 0.000000 1.000000 0.000000 0.000000
24.000000 223.975133 25.219441 -0.293943 0.580566 0.000000 0.000000 0.000000 1.000000 0.000000 0.000000
24.000000 223.985135 25.116616 -0.322656 0.672266 0.000000 0.000000 0.000000 1.000000 0.000000 0.000000
24.000000 223.995207 24.928382 -0.322327 0.751691 0.000000 0.000000 0.000000 1.000000 0.000000 0.000000
24.000000 224.005247 24.826321 -0.339121 0.841204 0.000000 0.000000 0.000000 1.000000 0.000000 0.000000
24.000000 224.015157 24.674093 -0.345957 0.927076 0.000000 0.000000 0.000000 1.000000 0.000000 0.000000
24.000000 224.025157 24.582786 -0.354473 1.007961 0.000000 0.000000 0.000000 1.000000 0.000000 0.000000
24.000000 224.035239 24.459016 -0.356369 1.087195 0.000000 0.000000 0.000000 1.000000 0.000000 0.000000
24.000000 224.044100 22.886205 -0.189260 1.246400 0.000000 0.000000 0.000000 1.000000 0.000000 0.000000
24.000000 224.045198 24.224981 -0.357240 1.186735 0.000000 0.000000 0.000000 1.000000 0.000000 0.000000
24.000000 224.054229 22.798518 -0.201217 1.328411 0.000000 0.000000 0.000000 1.000000 0.000000 0.000000
24.000000 224.055187 24.096848 -0.359834 1.267469 0.000000 0.000000 0.000000 1.000000 0.000000 0.000000
24.000000 224.064574 22.659313 -0.216264 1.380897 0.000000 0.000000 0.000000 1.000000 0.000000 0.000000
24.000000 224.065126 23.912295 -0.376822 1.342471 0.000000 0.000000 0.000000 1.000000 0.000000 0.000000
24.000000 224.074252 22.583919 -0.223803 1.467637 0.000000 0.000000 0.000000 1.000000 0.000000 0.000000
24.000000 224.075170 23.891821 -0.396454 1.412161 0.000000 0.000000 0.000000 1.000000 0.000000 0.000000
24.000000 224.084151 22.497464 -0.245803 1.543812 0.000000 0.000000 0.000000 1.000000 0.000000 0.000000
24.000000 224.085250 23.609473 -0.379354 1.506476 0.000000 0.000000 0.000000 1.000000 0.000000 0.000000
24.000000 224.094260 22.396696 -0.244695 1.616326 0.000000 0.000000 0.000000 1.000000 0.000000 0.000000
24.000000 224.095213 23.577070 -0.388449 1.569757 0.000000 0.000000 0.000000 1.000000 0.000000 0.000000
24.000000 224.104125 22.312350 -0.260625 1.684176 0.000000 0.000000 0.000000 1.000000 0.000000 0.000000
24.000000 224.105172 23.402524 -0.387698 1.641876 0.000000 0.000000 0.000000 1.000000 0.000000 0.000000
24.000000 224.114175 22.188988 -0.286096 1.743204 0.000000 0.000000 0.000000 1.000000 0.000000 0.000000
24.000000 224.115195 23.126287 -0.398880 1.723710 0.000000 0.000000 0.000000 1.000000 0.000000 0.000000
24.000000 224.124087 22.128078 -0.286155 1.819578 0.000000 0.000000 0.000000 1.000000 0.000000 0.000000
24.000000 224.125213 23.168803 -0.409337 1.785402 0.000000 0.000000 0.000000 1.000000 0.000000 0.000000
24.000000 224.134118 22.022069 -0.300426 1.886164 0.000000 0.000000 0.000000 1.000000 0.000000 0.000000
24.000000 224.135216 22.993475 -0.408441 1.857971 0.000000 0.000000 0.000000 1.000000 0.000000 0.000000
24.000000 224.144268 21.914892 -0.326460 1.950522 0.000000 0.000000 0.000000 1.000000 0.000000 0.000000
24.000000 224.145227 22.679499 -0.406009 1.941957 0.000000 0.000000 0.000000 1.000000 0.000000 0.000000
24.000000 224.154219 21.847952 -0.329337 2.016050 0.000000 0.000000 0.000000 1.000000 0.000000 0.000000
24.000000 224.155197 22.689987 -0.414085 1.995081 0.000000 0.000000 0.000000 1.000000 0.000000 0.000000
24.000000 224.164185 21.709383 -0.334608 2.067186 0.000000 0.000000 0.000000 1.000000 0.000000 0.000000
24.000000 224.165198 22.514071 -0.419677 2.058607 0.000000 0.000000 0.000000 1.000000 0.000000 0.000000
24.000000 224.174340 21.632268 -0.359096 2.133948 0.000000 0.000000 0.000000 1.000000 0.000000 0.000000
24.000000 224.175234 22.320526 -0.425131 2.129677 0.000000 0.000000 0.000000 1.000000 0.000000 0.000000
24.000000 224.184384 21.535672 -0.369320 2.194358 0.000000 0.000000 0.000000 1.000000 0.000000 0.000000
24.000000 224.185317 22.169353 -0.428102 2.194745 0.000000 0.000000 0.000000 1.000000 0.000000 0.000000
24.000000 224.189901 20.658135 -0.299740 2.038617 0.000000 0.000000 0.000000 1.000000 0.000000 0.000000
24.000000 224.194306 21.459997 -0.373849 2.253861 0.000000 0.000000 0.000000 1.000000 0.000000 0.000000
24.000000 224.195236 22.139238 -0.436260 2.248209 0.000000 0.000000 0.000000 1.000000 0.000000 0.000000
24.000000 224.199742 20.542613 -0.306686 2.096353 0.000000 0.000000 0.000000 1.000000 0.000000 0.000000
24.000000 224.205205 22.032606 -0.449679 2.306371 0.000000 0.000000 0.000000 1.000000 0.000000 0.000000
24.000000 224.215280 21.727388 -0.453707 2.374361 0.000000 0.000000 0.000000 1.000000 0.000000 0.000000
24.000000 224.219923 20.308743 -0.317224 2.209152 0.000000 0.000000 0.000000 1.000000 0.000000 0.000000
24.000000 224.225312 21.728597 -0.454551 2.422454 0.000000 0.000000 0.000000 1.000000 0.000000 0.000000
24.000000 224.229912 20.199715 -0.321766 2.271695 0.000000 0.000000 0.000000 1.000000 0.000000 0.000000
24.000000 224.235293 21.580037 -0.461248 2.479734 0.000000 0.000000 0.000000 1.000000 0.000000 0.000000
24.000000 224.239754 20.090138 -0.335695 2.326483 0.000000 0.000000 0.000000 1.000000 0.000000 0.000000
24.000000 224.245248 21.491470 -0.471893 2.531885 0.000000 0.000000 0.000000 1.000000 0.000000 0.000000
24.000000 224.250061 19.966365 -0.342028 2.379749 0.000000 0.000000 0.000000 1.000000 0.000000 0.000000
24.000000 224.255268 21.353485 -0.477193 2.581152 0.000000 0.000000 0.000000 1.000000 0.000000 0.000000
24.000000 224.259771 19.862422 -0.346283 2.433224 0.000000 0.000000 0.000000 1.000000 0.000000 0.000000
24.000000 224.265362 21.071553 -0.472018 2.643284 0.000000 0.000000 0.000000 1.000000 0.000000 0.000000
24.000000 224.269934 19.763530 -0.355248 2.475205 0.000000 0.000000 0.000000 1.000000 0.000000 0.000000
24.000000 224.275378 21.101599 -0.491380 2.689219 0.000000 0.000000 0.000000 1.000000 0.000000 0.000000
24.000000 224.279786 19.623222 -0.352629 2.527758 0.000000 0.000000 0.000000 1.000000 0.000000 0.000000
24.000000 224.285293 21.012622 -0.489808 2.738294 0.000000 0.000000 0.000000 1.000000 0.000000 0.000000
24.000000 224.289945 19.497841 -0.365545 2.582681 0.000000 0.000000 0.000000 1.000000 0.000000 0.000000
24.000000 224.295200 20.872590 -0.499488 2.775744 0.000000 0.000000 0.000000 1.000000 0.000000 0.000000
24.000000 224.299807 19.393864 -0.369742 2.632622 0.000000 0.000000 0.000000 1.000000 0.000000 0.000000
24.000000 224.305388 20.738719 -0.501710 2.837219 0.000000 0.000000 0.000000 1.000000 0.000000 0.000000
24.000000 224.315340 20.503108 -0.505348 2.907927 0.000000 0.000000 0.000000 1.000000 0.000000 0.000000
24.000000 224.319978 19.170111 -0.383392 2.720307 0.000000 0.000000 0.000000 1.000000 0.000000 0.000000
24.000000 224.325364 20.448724 -0.512016 2.926917 0.000000 0.000000 0.000000 1.000000 0.000000 0.000000
24.000000 224.330153 19.054098 -0.381898 2.772574 0.000000 0.000000 0.000000 1.000000 0.000000 0.000000
24.000000 224.335404 20.337906 -0.518714 2.970771 0.000000 0.000000 0.000000 1.000000 0.000000 0.000000
24.000000 224.340015 18.940353 -0.388356 2.808381 0.000000 0.000000 0.000000 1.000000 0.000000 0.000000
24.000000 224.345305 20.164763 -0.518785 3.009263 0.000000 0.000000 0.000000 1.000000 0.000000 0.000000
24.000000 224.349973 18.818955 -0.393027 2.852882 0.000000 0.000000 0.000000 1.000000 0.000000 0.000000
24.000000 224.355406 20.091697 -0.530903 3.054876 0.000000 0.000000 0.000000 1.000000 0.000000 0.000000
24.000000 224.359810 18.725141 -0.400685 2.902954 0.000000 0.000000 0.000000 1.000000 0.000000 0.000000
24.000000 224.365360 19.915299 -0.537822 3.082442 0.000000 0.000000 0.000000 1.000000 0.000000 0.000000
24.000000 224.369911 18.617126 -0.410673 2.948554 0.000000 0.000000 0.000000 1.000000 0.000000 0.000000
24.000000 224.375520 19.841761 -0.537937 3.131867 0.000000 0.000000 0.000000 1.000000 0.000000 0.000000
24.000000 224.379839 18.497374 -0.422642 2.990632 0.000000 0.000000 0.000000 1.000000 0.000000 0.000000
24.000000 224.385325 19.712941 -0.548885 3.170730 0.000000 0.000000 0.000000 1.000000 0.000000 0.000000
24.000000 224.389939 18.385999 -0.424123 3.030714 0.000000 0.000000 0.000000 1.000000 0.000000 0.000000
24.000000 224.395359 19.579141 -0.549609 3.201819 0.000000 0.000000 0.000000 1.000000 0.000000 0.000000
24.000000 224.399852 18.267587 -0.433598 3.068187 0.000000 0.000000 0.000000 1.000000 0.000000 0.000000
24.000000 224.405361 19.463009 -0.558038 3.241918 0.000000 0.000000 0.000000 1.000000 0.000000 0.000000
24.000000 224.409966 18.134692 -0.436125 3.090766 0.000000 0.000000 0.000000 1.000000 0.000000 0.000000
24.000000 224.415318 19.263288 -0.568291 3.283184 0.000000 0.000000 0.000000 1.000000 0.000000 0.000000
24.000000 224.419862 18.036077 -0.443390 3.141402 0.000000 0.000000 0.000000 1.000000 0.000000 0.000000
24.000000 224.425298 19.219262 -0.580267 3.307611 0.000000 0.000000 0.000000 1.000000 0.000000 0.000000
24.000000 224.429919 17.942142 -0.446407 3.178619 0.000000 0.000000 0.000000 1.000000 0.000000 0.000000
24.000000 224.435325 19.109906 -0.585078 3.337029 0.000000 0.000000 0.000000 1.000000 0.000000 0.000000
24.000000 224.439875 17.834903 -0.458434 3.218080 0.000000 0.000000 0.000000 1.000000 0.000000 0.000000
24.000000 224.445395 18.981455 -0.590190 3.368707 0.000000 0.000000 0.000000 1.000000 0.000000 0.000000
24.000000 224.449935 17.696249 -0.457351 3.228955 0.000000 0.000000 0.000000 1.000000 0.000000 0.000000
24.000000 224.455421 18.820627 -0.588607 3.403770 0.000000 0.000000 0.000000 1.000000 0.000000 0.000000
24.000000 224.459858 17.574506 -0.461470 3.259502 0.000000 0.000000 0.000000 1.000000 0.000000 0.000000
24.000000 224.465377 18.718202 -0.601343 3.413613 0.000000 0.000000 0.000000 1.000000 0.000000 0.000000
24.000000 224.469969 17.475093 -0.459290 3.295499 0.000000 0.000000 0.000000 1.000000 0.000000 0.000000
24.000000 224.475685 18.539791 -0.598510 3.454144 0.000000 0.000000 0.000000 1.000000 0.000000 0.000000
24.000000 224.479892 17.356101 -0.470009 3.326039 0.000000 0.000000 0.000000 1.000000 0.000000 0.000000
24.000000 224.485335 18.488025 -0.615938 3.473872 0.000000 0.000000 0.000000 1.000000 0.000000 0.000000
24.000000 224.489986 17.242366 -0.476140 3.354238 0.000000 0.000000 0.000000 1.000000 0.000000 0.000000
24.000000 224.495338 18.305476 -0.610841 3.495330 0.000000 0.000000 0.000000 1.000000 0.000000 0.000000
24.000000 224.499848 17.131061 -0.479894 3.381705 0.000000 0.000000 0.000000 1.000000 0.000000 0.000000
24.000000 224.505569 18.168462 -0.609010 3.510688 0.000000 0.000000 0.000000 1.000000 0.000000 0.000000
24.000000 224.509918 16.994377 -0.495639 3.410387 0.000000 0.000000 0.000000 1.000000 0.000000 0.000000
24.000000 224.515726 18.062890 -0.628638 3.520926 0.000000 0.000000 0.000000 1.000000 0.000000 0.000000
24.000000 224.519862 16.914885 -0.495663 3.430090 0.000000 0.000000 0.000000 1.000000 0.000000 0.000000
24.000000 224.529924 16.762661 -0.511306 3.456964 0.000000 0.000000 0.000000 1.000000 0.000000 0.000000
24.000000 224.535424 17.728925 -0.632587 3.579009 0.000000 0.000000 0.000000 1.000000 0.000000 0.000000
24.000000 224.539900 16.684884 -0.515108 3.472298 0.000000 0.000000 0.000000 1.000000 0.000000 0.000000
24.000000 224.545355 17.693756 -0.642078 3.592193 0.000000 0.000000 0.000000 1.000000 0.000000 0.000000
24.000000 224.550028 16.564071 -0.525357 3.499042 0.000000 0.000000 0.000000 1.000000 0.000000 0.000000
24.000000 224.555384 17.521931 -0.636744 3.597241 0.000000 0.000000 0.000000 1.000000 0.000000 0.000000
24.000000 224.559904 16.475064 -0.520647 3.517738 0.000000 0.000000 0.000000 1.000000 0.000000 0.000000
24.000000 224.570071 16.341920 -0.525642 3.546820 0.000000 0.000000 0.000000 1.000000 0.000000 0.000000
24.000000 224.579951 16.238921 -0.540735 3.559720 0.000000 0.000000 0.000000 1.000000 0.000000 0.000000
24.000000 224.590056 16.067195 -0.539381 3.582611 0.000000 0.000000 0.000000 1.000000 0.000000 0.000000
24.000000 224.595711 17.005231 -0.630719 3.664356 0.000000 0.000000 0.000000 1.000000 0.000000 0.000000
24.000000 224.599969 15.987907 -0.548486 3.601143 0.000000 0.000000 0.000000 1.000000 0.000000 0.000000
24.000000 224.605466 17.049199 -0.670557 3.685860 0.000000 0.000000 0.000000 1.000000 0.000000 0.000000
24.000000 224.609998 15.934904 -0.560508 3.618684 0.000000 0.000000 0.000000 1.000000 0.000000 0.000000
24.000000 224.614629 16.834252 -0.685100 3.707661 0.000000 0.000000 0.000000 1.000000 0.000000 0.000000
24.000000 224.615417 16.822545 -0.670563 3.688705 0.000000 0.000000 0.000000 1.000000 0.000000 0.000000
24.000000 224.619885 15.834350 -0.570528 3.628423 0.000000 0.000000 0.000000 1.000000 0.000000 0.000000
24.000000 224.624514 16.822110 -0.705351 3.721809 0.000000 0.000000 0.000000 1.000000 0.000000 0.000000
24.000000 224.625473 16.750335 -0.669121 3.705462 0.000000 0.000000 0.000000 1.000000 0.000000 0.000000
24.000000 224.630023 15.665186 -0.572523 3.637525 0.000000 0.000000 0.000000 1.000000 0.000000 0.000000
24.000000 224.634631 16.708333 -0.714153 3.738850 0.000000 0.000000 0.000000 1.000000 0.000000 0.000000
24.000000 224.639928 15.560039 -0.574073 3.653986 0.000000 0.000000 0.000000 1.000000 0.000000 0.000000
24.000000 224.644362 16.559803 -0.708254 3.745625 0.000000 0.000000 0.000000 1.000000 0.000000 0.000000
24.000000 224.645399 16.541140 -0.690857 3.730478 0.000000 0.000000 0.000000 1.000000 0.000000 0.000000
24.000000 224.650237 15.534605 -0.575670 3.671386 0.000000 0.000000 0.000000 1.000000 0.000000 0.000000
24.000000 224.654635 16.318812 -0.682749 3.752405 0.000000 0.000000 0.000000 1.000000 0.000000 0.000000
24.000000 224.655549 16.393032 -0.702076 3.741415 0.000000 0.000000 0.000000 1.000000 0.000000 0.000000
24.000000 224.660039 15.412615 -0.591869 3.677215 0.000000 0.000000 0.000000 1.000000 0.000000 0.000000
24.000000 224.665466 16.099557 -0.693693 3.758544 0.000000 0.000000 0.000000 1.000000 0.000000 0.000000
24.000000 224.670131 15.276895 -0.584846 3.684336 0.000000 0.000000 0.000000 1.000000 0.000000 0.000000
24.000000 224.674664 16.155144 -0.701475 3.763087 0.000000 0.000000 0.000000 1.000000 0.000000 0.000000
24.000000 224.675557 16.168244 -0.698247 3.746738 0.000000 0.000000 0.000000 1.000000 0.000000 0.000000
24.000000 224.679991 15.205066 -0.595931 3.688770 0.000000 0.000000 0.000000 1.000000 0.000000 0.000000
24.000000 224.684556 15.911564 -0.689138 3.770764 0.000000 0.000000 0.000000 1.000000 0.000000 0.000000
24.000000 224.685440 15.971497 -0.703771 3.757549 0.000000 0.000000 0.000000 1.000000 0.000000 0.000000
24.000000 224.690025 15.018867 -0.603359 3.688503 0.000000 0.000000 0.000000 1.000000 0.000000 0.000000
24.000000 224.694523 16.012370 -0.733011 3.776042 0.000000 0.000000 0.000000 1.000000 0.000000 0.000000
24.000000 224.695422 15.995185 -0.719259 3.758296 0.000000 0.000000 0.000000 1.000000 0.000000 0.000000
24.000000 224.700027 14.911398 -0.611586 3.695423 0.000000 0.000000 0.000000 1.000000 0.000000 0.000000
24.000000 224.704484 15.847474 -0.731300 3.779285 0.000000 0.000000 0.000000 1.000000 0.000000 0.000000
24.000000 224.705422 15.790880 -0.702368 3.757801 0.000000 0.000000 0.000000 1.000000 0.000000 0.000000
24.000000 224.710120 14.843870 -0.615282 3.709424 0.000000 0.000000 0.000000 1.000000 0.000000 0.000000
24.000000 224.715418 15.782698 -0.724478 3.762679 0.000000 0.000000 0.000000 1.000000 0.000000 0.000000
24.000000 224.720000 14.687435 -0.607667 3.707359 0.000000 0.000000 0.000000 1.000000 0.000000 0.000000
24.000000 224.725433 15.544954 -0.724553 3.768713 0.000000 0.000000 0.000000 1.000000 0.000000 0.000000
24.000000 224.730134 14.595040 -0.625902 3.711893 0.000000 0.000000 0.000000 1.000000 0.000000 0.000000
24.000000 224.735568 15.433172 -0.725226 3.758284 0.000000 0.000000 0.000000 1.000000 0.000000 0.000000
24.000000 224.740015 14.478550 -0.638471 3.714652 0.000000 0.000000 0.000000 1.000000 0.000000 0.000000
24.000000 224.745451 15.273316 -0.731716 3.771033 0.000000 0.000000 0.000000 1.000000 0.000000 0.000000
24.000000 224.750033 14.374170 -0.637097 3.715477 0.000000 0.000000 0.000000 1.000000 0.000000 0.000000
24.000000 224.759950 14.279182 -0.648663 3.712548 0.000000 0.000000 0.000000 1.000000 0.000000 0.000000
24.000000 224.765551 15.133375 -0.742462 3.731061 0.000000 0.000000 0.000000 1.000000 0.000000 0.000000
24.000000 224.770045 14.141281 -0.647344 3.710423 0.000000 0.000000 0.000000 1.000000 0.000000 0.000000
24.000000 224.779974 14.056157 -0.645823 3.710739 0.000000 0.000000 0.000000 1.000000 0.000000 0.000000
24.000000 224.790089 13.954568 -0.657208 3.711604 0.000000 0.000000 0.000000 1.000000 0.000000 0.000000
24.000000 224.795693 14.900142 -0.756588 3.719606 0.000000 0.000000 0.000000 1.000000 0.000000 0.000000
24.000000 224.799937 13.842434 -0.666021 3.706779 0.000000 0.000000 0.000000 1.000000 0.000000 0.000000
24.000000 224.805511 14.686240 -0.767255 3.727172 0.000000 0.000000 0.000000 1.000000 0.000000 0.000000
24.000000 224.810060 13.758667 -0.674483 3.703920 0.000000 0.000000 0.000000 1.000000 0.000000 0.000000
24.000000 224.815780 14.548284 -0.777099 3.709753 0.000000 0.000000 0.000000 1.000000 0.000000 0.000000
24.000000 224.819967 13.643441 -0.697309 3.705955 0.000000 0.000000 0.000000 1.000000 0.000000 0.000000
24.000000 224.825662 14.405625 -0.771440 3.703689 0.000000 0.000000 0.000000 1.000000 0.000000 0.000000
24.000000 224.826646 13.479631 -0.729751 3.688573 0.000000 0.000000 0.000000 1.000000 0.000000 0.000000
24.000000 224.830092 13.557434 -0.682987 3.696735 0.000000 0.000000 0.000000 1.000000 0.000000 0.000000
24.000000 224.835753 14.475715 -0.785652 3.695154 0.000000 0.000000 0.000000 1.000000 0.000000 0.000000
24.000000 224.840017 13.447641 -0.695596 3.691757 0.000000 0.000000 0.000000 1.000000 0.000000 0.000000
24.000000 224.845685 14.224662 -0.776012 3.695786 0.000000 0.000000 0.000000 1.000000 0.000000 0.000000
24.000000 224.850063 13.273042 -0.700146 3.675504 0.000000 0.000000 0.000000 1.000000 0.000000 0.000000
24.000000 224.855757 14.093842 -0.779144 3.698978 0.000000 0.000000 0.000000 1.000000 0.000000 0.000000
24.000000 224.859988 13.193695 -0.707706 3.670047 0.000000 0.000000 0.000000 1.000000 0.000000 0.000000
24.000000 224.865610 14.001998 -0.789031 3.671751 0.000000 0.000000 0.000000 1.000000 0.000000 0.000000
24.000000 224.870067 13.104153 -0.718646 3.654121 0.000000 0.000000 0.000000 1.000000 0.000000 0.000000
24.000000 224.875670 13.874115 -0.790779 3.667120 0.000000 0.000000 0.000000 1.000000 0.000000 0.000000
24.000000 224.879992 12.951839 -0.710725 3.645124 0.000000 0.000000 0.000000 1.000000 0.000000 0.000000
24.000000 224.885564 13.792519 -0.793778 3.653297 0.000000 0.000000 0.000000 1.000000 0.000000 0.000000
24.000000 224.886641 12.816836 -0.747194 3.642810 0.000000 0.000000 0.000000 1.000000 0.000000 0.000000
24.000000 224.895727 13.716982 -0.800134 3.639514 0.000000 0.000000 0.000000 1.000000 0.000000 0.000000
24.000000 224.900207 12.815603 -0.741825 3.620671 0.000000 0.000000 0.000000 1.000000 0.000000 0.000000
24.000000 224.905624 13.609395 -0.813662 3.614226 0.000000 0.000000 0.000000 1.000000 0.000000 0.000000
24.000000 224.910147 12.604436 -0.742259 3.589030 0.000000 0.000000 0.000000 1.000000 0.000000 0.000000
24.000000 224.915759 13.450214 -0.812262 3.594178 0.000000 0.000000 0.000000 1.000000 0.000000 0.000000
24.000000 224.920165 12.533564 -0.742543 3.581986 0.000000 0.000000 0.000000 1.000000 0.000000 0.000000
24.000000 224.925568 13.345723 -0.823642 3.579335 0.000000 0.000000 0.000000 1.000000 0.000000 0.000000
24.000000 224.930189 12.392531 -0.744840 3.571806 0.000000 0.000000 0.000000 1.000000 0.000000 0.000000
24.000000 224.935747 13.278058 -0.821682 3.557916 0.000000 0.000000 0.000000 1.000000 0.000000 0.000000
24.000000 224.940085 12.319548 -0.753254 3.553240 0.000000 0.000000 0.000000 1.000000 0.000000 0.000000
24.000000 224.945541 13.169651 -0.828547 3.538071 0.000000 0.000000 0.000000 1.000000 0.000000 0.000000
24.000000 224.950210 12.159979 -0.773386 3.526192 0.000000 0.000000 0.000000 1.000000 0.000000 0.000000
24.000000 224.955751 13.042337 -0.826213 3.514920 0.000000 0.000000 0.000000 1.000000 0.000000 0.000000
24.000000 224.960162 12.117696 -0.765285 3.518274 0.000000 0.000000 0.000000 1.000000 0.000000 0.000000
24.000000 224.965617 12.862011 -0.824551 3.494191 0.000000 0.000000 0.000000 1.000000 0.000000 0.000000
24.000000 224.970246 11.986362 -0.782712 3.491544 0.000000 0.000000 0.000000 1.000000 0.000000 0.000000
24.000000 224.975734 12.799462 -0.834105 3.463269 0.000000 0.000000 0.000000 1.000000 0.000000 0.000000
24.000000 224.980167 11.872351 -0.783312 3.473337 0.000000 0.000000 0.000000 1.000000 0.000000 0.000000
24.000000 224.985611 12.711883 -0.841554 3.438811 0.000000 0.000000 0.000000 1.000000 0.000000 0.000000
24.000000 224.990180 11.724061 -0.810756 3.448062 0.000000 0.000000 0.000000 1.000000 0.000000 0.000000
24.000000 224.995738 12.602867 -0.848373 3.414031 0.000000 0.000000 0.000000 1.000000 0.000000 0.000000
24.000000 225.000102 11.642092 -0.805552 3.423202 0.000000 0.000000 0.000000 1.000000 0.000000 0.000000
24.000000 225.005542 12.533330 -0.858983 3.385364 0.000000 0.000000 0.000000 1.000000 0.000000 0.000000
24.000000 225.010375 11.573565 -0.815518 3.388269 0.000000 0.000000 0.000000 1.000000 0.000000 0.000000
24.000000 225.015659 12.334266 -0.853634 3.355711 0.000000 0.000000 0.000000 1.000000 0.000000 0.000000
24.000000 225.020276 11.468957 -0.819980 3.363212 0.000000 0.000000 0.000000 1.000000 0.000000 0.000000
24.000000 225.025574 12.344821 -0.869323 3.322669 0.000000 0.000000 0.000000 1.000000 0.000000 0.000000
24.000000 225.030193 11.320028 -0.827343 3.344676 0.000000 0.000000 0.000000 1.000000 0.000000 0.000000
24.000000 225.035671 12.227220 -0.869454 3.295187 0.000000 0.000000 0.000000 1.000000 0.000000 0.000000
24.000000 225.040170 11.188356 -0.840891 3.316110 0.000000 0.000000 0.000000 1.000000 0.000000 0.000000
24.000000 225.045632 12.104893 -0.869803 3.266698 0.000000 0.000000 0.000000 1.000000 0.000000 0.000000
24.000000 225.050201 11.168035 -0.848365 3.280693 0.000000 0.000000 0.000000 1.000000 0.000000 0.000000
24.000000 225.055604 12.001593 -0.873128 3.236637 0.000000 0.000000 0.000000 1.000000 0.000000 0.000000
24.000000 225.060160 10.967988 -0.849920 3.243173 0.000000 0.000000 0.000000 1.000000 0.000000 0.000000
24.000000 225.065800 11.851231 -0.880956 3.195829 0.000000 0.000000 0.000000 1.000000 0.000000 0.000000
24.000000 225.070248 10.906445 -0.856301 3.215534 0.000000 0.000000 0.000000 1.000000 0.000000 0.000000
24.000000 225.075687 11.789654 -0.884488 3.168029 0.000000 0.000000 0.000000 1.000000 0.000000 0.000000
24.000000 225.080215 10.816539 -0.872455 3.187163 0.000000 0.000000 0.000000 1.000000 0.000000 0.000000
24.000000 225.085629 11.717843 -0.897567 3.126496 0.000000 0.000000 0.000000 1.000000 0.000000 0.000000
24.000000 225.090431 10.755754 -0.880138 3.162026 0.000000 0.000000 0.000000 1.000000 0.000000 0.000000
24.000000 225.095840 11.593974 -0.896132 3.095969 0.000000 0.000000 0.000000 1.000000 0.000000 0.000000
24.000000 225.100145 10.637670 -0.883302 3.123302 0.000000 0.000000 0.000000 1.000000 0.000000 0.000000
24.000000 225.105791 11.491573 -0.898909 3.055629 0.000000 0.000000 0.000000 1.000000 0.000000 0.000000
24.000000 225.110217 10.480395 -0.880952 3.087799 0.000000 0.000000 0.000000 1.000000 0.000000 0.000000
24.000000 225.115738 11.355017 -0.908425 3.019994 0.000000 0.000000 0.000000 1.000000 0.000000 0.000000
24.000000 225.120350 10.344391 -0.890316 3.043575 0.000000 0.000000 0.000000 1.000000 0.000000 0.000000
24.000000 225.125780 11.242461 -0.909713 2.976218 0.000000 0.000000 0.000000 1.000000 0.000000 0.000000
24.000000 225.130308 10.249877 -0.905902 3.009976 0.000000 0.000000 0.000000 1.000000 0.000000 0.000000
24.000000 225.135710 11.188751 -0.920434 2.943068 0.000000 0.000000 0.000000 1.000000 0.000000 0.000000
24.000000 225.140292 10.164116 -0.906253 2.966597 0.000000 0.000000 0.000000 1.000000 0.000000 0.000000
24.000000 225.145647 11.095708 -0.922115 2.901606 0.000000 0.000000 0.000000 1.000000 0.000000 0.000000
24.000000 225.150383 10.043373 -0.926052 2.927968 0.000000 0.000000 0.000000 1.000000 0.000000 0.000000
24.000000 225.155741 11.000291 -0.932994 2.858179 0.000000 0.000000 0.000000 1.000000 0.000000 0.000000
24.000000 225.160188 9.928193 -0.928510 2.882832 0.000000 0.000000 0.000000 1.000000 0.000000 0.000000
24.000000 225.165627 10.869438 -0.934702 2.812071 0.000000 0.000000 0.000000 1.000000 0.000000 0.000000
24.000000 225.170318 9.794384 -0.933158 2.851490 0.000000 0.000000 0.000000 1.000000 0.000000 0.000000
24.000000 225.175721 10.757561 -0.928901 2.775010 0.000000 0.000000 0.000000 1.000000 0.000000 0.000000
24.000000 225.180187 9.752994 -0.945783 2.813047 0.000000 0.000000 0.000000 1.000000 0.000000 0.000000
24.000000 225.185641 10.685209 -0.943367 2.728597 0.000000 0.000000 0.000000 1.000000 0.000000 0.000000
24.000000 225.190247 9.625945 -0.955736 2.766923 0.000000 0.000000 0.000000 1.000000 0.000000 0.000000
24.000000 225.195766 10.583745 -0.946089 2.683979 0.000000 0.000000 0.000000 1.000000 0.000000 0.000000
24.000000 225.200237 9.573473 -0.941564 2.722914 0.000000 0.000000 0.000000 1.000000 0.000000 0.000000
24.000000 225.205701 10.476687 -0.954607 2.646349 0.000000 0.000000 0.000000 1.000000 0.000000 0.000000
24.000000 225.210242 9.454515 -0.972406 2.677064 0.000000 0.000000 0.000000 1.000000 0.000000 0.000000
24.000000 225.215740 10.384375 -0.961452 2.604998 0.000000 0.000000 0.000000 1.000000 0.000000 0.000000
24.000000 225.220375 9.270090 -0.971205 2.624950 0.000000 0.000000 0.000000 1.000000 0.000000 0.000000
24.000000 225.225649 10.282923 -0.967209 2.559997 0.000000 0.000000 0.000000 1.000000 0.000000 0.000000
24.000000 225.230294 9.252067 -0.972803 2.584055 0.000000 0.000000 0.000000 1.000000 0.000000 0.000000
24.000000 225.235736 10.169945 -0.966348 2.502112 0.000000 0.000000 0.000000 1.000000 0.000000 0.000000
24.000000 225.240226 9.112473 -0.993148 2.542518 0.000000 0.000000 0.000000 1.000000 0.000000 0.000000
24.000000 225.245669 10.064956 -0.973213 2.448770 0.000000 0.000000 0.000000 1.000000 0.000000 0.000000
24.000000 225.250238 8.965274 -0.996205 2.471096 0.000000 0.000000 0.000000 1.000000 0.000000 0.000000
24.000000 225.255747 9.963290 -0.980350 2.406644 0.000000 0.000000 0.000000 1.000000 0.000000 0.000000
24.000000 225.260285 8.870647 -1.002454 2.433070 0.000000 0.000000 0.000000 1.000000 0.000000 0.000000
24.000000 225.265716 9.834880 -0.981472 2.342163 0.000000 0.000000 0.000000 1.000000 0.000000 0.000000
24.000000 225.270371 8.781730 -1.000909 2.374464 0.000000 0.000000 0.000000 1.000000 0.000000 0.000000
24.000000 225.275738 9.777118 -0.986449 2.285441 0.000000 0.000000 0.000000 1.000000 0.000000 0.000000
24.000000 225.280363 8.722968 -1.011988 2.343780 0.000000 0.000000 0.000000 1.000000 0.000000 0.000000
24.000000 225.285696 9.663288 -0.984452 2.233113 0.000000 0.000000 0.000000 1.000000 0.000000 0.000000
24.000000 225.290264 8.578715 -1.027775 2.277689 0.000000 0.000000 0.000000 1.000000 0.000000 0.000000
24.000000 225.295827 9.557466 -0.990713 2.183063 0.000000 0.000000 0.000000 1.000000 0.000000 0.000000
24.000000 225.300232 8.430558 -1.025849 2.218445 0.000000 0.000000 0.000000 1.000000 0.000000 0.000000
24.000000 225.305692 9.471219 -0.997392 2.128398 0.000000 0.000000 0.000000 1.000000 0.000000 0.000000
24.000000 225.310281 8.360010 -1.035616 2.150395 0.000000 0.000000 0.000000 1.000000 0.000000 0.000000
24.000000 225.315889 9.358596 -1.002523 2.063951 0.000000 0.000000 0.000000 1.000000 0.000000 0.000000
24.000000 225.320267 8.303988 -1.030128 2.112683 0.000000 0.000000 0.000000 1.000000 0.000000 0.000000
24.000000 225.325728 9.285295 -1.005601 2.012353 0.000000 0.000000 0.000000 1.000000 0.000000 0.000000
24.000000 225.330308 8.149566 -1.044123 2.049109 0.000000 0.000000 0.000000 1.000000 0.000000 0.000000
24.000000 225.335920 9.184557 -1.009414 1.949007 0.000000 0.000000 0.000000 1.000000 0.000000 0.000000
24.000000 225.340240 8.084024 -1.043200 1.990230 0.000000 0.000000 0.000000 1.000000 0.000000 0.000000
24.000000 225.345757 9.104333 -1.020031 1.892934 0.000000 0.000000 0.000000 1.000000 0.000000 0.000000
24.000000 225.350354 7.933032 -1.062241 1.918238 0.000000 0.000000 0.000000 1.000000 0.000000 0.000000
24.000000 225.355967 8.991641 -1.016446 1.833899 0.000000 0.000000 0.000000 1.000000 0.000000 0.000000
24.000000 225.360224 7.824287 -1.071828 1.861520 0.000000 0.000000 0.000000 1.000000 0.000000 0.000000
24.000000 225.365829 8.875194 -1.019752 1.777315 0.000000 0.000000 0.000000 1.000000 0.000000 0.000000
24.000000 225.370364 7.740540 -1.068698 1.788994 0.000000 0.000000 0.000000 1.000000 0.000000 0.000000
24.000000 225.375875 8.802634 -1.032003 1.728504 0.000000 0.000000 0.000000 1.000000 0.000000 0.000000
24.000000 225.380282 7.631861 -1.080914 1.733784 0.000000 0.000000 0.000000 1.000000 0.000000 0.000000
24.000000 225.385765 8.708315 -1.038287 1.657312 0.000000 0.000000 0.000000 1.000000 0.000000 0.000000
24.000000 225.390301 7.520184 -1.090007 1.672509 0.000000 0.000000 0.000000 1.000000 0.000000 0.000000
24.000000 225.395877 8.614790 -1.034612 1.603690 0.000000 0.000000 0.000000 1.000000 0.000000 0.000000
24.000000 225.400255 7.387249 -1.091095 1.599511 0.000000 0.000000 0.000000 1.000000 0.000000 0.000000
24.000000 225.405754 8.536177 -1.043566 1.535772 0.000000 0.000000 0.000000 1.000000 0.000000 0.000000
24.000000 225.410391 7.347541 -1.093608 1.540261 0.000000 0.000000 0.000000 1.000000 0.000000 0.000000
24.000000 225.415791 8.436860 -1.042074 1.468111 0.000000 0.000000 0.000000 1.000000 0.000000 0.000000
24.000000 225.420259 7.180021 -1.107204 1.455076 0.000000 0.000000 0.000000 1.000000 0.000000 0.000000
24.000000 225.425771 8.356682 -1.047932 1.396507 0.000000 0.000000 0.000000 1.000000 0.000000 0.000000
24.000000 225.430370 7.113320 -1.114265 1.405041 0.000000 0.000000 0.000000 1.000000 0.000000 0.000000
24.000000 225.435814 8.260166 -1.054291 1.333091 0.000000 0.000000 0.000000 1.000000 0.000000 0.000000
24.000000 225.440349 7.031794 -1.118855 1.339053 0.000000 0.000000 0.000000 1.000000 0.000000 0.000000
24.000000 225.445776 8.146254 -1.054700 1.268868 0.000000 0.000000 0.000000 1.000000 0.000000 0.000000
24.000000 225.450484 6.878542 -1.127440 1.264560 0.000000 0.000000 0.000000 1.000000 0.000000 0.000000
24.000000 225.455852 8.068942 -1.058858 1.216716 0.000000 0.000000 0.000000 1.000000 0.000000 0.000000
24.000000 225.460340 6.769482 -1.136574 1.202992 0.000000 0.000000 0.000000 1.000000 0.000000 0.000000
24.000000 225.465878 7.968630 -1.063451 1.138974 0.000000 0.000000 0.000000 1.000000 0.000000 0.000000
24.000000 225.470422 6.709662 -1.144173 1.138109 0.000000 0.000000 0.000000 1.000000 0.000000 0.000000
24.000000 225.475864 7.877502 -1.062927 1.079324 0.000000 0.000000 0.000000 1.000000 0.000000 0.000000
24.000000 225.480474 6.593529 -1.155569 1.062389 0.000000 0.000000 0.000000 1.000000 0.000000 0.000000
24.000000 225.485794 7.799013 -1.071725 1.004785 0.000000 0.000000 0.000000 1.000000 0.000000 0.000000
24.000000 225.490459 6.479103 -1.162436 0.979540 0.000000 0.000000 0.000000 1.000000 0.000000 0.000000
24.000000 225.495849 7.688647 -1.069605 0.934965 0.000000 0.000000 0.000000 1.000000 0.000000 0.000000
24.000000 225.500360 6.358235 -1.172197 0.905287 0.000000 0.000000 0.000000 1.000000 0.000000 0.000000
24.000000 225.505800 7.605405 -1.079361 0.856607 0.000000 0.000000 0.000000 1.000000 0.000000 0.000000
24.000000 225.510391 6.244019 -1.174997 0.825043 0.000000 0.000000 0.000000 1.000000 0.000000 0.000000
24.000000 225.515910 7.525197 -1.081526 0.783560 0.000000 0.000000 0.000000 1.000000 0.000000 0.000000
24.000000 225.520366 6.163629 -1.186642 0.758454 0.000000 0.000000 0.000000 1.000000 0.000000 0.000000
24.000000 225.525773 7.412479 -1.083989 0.715817 0.000000 0.000000 0.000000 1.000000 0.000000 0.000000
24.000000 225.530460 6.064916 -1.194862 0.678055 0.000000 0.000000 0.000000 1.000000 0.000000 0.000000
24.000000 225.535876 7.346742 -1.091714 0.634538 0.000000 0.000000 0.000000 1.000000 0.000000 0.000000
24.000000 225.540388 5.954748 -1.198395 0.598441 0.000000 0.000000 0.000000 1.000000 0.000000 0.000000
24.000000 225.545778 7.244737 -1.094138 0.565224 0.000000 0.000000 0.000000 1.000000 0.000000 0.000000
24.000000 225.550523 5.879098 -1.209651 0.525583 0.000000 0.000000 0.000000 1.000000 0.000000 0.000000
24.000000 225.555923 7.169084 -1.099860 0.486487 0.000000 0.000000 0.000000 1.000000 0.000000 0.000000
24.000000 225.560398 5.738794 -1.209455 0.431869 0.000000 0.000000 0.000000 1.000000 0.000000 0.000000
24.000000 225.565844 7.063757 -1.099376 0.411015 0.000000 0.000000 0.000000 1.000000 0.000000 0.000000
24.000000 225.570682 5.640493 -1.219563 0.355738 0.000000 0.000000 0.000000 1.000000 0.000000 0.000000
24.000000 225.575864 6.981446 -1.105985 0.336430 0.000000 0.000000 0.000000 1.000000 0.000000 0.000000
24.000000 225.580586 5.552478 -1.218193 0.275640 0.000000 0.000000 0.000000 1.000000 0.000000 0.000000
24.000000 225.585821 6.886609 -1.105473 0.263827 0.000000 0.000000 0.000000 1.000000 0.000000 0.000000
24.000000 225.590637 5.435242 -1.232226 0.185004 0.000000 0.000000 0.000000 1.000000 0.000000 0.000000
24.000000 225.595939 6.803906 -1.112337 0.183110 0.000000 0.000000 0.000000 1.000000 0.000000 0.000000
24.000000 225.600377 5.321253 -1.241811 0.095859 0.000000 0.000000 0.000000 1.000000 0.000000 0.000000
24.000000 225.605876 6.708417 -1.109828 0.108414 0.000000 0.000000 0.000000 1.000000 0.000000 0.000000
24.000000 225.610643 5.205984 -1.249506 0.012949 0.000000 0.000000 0.000000 1.000000 0.000000 0.000000
24.000000 225.615934 6.627291 -1.113096 0.024258 0.000000 0.000000 0.000000 1.000000 0.000000 0.000000
24.000000 225.620527 5.123959 -1.252013 -0.041137 0.000000 0.000000 0.000000 1.000000 0.000000 0.000000
24.000000 225.625803 6.582771 -1.124150 0.052061 0.000000 0.000000 0.000000 1.000000 0.000000 0.000000
24.000000 225.630704 5.122950 -1.242092 0.025775 0.000000 0.000000 0.000000 1.000000 0.000000 0.000000
24.000000 225.635988 6.525231 -1.124769 0.113867 0.000000 0.000000 0.000000 1.000000 0.000000 0.000000
24.000000 225.640536 5.053508 -1.252921 0.080649 0.000000 0.000000 0.000000 1.000000 0.000000 0.000000
24.000000 225.645868 6.477377 -1.125744 0.171970 0.000000 0.000000 0.000000 1.000000 0.000000 0.000000
24.000000 225.650541 4.980371 -1.255623 0.124896 0.000000 0.000000 0.000000 1.000000 0.000000 0.000000
24.000000 225.655897 6.425777 -1.127378 0.226289 0.000000 0.000000 0.000000 1.000000 0.000000 0.000000
24.000000 225.660317 4.973134 -1.250070 0.203903 0.000000 0.000000 0.000000 1.000000 0.000000 0.000000
24.000000 225.665848 6.377031 -1.132273 0.283673 0.000000 0.000000 0.000000 1.000000 0.000000 0.000000
24.000000 225.670403 4.886847 -1.270581 0.258176 0.000000 0.000000 0.000000 1.000000 0.000000 0.000000
24.000000 225.675946 6.328163 -1.132584 0.337373 0.000000 0.000000 0.000000 1.000000 0.000000 0.000000
24.000000 225.680399 4.839764 -1.265845 0.323496 0.000000 0.000000 0.000000 1.000000 0.000000 0.000000
24.000000 225.685940 6.290390 -1.139240 0.386270 0.000000 0.000000 0.000000 1.000000 0.000000 0.000000
24.000000 225.690433 4.769591 -1.272647 0.367583 0.000000 0.000000 0.000000 1.000000 0.000000 0.000000
24.000000 225.696018 6.215442 -1.136143 0.444418 0.000000 0.000000 0.000000 1.000000 0.000000 0.000000
24.000000 225.700392 4.708595 -1.272887 0.419099 0.000000 0.000000 0.000000 1.000000 0.000000 0.000000
24.000000 225.705846 6.177562 -1.139792 0.492965 0.000000 0.000000 0.000000 1.000000 0.000000 0.000000
24.000000 225.710389 4.666253 -1.281919 0.481465 0.000000 0.000000 0.000000 1.000000 0.000000 0.000000
24.000000 225.715951 6.123194 -1.144241 0.541577 0.000000 0.000000 0.000000 1.000000 0.000000 0.000000
24.000000 225.720369 4.604421 -1.287416 0.539388 0.000000 0.000000 0.000000 1.000000 0.000000 0.000000
24.000000 225.725883 6.079332 -1.144162 0.588137 0.000000 0.000000 0.000000 1.000000 0.000000 0.000000
24.000000 225.730456 4.599545 -1.283244 0.593776 0.000000 0.000000 0.000000 1.000000 0.000000 0.000000
24.000000 225.735917 6.030676 -1.146457 0.635078 0.000000 0.000000 0.000000 1.000000 0.000000 0.000000
24.000000 225.740419 4.563805 -1.282750 0.647212 0.000000 0.000000 0.000000 1.000000 0.000000 0.000000
24.000000 225.745901 5.983183 -1.151997 0.679492 0.000000 0.000000 0.000000 1.000000 0.000000 0.000000
24.000000 225.750492 4.400181 -1.290615 0.676640 0.000000 0.000000 0.000000 1.000000 0.000000 0.000000
24.000000 225.755976 5.933141 -1.151623 0.726841 0.000000 0.000000 0.000000 1.000000 0.000000 0.000000
24.000000 225.760394 4.399909 -1.287244 0.727335 0.000000 0.000000 0.000000 1.000000 0.000000 0.000000
24.000000 225.765845 5.882912 -1.156141 0.773909 0.000000 0.000000 0.000000 1.000000 0.000000 0.000000
24.000000 225.770580 4.440556 -1.285217 0.798678 0.000000 0.000000 0.000000 1.000000 0.000000 0.000000
24.000000 225.775921 5.838868 -1.157807 0.809624 0.000000 0.000000 0.000000 1.000000 0.000000 0.000000
24.000000 225.780478 4.368720 -1.288738 0.828873 0.000000 0.000000 0.000000 1.000000 0.000000 0.000000
24.000000 225.785988 5.779711 -1.157655 0.854479 0.000000 0.000000 0.000000 1.000000 0.000000 0.000000
24.000000 225.790534 4.324377 -1.286974 0.876979 0.000000 0.000000 0.000000 1.000000 0.000000 0.000000
24.000000 225.796050 5.739514 -1.162357 0.894566 0.000000 0.000000 0.000000 1.000000 0.000000 0.000000
24.000000 225.800457 4.307327 -1.300002 0.926753 0.000000 0.000000 0.000000 1.000000 0.000000 0.000000
24.000000 225.805937 5.678319 -1.159484 0.935868 0.000000 0.000000 0.000000 1.000000 0.000000 0.000000
24.000000 225.810519 4.185585 -1.297299 0.968098 0.000000 0.000000 0.000000 1.000000 0.000000 0.000000
24.000000 225.816137 5.618875 -1.163354 0.975759 0.000000 0.000000 0.000000 1.000000 0.000000 0.000000
24.000000 225.820522 4.160684 -1.305451 0.991768 0.000000 0.000000 0.000000 1.000000 0.000000 0.000000
24.000000 225.826123 5.588845 -1.168762 1.007074 0.000000 0.000000 0.000000 1.000000 0.000000 0.000000
24.000000 225.830553 4.095995 -1.305015 1.033374 0.000000 0.000000 0.000000 1.000000 0.000000 0.000000
24.000000 225.836133 5.534265 -1.167989 1.045382 0.000000 0.000000 0.000000 1.000000 0.000000 0.000000
24.000000 225.840483 3.989456 -1.313391 1.078119 0.000000 0.000000 0.000000 1.000000 0.000000 0.000000
24.000000 225.845983 5.497217 -1.173478 1.077825 0.000000 0.000000 0.000000 1.000000 0.000000 0.000000
24.000000 225.850704 4.004648 -1.309993 1.134148 0.000000 0.000000 0.000000 1.000000 0.000000 0.000000
24.000000 225.856052 5.445330 -1.174319 1.113415 0.000000 0.000000 0.000000 1.000000 0.000000 0.000000
24.000000 225.860514 3.932540 -1.312542 1.156132 0.000000 0.000000 0.000000 1.000000 0.000000 0.000000
24.000000 225.866079 5.397114 -1.180639 1.146983 0.000000 0.000000 0.000000 1.000000 0.000000 0.000000
24.000000 225.870665 3.870599 -1.314177 1.200188 0.000000 0.000000 0.000000 1.000000 0.000000 0.000000
24.000000 225.876059 5.353093 -1.178168 1.175182 0.000000 0.000000 0.000000 1.000000 0.000000 0.000000
24.000000 225.880494 3.795220 -1.323143 1.225591 0.000000 0.000000 0.000000 1.000000 0.000000 0.000000
24.000000 225.885939 5.305294 -1.184499 1.204572 0.000000 0.000000 0.000000 1.000000 0.000000 0.000000
24.000000 225.890545 3.738596 -1.334823 1.256601 0.000000 0.000000 0.000000 1.000000 0.000000 0.000000
24.000000 225.896089 5.248232 -1.183270 1.236616 0.000000 0.000000 0.000000 1.000000 0.000000 0.000000
24.000000 225.900467 3.686846 -1.327365 1.293703 0.000000 0.000000 0.000000 1.000000 0.000000 0.000000
24.000000 225.905929 5.204263 -1.183627 1.261630 0.000000 0.000000 0.000000 1.000000 0.000000 0.000000
24.000000 225.907045 4.552521 -1.088986 1.389519 0.000000 0.000000 0.000000 1.000000 0.000000 0.000000
24.000000 225.916076 5.154437 -1.187430 1.289435 0.000000 0.000000 0.000000 1.000000 0.000000 0.000000
24.000000 225.920470 3.610422 -1.339861 1.348386 0.000000 0.000000 0.000000 1.000000 0.000000 0.000000
24.000000 225.926024 5.112112 -1.188311 1.311357 0.000000 0.000000 0.000000 1.000000 0.000000 0.000000
24.000000 225.930590 3.606257 -1.333906 1.377136 0.000000 0.000000 0.000000 1.000000 0.000000 0.000000
24.000000 225.936085 5.064916 -1.194723 1.340665 0.000000 0.000000 0.000000 1.000000 0.000000 0.000000
24.000000 225.940486 3.574475 -1.330103 1.420939 0.000000 0.000000 0.000000 1.000000 0.000000 0.000000
24.000000 225.946078 5.003392 -1.189042 1.367432 0.000000 0.000000 0.000000 1.000000 0.000000 0.000000
24.000000 225.950624 3.387114 -1.348420 1.435452 0.000000 0.000000 0.000000 1.000000 0.000000 0.000000
24.000000 225.956033 4.940632 -1.190716 1.395043 0.000000 0.000000 0.000000 1.000000 0.000000 0.000000
24.000000 225.960573 3.345472 -1.353343 1.455613 0.000000 0.000000 0.000000 1.000000 0.000000 0.000000
24.000000 225.965980 4.920328 -1.198160 1.407091 0.000000 0.000000 0.000000 1.000000 0.000000 0.000000
24.000000 225.970647 3.344159 -1.355686 1.492598 0.000000 0.000000 0.000000 1.000000 0.000000 0.000000
24.000000 225.976047 4.867535 -1.198584 1.431239 0.000000 0.000000 0.000000 1.000000 0.000000 0.000000
24.000000 225.980525 3.290191 -1.355387 1.518148 0.000000 0.000000 0.000000 1.000000 0.000000 0.000000
24.000000 225.985964 4.831161 -1.208368 1.447646 0.000000 0.000000 0.000000 1.000000 0.000000 0.000000
24.000000 225.990764 3.245939 -1.356302 1.539215 0.000000 0.000000 0.000000 1.000000 0.000000 0.000000
24.000000 225.996186 4.770515 -1.202047 1.471451 0.000000 0.000000 0.000000 1.000000 0.000000 0.000000
24.000000 226.000549 3.108211 -1.364021 1.547465 0.000000 0.000000 0.000000 1.000000 0.000000 0.000000
24.000000 226.006068 4.739662 -1.210093 1.478756 0.000000 0.000000 0.000000 1.000000 0.000000 0.000000
24.000000 226.010625 3.115775 -1.363544 1.569528 0.000000 0.000000 0.000000 1.000000 0.000000 0.000000
24.000000 226.016149 4.680950 -1.210149 1.499050 0.000000 0.000000 0.000000 1.000000 0.000000 0.000000
24.000000 226.020583 3.011566 -1.369599 1.602580 0.000000 0.000000 0.000000 1.000000 0.000000 0.000000
24.000000 226.026011 4.636059 -1.209356 1.517867 0.000000 0.000000 0.000000 1.000000 0.000000 0.000000
24.000000 226.030606 3.081266 -1.375347 1.623370 0.000000 0.000000 0.000000 1.000000 0.000000 0.000000
24.000000 226.036086 4.610747 -1.211067 1.522698 0.000000 0.000000 0.000000 1.000000 0.000000 0.000000
24.000000 226.040505 2.933615 -1.381285 1.627237 0.000000 0.000000 0.000000 1.000000 0.000000 0.000000
24.000000 226.050602 2.849886 -1.377285 1.646615 0.000000 0.000000 0.000000 1.000000 0.000000 0.000000
24.000000 226.060519 2.766165 -1.380555 1.642847 0.000000 0.000000 0.000000 1.000000 0.000000 0.000000
24.000000 226.070648 2.793063 -1.384742 1.673988 0.000000 0.000000 0.000000 1.000000 0.000000 0.000000
24.000000 226.080526 2.779909 -1.381000 1.686974 0.000000 0.000000 0.000000 1.000000 0.000000 0.000000
24.000000 226.090648 2.696859 -1.389977 1.694802 0.000000 0.000000 0.000000 1.000000 0.000000 0.000000
24.000000 226.100572 2.639885 -1.390811 1.698271 0.000000 0.000000 0.000000 1.000000 0.000000 0.000000
24.000000 226.110612 2.607555 -1.388561 1.704976 0.000000 0.000000 0.000000 1.000000 0.000000 0.000000
24.000000 226.120689 2.565217 -1.401052 1.726471 0.000000 0.000000 0.000000 1.000000 0.000000 0.000000
24.000000 226.130651 2.530838 -1.393863 1.731928 0.000000 0.000000 0.000000 1.000000 0.000000 0.000000
24.000000 226.140588 2.415587 -1.411282 1.730455 0.000000 0.000000 0.000000 1.000000 0.000000 0.000000
24.000000 226.150661 2.377035 -1.406439 1.726417 0.000000 0.000000 0.000000 1.000000 0.000000 0.000000
24.000000 226.160657 2.300447 -1.411622 1.734686 0.000000 0.000000 0.000000 1.000000 0.000000 0.000000
24.000000 226.170753 2.259388 -1.421802 1.736900 0.000000 0.000000 0.000000 1.000000 0.000000 0.000000
24.000000 226.180656 2.222690 -1.420794 1.741301 0.000000 0.000000 0.000000 1.000000 0.000000 0.000000
24.000000 226.190698 2.132835 -1.420906 1.735355 0.000000 0.000000 0.000000 1.000000 0.000000 0.000000
24.000000 226.200701 2.052149 -1.425117 1.725264 0.000000 0.000000 0.000000 1.000000 0.000000 0.000000
24.000000 226.210684 2.000110 -1.423851 1.719575 0.000000 0.000000 0.000000 1.000000 0.000000 0.000000
24.000000 226.220685 1.981998 -1.434263 1.728266 0.000000 0.000000 0.000000 1.000000 0.000000 0.000000
24.000000 226.230744 1.929017 -1.436296 1.717209 0.000000 0.000000 0.000000 1.000000 0.000000 0.000000
24.000000 226.240763 1.895115 -1.439983 1.715219 0.000000 0.000000 0.000000 1.000000 0.000000 0.000000
24.000000 226.250853 1.906277 -1.443803 1.709204 0.000000 0.000000 0.000000 1.000000 0.000000 0.000000
24.000000 226.260563 1.706468 -1.444753 1.679940 0.000000 0.000000 0.000000 1.000000 0.000000 0.000000
24.000000 226.270638 1.712694 -1.450301 1.682825 0.000000 0.000000 0.000000 1.000000 0.000000 0.000000
24.000000 226.280633 1.643277 -1.456752 1.678071 0.000000 0.000000 0.000000 1.000000 0.000000 0.000000
24.000000 226.290734 1.620475 -1.454212 1.664708 0.000000 0.000000 0.000000 1.000000 0.000000 0.000000
24.000000 226.300670 1.496515 -1.451900 1.637262 0.000000 0.000000 0.000000 1.000000 0.000000 0.000000
24.000000 226.310588 1.444909 -1.461147 1.631472 0.000000 0.000000 0.000000 1.000000 0.000000 0.000000
24.000000 226.320629 1.464375 -1.464348 1.620878 0.000000 0.000000 0.000000 1.000000 0.000000 0.000000
24.000000 226.330798 1.372159 -1.470365 1.600093 0.000000 0.000000 0.000000 1.000000 0.000000 0.000000
24.000000 226.340657 1.420419 -1.477953 1.594633 0.000000 0.000000 0.000000 1.000000 0.000000 0.000000
24.000000 226.350764 1.258783 -1.470660 1.559342 0.000000 0.000000 0.000000 1.000000 0.000000 0.000000
24.000000 226.360650 1.173852 -1.479930 1.548487 0.000000 0.000000 0.000000 1.000000 0.000000 0.000000
24.000000 226.370801 1.125229 -1.479200 1.514284 0.000000 0.000000 0.000000 1.000000 0.000000 0.000000
24.000000 226.380847 1.262198 -1.469977 1.519784 0.000000 0.000000 0.000000 1.000000 0.000000 0.000000
24.000000 226.390762 1.164039 -1.489828 1.488539 0.000000 0.000000 0.000000 1.000000 0.000000 0.000000
24.000000 226.400738 0.889226 -1.474734 1.434768 0.000000 0.000000 0.000000 1.000000 0.000000 0.000000
24.000000 226.410738 0.899155 -1.494843 1.428012 0.000000 0.000000 0.000000 1.000000 0.000000 0.000000
24.000000 226.420717 0.963458 -1.496873 1.402200 0.000000 0.000000 0.000000 1.000000 0.000000 0.000000
24.000000 226.430799 0.791655 -1.499345 1.366824 0.000000 0.000000 0.000000 1.000000 0.000000 0.000000
24.000000 226.440709 0.926799 -1.497329 1.351571 0.000000 0.000000 0.000000 1.000000 0.000000 0.000000
24.000000 226.450775 0.763774 -1.488333 1.309200 0.000000 0.000000 0.000000 1.000000 0.000000 0.000000
24.000000 226.460683 0.700714 -1.489897 1.281209 0.000000 0.000000 0.000000 1.000000 0.000000 0.000000
24.000000 226.470920 0.582703 -1.512423 1.232752 0.000000 0.000000 0.000000 1.000000 0.000000 0.000000
24.000000 226.480684 0.677069 -1.525480 1.202285 0.000000 0.000000 0.000000 1.000000 0.000000 0.000000
24.000000 226.490806 0.507600 -1.500470 1.167700 0.000000 0.000000 0.000000 1.000000 0.000000 0.000000
24.000000 226.500743 0.416546 -1.514638 1.131085 0.000000 0.000000 0.000000 1.000000 0.000000 0.000000
24.000000 226.506281 1.881803 -1.388959 1.326947 0.000000 0.000000 0.000000 1.000000 0.000000 0.000000
24.000000 226.510803 0.386053 -1.518217 1.097258 0.000000 0.000000 0.000000 1.000000 0.000000 0.000000
24.000000 226.516379 1.866706 -1.393907 1.290393 0.000000 0.000000 0.000000 1.000000 0.000000 0.000000
24.000000 226.520761 0.538290 -1.532615 1.084513 0.000000 0.000000 0.000000 1.000000 0.000000 0.000000
24.000000 226.526428 1.821842 -1.398790 1.260153 0.000000 0.000000 0.000000 1.000000 0.000000 0.000000
24.000000 226.530749 0.436396 -1.517724 1.036163 0.000000 0.000000 0.000000 1.000000 0.000000 0.000000
24.000000 226.536347 1.773868 -1.392266 1.224768 0.000000 0.000000 0.000000 1.000000 0.000000 0.000000
24.000000 226.540748 0.208397 -1.534991 0.972546 0.000000 0.000000 0.000000 1.000000 0.000000 0.000000
24.000000 226.546207 1.780384 -1.406759 1.178147 0.000000 0.000000 0.000000 1.000000 0.000000 0.000000
24.000000 226.550838 0.178785 -1.534352 0.938708 0.000000 0.000000 0.000000 1.000000 0.000000 0.000000
24.000000 226.556367 1.732116 -1.406094 1.146435 0.000000 0.000000 0.000000 1.000000 0.000000 0.000000
24.000000 226.560792 0.060620 -1.535592 0.886047 0.000000 0.000000 0.000000 1.000000 0.000000 0.000000
24.000000 226.566317 1.714814 -1.415239 1.111151 0.000000 0.000000 0.000000 1.000000 0.000000 0.000000
24.000000 226.570884 0.054860 -1.538190 0.844058 0.000000 0.000000 0.000000 1.000000 0.000000 0.000000
24.000000 226.580725 -0.002951 -1.554725 0.805343 0.000000 0.000000 0.000000 1.000000 0.000000 0.000000
24.000000 226.590972 -0.075100 -1.547095 0.751626 0.000000 0.000000 0.000000 1.000000 0.000000 0.000000
24.000000 226.600764 -0.098261 -1.553208 0.722262 0.000000 0.000000 0.000000 1.000000 0.000000 0.000000
24.000000 226.610828 -0.216040 -1.552593 0.660057 0.000000 0.000000 0.000000 1.000000 0.000000 0.000000
24.000000 226.620945 -0.239123 -1.557932 0.606801 0.000000 0.000000 0.000000 1.000000 0.000000 0.000000
24.000000 226.630879 -0.324381 -1.564860 0.553613 0.000000 0.000000 0.000000 1.000000 0.000000 0.000000
24.000000 226.640831 -0.352912 -1.564511 0.498687 0.000000 0.000000 0.000000 1.000000 0.000000 0.000000
24.000000 226.650984 -0.436230 -1.563151 0.446784 0.000000 0.000000 0.000000 1.000000 0.000000 0.000000
24.000000 226.657597 -0.542404 -1.567250 0.404791 0.000000 0.000000 0.000000 1.000000 0.000000 0.000000
24.000000 226.660794 -0.549312 -1.572235 0.379151 0.000000 0.000000 0.000000 1.000000 0.000000 0.000000
24.000000 226.667549 -0.578338 -1.577120 0.353877 0.000000 0.000000 0.000000 1.000000 0.000000 0.000000
24.000000 226.670876 -0.547478 -1.572624 0.330624 0.000000 0.000000 0.000000 1.000000 0.000000 0.000000
24.000000 226.677674 -0.586826 -1.577496 0.301830 0.000000 0.000000 0.000000 1.000000 0.000000 0.000000
24.000000 226.680865 -0.624410 -1.589577 0.282169 0.000000 0.000000 0.000000 1.000000 0.000000 0.000000
24.000000 226.687507 -0.717498 -1.593198 0.249500 0.000000 0.000000 0.000000 1.000000 0.000000 0.000000
24.000000 226.700778 -0.785775 -1.582075 0.156621 0.000000 0.000000 0.000000 1.000000 0.000000 0.000000
24.000000 226.707541 -0.866277 -1.588715 0.119926 0.000000 0.000000 0.000000 1.000000 0.000000 0.000000
24.000000 226.711058 -0.823790 -1.582619 0.105225 0.000000 0.000000 0.000000 1.000000 0.000000 0.000000
24.000000 226.717875 -0.843627 -1.586466 0.089551 0.000000 0.000000 0.000000 1.000000 0.000000 0.000000
24.000000 226.720891 -0.834377 -1.590492 0.060896 0.000000 0.000000 0.000000 1.000000 0.000000 0.000000
24.000000 226.727528 -0.961174 -1.597730 0.008945 0.000000 0.000000 0.000000 1.000000 0.000000 0.000000
24.000000 226.730808 -0.957756 -1.600760 -0.005052 0.000000 0.000000 0.000000 1.000000 0.000000 0.000000
24.000000 226.737680 -1.050964 -1.607820 -0.043144 0.000000 0.000000 0.000000 1.000000 0.000000 0.000000
24.000000 226.740753 -1.015816 -1.607823 -0.070013 0.000000 0.000000 0.000000 1.000000 0.000000 0.000000
24.000000 226.747519 -1.038883 -1.609981 -0.082072 0.000000 0.000000 0.000000 1.000000 0.000000 0.000000
24.000000 226.750866 -1.069456 -1.611701 -0.065586 0.000000 0.000000 0.000000 1.000000 0.000000 0.000000
24.000000 226.757618 -1.137458 -1.596018 -0.038760 0.000000 0.000000 0.000000 1.000000 0.000000 0.000000
24.000000 226.760886 -1.215664 -1.609289 -0.023707 0.000000 0.000000 0.000000 1.000000 0.000000 0.000000
24.000000 226.767599 -0.962401 -1.608335 0.037316 0.000000 0.000000 0.000000 1.000000 0.000000 0.000000
24.000000 226.771005 -1.011257 -1.613867 0.058864 0.000000 0.000000 0.000000 1.000000 0.000000 0.000000
24.000000 226.777678 -1.012559 -1.604222 0.085265 0.000000 0.000000 0.000000 1.000000 0.000000 0.000000
24.000000 226.780905 -1.061388 -1.611749 0.099008 0.000000 0.000000 0.000000 1.000000 0.000000 0.000000
24.000000 226.787572 -1.176605 -1.599240 0.108197 0.000000 0.000000 0.000000 1.000000 0.000000 0.000000
24.000000 226.800926 -1.198670 -1.617058 0.174783 0.000000 0.000000 0.000000 1.000000 0.000000 0.000000
24.000000 226.807579 -1.342777 -1.602938 0.185114 0.000000 0.000000 0.000000 1.000000 0.000000 0.000000
24.000000 226.811022 -1.363297 -1.602433 0.206375 0.000000 0.000000 0.000000 1.000000 0.000000 0.000000
24.000000 226.817590 -1.275787 -1.601712 0.229205 0.000000 0.000000 0.000000 1.000000 0.000000 0.000000
24.000000 226.820942 -1.358745 -1.616482 0.243455 0.000000 0.000000 0.000000 1.000000 0.000000 0.000000
24.000000 226.837712 -1.391916 -1.603707 0.318348 0.000000 0.000000 0.000000 1.000000 0.000000 0.000000
24.000000 226.840884 -1.443661 -1.613157 0.325532 0.000000 0.000000 0.000000 1.000000 0.000000 0.000000
24.000000 226.857651 -1.553814 -1.613080 0.365870 0.000000 0.000000 0.000000 1.000000 0.000000 0.000000
24.000000 226.860873 -1.619006 -1.624533 0.376350 0.000000 0.000000 0.000000 1.000000 0.000000 0.000000
24.000000 226.867620 -1.551015 -1.616907 0.412530 0.000000 0.000000 0.000000 1.000000 0.000000 0.000000
24.000000 226.871025 -1.598814 -1.622306 0.431752 0.000000 0.000000 0.000000 1.000000 0.000000 0.000000
24.000000 226.877604 -1.578506 -1.616628 0.451349 0.000000 0.000000 0.000000 1.000000 0.000000 0.000000
24.000000 226.880975 -1.648389 -1.629603 0.460806 0.000000 0.000000 0.000000 1.000000 0.000000 0.000000
24.000000 226.887548 -1.670194 -1.620691 0.480277 0.000000 0.000000 0.000000 1.000000 0.000000 0.000000
24.000000 226.891017 -1.719194 -1.627526 0.494848 0.000000 0.000000 0.000000 1.000000 0.000000 0.000000
24.000000 226.897835 -1.702782 -1.620791 0.516847 0.000000 0.000000 0.000000 1.000000 0.000000 0.000000
24.000000 226.900989 -1.722022 -1.622248 0.527223 0.000000 0.000000 0.000000 1.000000 0.000000 0.000000
24.000000 226.917584 -1.780598 -1.622127 0.574792 0.000000 0.000000 0.000000 1.000000 0.000000 0.000000
24.000000 226.920993 -1.840183 -1.632471 0.584775 0.000000 0.000000 0.000000 1.000000 0.000000 0.000000
24.000000 226.927710 -1.864127 -1.625425 0.598005 0.000000 0.000000 0.000000 1.000000 0.000000 0.000000
24.000000 226.931047 -1.923844 -1.634999 0.610064 0.000000 0.000000 0.000000 1.000000 0.000000 0.000000
24.000000 226.937692 -1.928621 -1.627952 0.626946 0.000000 0.000000 0.000000 1.000000 0.000000 0.000000
24.000000 226.940913 -1.969256 -1.633763 0.637418 0.000000 0.000000 0.000000 1.000000 0.000000 0.000000
24.000000 226.947608 -1.953621 -1.625106 0.664339 0.000000 0.000000 0.000000 1.000000 0.000000 0.000000
24.000000 226.951010 -1.973327 -1.626248 0.676232 0.000000 0.000000 0.000000 1.000000 0.000000 0.000000
24.000000 226.957621 -2.046259 -1.624370 0.665890 0.000000 0.000000 0.000000 1.000000 0.000000 0.000000
24.000000 226.961100 -2.086928 -1.630698 0.674100 0.000000 0.000000 0.000000 1.000000 0.000000 0.000000
24.000000 226.967790 -2.001584 -1.622387 0.714778 0.000000 0.000000 0.000000 1.000000 0.000000 0.000000
24.000000 226.971063 -2.046835 -1.629772 0.725649 0.000000 0.000000 0.000000 1.000000 0.000000 0.000000
24.000000 226.977812 -2.093591 -1.624307 0.731393 0.000000 0.000000 0.000000 1.000000 0.000000 0.000000
24.000000 226.981070 -2.144900 -1.632981 0.741697 0.000000 0.000000 0.000000 1.000000 0.000000 0.000000
24.000000 226.987594 -2.124040 -1.628892 0.757515 0.000000 0.000000 0.000000 1.000000 0.000000 0.000000
24.000000 226.991392 -2.165024 -1.635339 0.767191 0.000000 0.000000 0.000000 1.000000 0.000000 0.000000
24.000000 226.997718 -2.225925 -1.627528 0.776348 0.000000 0.000000 0.000000 1.000000 0.000000 0.000000
24.000000 227.001008 -2.273405 -1.636930 0.781483 0.000000 0.000000 0.000000 1.000000 0.000000 0.000000
24.000000 227.007535 -2.268817 -1.638521 0.778124 0.000000 0.000000 0.000000 1.000000 0.000000 0.000000
24.000000 227.011535 -2.290041 -1.640277 0.787097 0.000000 0.000000 0.000000 1.000000 0.000000 0.000000
24.000000 227.017617 -2.288221 -1.631172 0.811974 0.000000 0.000000 0.000000 1.000000 0.000000 0.000000
24.000000 227.021053 -2.314027 -1.634647 0.820360 0.000000 0.000000 0.000000 1.000000 0.000000 0.000000
24.000000 227.027532 -2.334210 -1.632245 0.822890 0.000000 0.000000 0.000000 1.000000 0.000000 0.000000
24.000000 227.031119 -2.340328 -1.627732 0.841271 0.000000 0.000000 0.000000 1.000000 0.000000 0.000000
24.000000 227.037777 -2.341608 -1.622111 0.855416 0.000000 0.000000 0.000000 1.000000 0.000000 0.000000
24.000000 227.040929 -2.427840 -1.644699 0.845594 0.000000 0.000000 0.000000 1.000000 0.000000 0.000000
24.000000 227.057699 -2.528247 -1.645172 0.850995 0.000000 0.000000 0.000000 1.000000 0.000000 0.000000
24.000000 227.060902 -2.570524 -1.653118 0.855630 0.000000 0.000000 0.000000 1.000000 0.000000 0.000000
24.000000 227.067616 -2.554153 -1.646159 0.878030 0.000000 0.000000 0.000000 1.000000 0.000000 0.000000
24.000000 227.070966 -2.585376 -1.651026 0.885617 0.000000 0.000000 0.000000 1.000000 0.000000 0.000000
24.000000 227.077633 -2.586698 -1.649779 0.888816 0.000000 0.000000 0.000000 1.000000 0.000000 0.000000
24.000000 227.081043 -2.645596 -1.661562 0.893535 0.000000 0.000000 0.000000 1.000000 0.000000 0.000000
24.000000 227.087842 -2.593240 -1.658445 0.912535 0.000000 0.000000 0.000000 1.000000 0.000000 0.000000
24.000000 227.091072 -2.602934 -1.658826 0.918519 0.000000 0.000000 0.000000 1.000000 0.000000 0.000000
24.000000 227.097609 -2.722150 -1.655308 0.904042 0.000000 0.000000 0.000000 1.000000 0.000000 0.000000
24.000000 227.101097 -2.758858 -1.663360 0.904621 0.000000 0.000000 0.000000 1.000000 0.000000 0.000000
24.000000 227.107541 -2.780015 -1.662854 0.901753 0.000000 0.000000 0.000000 1.000000 0.000000 0.000000
24.000000 227.111069 -2.811420 -1.668293 0.906228 0.000000 0.000000 0.000000 1.000000 0.000000 0.000000
24.000000 227.117684 -2.841919 -1.662911 0.913917 0.000000 0.000000 0.000000 1.000000 0.000000 0.000000
24.000000 227.121063 -2.866854 -1.668470 0.914003 0.000000 0.000000 0.000000 1.000000 0.000000 0.000000
24.000000 227.127578 -2.855248 -1.666550 0.921509 0.000000 0.000000 0.000000 1.000000 0.000000 0.000000
24.000000 227.131114 -2.858270 -1.666353 0.924290 0.000000 0.000000 0.000000 1.000000 0.000000 0.000000
24.000000 227.137577 -2.912526 -1.662173 0.925009 0.000000 0.000000 0.000000 1.000000 0.000000 0.000000
24.000000 227.141036 -2.956941 -1.670965 0.928904 0.000000 0.000000 0.000000 1.000000 0.000000 0.000000
24.000000 227.147644 -3.005351 -1.672923 0.914405 0.000000 0.000000 0.000000 1.000000 0.000000 0.000000
24.000000 227.151050 -3.007311 -1.672643 0.916417 0.000000 0.000000 0.000000 1.000000 0.000000 0.000000
24.000000 227.157665 -3.074109 -1.666446 0.919182 0.000000 0.000000 0.000000 1.000000 0.000000 0.000000
24.000000 227.161006 -3.077695 -1.666443 0.921613 0.000000 0.000000 0.000000 1.000000 0.000000 0.000000
24.000000 227.167703 -3.070147 -1.666057 0.924122 0.000000 0.000000 0.000000 1.000000 0.000000 0.000000
24.000000 227.171079 -3.072489 -1.665959 0.925987 0.000000 0.000000 0.000000 1.000000 0.000000 0.000000
24.000000 227.177609 -3.072851 -1.664985 0.928488 0.000000 0.000000 0.000000 1.000000 0.000000 0.000000
24.000000 227.181035 -3.091134 -1.669495 0.927160 0.000000 0.000000 0.000000 1.000000 0.000000 0.000000
24.000000 227.187597 -3.139224 -1.667079 0.924110 0.000000 0.000000 0.000000 1.000000 0.000000 0.000000
24.000000 227.191162 -3.180466 -1.677111 0.921526 0.000000 0.000000 0.000000 1.000000 0.000000 0.000000
24.000000 227.197590 -3.250066 -1.676943 0.908278 0.000000 0.000000 0.000000 1.000000 0.000000 0.000000
24.000000 227.200987 -3.274172 -1.683018 0.906067 0.000000 0.000000 0.000000 1.000000 0.000000 0.000000
24.000000 227.207551 -3.289227 -1.677289 0.918894 0.000000 0.000000 0.000000 1.000000 0.000000 0.000000
24.000000 227.211039 -3.293406 -1.678098 0.919326 0.000000 0.000000 0.000000 1.000000 0.000000 0.000000
24.000000 227.217760 -3.313846 -1.680870 0.907411 0.000000 0.000000 0.000000 1.000000 0.000000 0.000000
24.000000 227.221081 -3.290988 -1.674888 0.910187 0.000000 0.000000 0.000000 1.000000 0.000000 0.000000
24.000000 227.227743 -3.319262 -1.674229 0.906355 0.000000 0.000000 0.000000 1.000000 0.000000 0.000000
24.000000 227.231153 -3.309492 -1.671893 0.906883 0.000000 0.000000 0.000000 1.000000 0.000000 0.000000
24.000000 227.237689 -3.380342 -1.670131 0.897546 0.000000 0.000000 0.000000 1.000000 0.000000 0.000000
24.000000 227.241043 -3.395601 -1.675071 0.892786 0.000000 0.000000 0.000000 1.000000 0.000000 0.000000
24.000000 227.247576 -3.433437 -1.672626 0.891996 0.000000 0.000000 0.000000 1.000000 0.000000 0.000000
24.000000 227.251126 -3.449154 -1.677897 0.886263 0.000000 0.000000 0.000000 1.000000 0.000000 0.000000
24.000000 227.257641 -3.539449 -1.676830 0.870896 0.000000 0.000000 0.000000 1.000000 0.000000 0.000000
24.000000 227.261141 -3.560095 -1.682260 0.868169 0.000000 0.000000 0.000000 1.000000 0.000000 0.000000
24.000000 227.267570 -3.557066 -1.683942 0.864055 0.000000 0.000000 0.000000 1.000000 0.000000 0.000000
24.000000 227.271243 -3.569301 -1.687005 0.862929 0.000000 0.000000 0.000000 1.000000 0.000000 0.000000
24.000000 227.277635 -3.604420 -1.686685 0.856811 0.000000 0.000000 0.000000 1.000000 0.000000 0.000000
24.000000 227.281104 -3.617497 -1.691710 0.850226 0.000000 0.000000 0.000000 1.000000 0.000000 0.000000
24.000000 227.287645 -3.682622 -1.690009 0.841899 0.000000 0.000000 0.000000 1.000000 0.000000 0.000000
24.000000 227.291223 -3.668293 -1.688122 0.837810 0.000000 0.000000 0.000000 1.000000 0.000000 0.000000
24.000000 227.297661 -3.714485 -1.687011 0.831591 0.000000 0.000000 0.000000 1.000000 0.000000 0.000000
24.000000 227.301121 -3.714470 -1.687696 0.829324 0.000000 0.000000 0.000000 1.000000 0.000000 0.000000
24.000000 227.307597 -3.751552 -1.690180 0.814570 0.000000 0.000000 0.000000 1.000000 0.000000 0.000000
24.000000 227.311229 -3.760854 -1.695361 0.804689 0.000000 0.000000 0.000000 1.000000 0.000000 0.000000
24.000000 227.317687 -3.813097 -1.695663 0.793093 0.000000 0.000000 0.000000 1.000000 0.000000 0.000000
24.000000 227.321093 -3.775056 -1.687541 0.792329 0.000000 0.000000 0.000000 1.000000 0.000000 0.000000
24.000000 227.327615 -3.797630 -1.688094 0.786053 0.000000 0.000000 0.000000 1.000000 0.000000 0.000000
24.000000 227.331229 -3.780294 -1.685215 0.783047 0.000000 0.000000 0.000000 1.000000 0.000000 0.000000
24.000000 227.338476 -3.862970 -1.686890 0.761321 0.000000 0.000000 0.000000 1.000000 0.000000 0.000000
24.000000 227.341125 -3.843249 -1.685525 0.752175 0.000000 0.000000 0.000000 1.000000 0.000000 0.000000
24.000000 227.347622 -4.009026 -1.686915 0.714523 0.000000 0.000000 0.000000 1.000000 0.000000 0.000000
24.000000 227.351232 -4.038698 -1.697181 0.703142 0.000000 0.000000 0.000000 1.000000 0.000000 0.000000
24.000000 227.357739 -4.007678 -1.699473 0.703107 0.000000 0.000000 0.000000 1.000000 0.000000 0.000000
24.000000 227.361125 -3.971099 -1.693783 0.696284 0.000000 0.000000 0.000000 1.000000 0.000000 0.000000
24.000000 227.367719 -3.986922 -1.693933 0.692553 0.000000 0.000000 0.000000 1.000000 0.000000 0.000000
24.000000 227.371319 -3.992894 -1.697823 0.684148 0.000000 0.000000 0.000000 1.000000 0.000000 0.000000
24.000000 227.377828 -4.087603 -1.696897 0.666977 0.000000 0.000000 0.000000 1.000000 0.000000 0.000000
24.000000 227.381231 -4.068425 -1.694991 0.659316 0.000000 0.000000 0.000000 1.000000 0.000000 0.000000
24.000000 227.387759 -4.086542 -1.698454 0.644741 0.000000 0.000000 0.000000 1.000000 0.000000 0.000000
24.000000 227.391301 -4.068385 -1.698079 0.632807 0.000000 0.000000 0.000000 1.000000 0.000000 0.000000
24.000000 227.397855 -4.167275 -1.697715 0.612571 0.000000 0.000000 0.000000 1.000000 0.000000 0.000000
24.000000 227.401129 -4.125598 -1.689296 0.610276 0.000000 0.000000 0.000000 1.000000 0.000000 0.000000
24.000000 227.407765 -4.144224 -1.690798 0.601409 0.000000 0.000000 0.000000 1.000000 0.000000 0.000000
24.000000 227.411314 -4.144176 -1.693882 0.590692 0.000000 0.000000 0.000000 1.000000 0.000000 0.000000
24.000000 227.417919 -4.245444 -1.696797 0.559536 0.000000 0.000000 0.000000 1.000000 0.000000 0.000000
24.000000 227.421190 -4.244925 -1.700835 0.545910 0.000000 0.000000 0.000000 1.000000 0.000000 0.000000
24.000000 227.427779 -4.322720 -1.702084 0.525130 0.000000 0.000000 0.000000 1.000000 0.000000 0.000000
24.000000 227.431252 -4.268170 -1.692085 0.519154 0.000000 0.000000 0.000000 1.000000 0.000000 0.000000
24.000000 227.437929 -4.274487 -1.696831 0.502968 0.000000 0.000000 0.000000 1.000000 0.000000 0.000000
24.000000 227.441281 -4.268952 -1.699482 0.490481 0.000000 0.000000 0.000000 1.000000 0.000000 0.000000
24.000000 227.457922 -4.296983 -1.696709 0.465224 0.000000 0.000000 0.000000 1.000000 0.000000 0.000000
24.000000 227.461249 -4.266981 -1.693113 0.452750 0.000000 0.000000 0.000000 1.000000 0.000000 0.000000
24.000000 227.467893 -4.394416 -1.698650 0.403008 0.000000 0.000000 0.000000 1.000000 0.000000 0.000000
24.000000 227.471280 -4.380789 -1.700249 0.387141 0.000000 0.000000 0.000000 1.000000 0.000000 0.000000
24.000000 227.477912 -4.463548 -1.701658 0.363363 0.000000 0.000000 0.000000 1.000000 0.000000 0.000000
24.000000 227.481131 -4.481513 -1.708582 0.352654 0.000000 0.000000 0.000000 1.000000 0.000000 0.000000
24.000000 227.487756 -4.542577 -1.711015 0.330837 0.000000 0.000000 0.000000 1.000000 0.000000 0.000000
24.000000 227.491176 -4.513176 -1.708202 0.318745 0.000000 0.000000 0.000000 1.000000 0.000000 0.000000
24.000000 227.518264 -4.696035 -1.712344 0.202303 0.000000 0.000000 0.000000 1.000000 0.000000 0.000000
24.000000 227.521243 -4.665199 -1.708594 0.192430 0.000000 0.000000 0.000000 1.000000 0.000000 0.000000
24.000000 227.527775 -4.736578 -1.711392 0.166436 0.000000 0.000000 0.000000 1.000000 0.000000 0.000000
24.000000 227.531308 -4.730498 -1.714934 0.149571 0.000000 0.000000 0.000000 1.000000 0.000000 0.000000
24.000000 227.539267 -4.785802 -1.718104 0.125705 0.000000 0.000000 0.000000 1.000000 0.000000 0.000000
24.000000 227.541270 -4.746553 -1.714143 0.109998 0.000000 0.000000 0.000000 1.000000 0.000000 0.000000
24.000000 227.547977 -4.794077 -1.714914 0.095608 0.000000 0.000000 0.000000 1.000000 0.000000 0.000000
24.000000 227.551312 -4.755227 -1.710260 0.080641 0.000000 0.000000 0.000000 1.000000 0.000000 0.000000
