25.000000 242.732674 25.241605 -0.215627 0.569561 0.000000 0.000000 0.000000 1.000000 0.000000 0.000000
25.000000 242.742649 25.130275 -0.224866 0.659958 0.000000 0.000000 0.000000 1.000000 0.000000 0.000000
25.000000 242.752793 24.865356 -0.185693 0.754665 0.000000 0.000000 0.000000 1.000000 0.000000 0.000000
25.000000 242.762596 24.741999 -0.188007 0.850888 0.000000 0.000000 0.000000 1.000000 0.000000 0.000000
25.000000 242.772660 24.638829 -0.185495 0.921584 0.000000 0.000000 0.000000 1.000000 0.000000 0.000000
25.000000 242.782757 24.555460 -0.181756 0.990659 0.000000 0.000000 0.000000 1.000000 0.000000 0.000000
25.000000 242.792767 24.458380 -0.178197 1.073171 0.000000 0.000000 0.000000 1.000000 0.000000 0.000000
25.000000 242.793310 22.736152 0.056031 1.171323 0.000000 0.000000 0.000000 1.000000 0.000000 0.000000
25.000000 242.802647 24.166576 -0.141031 1.161821 0.000000 0.000000 0.000000 1.000000 0.000000 0.000000
25.000000 242.803319 22.644990 0.050114 1.252285 0.000000 0.000000 0.000000 1.000000 0.000000 0.000000
25.000000 242.812814 24.007807 -0.134211 1.250923 0.000000 0.000000 0.000000 1.000000 0.000000 0.000000
25.000000 242.813342 22.555957 0.046440 1.337313 0.000000 0.000000 0.000000 1.000000 0.000000 0.000000
25.000000 242.822676 23.861980 -0.121166 1.344359 0.000000 0.000000 0.000000 1.000000 0.000000 0.000000
25.000000 242.823332 22.491874 0.036902 1.422387 0.000000 0.000000 0.000000 1.000000 0.000000 0.000000
25.000000 242.832719 23.758935 -0.109226 1.411449 0.000000 0.000000 0.000000 1.000000 0.000000 0.000000
25.000000 242.833366 22.381677 0.048633 1.488578 0.000000 0.000000 0.000000 1.000000 0.000000 0.000000
25.000000 242.842655 23.666201 -0.116942 1.487061 0.000000 0.000000 0.000000 1.000000 0.000000 0.000000
25.000000 242.843378 22.272920 0.050790 1.559623 0.000000 0.000000 0.000000 1.000000 0.000000 0.000000
25.000000 242.852736 23.409700 -0.076954 1.568834 0.000000 0.000000 0.000000 1.000000 0.000000 0.000000
25.000000 242.853440 22.150472 0.060141 1.621610 0.000000 0.000000 0.000000 1.000000 0.000000 0.000000
25.000000 242.862697 23.192628 -0.065152 1.640419 0.000000 0.000000 0.000000 1.000000 0.000000 0.000000
25.000000 242.863411 22.026671 0.061720 1.684577 0.000000 0.000000 0.000000 1.000000 0.000000 0.000000
25.000000 242.872716 23.145267 -0.063528 1.699708 0.000000 0.000000 0.000000 1.000000 0.000000 0.000000
25.000000 242.873565 21.939136 0.064943 1.751231 0.000000 0.000000 0.000000 1.000000 0.000000 0.000000
25.000000 242.882699 23.044345 -0.060843 1.763718 0.000000 0.000000 0.000000 1.000000 0.000000 0.000000
25.000000 242.883374 21.830103 0.074072 1.819255 0.000000 0.000000 0.000000 1.000000 0.000000 0.000000
25.000000 242.889833 21.287831 0.044911 1.872877 0.000000 0.000000 0.000000 1.000000 0.000000 0.000000
25.000000 242.892721 22.871164 -0.049871 1.833955 0.000000 0.000000 0.000000 1.000000 0.000000 0.000000
25.000000 242.893416 21.714359 0.075186 1.878366 0.000000 0.000000 0.000000 1.000000 0.000000 0.000000
25.000000 242.899603 21.204673 0.051527 1.934235 0.000000 0.000000 0.000000 1.000000 0.000000 0.000000
25.000000 242.902680 22.750115 -0.039201 1.899280 0.000000 0.000000 0.000000 1.000000 0.000000 0.000000
25.000000 242.903341 21.611820 0.083409 1.941390 0.000000 0.000000 0.000000 1.000000 0.000000 0.000000
25.000000 242.909790 21.099910 0.062558 1.998694 0.000000 0.000000 0.000000 1.000000 0.000000 0.000000
25.000000 242.912825 22.535879 -0.022748 1.956898 0.000000 0.000000 0.000000 1.000000 0.000000 0.000000
25.000000 242.913347 21.435406 0.103701 1.980643 0.000000 0.000000 0.000000 1.000000 0.000000 0.000000
25.000000 242.919760 20.974868 0.068608 2.058740 0.000000 0.000000 0.000000 1.000000 0.000000 0.000000
25.000000 242.922734 22.498808 -0.014002 2.030748 0.000000 0.000000 0.000000 1.000000 0.000000 0.000000
25.000000 242.923294 21.428213 0.089754 2.070292 0.000000 0.000000 0.000000 1.000000 0.000000 0.000000
25.000000 242.929661 20.853051 0.079153 2.117418 0.000000 0.000000 0.000000 1.000000 0.000000 0.000000
25.000000 242.932765 22.509605 -0.002923 2.079894 0.000000 0.000000 0.000000 1.000000 0.000000 0.000000
25.000000 242.933327 21.334581 0.109113 2.124131 0.000000 0.000000 0.000000 1.000000 0.000000 0.000000
25.000000 242.939570 20.730525 0.089771 2.172400 0.000000 0.000000 0.000000 1.000000 0.000000 0.000000
25.000000 242.942693 22.151371 0.010679 2.153115 0.000000 0.000000 0.000000 1.000000 0.000000 0.000000
25.000000 242.943398 21.196686 0.100438 2.175812 0.000000 0.000000 0.000000 1.000000 0.000000 0.000000
25.000000 242.949713 20.614521 0.095318 2.224499 0.000000 0.000000 0.000000 1.000000 0.000000 0.000000
25.000000 242.952738 22.041071 0.014021 2.214085 0.000000 0.000000 0.000000 1.000000 0.000000 0.000000
25.000000 242.953444 21.113079 0.095600 2.234880 0.000000 0.000000 0.000000 1.000000 0.000000 0.000000
25.000000 242.959620 20.489283 0.102436 2.281676 0.000000 0.000000 0.000000 1.000000 0.000000 0.000000
25.000000 242.962687 21.784694 0.026751 2.263861 0.000000 0.000000 0.000000 1.000000 0.000000 0.000000
25.000000 242.963408 20.896323 0.114132 2.268260 0.000000 0.000000 0.000000 1.000000 0.000000 0.000000
25.000000 242.969673 20.370482 0.108576 2.333821 0.000000 0.000000 0.000000 1.000000 0.000000 0.000000
25.000000 242.972771 21.780907 0.033695 2.327548 0.000000 0.000000 0.000000 1.000000 0.000000 0.000000
25.000000 242.973454 20.910990 0.105882 2.346055 0.000000 0.000000 0.000000 1.000000 0.000000 0.000000
25.000000 242.979743 20.245102 0.112402 2.386314 0.000000 0.000000 0.000000 1.000000 0.000000 0.000000
25.000000 242.982702 21.622642 0.041806 2.385393 0.000000 0.000000 0.000000 1.000000 0.000000 0.000000
25.000000 242.983368 20.832739 0.098635 2.402889 0.000000 0.000000 0.000000 1.000000 0.000000 0.000000
25.000000 242.989738 20.124073 0.121497 2.429561 0.000000 0.000000 0.000000 1.000000 0.000000 0.000000
25.000000 242.992691 21.482247 0.050411 2.437452 0.000000 0.000000 0.000000 1.000000 0.000000 0.000000
25.000000 242.993372 20.738066 0.097055 2.453970 0.000000 0.000000 0.000000 1.000000 0.000000 0.000000
25.000000 242.999697 20.003962 0.130738 2.480768 0.000000 0.000000 0.000000 1.000000 0.000000 0.000000
25.000000 243.002867 21.359130 0.061780 2.491565 0.000000 0.000000 0.000000 1.000000 0.000000 0.000000
25.000000 243.003394 20.634128 0.107168 2.507639 0.000000 0.000000 0.000000 1.000000 0.000000 0.000000
25.000000 243.009890 19.887985 0.137546 2.532279 0.000000 0.000000 0.000000 1.000000 0.000000 0.000000
25.000000 243.013129 21.120612 0.074009 2.545255 0.000000 0.000000 0.000000 1.000000 0.000000 0.000000
25.000000 243.013405 20.505433 0.102248 2.551997 0.000000 0.000000 0.000000 1.000000 0.000000 0.000000
25.000000 243.019584 19.769912 0.145979 2.582127 0.000000 0.000000 0.000000 1.000000 0.000000 0.000000
25.000000 243.022858 21.034462 0.082274 2.595236 0.000000 0.000000 0.000000 1.000000 0.000000 0.000000
25.000000 243.023504 20.415090 0.112312 2.598890 0.000000 0.000000 0.000000 1.000000 0.000000 0.000000
25.000000 243.029694 19.642617 0.149313 2.630852 0.000000 0.000000 0.000000 1.000000 0.000000 0.000000
25.000000 243.033036 20.935969 0.088368 2.643591 0.000000 0.000000 0.000000 1.000000 0.000000 0.000000
25.000000 243.033639 20.327251 0.112446 2.649416 0.000000 0.000000 0.000000 1.000000 0.000000 0.000000
25.000000 243.039824 19.514787 0.158295 2.670916 0.000000 0.000000 0.000000 1.000000 0.000000 0.000000
25.000000 243.042740 20.803455 0.097297 2.690021 0.000000 0.000000 0.000000 1.000000 0.000000 0.000000
25.000000 243.043353 20.276988 0.100693 2.692153 0.000000 0.000000 0.000000 1.000000 0.000000 0.000000
25.000000 243.049698 19.373424 0.165133 2.716189 0.000000 0.000000 0.000000 1.000000 0.000000 0.000000
25.000000 243.052786 20.672981 0.103465 2.740072 0.000000 0.000000 0.000000 1.000000 0.000000 0.000000
25.000000 243.053642 20.153272 0.112340 2.741260 0.000000 0.000000 0.000000 1.000000 0.000000 0.000000
25.000000 243.059717 19.272659 0.168303 2.761499 0.000000 0.000000 0.000000 1.000000 0.000000 0.000000
25.000000 243.062776 20.452363 0.111327 2.782093 0.000000 0.000000 0.000000 1.000000 0.000000 0.000000
25.000000 243.063582 19.992768 0.116796 2.773654 0.000000 0.000000 0.000000 1.000000 0.000000 0.000000
25.000000 243.069808 19.147188 0.173885 2.804998 0.000000 0.000000 0.000000 1.000000 0.000000 0.000000
25.000000 243.072836 20.474166 0.119844 2.828856 0.000000 0.000000 0.000000 1.000000 0.000000 0.000000
25.000000 243.073521 20.037645 0.103845 2.833398 0.000000 0.000000 0.000000 1.000000 0.000000 0.000000
25.000000 243.079659 19.040945 0.184965 2.847522 0.000000 0.000000 0.000000 1.000000 0.000000 0.000000
25.000000 243.082735 20.299945 0.132364 2.870836 0.000000 0.000000 0.000000 1.000000 0.000000 0.000000
25.000000 243.083449 19.914148 0.106014 2.866544 0.000000 0.000000 0.000000 1.000000 0.000000 0.000000
25.000000 243.089756 18.914538 0.193244 2.883489 0.000000 0.000000 0.000000 1.000000 0.000000 0.000000
25.000000 243.093009 20.135801 0.141394 2.914409 0.000000 0.000000 0.000000 1.000000 0.000000 0.000000
25.000000 243.093481 19.806001 0.110146 2.909794 0.000000 0.000000 0.000000 1.000000 0.000000 0.000000
25.000000 243.099694 18.794286 0.200772 2.926390 0.000000 0.000000 0.000000 1.000000 0.000000 0.000000
25.000000 243.103025 19.983416 0.151467 2.955966 0.000000 0.000000 0.000000 1.000000 0.000000 0.000000
25.000000 243.103453 19.689280 0.113042 2.947790 0.000000 0.000000 0.000000 1.000000 0.000000 0.000000
25.000000 243.109863 18.680212 0.208796 2.963772 0.000000 0.000000 0.000000 1.000000 0.000000 0.000000
25.000000 243.112987 19.886015 0.163032 2.994858 0.000000 0.000000 0.000000 1.000000 0.000000 0.000000
25.000000 243.113510 19.617796 0.118880 2.991614 0.000000 0.000000 0.000000 1.000000 0.000000 0.000000
25.000000 243.119811 18.550616 0.217848 3.005463 0.000000 0.000000 0.000000 1.000000 0.000000 0.000000
25.000000 243.122821 19.997970 0.176092 3.007304 0.000000 0.000000 0.000000 1.000000 0.000000 0.000000
25.000000 243.123582 19.478283 0.163455 3.011586 0.000000 0.000000 0.000000 1.000000 0.000000 0.000000
25.000000 243.129858 18.429562 0.217574 3.040724 0.000000 0.000000 0.000000 1.000000 0.000000 0.000000
25.000000 243.132916 19.612158 0.173918 3.073537 0.000000 0.000000 0.000000 1.000000 0.000000 0.000000
25.000000 243.133409 19.444086 0.110879 3.062410 0.000000 0.000000 0.000000 1.000000 0.000000 0.000000
25.000000 243.139778 18.321710 0.232509 3.071308 0.000000 0.000000 0.000000 1.000000 0.000000 0.000000
25.000000 243.142728 19.459257 0.189889 3.109677 0.000000 0.000000 0.000000 1.000000 0.000000 0.000000
25.000000 243.143399 19.386590 0.104771 3.095233 0.000000 0.000000 0.000000 1.000000 0.000000 0.000000
25.000000 243.149785 18.184880 0.236377 3.109395 0.000000 0.000000 0.000000 1.000000 0.000000 0.000000
25.000000 243.152879 19.323965 0.196063 3.144500 0.000000 0.000000 0.000000 1.000000 0.000000 0.000000
25.000000 243.153493 19.265646 0.107889 3.128844 0.000000 0.000000 0.000000 1.000000 0.000000 0.000000
25.000000 243.159732 18.091581 0.247998 3.146121 0.000000 0.000000 0.000000 1.000000 0.000000 0.000000
25.000000 243.162799 19.237825 0.211562 3.185253 0.000000 0.000000 0.000000 1.000000 0.000000 0.000000
25.000000 243.163491 19.246472 0.101006 3.177011 0.000000 0.000000 0.000000 1.000000 0.000000 0.000000
25.000000 243.169785 17.960443 0.245946 3.176937 0.000000 0.000000 0.000000 1.000000 0.000000 0.000000
25.000000 243.172896 19.080836 0.210630 3.210046 0.000000 0.000000 0.000000 1.000000 0.000000 0.000000
25.000000 243.173543 19.051033 0.121856 3.195804 0.000000 0.000000 0.000000 1.000000 0.000000 0.000000
25.000000 243.179824 17.848041 0.259267 3.208929 0.000000 0.000000 0.000000 1.000000 0.000000 0.000000
25.000000 243.182788 18.924510 0.225725 3.245029 0.000000 0.000000 0.000000 1.000000 0.000000 0.000000
25.000000 243.183501 19.007029 0.108013 3.227036 0.000000 0.000000 0.000000 1.000000 0.000000 0.000000
25.000000 243.189787 17.699042 0.262931 3.233329 0.000000 0.000000 0.000000 1.000000 0.000000 0.000000
25.000000 243.192857 18.827684 0.227627 3.273968 0.000000 0.000000 0.000000 1.000000 0.000000 0.000000
25.000000 243.193452 18.842206 0.131738 3.260547 0.000000 0.000000 0.000000 1.000000 0.000000 0.000000
25.000000 243.199710 17.595530 0.266853 3.266152 0.000000 0.000000 0.000000 1.000000 0.000000 0.000000
25.000000 243.202811 18.703500 0.235975 3.303532 0.000000 0.000000 0.000000 1.000000 0.000000 0.000000
25.000000 243.209841 17.474076 0.271563 3.294625 0.000000 0.000000 0.000000 1.000000 0.000000 0.000000
25.000000 243.212901 18.660721 0.242038 3.324513 0.000000 0.000000 0.000000 1.000000 0.000000 0.000000
25.000000 243.213423 18.667028 0.145245 3.312607 0.000000 0.000000 0.000000 1.000000 0.000000 0.000000
25.000000 243.219766 17.338422 0.275032 3.318779 0.000000 0.000000 0.000000 1.000000 0.000000 0.000000
25.000000 243.222830 18.479102 0.246451 3.360803 0.000000 0.000000 0.000000 1.000000 0.000000 0.000000
25.000000 243.223598 18.640710 0.116956 3.350763 0.000000 0.000000 0.000000 1.000000 0.000000 0.000000
25.000000 243.229778 17.231997 0.279802 3.341447 0.000000 0.000000 0.000000 1.000000 0.000000 0.000000
25.000000 243.232874 18.435070 0.254780 3.381586 0.000000 0.000000 0.000000 1.000000 0.000000 0.000000
25.000000 243.233672 18.560319 0.130071 3.383165 0.000000 0.000000 0.000000 1.000000 0.000000 0.000000
25.000000 243.239945 17.080793 0.286648 3.363590 0.000000 0.000000 0.000000 1.000000 0.000000 0.000000
25.000000 243.242790 18.203844 0.260009 3.406112 0.000000 0.000000 0.000000 1.000000 0.000000 0.000000
25.000000 243.243470 18.357972 0.136958 3.398965 0.000000 0.000000 0.000000 1.000000 0.000000 0.000000
25.000000 243.249952 16.971021 0.288790 3.388563 0.000000 0.000000 0.000000 1.000000 0.000000 0.000000
25.000000 243.252900 18.198017 0.267265 3.425499 0.000000 0.000000 0.000000 1.000000 0.000000 0.000000
25.000000 243.253650 18.405146 0.118037 3.428087 0.000000 0.000000 0.000000 1.000000 0.000000 0.000000
25.000000 243.259829 16.851766 0.298315 3.415629 0.000000 0.000000 0.000000 1.000000 0.000000 0.000000
25.000000 243.262779 18.023825 0.276613 3.454249 0.000000 0.000000 0.000000 1.000000 0.000000 0.000000
25.000000 243.263691 18.271648 0.123272 3.449952 0.000000 0.000000 0.000000 1.000000 0.000000 0.000000
25.000000 243.269998 16.722071 0.299573 3.428946 0.000000 0.000000 0.000000 1.000000 0.000000 0.000000
25.000000 243.272968 17.889796 0.281036 3.465547 0.000000 0.000000 0.000000 1.000000 0.000000 0.000000
25.000000 243.273522 18.106699 0.141962 3.468027 0.000000 0.000000 0.000000 1.000000 0.000000 0.000000
25.000000 243.279852 16.624705 0.311503 3.454793 0.000000 0.000000 0.000000 1.000000 0.000000 0.000000
25.000000 243.282862 17.726879 0.292729 3.494180 0.000000 0.000000 0.000000 1.000000 0.000000 0.000000
25.000000 243.283507 17.985102 0.152638 3.488139 0.000000 0.000000 0.000000 1.000000 0.000000 0.000000
25.000000 243.289899 16.466279 0.314708 3.461622 0.000000 0.000000 0.000000 1.000000 0.000000 0.000000
25.000000 243.293035 17.635025 0.297342 3.503147 0.000000 0.000000 0.000000 1.000000 0.000000 0.000000
25.000000 243.293471 17.870558 0.161263 3.507839 0.000000 0.000000 0.000000 1.000000 0.000000 0.000000
25.000000 243.299777 16.395948 0.328949 3.483369 0.000000 0.000000 0.000000 1.000000 0.000000 0.000000
25.000000 243.302855 17.472310 0.314109 3.522748 0.000000 0.000000 0.000000 1.000000 0.000000 0.000000
25.000000 243.303676 17.824159 0.143515 3.524009 0.000000 0.000000 0.000000 1.000000 0.000000 0.000000
25.000000 243.309866 16.264341 0.332099 3.496104 0.000000 0.000000 0.000000 1.000000 0.000000 0.000000
25.000000 243.312934 17.227824 0.317722 3.539883 0.000000 0.000000 0.000000 1.000000 0.000000 0.000000
25.000000 243.313531 17.561842 0.175361 3.536110 0.000000 0.000000 0.000000 1.000000 0.000000 0.000000
25.000000 243.319758 16.128319 0.335094 3.515020 0.000000 0.000000 0.000000 1.000000 0.000000 0.000000
25.000000 243.322865 17.262276 0.323984 3.549245 0.000000 0.000000 0.000000 1.000000 0.000000 0.000000
25.000000 243.323569 17.549871 0.180017 3.553899 0.000000 0.000000 0.000000 1.000000 0.000000 0.000000
25.000000 243.329961 16.022152 0.349318 3.527931 0.000000 0.000000 0.000000 1.000000 0.000000 0.000000
25.000000 243.332937 17.097082 0.339764 3.559449 0.000000 0.000000 0.000000 1.000000 0.000000 0.000000
25.000000 243.333679 17.338006 0.211049 3.566145 0.000000 0.000000 0.000000 1.000000 0.000000 0.000000
25.000000 243.342866 16.998924 0.346164 3.572901 0.000000 0.000000 0.000000 1.000000 0.000000 0.000000
25.000000 243.343682 17.262037 0.211030 3.579401 0.000000 0.000000 0.000000 1.000000 0.000000 0.000000
25.000000 243.349898 15.785241 0.365773 3.551238 0.000000 0.000000 0.000000 1.000000 0.000000 0.000000
25.000000 243.352970 16.879480 0.357100 3.580268 0.000000 0.000000 0.000000 1.000000 0.000000 0.000000
25.000000 243.353731 17.148979 0.213965 3.587729 0.000000 0.000000 0.000000 1.000000 0.000000 0.000000
25.000000 243.359760 15.655081 0.359120 3.572278 0.000000 0.000000 0.000000 1.000000 0.000000 0.000000
25.000000 243.362902 16.813719 0.354712 3.591922 0.000000 0.000000 0.000000 1.000000 0.000000 0.000000
25.000000 243.363691 17.091338 0.205511 3.604232 0.000000 0.000000 0.000000 1.000000 0.000000 0.000000
25.000000 243.369902 15.556329 0.373946 3.580250 0.000000 0.000000 0.000000 1.000000 0.000000 0.000000
25.000000 243.372932 16.633916 0.368680 3.604721 0.000000 0.000000 0.000000 1.000000 0.000000 0.000000
25.000000 243.373582 16.866286 0.243501 3.614078 0.000000 0.000000 0.000000 1.000000 0.000000 0.000000
25.000000 243.379028 15.566008 0.465254 3.540183 0.000000 0.000000 0.000000 1.000000 0.000000 0.000000
25.000000 243.379811 15.428342 0.378968 3.590253 0.000000 0.000000 0.000000 1.000000 0.000000 0.000000
25.000000 243.382928 16.525108 0.376942 3.608176 0.000000 0.000000 0.000000 1.000000 0.000000 0.000000
25.000000 243.383870 16.805430 0.231897 3.621813 0.000000 0.000000 0.000000 1.000000 0.000000 0.000000
25.000000 243.389953 15.281850 0.381633 3.594326 0.000000 0.000000 0.000000 1.000000 0.000000 0.000000
25.000000 243.392995 16.425811 0.378514 3.616197 0.000000 0.000000 0.000000 1.000000 0.000000 0.000000
25.000000 243.393749 16.677514 0.244099 3.630828 0.000000 0.000000 0.000000 1.000000 0.000000 0.000000
25.000000 243.399815 15.164022 0.390485 3.604332 0.000000 0.000000 0.000000 1.000000 0.000000 0.000000
25.000000 243.402903 16.297840 0.388793 3.625904 0.000000 0.000000 0.000000 1.000000 0.000000 0.000000
25.000000 243.403527 16.532249 0.266090 3.639462 0.000000 0.000000 0.000000 1.000000 0.000000 0.000000
25.000000 243.409859 15.054669 0.394537 3.614536 0.000000 0.000000 0.000000 1.000000 0.000000 0.000000
25.000000 243.413126 16.126510 0.394911 3.628704 0.000000 0.000000 0.000000 1.000000 0.000000 0.000000
25.000000 243.413519 16.273909 0.302117 3.643324 0.000000 0.000000 0.000000 1.000000 0.000000 0.000000
25.000000 243.419827 14.966714 0.402800 3.621444 0.000000 0.000000 0.000000 1.000000 0.000000 0.000000
25.000000 243.422932 16.050049 0.403530 3.637917 0.000000 0.000000 0.000000 1.000000 0.000000 0.000000
25.000000 243.423606 16.234796 0.299857 3.652675 0.000000 0.000000 0.000000 1.000000 0.000000 0.000000
25.000000 243.429753 14.859561 0.422733 3.622945 0.000000 0.000000 0.000000 1.000000 0.000000 0.000000
25.000000 243.433254 15.900144 0.425127 3.639763 0.000000 0.000000 0.000000 1.000000 0.000000 0.000000
25.000000 243.433595 16.196960 0.281098 3.659242 0.000000 0.000000 0.000000 1.000000 0.000000 0.000000
25.000000 243.439872 14.709501 0.413221 3.627788 0.000000 0.000000 0.000000 1.000000 0.000000 0.000000
25.000000 243.443088 15.856584 0.412466 3.648088 0.000000 0.000000 0.000000 1.000000 0.000000 0.000000
25.000000 243.443600 16.028978 0.310708 3.663613 0.000000 0.000000 0.000000 1.000000 0.000000 0.000000
25.000000 243.448976 14.760392 0.524126 3.594396 0.000000 0.000000 0.000000 1.000000 0.000000 0.000000
25.000000 243.449963 14.581266 0.424339 3.629511 0.000000 0.000000 0.000000 1.000000 0.000000 0.000000
25.000000 243.453270 15.710415 0.426216 3.647280 0.000000 0.000000 0.000000 1.000000 0.000000 0.000000
25.000000 243.453622 15.868040 0.330430 3.667686 0.000000 0.000000 0.000000 1.000000 0.000000 0.000000
25.000000 243.459888 14.492652 0.429425 3.633029 0.000000 0.000000 0.000000 1.000000 0.000000 0.000000
25.000000 243.462960 15.539669 0.432504 3.645980 0.000000 0.000000 0.000000 1.000000 0.000000 0.000000
25.000000 243.463540 15.709764 0.334846 3.664454 0.000000 0.000000 0.000000 1.000000 0.000000 0.000000
25.000000 243.469785 14.395669 0.446829 3.634475 0.000000 0.000000 0.000000 1.000000 0.000000 0.000000
25.000000 243.473182 15.439345 0.451464 3.650646 0.000000 0.000000 0.000000 1.000000 0.000000 0.000000
25.000000 243.473486 15.740194 0.309145 3.673221 0.000000 0.000000 0.000000 1.000000 0.000000 0.000000
25.000000 243.479912 14.277179 0.450886 3.635376 0.000000 0.000000 0.000000 1.000000 0.000000 0.000000
25.000000 243.482876 15.343996 0.456718 3.651003 0.000000 0.000000 0.000000 1.000000 0.000000 0.000000
25.000000 243.483552 15.654710 0.311292 3.675828 0.000000 0.000000 0.000000 1.000000 0.000000 0.000000
25.000000 243.489931 14.120481 0.445653 3.640090 0.000000 0.000000 0.000000 1.000000 0.000000 0.000000
25.000000 243.493068 15.274846 0.449327 3.657164 0.000000 0.000000 0.000000 1.000000 0.000000 0.000000
25.000000 243.493609 15.499335 0.337346 3.673216 0.000000 0.000000 0.000000 1.000000 0.000000 0.000000
25.000000 243.500088 14.024300 0.463131 3.629898 0.000000 0.000000 0.000000 1.000000 0.000000 0.000000
25.000000 243.503160 15.102172 0.469175 3.647816 0.000000 0.000000 0.000000 1.000000 0.000000 0.000000
25.000000 243.503650 15.365008 0.344459 3.672496 0.000000 0.000000 0.000000 1.000000 0.000000 0.000000
25.000000 243.510094 13.938447 0.467695 3.629550 0.000000 0.000000 0.000000 1.000000 0.000000 0.000000
25.000000 243.513194 14.941398 0.473326 3.646746 0.000000 0.000000 0.000000 1.000000 0.000000 0.000000
25.000000 243.513596 15.135648 0.374785 3.670881 0.000000 0.000000 0.000000 1.000000 0.000000 0.000000
25.000000 243.520013 13.833903 0.479799 3.626010 0.000000 0.000000 0.000000 1.000000 0.000000 0.000000
25.000000 243.523016 14.869626 0.485925 3.644838 0.000000 0.000000 0.000000 1.000000 0.000000 0.000000
25.000000 243.523571 15.155020 0.354545 3.669481 0.000000 0.000000 0.000000 1.000000 0.000000 0.000000
25.000000 243.529989 13.708949 0.483972 3.620687 0.000000 0.000000 0.000000 1.000000 0.000000 0.000000
25.000000 243.533211 14.754910 0.491656 3.637103 0.000000 0.000000 0.000000 1.000000 0.000000 0.000000
25.000000 243.533634 15.035913 0.362440 3.663214 0.000000 0.000000 0.000000 1.000000 0.000000 0.000000
25.000000 243.540063 13.571870 0.501185 3.618166 0.000000 0.000000 0.000000 1.000000 0.000000 0.000000
25.000000 243.542955 14.613680 0.507553 3.635810 0.000000 0.000000 0.000000 1.000000 0.000000 0.000000
25.000000 243.543942 14.912872 0.369847 3.659688 0.000000 0.000000 0.000000 1.000000 0.000000 0.000000
25.000000 243.550028 13.492009 0.505100 3.610189 0.000000 0.000000 0.000000 1.000000 0.000000 0.000000
25.000000 243.553097 14.541831 0.511884 3.623716 0.000000 0.000000 0.000000 1.000000 0.000000 0.000000
25.000000 243.553810 14.812616 0.379561 3.650041 0.000000 0.000000 0.000000 1.000000 0.000000 0.000000
25.000000 243.559992 13.399281 0.509615 3.611808 0.000000 0.000000 0.000000 1.000000 0.000000 0.000000
25.000000 243.562958 14.396383 0.515959 3.618444 0.000000 0.000000 0.000000 1.000000 0.000000 0.000000
25.000000 243.563575 14.622795 0.399035 3.638088 0.000000 0.000000 0.000000 1.000000 0.000000 0.000000
25.000000 243.569921 13.293514 0.516044 3.602229 0.000000 0.000000 0.000000 1.000000 0.000000 0.000000
25.000000 243.573129 14.311199 0.523427 3.609994 0.000000 0.000000 0.000000 1.000000 0.000000 0.000000
25.000000 243.573615 14.562218 0.398952 3.631791 0.000000 0.000000 0.000000 1.000000 0.000000 0.000000
25.000000 243.580075 13.170716 0.525922 3.592770 0.000000 0.000000 0.000000 1.000000 0.000000 0.000000
25.000000 243.582969 14.196572 0.533856 3.600336 0.000000 0.000000 0.000000 1.000000 0.000000 0.000000
25.000000 243.583618 14.372397 0.435952 3.625259 0.000000 0.000000 0.000000 1.000000 0.000000 0.000000
25.000000 243.590063 13.049757 0.532595 3.577804 0.000000 0.000000 0.000000 1.000000 0.000000 0.000000
25.000000 243.593067 14.101628 0.540878 3.581756 0.000000 0.000000 0.000000 1.000000 0.000000 0.000000
25.000000 243.593653 14.344148 0.413755 3.608278 0.000000 0.000000 0.000000 1.000000 0.000000 0.000000
25.000000 243.599983 12.904689 0.538507 3.566123 0.000000 0.000000 0.000000 1.000000 0.000000 0.000000
25.000000 243.602973 13.984430 0.547747 3.569539 0.000000 0.000000 0.000000 1.000000 0.000000 0.000000
25.000000 243.603669 14.118342 0.460852 3.599295 0.000000 0.000000 0.000000 1.000000 0.000000 0.000000
25.000000 243.610171 12.881276 0.559494 3.553214 0.000000 0.000000 0.000000 1.000000 0.000000 0.000000
25.000000 243.613085 13.836581 0.566949 3.553173 0.000000 0.000000 0.000000 1.000000 0.000000 0.000000
25.000000 243.613653 14.036127 0.454589 3.576581 0.000000 0.000000 0.000000 1.000000 0.000000 0.000000
25.000000 243.619859 12.725543 0.554298 3.542581 0.000000 0.000000 0.000000 1.000000 0.000000 0.000000
25.000000 243.622971 13.751034 0.564031 3.542422 0.000000 0.000000 0.000000 1.000000 0.000000 0.000000
25.000000 243.623588 13.942937 0.453110 3.574090 0.000000 0.000000 0.000000 1.000000 0.000000 0.000000
25.000000 243.629989 12.620956 0.563557 3.527741 0.000000 0.000000 0.000000 1.000000 0.000000 0.000000
25.000000 243.633142 13.633110 0.574833 3.524521 0.000000 0.000000 0.000000 1.000000 0.000000 0.000000
25.000000 243.633624 13.749280 0.489865 3.561459 0.000000 0.000000 0.000000 1.000000 0.000000 0.000000
25.000000 243.640061 12.499543 0.576256 3.502007 0.000000 0.000000 0.000000 1.000000 0.000000 0.000000
25.000000 243.643064 13.528089 0.585171 3.505788 0.000000 0.000000 0.000000 1.000000 0.000000 0.000000
25.000000 243.643615 13.740584 0.463821 3.544320 0.000000 0.000000 0.000000 1.000000 0.000000 0.000000
25.000000 243.649985 12.407386 0.581949 3.495176 0.000000 0.000000 0.000000 1.000000 0.000000 0.000000
25.000000 243.653129 13.389340 0.593844 3.489104 0.000000 0.000000 0.000000 1.000000 0.000000 0.000000
25.000000 243.653665 13.515120 0.506440 3.524607 0.000000 0.000000 0.000000 1.000000 0.000000 0.000000
25.000000 243.659847 12.278400 0.581637 3.476551 0.000000 0.000000 0.000000 1.000000 0.000000 0.000000
25.000000 243.662997 13.256731 0.592970 3.468699 0.000000 0.000000 0.000000 1.000000 0.000000 0.000000
25.000000 243.663683 13.386969 0.501250 3.506244 0.000000 0.000000 0.000000 1.000000 0.000000 0.000000
25.000000 243.669946 12.193976 0.598590 3.457043 0.000000 0.000000 0.000000 1.000000 0.000000 0.000000
25.000000 243.673105 13.153512 0.610765 3.447634 0.000000 0.000000 0.000000 1.000000 0.000000 0.000000
25.000000 243.673660 13.307050 0.510334 3.484600 0.000000 0.000000 0.000000 1.000000 0.000000 0.000000
25.000000 243.679850 12.101861 0.609420 3.439234 0.000000 0.000000 0.000000 1.000000 0.000000 0.000000
25.000000 243.683019 13.049911 0.622449 3.424656 0.000000 0.000000 0.000000 1.000000 0.000000 0.000000
25.000000 243.683692 13.200948 0.522413 3.458616 0.000000 0.000000 0.000000 1.000000 0.000000 0.000000
25.000000 243.689927 11.968163 0.611069 3.412304 0.000000 0.000000 0.000000 1.000000 0.000000 0.000000
25.000000 243.693094 12.975047 0.621566 3.402165 0.000000 0.000000 0.000000 1.000000 0.000000 0.000000
25.000000 243.693685 13.081314 0.533165 3.444794 0.000000 0.000000 0.000000 1.000000 0.000000 0.000000
25.000000 243.699962 11.814382 0.620572 3.392209 0.000000 0.000000 0.000000 1.000000 0.000000 0.000000
25.000000 243.703017 12.834033 0.634367 3.380371 0.000000 0.000000 0.000000 1.000000 0.000000 0.000000
25.000000 243.703686 12.984785 0.532490 3.423641 0.000000 0.000000 0.000000 1.000000 0.000000 0.000000
25.000000 243.709929 11.755565 0.627694 3.371539 0.000000 0.000000 0.000000 1.000000 0.000000 0.000000
25.000000 243.713140 12.701207 0.639339 3.365075 0.000000 0.000000 0.000000 1.000000 0.000000 0.000000
25.000000 243.713662 12.854607 0.538492 3.409236 0.000000 0.000000 0.000000 1.000000 0.000000 0.000000
25.000000 243.719880 11.612581 0.626436 3.352005 0.000000 0.000000 0.000000 1.000000 0.000000 0.000000
25.000000 243.723056 12.629470 0.641465 3.329550 0.000000 0.000000 0.000000 1.000000 0.000000 0.000000
25.000000 243.723648 12.711645 0.556645 3.380105 0.000000 0.000000 0.000000 1.000000 0.000000 0.000000
25.000000 243.730003 11.518130 0.631915 3.324582 0.000000 0.000000 0.000000 1.000000 0.000000 0.000000
25.000000 243.733061 12.532409 0.647768 3.301474 0.000000 0.000000 0.000000 1.000000 0.000000 0.000000
25.000000 243.733665 12.597952 0.571377 3.352567 0.000000 0.000000 0.000000 1.000000 0.000000 0.000000
25.000000 243.739911 11.353076 0.640956 3.302734 0.000000 0.000000 0.000000 1.000000 0.000000 0.000000
25.000000 243.743073 12.404633 0.657710 3.276663 0.000000 0.000000 0.000000 1.000000 0.000000 0.000000
25.000000 243.743700 12.476215 0.579243 3.326877 0.000000 0.000000 0.000000 1.000000 0.000000 0.000000
25.000000 243.750051 11.266000 0.653696 3.274044 0.000000 0.000000 0.000000 1.000000 0.000000 0.000000
25.000000 243.753175 12.302275 0.669516 3.246881 0.000000 0.000000 0.000000 1.000000 0.000000 0.000000
25.000000 243.753730 12.376736 0.588105 3.297120 0.000000 0.000000 0.000000 1.000000 0.000000 0.000000
25.000000 243.759907 11.199474 0.651444 3.248363 0.000000 0.000000 0.000000 1.000000 0.000000 0.000000
25.000000 243.763062 12.159142 0.665349 3.220704 0.000000 0.000000 0.000000 1.000000 0.000000 0.000000
25.000000 243.763728 12.140482 0.622153 3.271203 0.000000 0.000000 0.000000 1.000000 0.000000 0.000000
25.000000 243.769957 11.082943 0.667008 3.218785 0.000000 0.000000 0.000000 1.000000 0.000000 0.000000
25.000000 243.773107 12.100657 0.683508 3.182961 0.000000 0.000000 0.000000 1.000000 0.000000 0.000000
25.000000 243.773685 12.138640 0.603763 3.245324 0.000000 0.000000 0.000000 1.000000 0.000000 0.000000
25.000000 243.779942 10.978720 0.672292 3.187643 0.000000 0.000000 0.000000 1.000000 0.000000 0.000000
25.000000 243.783066 11.988413 0.686894 3.151784 0.000000 0.000000 0.000000 1.000000 0.000000 0.000000
25.000000 243.783840 11.932990 0.646604 3.213816 0.000000 0.000000 0.000000 1.000000 0.000000 0.000000
25.000000 243.790018 10.880682 0.678384 3.157301 0.000000 0.000000 0.000000 1.000000 0.000000 0.000000
25.000000 243.793110 11.885829 0.690694 3.123431 0.000000 0.000000 0.000000 1.000000 0.000000 0.000000
25.000000 243.793724 11.816930 0.655230 3.187728 0.000000 0.000000 0.000000 1.000000 0.000000 0.000000
25.000000 243.801499 10.756369 0.691731 3.126252 0.000000 0.000000 0.000000 1.000000 0.000000 0.000000
25.000000 243.803057 11.757215 0.703331 3.089989 0.000000 0.000000 0.000000 1.000000 0.000000 0.000000
25.000000 243.803758 11.705106 0.661345 3.151552 0.000000 0.000000 0.000000 1.000000 0.000000 0.000000
25.000000 243.810139 10.655072 0.689975 3.094263 0.000000 0.000000 0.000000 1.000000 0.000000 0.000000
25.000000 243.813226 11.652339 0.704309 3.048735 0.000000 0.000000 0.000000 1.000000 0.000000 0.000000
25.000000 243.813782 11.529933 0.682649 3.121076 0.000000 0.000000 0.000000 1.000000 0.000000 0.000000
25.000000 243.819959 10.560481 0.699331 3.061726 0.000000 0.000000 0.000000 1.000000 0.000000 0.000000
25.000000 243.823173 11.505455 0.711793 3.021791 0.000000 0.000000 0.000000 1.000000 0.000000 0.000000
25.000000 243.823844 11.478735 0.658592 3.085372 0.000000 0.000000 0.000000 1.000000 0.000000 0.000000
25.000000 243.830065 10.462120 0.709754 3.024131 0.000000 0.000000 0.000000 1.000000 0.000000 0.000000
25.000000 243.833216 11.437661 0.723276 2.981935 0.000000 0.000000 0.000000 1.000000 0.000000 0.000000
25.000000 243.833724 11.408718 0.669884 3.048751 0.000000 0.000000 0.000000 1.000000 0.000000 0.000000
25.000000 243.839931 10.323236 0.713734 2.991264 0.000000 0.000000 0.000000 1.000000 0.000000 0.000000
25.000000 243.843057 11.349001 0.724384 2.946048 0.000000 0.000000 0.000000 1.000000 0.000000 0.000000
25.000000 243.843739 11.325937 0.661241 3.018646 0.000000 0.000000 0.000000 1.000000 0.000000 0.000000
25.000000 243.850110 10.249283 0.724786 2.956405 0.000000 0.000000 0.000000 1.000000 0.000000 0.000000
25.000000 243.853286 11.237968 0.734576 2.912041 0.000000 0.000000 0.000000 1.000000 0.000000 0.000000
25.000000 243.853771 11.193168 0.686438 2.979420 0.000000 0.000000 0.000000 1.000000 0.000000 0.000000
25.000000 243.859960 10.133380 0.725058 2.921785 0.000000 0.000000 0.000000 1.000000 0.000000 0.000000
25.000000 243.863170 11.126171 0.738930 2.866391 0.000000 0.000000 0.000000 1.000000 0.000000 0.000000
25.000000 243.863859 10.999113 0.716604 2.945710 0.000000 0.000000 0.000000 1.000000 0.000000 0.000000
25.000000 243.870032 10.030796 0.731549 2.886533 0.000000 0.000000 0.000000 1.000000 0.000000 0.000000
25.000000 243.873356 11.045866 0.743448 2.830475 0.000000 0.000000 0.000000 1.000000 0.000000 0.000000
25.000000 243.873754 10.980770 0.695637 2.906053 0.000000 0.000000 0.000000 1.000000 0.000000 0.000000
25.000000 243.879978 9.949662 0.746925 2.847151 0.000000 0.000000 0.000000 1.000000 0.000000 0.000000
25.000000 243.883132 10.928738 0.755206 2.788820 0.000000 0.000000 0.000000 1.000000 0.000000 0.000000
25.000000 243.883867 10.854103 0.707033 2.863925 0.000000 0.000000 0.000000 1.000000 0.000000 0.000000
25.000000 243.890259 9.844328 0.758042 2.805639 0.000000 0.000000 0.000000 1.000000 0.000000 0.000000
25.000000 243.893373 10.808486 0.759396 2.752281 0.000000 0.000000 0.000000 1.000000 0.000000 0.000000
25.000000 243.893782 10.736466 0.712614 2.824526 0.000000 0.000000 0.000000 1.000000 0.000000 0.000000
25.000000 243.900003 9.675222 0.762117 2.764608 0.000000 0.000000 0.000000 1.000000 0.000000 0.000000
25.000000 243.903350 10.693392 0.768559 2.703487 0.000000 0.000000 0.000000 1.000000 0.000000 0.000000
25.000000 243.903731 10.614983 0.721959 2.784087 0.000000 0.000000 0.000000 1.000000 0.000000 0.000000
25.000000 243.910040 9.613959 0.761530 2.724142 0.000000 0.000000 0.000000 1.000000 0.000000 0.000000
25.000000 243.913251 10.602951 0.771747 2.651601 0.000000 0.000000 0.000000 1.000000 0.000000 0.000000
25.000000 243.913749 10.450467 0.749757 2.739482 0.000000 0.000000 0.000000 1.000000 0.000000 0.000000
25.000000 243.919962 9.521514 0.768809 2.683991 0.000000 0.000000 0.000000 1.000000 0.000000 0.000000
25.000000 243.923196 10.495359 0.778334 2.614053 0.000000 0.000000 0.000000 1.000000 0.000000 0.000000
25.000000 243.923744 10.396571 0.737486 2.697870 0.000000 0.000000 0.000000 1.000000 0.000000 0.000000
25.000000 243.930011 9.423840 0.777531 2.638793 0.000000 0.000000 0.000000 1.000000 0.000000 0.000000
25.000000 243.933255 10.404795 0.786315 2.562486 0.000000 0.000000 0.000000 1.000000 0.000000 0.000000
25.000000 243.933799 10.276856 0.751940 2.651929 0.000000 0.000000 0.000000 1.000000 0.000000 0.000000
25.000000 243.939995 9.333702 0.788793 2.587278 0.000000 0.000000 0.000000 1.000000 0.000000 0.000000
25.000000 243.943183 10.311398 0.786828 2.515518 0.000000 0.000000 0.000000 1.000000 0.000000 0.000000
25.000000 243.943895 10.118216 0.780289 2.609924 0.000000 0.000000 0.000000 1.000000 0.000000 0.000000
25.000000 243.950105 9.193932 0.788816 2.544445 0.000000 0.000000 0.000000 1.000000 0.000000 0.000000
25.000000 243.953258 10.201591 0.793008 2.463241 0.000000 0.000000 0.000000 1.000000 0.000000 0.000000
25.000000 243.953778 10.011832 0.783442 2.562690 0.000000 0.000000 0.000000 1.000000 0.000000 0.000000
25.000000 243.960083 9.088821 0.791408 2.501366 0.000000 0.000000 0.000000 1.000000 0.000000 0.000000
25.000000 243.963214 10.102859 0.796794 2.410054 0.000000 0.000000 0.000000 1.000000 0.000000 0.000000
25.000000 243.963928 9.919969 0.780030 2.508967 0.000000 0.000000 0.000000 1.000000 0.000000 0.000000
25.000000 243.970115 9.042191 0.803300 2.455040 0.000000 0.000000 0.000000 1.000000 0.000000 0.000000
25.000000 243.973221 9.999681 0.805843 2.367600 0.000000 0.000000 0.000000 1.000000 0.000000 0.000000
25.000000 243.973792 9.817466 0.791515 2.464109 0.000000 0.000000 0.000000 1.000000 0.000000 0.000000
25.000000 243.979990 8.927386 0.811818 2.409267 0.000000 0.000000 0.000000 1.000000 0.000000 0.000000
25.000000 243.983197 9.923695 0.814197 2.319174 0.000000 0.000000 0.000000 1.000000 0.000000 0.000000
25.000000 243.983905 9.767733 0.786535 2.420007 0.000000 0.000000 0.000000 1.000000 0.000000 0.000000
25.000000 243.990100 8.835419 0.840381 2.357828 0.000000 0.000000 0.000000 1.000000 0.000000 0.000000
25.000000 243.993310 9.791539 0.826293 2.271674 0.000000 0.000000 0.000000 1.000000 0.000000 0.000000
25.000000 243.993837 9.579961 0.822884 2.370730 0.000000 0.000000 0.000000 1.000000 0.000000 0.000000
25.000000 244.000048 8.743953 0.837827 2.315860 0.000000 0.000000 0.000000 1.000000 0.000000 0.000000
25.000000 244.003248 9.694511 0.827096 2.223275 0.000000 0.000000 0.000000 1.000000 0.000000 0.000000
25.000000 244.003914 9.465024 0.832419 2.324333 0.000000 0.000000 0.000000 1.000000 0.000000 0.000000
25.000000 244.010101 8.664754 0.842046 2.264501 0.000000 0.000000 0.000000 1.000000 0.000000 0.000000
25.000000 244.013305 9.567876 0.834380 2.172343 0.000000 0.000000 0.000000 1.000000 0.000000 0.000000
25.000000 244.013840 9.383873 0.819932 2.270792 0.000000 0.000000 0.000000 1.000000 0.000000 0.000000
25.000000 244.020032 8.570324 0.850422 2.214204 0.000000 0.000000 0.000000 1.000000 0.000000 0.000000
25.000000 244.023145 9.511688 0.841039 2.114852 0.000000 0.000000 0.000000 1.000000 0.000000 0.000000
25.000000 244.023921 9.319881 0.820125 2.224496 0.000000 0.000000 0.000000 1.000000 0.000000 0.000000
25.000000 244.030119 8.502780 0.858986 2.159583 0.000000 0.000000 0.000000 1.000000 0.000000 0.000000
25.000000 244.033221 9.397115 0.844171 2.063582 0.000000 0.000000 0.000000 1.000000 0.000000 0.000000
25.000000 244.033866 9.199135 0.836945 2.162884 0.000000 0.000000 0.000000 1.000000 0.000000 0.000000
25.000000 244.040023 8.420890 0.876115 2.105390 0.000000 0.000000 0.000000 1.000000 0.000000 0.000000
25.000000 244.043184 9.288062 0.853607 2.013254 0.000000 0.000000 0.000000 1.000000 0.000000 0.000000
25.000000 244.043953 9.119830 0.830758 2.111531 0.000000 0.000000 0.000000 1.000000 0.000000 0.000000
25.000000 244.050148 8.285675 0.875613 2.058034 0.000000 0.000000 0.000000 1.000000 0.000000 0.000000
25.000000 244.053368 9.190268 0.863034 1.950528 0.000000 0.000000 0.000000 1.000000 0.000000 0.000000
25.000000 244.053840 9.021733 0.834657 2.055013 0.000000 0.000000 0.000000 1.000000 0.000000 0.000000
25.000000 244.060050 8.245119 0.887260 1.995434 0.000000 0.000000 0.000000 1.000000 0.000000 0.000000
25.000000 244.063166 9.103781 0.863092 1.902998 0.000000 0.000000 0.000000 1.000000 0.000000 0.000000
25.000000 244.063918 8.963145 0.829653 2.004128 0.000000 0.000000 0.000000 1.000000 0.000000 0.000000
25.000000 244.070125 8.152831 0.898704 1.942009 0.000000 0.000000 0.000000 1.000000 0.000000 0.000000
25.000000 244.073241 9.005402 0.873882 1.836834 0.000000 0.000000 0.000000 1.000000 0.000000 0.000000
25.000000 244.073912 8.803150 0.863462 1.942662 0.000000 0.000000 0.000000 1.000000 0.000000 0.000000
25.000000 244.080069 8.082049 0.910498 1.883277 0.000000 0.000000 0.000000 1.000000 0.000000 0.000000
25.000000 244.083329 8.892736 0.881420 1.777713 0.000000 0.000000 0.000000 1.000000 0.000000 0.000000
25.000000 244.084195 8.717717 0.853862 1.880045 0.000000 0.000000 0.000000 1.000000 0.000000 0.000000
25.000000 244.090087 8.000287 0.924489 1.819721 0.000000 0.000000 0.000000 1.000000 0.000000 0.000000
25.000000 244.093420 8.791247 0.887863 1.714004 0.000000 0.000000 0.000000 1.000000 0.000000 0.000000
25.000000 244.093879 8.580853 0.878428 1.819421 0.000000 0.000000 0.000000 1.000000 0.000000 0.000000
25.000000 244.100121 7.859170 0.913496 1.758311 0.000000 0.000000 0.000000 1.000000 0.000000 0.000000
25.000000 244.103256 8.717301 0.885405 1.644696 0.000000 0.000000 0.000000 1.000000 0.000000 0.000000
25.000000 244.104090 8.511647 0.874740 1.763198 0.000000 0.000000 0.000000 1.000000 0.000000 0.000000
25.000000 244.110157 7.832729 0.935193 1.708515 0.000000 0.000000 0.000000 1.000000 0.000000 0.000000
25.000000 244.113318 8.588323 0.894579 1.601158 0.000000 0.000000 0.000000 1.000000 0.000000 0.000000
25.000000 244.114033 8.357916 0.898118 1.709596 0.000000 0.000000 0.000000 1.000000 0.000000 0.000000
25.000000 244.120033 7.758852 0.951620 1.651178 0.000000 0.000000 0.000000 1.000000 0.000000 0.000000
25.000000 244.123239 8.511573 0.909488 1.537958 0.000000 0.000000 0.000000 1.000000 0.000000 0.000000
25.000000 244.124114 8.349333 0.874954 1.636495 0.000000 0.000000 0.000000 1.000000 0.000000 0.000000
25.000000 244.130200 7.670557 0.957159 1.587907 0.000000 0.000000 0.000000 1.000000 0.000000 0.000000
25.000000 244.133313 8.419005 0.911309 1.472532 0.000000 0.000000 0.000000 1.000000 0.000000 0.000000
25.000000 244.133824 8.233512 0.890297 1.574826 0.000000 0.000000 0.000000 1.000000 0.000000 0.000000
25.000000 244.140029 7.597120 0.976136 1.524978 0.000000 0.000000 0.000000 1.000000 0.000000 0.000000
25.000000 244.143246 8.312341 0.922432 1.414154 0.000000 0.000000 0.000000 1.000000 0.000000 0.000000
25.000000 244.144129 8.146876 0.889872 1.515415 0.000000 0.000000 0.000000 1.000000 0.000000 0.000000
25.000000 244.150156 7.531985 0.981066 1.457938 0.000000 0.000000 0.000000 1.000000 0.000000 0.000000
25.000000 244.153347 8.217812 0.924502 1.349146 0.000000 0.000000 0.000000 1.000000 0.000000 0.000000
25.000000 244.154082 8.045415 0.889377 1.458079 0.000000 0.000000 0.000000 1.000000 0.000000 0.000000
25.000000 244.160218 7.443180 0.985310 1.398052 0.000000 0.000000 0.000000 1.000000 0.000000 0.000000
25.000000 244.163250 8.122335 0.930406 1.277093 0.000000 0.000000 0.000000 1.000000 0.000000 0.000000
25.000000 244.163909 7.880675 0.934075 1.388123 0.000000 0.000000 0.000000 1.000000 0.000000 0.000000
25.000000 244.170171 7.349033 0.998887 1.337936 0.000000 0.000000 0.000000 1.000000 0.000000 0.000000
25.000000 244.173353 8.037268 0.938449 1.214734 0.000000 0.000000 0.000000 1.000000 0.000000 0.000000
25.000000 244.173795 7.829820 0.915010 1.330892 0.000000 0.000000 0.000000 1.000000 0.000000 0.000000
25.000000 244.180038 7.256708 1.007338 1.279232 0.000000 0.000000 0.000000 1.000000 0.000000 0.000000
25.000000 244.183512 7.949198 0.947809 1.146967 0.000000 0.000000 0.000000 1.000000 0.000000 0.000000
25.000000 244.184140 7.744934 0.917554 1.264310 0.000000 0.000000 0.000000 1.000000 0.000000 0.000000
25.000000 244.190158 7.176871 1.019918 1.208489 0.000000 0.000000 0.000000 1.000000 0.000000 0.000000
25.000000 244.193429 7.841137 0.956186 1.079540 0.000000 0.000000 0.000000 1.000000 0.000000 0.000000
25.000000 244.193979 7.635400 0.928780 1.198053 0.000000 0.000000 0.000000 1.000000 0.000000 0.000000
25.000000 244.200104 7.069992 1.023562 1.150027 0.000000 0.000000 0.000000 1.000000 0.000000 0.000000
25.000000 244.203285 7.751651 0.959360 1.011999 0.000000 0.000000 0.000000 1.000000 0.000000 0.000000
25.000000 244.203984 7.545078 0.932628 1.131198 0.000000 0.000000 0.000000 1.000000 0.000000 0.000000
25.000000 244.210122 7.004295 1.030871 1.077331 0.000000 0.000000 0.000000 1.000000 0.000000 0.000000
25.000000 244.213349 7.648487 0.969499 0.939770 0.000000 0.000000 0.000000 1.000000 0.000000 0.000000
25.000000 244.213852 7.439713 0.941018 1.060606 0.000000 0.000000 0.000000 1.000000 0.000000 0.000000
25.000000 244.223367 7.549485 0.969365 0.885290 0.000000 0.000000 0.000000 1.000000 0.000000 0.000000
25.000000 244.224024 7.375027 0.931940 1.004163 0.000000 0.000000 0.000000 1.000000 0.000000 0.000000
25.000000 244.230178 6.861146 1.050814 0.937701 0.000000 0.000000 0.000000 1.000000 0.000000 0.000000
25.000000 244.233478 7.465985 0.975914 0.814237 0.000000 0.000000 0.000000 1.000000 0.000000 0.000000
25.000000 244.234040 7.258369 0.962671 0.936920 0.000000 0.000000 0.000000 1.000000 0.000000 0.000000
25.000000 244.240155 6.753616 1.057505 0.867390 0.000000 0.000000 0.000000 1.000000 0.000000 0.000000
25.000000 244.243345 7.364686 0.979609 0.736402 0.000000 0.000000 0.000000 1.000000 0.000000 0.000000
25.000000 244.244136 7.175064 0.951024 0.859148 0.000000 0.000000 0.000000 1.000000 0.000000 0.000000
25.000000 244.250230 6.691511 1.067517 0.797051 0.000000 0.000000 0.000000 1.000000 0.000000 0.000000
25.000000 244.253383 7.278356 0.987612 0.651944 0.000000 0.000000 0.000000 1.000000 0.000000 0.000000
25.000000 244.253974 7.054708 0.961804 0.778396 0.000000 0.000000 0.000000 1.000000 0.000000 0.000000
25.000000 244.260142 6.612264 1.076835 0.729486 0.000000 0.000000 0.000000 1.000000 0.000000 0.000000
25.000000 244.263376 7.165073 0.993449 0.595874 0.000000 0.000000 0.000000 1.000000 0.000000 0.000000
25.000000 244.264025 6.973598 0.968055 0.709368 0.000000 0.000000 0.000000 1.000000 0.000000 0.000000
25.000000 244.270188 6.549585 1.087184 0.651781 0.000000 0.000000 0.000000 1.000000 0.000000 0.000000
25.000000 244.273435 7.105025 0.999418 0.515244 0.000000 0.000000 0.000000 1.000000 0.000000 0.000000
25.000000 244.273942 6.902683 0.969010 0.642235 0.000000 0.000000 0.000000 1.000000 0.000000 0.000000
25.000000 244.280104 6.464419 1.100101 0.581284 0.000000 0.000000 0.000000 1.000000 0.000000 0.000000
25.000000 244.283287 7.015730 1.010562 0.444975 0.000000 0.000000 0.000000 1.000000 0.000000 0.000000
25.000000 244.284155 6.764879 0.991292 0.560538 0.000000 0.000000 0.000000 1.000000 0.000000 0.000000
25.000000 244.290245 6.379688 1.114997 0.509459 0.000000 0.000000 0.000000 1.000000 0.000000 0.000000
25.000000 244.293405 6.913719 1.013629 0.356242 0.000000 0.000000 0.000000 1.000000 0.000000 0.000000
25.000000 244.294000 6.766598 0.967558 0.490995 0.000000 0.000000 0.000000 1.000000 0.000000 0.000000
25.000000 244.300170 6.338553 1.117670 0.426533 0.000000 0.000000 0.000000 1.000000 0.000000 0.000000
25.000000 244.303322 6.832037 1.019836 0.295147 0.000000 0.000000 0.000000 1.000000 0.000000 0.000000
25.000000 244.304070 6.591003 0.990902 0.403661 0.000000 0.000000 0.000000 1.000000 0.000000 0.000000
25.000000 244.310170 6.242219 1.128768 0.355108 0.000000 0.000000 0.000000 1.000000 0.000000 0.000000
25.000000 244.313319 6.713582 1.025810 0.209456 0.000000 0.000000 0.000000 1.000000 0.000000 0.000000
25.000000 244.314028 6.475354 1.013372 0.335248 0.000000 0.000000 0.000000 1.000000 0.000000 0.000000
25.000000 244.320146 6.160892 1.133528 0.280218 0.000000 0.000000 0.000000 1.000000 0.000000 0.000000
25.000000 244.323302 6.630627 1.032109 0.128819 0.000000 0.000000 0.000000 1.000000 0.000000 0.000000
25.000000 244.324105 6.447845 1.006676 0.275214 0.000000 0.000000 0.000000 1.000000 0.000000 0.000000
25.000000 244.330182 6.088136 1.145770 0.203647 0.000000 0.000000 0.000000 1.000000 0.000000 0.000000
25.000000 244.333406 6.563918 1.037367 0.063115 0.000000 0.000000 0.000000 1.000000 0.000000 0.000000
25.000000 244.334018 6.326310 1.003305 0.172745 0.000000 0.000000 0.000000 1.000000 0.000000 0.000000
25.000000 244.340123 6.052190 1.155184 0.127225 0.000000 0.000000 0.000000 1.000000 0.000000 0.000000
25.000000 244.343286 6.481548 1.045113 0.018689 0.000000 0.000000 0.000000 1.000000 0.000000 0.000000
25.000000 244.344175 6.219604 1.037560 0.159365 0.000000 0.000000 0.000000 1.000000 0.000000 0.000000
25.000000 244.350240 6.002519 1.169763 0.181103 0.000000 0.000000 0.000000 1.000000 0.000000 0.000000
25.000000 244.353377 6.421643 1.045726 0.063236 0.000000 0.000000 0.000000 1.000000 0.000000 0.000000
25.000000 244.354017 6.246100 1.016451 0.232592 0.000000 0.000000 0.000000 1.000000 0.000000 0.000000
25.000000 244.360190 5.954115 1.163511 0.239139 0.000000 0.000000 0.000000 1.000000 0.000000 0.000000
25.000000 244.363322 6.376971 1.047371 0.123984 0.000000 0.000000 0.000000 1.000000 0.000000 0.000000
25.000000 244.364105 6.138157 1.037687 0.280901 0.000000 0.000000 0.000000 1.000000 0.000000 0.000000
25.000000 244.370260 5.878036 1.159527 0.304733 0.000000 0.000000 0.000000 1.000000 0.000000 0.000000
25.000000 244.373500 6.333423 1.048999 0.178565 0.000000 0.000000 0.000000 1.000000 0.000000 0.000000
25.000000 244.374087 6.155008 1.022195 0.347825 0.000000 0.000000 0.000000 1.000000 0.000000 0.000000
25.000000 244.380185 5.836465 1.165114 0.360352 0.000000 0.000000 0.000000 1.000000 0.000000 0.000000
25.000000 244.383359 6.284198 1.056210 0.255097 0.000000 0.000000 0.000000 1.000000 0.000000 0.000000
25.000000 244.384084 6.139386 1.001824 0.396066 0.000000 0.000000 0.000000 1.000000 0.000000 0.000000
25.000000 244.390268 5.754165 1.169315 0.421436 0.000000 0.000000 0.000000 1.000000 0.000000 0.000000
25.000000 244.393454 6.245164 1.052441 0.307633 0.000000 0.000000 0.000000 1.000000 0.000000 0.000000
25.000000 244.394174 6.053839 1.026782 0.466956 0.000000 0.000000 0.000000 1.000000 0.000000 0.000000
25.000000 244.400356 5.716137 1.162676 0.470159 0.000000 0.000000 0.000000 1.000000 0.000000 0.000000
25.000000 244.403370 6.202299 1.052847 0.343896 0.000000 0.000000 0.000000 1.000000 0.000000 0.000000
25.000000 244.403988 5.971104 1.041619 0.506760 0.000000 0.000000 0.000000 1.000000 0.000000 0.000000
25.000000 244.410304 5.666099 1.164983 0.521625 0.000000 0.000000 0.000000 1.000000 0.000000 0.000000
25.000000 244.413489 6.133590 1.054808 0.401621 0.000000 0.000000 0.000000 1.000000 0.000000 0.000000
25.000000 244.414002 5.905724 1.046247 0.560693 0.000000 0.000000 0.000000 1.000000 0.000000 0.000000
25.000000 244.420180 5.604542 1.164586 0.577975 0.000000 0.000000 0.000000 1.000000 0.000000 0.000000
25.000000 244.423528 6.102134 1.060440 0.452698 0.000000 0.000000 0.000000 1.000000 0.000000 0.000000
25.000000 244.424065 5.921772 1.019718 0.606304 0.000000 0.000000 0.000000 1.000000 0.000000 0.000000
25.000000 244.430286 5.560346 1.167339 0.625241 0.000000 0.000000 0.000000 1.000000 0.000000 0.000000
25.000000 244.433633 6.053696 1.061553 0.501385 0.000000 0.000000 0.000000 1.000000 0.000000 0.000000
25.000000 244.433981 5.856921 1.029506 0.660742 0.000000 0.000000 0.000000 1.000000 0.000000 0.000000
25.000000 244.440207 5.481016 1.174661 0.681140 0.000000 0.000000 0.000000 1.000000 0.000000 0.000000
25.000000 244.443623 6.015910 1.063879 0.546441 0.000000 0.000000 0.000000 1.000000 0.000000 0.000000
25.000000 244.444051 5.793619 1.051848 0.711054 0.000000 0.000000 0.000000 1.000000 0.000000 0.000000
25.000000 244.450255 5.437638 1.167611 0.725035 0.000000 0.000000 0.000000 1.000000 0.000000 0.000000
25.000000 244.453649 5.976829 1.068545 0.602844 0.000000 0.000000 0.000000 1.000000 0.000000 0.000000
25.000000 244.453979 5.770845 1.028868 0.751381 0.000000 0.000000 0.000000 1.000000 0.000000 0.000000
25.000000 244.460212 5.402789 1.171926 0.770122 0.000000 0.000000 0.000000 1.000000 0.000000 0.000000
25.000000 244.463639 5.907080 1.068437 0.645372 0.000000 0.000000 0.000000 1.000000 0.000000 0.000000
25.000000 244.464056 5.707014 1.048045 0.801228 0.000000 0.000000 0.000000 1.000000 0.000000 0.000000
25.000000 244.470250 5.344437 1.171131 0.819184 0.000000 0.000000 0.000000 1.000000 0.000000 0.000000
25.000000 244.473478 5.877245 1.071948 0.687675 0.000000 0.000000 0.000000 1.000000 0.000000 0.000000
25.000000 244.474100 5.666894 1.056300 0.849799 0.000000 0.000000 0.000000 1.000000 0.000000 0.000000
25.000000 244.480233 5.282908 1.173734 0.864725 0.000000 0.000000 0.000000 1.000000 0.000000 0.000000
25.000000 244.483590 5.828052 1.075673 0.732650 0.000000 0.000000 0.000000 1.000000 0.000000 0.000000
25.000000 244.484143 5.621650 1.059165 0.896532 0.000000 0.000000 0.000000 1.000000 0.000000 0.000000
25.000000 244.490247 5.214256 1.183273 0.913020 0.000000 0.000000 0.000000 1.000000 0.000000 0.000000
25.000000 244.493531 5.779248 1.072779 0.779055 0.000000 0.000000 0.000000 1.000000 0.000000 0.000000
25.000000 244.494159 5.578780 1.058026 0.941174 0.000000 0.000000 0.000000 1.000000 0.000000 0.000000
25.000000 244.500266 5.179973 1.178371 0.950605 0.000000 0.000000 0.000000 1.000000 0.000000 0.000000
25.000000 244.503581 5.738685 1.077227 0.820291 0.000000 0.000000 0.000000 1.000000 0.000000 0.000000
25.000000 244.504256 5.553527 1.052028 0.982041 0.000000 0.000000 0.000000 1.000000 0.000000 0.000000
25.000000 244.510311 5.153971 1.180691 0.983087 0.000000 0.000000 0.000000 1.000000 0.000000 0.000000
25.000000 244.513494 5.678365 1.077920 0.864988 0.000000 0.000000 0.000000 1.000000 0.000000 0.000000
25.000000 244.514088 5.504082 1.051595 1.021789 0.000000 0.000000 0.000000 1.000000 0.000000 0.000000
25.000000 244.520235 5.093446 1.180430 1.027756 0.000000 0.000000 0.000000 1.000000 0.000000 0.000000
25.000000 244.523633 5.642706 1.082219 0.903085 0.000000 0.000000 0.000000 1.000000 0.000000 0.000000
25.000000 244.524199 5.456683 1.063330 1.063803 0.000000 0.000000 0.000000 1.000000 0.000000 0.000000
25.000000 244.530207 5.047391 1.186682 1.063019 0.000000 0.000000 0.000000 1.000000 0.000000 0.000000
25.000000 244.533556 5.596094 1.085468 0.939674 0.000000 0.000000 0.000000 1.000000 0.000000 0.000000
25.000000 244.534169 5.429818 1.051508 1.100616 0.000000 0.000000 0.000000 1.000000 0.000000 0.000000
25.000000 244.540166 4.801974 1.161321 1.163502 0.000000 0.000000 0.000000 1.000000 0.000000 0.000000
25.000000 244.543489 5.551636 1.088224 0.979647 0.000000 0.000000 0.000000 1.000000 0.000000 0.000000
25.000000 244.544202 5.389399 1.050572 1.141270 0.000000 0.000000 0.000000 1.000000 0.000000 0.000000
25.000000 244.550299 4.976203 1.199363 1.133705 0.000000 0.000000 0.000000 1.000000 0.000000 0.000000
25.000000 244.553604 5.506751 1.088443 1.017669 0.000000 0.000000 0.000000 1.000000 0.000000 0.000000
25.000000 244.554147 5.334363 1.057018 1.184850 0.000000 0.000000 0.000000 1.000000 0.000000 0.000000
25.000000 244.560313 4.890345 1.184693 1.176412 0.000000 0.000000 0.000000 1.000000 0.000000 0.000000
25.000000 244.563514 5.464634 1.090030 1.045725 0.000000 0.000000 0.000000 1.000000 0.000000 0.000000
25.000000 244.564232 5.286948 1.063541 1.211516 0.000000 0.000000 0.000000 1.000000 0.000000 0.000000
25.000000 244.570377 4.835664 1.189514 1.215637 0.000000 0.000000 0.000000 1.000000 0.000000 0.000000
25.000000 244.573637 5.415178 1.093879 1.087674 0.000000 0.000000 0.000000 1.000000 0.000000 0.000000
25.000000 244.574114 5.248187 1.064513 1.252721 0.000000 0.000000 0.000000 1.000000 0.000000 0.000000
25.000000 244.580260 4.786217 1.186505 1.247318 0.000000 0.000000 0.000000 1.000000 0.000000 0.000000
25.000000 244.583505 5.370242 1.097311 1.119105 0.000000 0.000000 0.000000 1.000000 0.000000 0.000000
25.000000 244.584241 5.209334 1.065837 1.283288 0.000000 0.000000 0.000000 1.000000 0.000000 0.000000
25.000000 244.590267 4.708559 1.189968 1.289158 0.000000 0.000000 0.000000 1.000000 0.000000 0.000000
25.000000 244.593760 5.333887 1.095459 1.150461 0.000000 0.000000 0.000000 1.000000 0.000000 0.000000
25.000000 244.594175 5.176375 1.062992 1.314924 0.000000 0.000000 0.000000 1.000000 0.000000 0.000000
25.000000 244.600294 4.691631 1.196009 1.311183 0.000000 0.000000 0.000000 1.000000 0.000000 0.000000
25.000000 244.603673 5.281504 1.101315 1.185328 0.000000 0.000000 0.000000 1.000000 0.000000 0.000000
25.000000 244.604239 5.129591 1.066972 1.350980 0.000000 0.000000 0.000000 1.000000 0.000000 0.000000
25.000000 244.610388 4.607483 1.190164 1.348599 0.000000 0.000000 0.000000 1.000000 0.000000 0.000000
25.000000 244.613574 5.223513 1.102743 1.212408 0.000000 0.000000 0.000000 1.000000 0.000000 0.000000
25.000000 244.614100 5.039105 1.085676 1.387147 0.000000 0.000000 0.000000 1.000000 0.000000 0.000000
25.000000 244.620223 4.586371 1.192889 1.373544 0.000000 0.000000 0.000000 1.000000 0.000000 0.000000
25.000000 244.623516 5.197376 1.103438 1.242189 0.000000 0.000000 0.000000 1.000000 0.000000 0.000000
25.000000 244.624120 5.045611 1.066266 1.413895 0.000000 0.000000 0.000000 1.000000 0.000000 0.000000
25.000000 244.630343 4.520411 1.196214 1.403963 0.000000 0.000000 0.000000 1.000000 0.000000 0.000000
25.000000 244.633767 5.149760 1.103299 1.268478 0.000000 0.000000 0.000000 1.000000 0.000000 0.000000
25.000000 244.634036 5.025317 1.057849 1.426585 0.000000 0.000000 0.000000 1.000000 0.000000 0.000000
25.000000 244.640303 4.482741 1.200760 1.429345 0.000000 0.000000 0.000000 1.000000 0.000000 0.000000
25.000000 244.643661 5.110904 1.109852 1.293964 0.000000 0.000000 0.000000 1.000000 0.000000 0.000000
25.000000 244.644215 4.951843 1.080794 1.466407 0.000000 0.000000 0.000000 1.000000 0.000000 0.000000
25.000000 244.650430 4.426059 1.203308 1.459892 0.000000 0.000000 0.000000 1.000000 0.000000 0.000000
25.000000 244.653585 5.064529 1.110541 1.322673 0.000000 0.000000 0.000000 1.000000 0.000000 0.000000
25.000000 244.654055 4.903112 1.084400 1.496532 0.000000 0.000000 0.000000 1.000000 0.000000 0.000000
25.000000 244.660349 4.343074 1.194863 1.493260 0.000000 0.000000 0.000000 1.000000 0.000000 0.000000
25.000000 244.663640 5.016815 1.115325 1.346603 0.000000 0.000000 0.000000 1.000000 0.000000 0.000000
25.000000 244.664096 4.866310 1.083118 1.519153 0.000000 0.000000 0.000000 1.000000 0.000000 0.000000
25.000000 244.670306 4.294540 1.197966 1.516385 0.000000 0.000000 0.000000 1.000000 0.000000 0.000000
25.000000 244.673770 4.972135 1.116624 1.371295 0.000000 0.000000 0.000000 1.000000 0.000000 0.000000
25.000000 244.674039 4.804928 1.092586 1.554970 0.000000 0.000000 0.000000 1.000000 0.000000 0.000000
25.000000 244.680301 4.247752 1.198319 1.543187 0.000000 0.000000 0.000000 1.000000 0.000000 0.000000
25.000000 244.683512 4.930890 1.116405 1.396279 0.000000 0.000000 0.000000 1.000000 0.000000 0.000000
25.000000 244.684141 4.794258 1.074544 1.572963 0.000000 0.000000 0.000000 1.000000 0.000000 0.000000
25.000000 244.693828 4.889953 1.120933 1.413101 0.000000 0.000000 0.000000 1.000000 0.000000 0.000000
25.000000 244.694066 4.758933 1.075301 1.590594 0.000000 0.000000 0.000000 1.000000 0.000000 0.000000
25.000000 244.700300 4.213964 1.226622 1.570245 0.000000 0.000000 0.000000 1.000000 0.000000 0.000000
25.000000 244.703688 4.842210 1.122485 1.436418 0.000000 0.000000 0.000000 1.000000 0.000000 0.000000
25.000000 244.704285 4.680210 1.096264 1.620666 0.000000 0.000000 0.000000 1.000000 0.000000 0.000000
25.000000 244.710485 4.094462 1.203405 1.607899 0.000000 0.000000 0.000000 1.000000 0.000000 0.000000
25.000000 244.713855 4.784388 1.124286 1.459154 0.000000 0.000000 0.000000 1.000000 0.000000 0.000000
25.000000 244.714180 4.642778 1.094949 1.629688 0.000000 0.000000 0.000000 1.000000 0.000000 0.000000
25.000000 244.720245 4.045503 1.205668 1.627306 0.000000 0.000000 0.000000 1.000000 0.000000 0.000000
25.000000 244.723793 4.758215 1.124368 1.472255 0.000000 0.000000 0.000000 1.000000 0.000000 0.000000
25.000000 244.724260 4.613707 1.089603 1.654751 0.000000 0.000000 0.000000 1.000000 0.000000 0.000000
25.000000 244.730537 3.999207 1.208806 1.647685 0.000000 0.000000 0.000000 1.000000 0.000000 0.000000
25.000000 244.733819 4.707848 1.130370 1.494726 0.000000 0.000000 0.000000 1.000000 0.000000 0.000000
25.000000 244.734143 4.570418 1.093800 1.674956 0.000000 0.000000 0.000000 1.000000 0.000000 0.000000
25.000000 244.740390 3.959075 1.223225 1.660971 0.000000 0.000000 0.000000 1.000000 0.000000 0.000000
25.000000 244.743510 4.653189 1.131024 1.512639 0.000000 0.000000 0.000000 1.000000 0.000000 0.000000
25.000000 244.744316 4.509711 1.099924 1.696177 0.000000 0.000000 0.000000 1.000000 0.000000 0.000000
25.000000 244.750531 3.911152 1.216638 1.679685 0.000000 0.000000 0.000000 1.000000 0.000000 0.000000
25.000000 244.753675 4.620401 1.131636 1.524633 0.000000 0.000000 0.000000 1.000000 0.000000 0.000000
25.000000 244.754184 4.467605 1.104973 1.710033 0.000000 0.000000 0.000000 1.000000 0.000000 0.000000
25.000000 244.760459 3.876682 1.219772 1.692726 0.000000 0.000000 0.000000 1.000000 0.000000 0.000000
25.000000 244.763685 4.562059 1.135015 1.541861 0.000000 0.000000 0.000000 1.000000 0.000000 0.000000
25.000000 244.764242 4.419461 1.101351 1.725776 0.000000 0.000000 0.000000 1.000000 0.000000 0.000000
25.000000 244.770452 3.805686 1.214111 1.709931 0.000000 0.000000 0.000000 1.000000 0.000000 0.000000
25.000000 244.773562 4.528284 1.134862 1.553950 0.000000 0.000000 0.000000 1.000000 0.000000 0.000000
25.000000 244.774043 4.377656 1.107875 1.744952 0.000000 0.000000 0.000000 1.000000 0.000000 0.000000
25.000000 244.780351 3.758848 1.215851 1.724830 0.000000 0.000000 0.000000 1.000000 0.000000 0.000000
25.000000 244.783525 4.492135 1.141989 1.563085 0.000000 0.000000 0.000000 1.000000 0.000000 0.000000
25.000000 244.784360 4.355805 1.103035 1.753701 0.000000 0.000000 0.000000 1.000000 0.000000 0.000000
25.000000 244.790503 3.769551 1.235690 1.723033 0.000000 0.000000 0.000000 1.000000 0.000000 0.000000
25.000000 244.793550 4.448176 1.140782 1.576638 0.000000 0.000000 0.000000 1.000000 0.000000 0.000000
25.000000 244.794261 4.321446 1.099166 1.764453 0.000000 0.000000 0.000000 1.000000 0.000000 0.000000
25.000000 244.800478 3.713699 1.240568 1.735043 0.000000 0.000000 0.000000 1.000000 0.000000 0.000000
25.000000 244.803463 4.400446 1.144060 1.584730 0.000000 0.000000 0.000000 1.000000 0.000000 0.000000
25.000000 244.804290 4.277218 1.098560 1.775679 0.000000 0.000000 0.000000 1.000000 0.000000 0.000000
25.000000 244.810484 3.620861 1.222279 1.759629 0.000000 0.000000 0.000000 1.000000 0.000000 0.000000
25.000000 244.813598 4.350504 1.142093 1.594102 0.000000 0.000000 0.000000 1.000000 0.000000 0.000000
25.000000 244.814164 4.188557 1.121704 1.789398 0.000000 0.000000 0.000000 1.000000 0.000000 0.000000
25.000000 244.820491 3.593028 1.231950 1.766219 0.000000 0.000000 0.000000 1.000000 0.000000 0.000000
25.000000 244.823593 4.303715 1.150243 1.608174 0.000000 0.000000 0.000000 1.000000 0.000000 0.000000
25.000000 244.824315 4.198220 1.095938 1.793694 0.000000 0.000000 0.000000 1.000000 0.000000 0.000000
25.000000 244.830558 3.529254 1.227455 1.776345 0.000000 0.000000 0.000000 1.000000 0.000000 0.000000
25.000000 244.833609 4.267524 1.150285 1.610834 0.000000 0.000000 0.000000 1.000000 0.000000 0.000000
25.000000 244.834163 4.132694 1.114084 1.805827 0.000000 0.000000 0.000000 1.000000 0.000000 0.000000
25.000000 244.840399 3.559638 1.263450 1.769223 0.000000 0.000000 0.000000 1.000000 0.000000 0.000000
25.000000 244.843520 4.226726 1.149710 1.616952 0.000000 0.000000 0.000000 1.000000 0.000000 0.000000
25.000000 244.844293 4.108135 1.103456 1.807886 0.000000 0.000000 0.000000 1.000000 0.000000 0.000000
25.000000 244.850549 3.496925 1.238130 1.773564 0.000000 0.000000 0.000000 1.000000 0.000000 0.000000
25.000000 244.853627 4.187329 1.150705 1.619814 0.000000 0.000000 0.000000 1.000000 0.000000 0.000000
25.000000 244.854244 4.069211 1.106047 1.811619 0.000000 0.000000 0.000000 1.000000 0.000000 0.000000
25.000000 244.860490 3.401535 1.236057 1.792422 0.000000 0.000000 0.000000 1.000000 0.000000 0.000000
25.000000 244.863559 4.140864 1.155273 1.622573 0.000000 0.000000 0.000000 1.000000 0.000000 0.000000
25.000000 244.864308 4.029507 1.102518 1.819234 0.000000 0.000000 0.000000 1.000000 0.000000 0.000000
25.000000 244.870540 3.379050 1.241731 1.795377 0.000000 0.000000 0.000000 1.000000 0.000000 0.000000
25.000000 244.873637 4.091336 1.161236 1.631411 0.000000 0.000000 0.000000 1.000000 0.000000 0.000000
25.000000 244.874225 3.940349 1.142102 1.823228 0.000000 0.000000 0.000000 1.000000 0.000000 0.000000
25.000000 244.880413 3.343673 1.248600 1.797233 0.000000 0.000000 0.000000 1.000000 0.000000 0.000000
25.000000 244.883542 4.047905 1.163863 1.633188 0.000000 0.000000 0.000000 1.000000 0.000000 0.000000
25.000000 244.884438 3.881548 1.153849 1.830405 0.000000 0.000000 0.000000 1.000000 0.000000 0.000000
25.000000 244.890435 3.306361 1.250137 1.795806 0.000000 0.000000 0.000000 1.000000 0.000000 0.000000
25.000000 244.893675 4.016056 1.161130 1.629072 0.000000 0.000000 0.000000 1.000000 0.000000 0.000000
25.000000 244.894338 3.843038 1.151937 1.835745 0.000000 0.000000 0.000000 1.000000 0.000000 0.000000
25.000000 244.900426 3.234950 1.248173 1.805949 0.000000 0.000000 0.000000 1.000000 0.000000 0.000000
25.000000 244.903707 3.970447 1.162885 1.631043 0.000000 0.000000 0.000000 1.000000 0.000000 0.000000
25.000000 244.904405 3.796644 1.156427 1.836287 0.000000 0.000000 0.000000 1.000000 0.000000 0.000000
25.000000 244.910558 3.193983 1.247028 1.804671 0.000000 0.000000 0.000000 1.000000 0.000000 0.000000
25.000000 244.913661 3.920490 1.167220 1.626720 0.000000 0.000000 0.000000 1.000000 0.000000 0.000000
25.000000 244.914172 3.768433 1.150190 1.816765 0.000000 0.000000 0.000000 1.000000 0.000000 0.000000
25.000000 244.920483 3.158781 1.254751 1.799937 0.000000 0.000000 0.000000 1.000000 0.000000 0.000000
25.000000 244.923791 3.879228 1.169533 1.628033 0.000000 0.000000 0.000000 1.000000 0.000000 0.000000
25.000000 244.924293 3.723074 1.153263 1.831729 0.000000 0.000000 0.000000 1.000000 0.000000 0.000000
25.000000 244.930545 3.131323 1.256331 1.799842 0.000000 0.000000 0.000000 1.000000 0.000000 0.000000
25.000000 244.933875 3.837016 1.172380 1.626970 0.000000 0.000000 0.000000 1.000000 0.000000 0.000000
25.000000 244.934282 3.682053 1.156894 1.823802 0.000000 0.000000 0.000000 1.000000 0.000000 0.000000
25.000000 244.940454 3.113728 1.272684 1.791066 0.000000 0.000000 0.000000 1.000000 0.000000 0.000000
25.000000 244.943586 3.788446 1.176000 1.624883 0.000000 0.000000 0.000000 1.000000 0.000000 0.000000
25.000000 244.944363 3.646997 1.152016 1.821145 0.000000 0.000000 0.000000 1.000000 0.000000 0.000000
25.000000 244.950556 3.042289 1.260427 1.790918 0.000000 0.000000 0.000000 1.000000 0.000000 0.000000
25.000000 244.953902 3.753848 1.174746 1.615032 0.000000 0.000000 0.000000 1.000000 0.000000 0.000000
25.000000 244.954227 3.605972 1.155036 1.815352 0.000000 0.000000 0.000000 1.000000 0.000000 0.000000
25.000000 244.960553 3.012700 1.272960 1.785824 0.000000 0.000000 0.000000 1.000000 0.000000 0.000000
25.000000 244.963636 3.709480 1.179772 1.607571 0.000000 0.000000 0.000000 1.000000 0.000000 0.000000
25.000000 244.964309 3.594580 1.138456 1.796683 0.000000 0.000000 0.000000 1.000000 0.000000 0.000000
25.000000 244.970476 2.958360 1.268130 1.779033 0.000000 0.000000 0.000000 1.000000 0.000000 0.000000
25.000000 244.973691 3.662364 1.180200 1.601399 0.000000 0.000000 0.000000 1.000000 0.000000 0.000000
25.000000 244.974379 3.570378 1.119803 1.798300 0.000000 0.000000 0.000000 1.000000 0.000000 0.000000
25.000000 244.980595 2.934626 1.275257 1.774892 0.000000 0.000000 0.000000 1.000000 0.000000 0.000000
25.000000 244.983707 3.631843 1.179437 1.592717 0.000000 0.000000 0.000000 1.000000 0.000000 0.000000
25.000000 244.984627 3.462226 1.172240 1.801120 0.000000 0.000000 0.000000 1.000000 0.000000 0.000000
25.000000 244.990548 2.917577 1.291780 1.762763 0.000000 0.000000 0.000000 1.000000 0.000000 0.000000
25.000000 244.993898 3.587568 1.182308 1.583250 0.000000 0.000000 0.000000 1.000000 0.000000 0.000000
25.000000 244.994240 3.416614 1.175978 1.792455 0.000000 0.000000 0.000000 1.000000 0.000000 0.000000
25.000000 245.000553 2.910725 1.291622 1.740953 0.000000 0.000000 0.000000 1.000000 0.000000 0.000000
25.000000 245.003600 3.542716 1.188253 1.575004 0.000000 0.000000 0.000000 1.000000 0.000000 0.000000
25.000000 245.004590 3.451835 1.124906 1.774922 0.000000 0.000000 0.000000 1.000000 0.000000 0.000000
25.000000 245.010475 2.840421 1.290024 1.737587 0.000000 0.000000 0.000000 1.000000 0.000000 0.000000
25.000000 245.013665 3.501417 1.191737 1.559025 0.000000 0.000000 0.000000 1.000000 0.000000 0.000000
25.000000 245.014499 3.363834 1.166387 1.756441 0.000000 0.000000 0.000000 1.000000 0.000000 0.000000
25.000000 245.020495 2.811747 1.293444 1.727061 0.000000 0.000000 0.000000 1.000000 0.000000 0.000000
25.000000 245.023570 3.452045 1.190573 1.551339 0.000000 0.000000 0.000000 1.000000 0.000000 0.000000
25.000000 245.024656 3.294396 1.175612 1.759601 0.000000 0.000000 0.000000 1.000000 0.000000 0.000000
25.000000 245.030544 2.780701 1.297558 1.714503 0.000000 0.000000 0.000000 1.000000 0.000000 0.000000
25.000000 245.033655 3.415663 1.190135 1.536407 0.000000 0.000000 0.000000 1.000000 0.000000 0.000000
25.000000 245.034508 3.317400 1.130976 1.737133 0.000000 0.000000 0.000000 1.000000 0.000000 0.000000
25.000000 245.040553 2.768495 1.307163 1.692557 0.000000 0.000000 0.000000 1.000000 0.000000 0.000000
25.000000 245.043633 3.376504 1.191659 1.522091 0.000000 0.000000 0.000000 1.000000 0.000000 0.000000
25.000000 245.044691 3.289236 1.126583 1.721424 0.000000 0.000000 0.000000 1.000000 0.000000 0.000000
25.000000 245.050772 2.720315 1.320234 1.685748 0.000000 0.000000 0.000000 1.000000 0.000000 0.000000
25.000000 245.053690 3.322087 1.200265 1.511097 0.000000 0.000000 0.000000 1.000000 0.000000 0.000000
25.000000 245.054451 3.236431 1.133799 1.708417 0.000000 0.000000 0.000000 1.000000 0.000000 0.000000
25.000000 245.060543 2.676069 1.308421 1.668404 0.000000 0.000000 0.000000 1.000000 0.000000 0.000000
25.000000 245.063647 3.276854 1.199256 1.492969 0.000000 0.000000 0.000000 1.000000 0.000000 0.000000
25.000000 245.064500 3.185036 1.136445 1.691387 0.000000 0.000000 0.000000 1.000000 0.000000 0.000000
25.000000 245.070587 2.652601 1.316985 1.650377 0.000000 0.000000 0.000000 1.000000 0.000000 0.000000
25.000000 245.073661 3.246813 1.202562 1.475427 0.000000 0.000000 0.000000 1.000000 0.000000 0.000000
25.000000 245.074286 3.155647 1.140163 1.674408 0.000000 0.000000 0.000000 1.000000 0.000000 0.000000
25.000000 245.080522 2.598580 1.317957 1.639447 0.000000 0.000000 0.000000 1.000000 0.000000 0.000000
25.000000 245.083625 3.204892 1.203472 1.457587 0.000000 0.000000 0.000000 1.000000 0.000000 0.000000
25.000000 245.084395 3.115168 1.139715 1.657269 0.000000 0.000000 0.000000 1.000000 0.000000 0.000000
25.000000 245.090651 2.602965 1.335609 1.610206 0.000000 0.000000 0.000000 1.000000 0.000000 0.000000
25.000000 245.093992 3.158936 1.206987 1.439107 0.000000 0.000000 0.000000 1.000000 0.000000 0.000000
25.000000 245.094251 3.066737 1.146034 1.637317 0.000000 0.000000 0.000000 1.000000 0.000000 0.000000
25.000000 245.100466 2.531782 1.322191 1.599808 0.000000 0.000000 0.000000 1.000000 0.000000 0.000000
25.000000 245.103697 3.128277 1.206460 1.415129 0.000000 0.000000 0.000000 1.000000 0.000000 0.000000
25.000000 245.104445 2.956447 1.202657 1.631204 0.000000 0.000000 0.000000 1.000000 0.000000 0.000000
25.000000 245.110553 2.508451 1.332682 1.575788 0.000000 0.000000 0.000000 1.000000 0.000000 0.000000
25.000000 245.113773 3.074805 1.211759 1.394303 0.000000 0.000000 0.000000 1.000000 0.000000 0.000000
25.000000 245.114359 2.947901 1.179948 1.589545 0.000000 0.000000 0.000000 1.000000 0.000000 0.000000
25.000000 245.120415 2.476381 1.339059 1.556821 0.000000 0.000000 0.000000 1.000000 0.000000 0.000000
25.000000 245.123696 3.042182 1.213261 1.372101 0.000000 0.000000 0.000000 1.000000 0.000000 0.000000
25.000000 245.124509 2.944186 1.153967 1.573050 0.000000 0.000000 0.000000 1.000000 0.000000 0.000000
25.000000 245.130584 2.443487 1.341036 1.533957 0.000000 0.000000 0.000000 1.000000 0.000000 0.000000
25.000000 245.133721 2.999340 1.213453 1.350517 0.000000 0.000000 0.000000 1.000000 0.000000 0.000000
25.000000 245.134399 2.909774 1.148451 1.550232 0.000000 0.000000 0.000000 1.000000 0.000000 0.000000
25.000000 245.141032 2.440365 1.360070 1.504354 0.000000 0.000000 0.000000 1.000000 0.000000 0.000000
25.000000 245.143876 2.445059 1.562428 1.528974 0.000000 0.000000 0.000000 1.000000 0.000000 0.000000
25.000000 245.144467 2.886322 1.140094 1.520612 0.000000 0.000000 0.000000 1.000000 0.000000 0.000000
25.000000 245.150580 2.346967 1.341948 1.495357 0.000000 0.000000 0.000000 1.000000 0.000000 0.000000
25.000000 245.153734 2.919197 1.216577 1.298107 0.000000 0.000000 0.000000 1.000000 0.000000 0.000000
25.000000 245.154402 2.828173 1.151754 1.496965 0.000000 0.000000 0.000000 1.000000 0.000000 0.000000
25.000000 245.160561 2.344302 1.352890 1.461311 0.000000 0.000000 0.000000 1.000000 0.000000 0.000000
25.000000 245.163695 2.878769 1.223271 1.268443 0.000000 0.000000 0.000000 1.000000 0.000000 0.000000
25.000000 245.164451 2.748369 1.183323 1.476596 0.000000 0.000000 0.000000 1.000000 0.000000 0.000000
25.000000 245.170583 2.316037 1.356663 1.433374 0.000000 0.000000 0.000000 1.000000 0.000000 0.000000
25.000000 245.173849 2.832908 1.225175 1.248183 0.000000 0.000000 0.000000 1.000000 0.000000 0.000000
25.000000 245.174461 2.680141 1.209333 1.455169 0.000000 0.000000 0.000000 1.000000 0.000000 0.000000
25.000000 245.180570 2.285025 1.362715 1.406412 0.000000 0.000000 0.000000 1.000000 0.000000 0.000000
25.000000 245.183785 2.796384 1.228379 1.218699 0.000000 0.000000 0.000000 1.000000 0.000000 0.000000
25.000000 245.184502 2.717499 1.152550 1.414784 0.000000 0.000000 0.000000 1.000000 0.000000 0.000000
25.000000 245.190557 2.259346 1.372501 1.382020 0.000000 0.000000 0.000000 1.000000 0.000000 0.000000
25.000000 245.193915 2.753485 1.227702 1.190670 0.000000 0.000000 0.000000 1.000000 0.000000 0.000000
25.000000 245.194631 2.552295 1.246484 1.408482 0.000000 0.000000 0.000000 1.000000 0.000000 0.000000
25.000000 245.200529 2.223378 1.377837 1.351512 0.000000 0.000000 0.000000 1.000000 0.000000 0.000000
25.000000 245.203741 2.708835 1.230272 1.158474 0.000000 0.000000 0.000000 1.000000 0.000000 0.000000
25.000000 245.204543 2.536245 1.226165 1.370571 0.000000 0.000000 0.000000 1.000000 0.000000 0.000000
25.000000 245.210681 2.194949 1.378160 1.314551 0.000000 0.000000 0.000000 1.000000 0.000000 0.000000
25.000000 245.213790 2.661039 1.234983 1.129823 0.000000 0.000000 0.000000 1.000000 0.000000 0.000000
25.000000 245.214376 2.546968 1.192963 1.318651 0.000000 0.000000 0.000000 1.000000 0.000000 0.000000
25.000000 245.220578 2.145598 1.374348 1.286180 0.000000 0.000000 0.000000 1.000000 0.000000 0.000000
25.000000 245.223721 2.630246 1.235911 1.094657 0.000000 0.000000 0.000000 1.000000 0.000000 0.000000
25.000000 245.224514 2.480214 1.219340 1.299456 0.000000 0.000000 0.000000 1.000000 0.000000 0.000000
25.000000 245.230686 2.142639 1.389532 1.251284 0.000000 0.000000 0.000000 1.000000 0.000000 0.000000
25.000000 245.233945 2.596666 1.238341 1.061815 0.000000 0.000000 0.000000 1.000000 0.000000 0.000000
25.000000 245.234399 2.415662 1.244691 1.272464 0.000000 0.000000 0.000000 1.000000 0.000000 0.000000
25.000000 245.240534 2.135707 1.407013 1.214246 0.000000 0.000000 0.000000 1.000000 0.000000 0.000000
25.000000 245.243752 2.553686 1.239454 1.029817 0.000000 0.000000 0.000000 1.000000 0.000000 0.000000
25.000000 245.244465 2.453780 1.180188 1.221719 0.000000 0.000000 0.000000 1.000000 0.000000 0.000000
25.000000 245.250706 2.135892 1.409458 1.159971 0.000000 0.000000 0.000000 1.000000 0.000000 0.000000
25.000000 245.253811 2.512482 1.242624 0.993563 0.000000 0.000000 0.000000 1.000000 0.000000 0.000000
25.000000 245.254359 2.413166 1.182853 1.187867 0.000000 0.000000 0.000000 1.000000 0.000000 0.000000
25.000000 245.260602 2.072483 1.403683 1.137423 0.000000 0.000000 0.000000 1.000000 0.000000 0.000000
25.000000 245.263800 2.477297 1.244049 0.955183 0.000000 0.000000 0.000000 1.000000 0.000000 0.000000
25.000000 245.264534 2.404806 1.159785 1.143856 0.000000 0.000000 0.000000 1.000000 0.000000 0.000000
25.000000 245.270737 2.023976 1.403676 1.110231 0.000000 0.000000 0.000000 1.000000 0.000000 0.000000
25.000000 245.274024 2.434473 1.246755 0.923320 0.000000 0.000000 0.000000 1.000000 0.000000 0.000000
25.000000 245.274368 2.311824 1.204359 1.121357 0.000000 0.000000 0.000000 1.000000 0.000000 0.000000
25.000000 245.280467 2.019803 1.416735 1.063346 0.000000 0.000000 0.000000 1.000000 0.000000 0.000000
25.000000 245.284029 2.397423 1.250670 0.883627 0.000000 0.000000 0.000000 1.000000 0.000000 0.000000
25.000000 245.284547 2.280984 1.207760 1.070888 0.000000 0.000000 0.000000 1.000000 0.000000 0.000000
25.000000 245.290642 1.988318 1.422106 1.024449 0.000000 0.000000 0.000000 1.000000 0.000000 0.000000
25.000000 245.293813 2.360937 1.248389 0.841952 0.000000 0.000000 0.000000 1.000000 0.000000 0.000000
25.000000 245.294343 2.251080 1.194552 1.037385 0.000000 0.000000 0.000000 1.000000 0.000000 0.000000
25.000000 245.303901 1.848413 1.600402 1.009841 0.000000 0.000000 0.000000 1.000000 0.000000 0.000000
25.000000 245.304460 2.196272 1.210312 0.997385 0.000000 0.000000 0.000000 1.000000 0.000000 0.000000
25.000000 245.313793 1.805449 1.601969 0.971076 0.000000 0.000000 0.000000 1.000000 0.000000 0.000000
25.000000 245.314464 2.153556 1.212250 0.951593 0.000000 0.000000 0.000000 1.000000 0.000000 0.000000
25.000000 245.323757 1.771587 1.607086 0.934889 0.000000 0.000000 0.000000 1.000000 0.000000 0.000000
25.000000 245.324525 2.121217 1.211941 0.915089 0.000000 0.000000 0.000000 1.000000 0.000000 0.000000
25.000000 245.333817 1.734309 1.604547 0.895080 0.000000 0.000000 0.000000 1.000000 0.000000 0.000000
25.000000 245.334453 2.090914 1.203916 0.867122 0.000000 0.000000 0.000000 1.000000 0.000000 0.000000
25.000000 245.343749 1.689138 1.615675 0.853488 0.000000 0.000000 0.000000 1.000000 0.000000 0.000000
25.000000 245.344495 2.063491 1.193292 0.822828 0.000000 0.000000 0.000000 1.000000 0.000000 0.000000
25.000000 245.354517 0.048836 1.343912 0.604659 0.000000 0.000000 0.000000 1.000000 0.000000 0.000000
25.000000 245.364520 -0.019671 1.347846 0.553734 0.000000 0.000000 0.000000 1.000000 0.000000 0.000000
25.000000 245.374467 -0.061750 1.340905 0.495478 0.000000 0.000000 0.000000 1.000000 0.000000 0.000000
25.000000 245.404479 -0.157372 1.299159 0.345077 0.000000 0.000000 0.000000 1.000000 0.000000 0.000000
25.000000 245.424480 -0.394731 1.356448 0.229823 0.000000 0.000000 0.000000 1.000000 0.000000 0.000000
25.000000 245.434444 -0.397330 1.357073 0.195390 0.000000 0.000000 0.000000 1.000000 0.000000 0.000000
25.000000 245.464554 -0.530413 1.361219 0.012755 0.000000 0.000000 0.000000 1.000000 0.000000 0.000000
25.000000 245.474443 -0.651273 1.347167 -0.052603 0.000000 0.000000 0.000000 1.000000 0.000000 0.000000
25.000000 245.484538 -0.703857 1.338469 -0.030749 0.000000 0.000000 0.000000 1.000000 0.000000 0.000000
