13.000000 138.197941 25.501515 -0.252122 0.521701 0.000000 0.000000 0.000000 1.000000 0.000000 0.000000
13.000000 138.208289 25.140391 -0.186627 0.611767 0.000000 0.000000 0.000000 1.000000 0.000000 0.000000
13.000000 138.217982 24.912968 -0.176821 0.737726 0.000000 0.000000 0.000000 1.000000 0.000000 0.000000
13.000000 138.228005 24.744647 -0.169571 0.845442 0.000000 0.000000 0.000000 1.000000 0.000000 0.000000
13.000000 138.237986 24.690352 -0.160141 0.913877 0.000000 0.000000 0.000000 1.000000 0.000000 0.000000
13.000000 138.247850 24.460627 -0.136146 1.003582 0.000000 0.000000 0.000000 1.000000 0.000000 0.000000
13.000000 138.257842 24.355889 -0.127480 1.093242 0.000000 0.000000 0.000000 1.000000 0.000000 0.000000
13.000000 138.265591 23.075000 -0.164413 1.335554 0.000000 0.000000 0.000000 1.000000 0.000000 0.000000
13.000000 138.267705 24.215576 -0.111289 1.164719 0.000000 0.000000 0.000000 1.000000 0.000000 0.000000
13.000000 138.275503 22.976160 -0.151349 1.411488 0.000000 0.000000 0.000000 1.000000 0.000000 0.000000
13.000000 138.277958 23.928139 -0.090734 1.255155 0.000000 0.000000 0.000000 1.000000 0.000000 0.000000
13.000000 138.285604 22.888360 -0.148749 1.483101 0.000000 0.000000 0.000000 1.000000 0.000000 0.000000
13.000000 138.287850 23.964787 -0.092061 1.331233 0.000000 0.000000 0.000000 1.000000 0.000000 0.000000
13.000000 138.295472 22.799117 -0.153794 1.553777 0.000000 0.000000 0.000000 1.000000 0.000000 0.000000
13.000000 138.297911 23.967393 -0.106002 1.392619 0.000000 0.000000 0.000000 1.000000 0.000000 0.000000
13.000000 138.305592 22.659537 -0.118378 1.615490 0.000000 0.000000 0.000000 1.000000 0.000000 0.000000
13.000000 138.307968 23.663032 -0.055918 1.486558 0.000000 0.000000 0.000000 1.000000 0.000000 0.000000
13.000000 138.315518 22.570059 -0.111180 1.683858 0.000000 0.000000 0.000000 1.000000 0.000000 0.000000
13.000000 138.317822 23.561877 -0.046826 1.560028 0.000000 0.000000 0.000000 1.000000 0.000000 0.000000
13.000000 138.325650 22.435266 -0.101232 1.749952 0.000000 0.000000 0.000000 1.000000 0.000000 0.000000
13.000000 138.327894 23.343560 -0.039484 1.626645 0.000000 0.000000 0.000000 1.000000 0.000000 0.000000
13.000000 138.335569 22.333425 -0.089931 1.815729 0.000000 0.000000 0.000000 1.000000 0.000000 0.000000
13.000000 138.337973 23.287989 -0.026234 1.703087 0.000000 0.000000 0.000000 1.000000 0.000000 0.000000
13.000000 138.345570 22.239386 -0.075540 1.879577 0.000000 0.000000 0.000000 1.000000 0.000000 0.000000
13.000000 138.347836 23.110311 -0.005998 1.776592 0.000000 0.000000 0.000000 1.000000 0.000000 0.000000
13.000000 138.354966 21.296791 0.122890 1.658819 0.000000 0.000000 0.000000 1.000000 0.000000 0.000000
13.000000 138.355583 21.392104 0.100478 1.891814 0.000000 0.000000 0.000000 1.000000 0.000000 0.000000
13.000000 138.357861 22.960623 0.012045 1.849735 0.000000 0.000000 0.000000 1.000000 0.000000 0.000000
13.000000 138.364952 21.200285 0.128586 1.725316 0.000000 0.000000 0.000000 1.000000 0.000000 0.000000
13.000000 138.365693 21.306181 0.111992 1.954532 0.000000 0.000000 0.000000 1.000000 0.000000 0.000000
13.000000 138.367780 22.814829 0.024575 1.918697 0.000000 0.000000 0.000000 1.000000 0.000000 0.000000
13.000000 138.374934 21.090443 0.138731 1.786603 0.000000 0.000000 0.000000 1.000000 0.000000 0.000000
13.000000 138.375622 21.193291 0.121055 2.014776 0.000000 0.000000 0.000000 1.000000 0.000000 0.000000
13.000000 138.377789 22.689940 0.036006 1.981826 0.000000 0.000000 0.000000 1.000000 0.000000 0.000000
13.000000 138.385212 20.972638 0.149253 1.853866 0.000000 0.000000 0.000000 1.000000 0.000000 0.000000
13.000000 138.385917 21.050870 0.116143 2.068475 0.000000 0.000000 0.000000 1.000000 0.000000 0.000000
13.000000 138.387758 22.605996 0.034688 2.037497 0.000000 0.000000 0.000000 1.000000 0.000000 0.000000
13.000000 138.394988 20.851991 0.165791 1.909800 0.000000 0.000000 0.000000 1.000000 0.000000 0.000000
13.000000 138.395550 20.947810 0.142486 2.130247 0.000000 0.000000 0.000000 1.000000 0.000000 0.000000
13.000000 138.397796 22.423043 0.060831 2.110219 0.000000 0.000000 0.000000 1.000000 0.000000 0.000000
13.000000 138.405047 20.743522 0.172029 1.975818 0.000000 0.000000 0.000000 1.000000 0.000000 0.000000
13.000000 138.405710 20.837102 0.150945 2.189494 0.000000 0.000000 0.000000 1.000000 0.000000 0.000000
13.000000 138.407751 22.269529 0.074198 2.169110 0.000000 0.000000 0.000000 1.000000 0.000000 0.000000
13.000000 138.415009 20.635190 0.192305 2.038975 0.000000 0.000000 0.000000 1.000000 0.000000 0.000000
13.000000 138.415600 20.707006 0.157857 2.245699 0.000000 0.000000 0.000000 1.000000 0.000000 0.000000
13.000000 138.417782 22.137452 0.083992 2.229209 0.000000 0.000000 0.000000 1.000000 0.000000 0.000000
13.000000 138.425003 20.518770 0.201670 2.094966 0.000000 0.000000 0.000000 1.000000 0.000000 0.000000
13.000000 138.425666 20.583372 0.160909 2.298635 0.000000 0.000000 0.000000 1.000000 0.000000 0.000000
13.000000 138.427744 22.033688 0.087214 2.287468 0.000000 0.000000 0.000000 1.000000 0.000000 0.000000
13.000000 138.435032 20.384375 0.210124 2.151001 0.000000 0.000000 0.000000 1.000000 0.000000 0.000000
13.000000 138.435630 20.467014 0.180950 2.352536 0.000000 0.000000 0.000000 1.000000 0.000000 0.000000
13.000000 138.438060 21.883157 0.108901 2.350049 0.000000 0.000000 0.000000 1.000000 0.000000 0.000000
13.000000 138.445026 20.268678 0.217915 2.205770 0.000000 0.000000 0.000000 1.000000 0.000000 0.000000
13.000000 138.445677 20.346727 0.187079 2.406677 0.000000 0.000000 0.000000 1.000000 0.000000 0.000000
13.000000 138.447931 21.759302 0.117342 2.402106 0.000000 0.000000 0.000000 1.000000 0.000000 0.000000
13.000000 138.454997 20.170310 0.230855 2.264285 0.000000 0.000000 0.000000 1.000000 0.000000 0.000000
13.000000 138.455566 20.236012 0.194913 2.458537 0.000000 0.000000 0.000000 1.000000 0.000000 0.000000
13.000000 138.457864 21.619914 0.128839 2.458273 0.000000 0.000000 0.000000 1.000000 0.000000 0.000000
13.000000 138.465834 20.103356 0.196160 2.506072 0.000000 0.000000 0.000000 1.000000 0.000000 0.000000
13.000000 138.467850 21.540024 0.131380 2.508188 0.000000 0.000000 0.000000 1.000000 0.000000 0.000000
13.000000 138.475651 20.009310 0.217396 2.559665 0.000000 0.000000 0.000000 1.000000 0.000000 0.000000
13.000000 138.477960 21.328196 0.155983 2.566908 0.000000 0.000000 0.000000 1.000000 0.000000 0.000000
13.000000 138.488039 21.252666 0.157978 2.615916 0.000000 0.000000 0.000000 1.000000 0.000000 0.000000
13.000000 138.495718 19.744697 0.233337 2.652035 0.000000 0.000000 0.000000 1.000000 0.000000 0.000000
13.000000 138.497909 21.107853 0.174522 2.663084 0.000000 0.000000 0.000000 1.000000 0.000000 0.000000
13.000000 138.505686 19.653136 0.245937 2.703709 0.000000 0.000000 0.000000 1.000000 0.000000 0.000000
13.000000 138.507854 20.962173 0.191565 2.716578 0.000000 0.000000 0.000000 1.000000 0.000000 0.000000
13.000000 138.515551 19.535306 0.259763 2.738652 0.000000 0.000000 0.000000 1.000000 0.000000 0.000000
13.000000 138.517890 19.825196 0.493765 2.718848 0.000000 0.000000 0.000000 1.000000 0.000000 0.000000
13.000000 138.525642 19.408246 0.261303 2.791176 0.000000 0.000000 0.000000 1.000000 0.000000 0.000000
13.000000 138.527908 20.730500 0.208124 2.810296 0.000000 0.000000 0.000000 1.000000 0.000000 0.000000
13.000000 138.535655 19.304048 0.278181 2.827254 0.000000 0.000000 0.000000 1.000000 0.000000 0.000000
13.000000 138.537859 20.532806 0.224719 2.853497 0.000000 0.000000 0.000000 1.000000 0.000000 0.000000
13.000000 138.545683 19.177560 0.284828 2.870762 0.000000 0.000000 0.000000 1.000000 0.000000 0.000000
13.000000 138.547794 20.441742 0.234189 2.903030 0.000000 0.000000 0.000000 1.000000 0.000000 0.000000
13.000000 138.555593 19.067134 0.294999 2.912174 0.000000 0.000000 0.000000 1.000000 0.000000 0.000000
13.000000 138.557791 20.310007 0.246134 2.943942 0.000000 0.000000 0.000000 1.000000 0.000000 0.000000
13.000000 138.565769 18.958001 0.306803 2.956303 0.000000 0.000000 0.000000 1.000000 0.000000 0.000000
13.000000 138.567899 20.148970 0.263487 2.983948 0.000000 0.000000 0.000000 1.000000 0.000000 0.000000
13.000000 138.575630 18.830194 0.309316 2.995528 0.000000 0.000000 0.000000 1.000000 0.000000 0.000000
13.000000 138.577840 20.052854 0.267650 3.022713 0.000000 0.000000 0.000000 1.000000 0.000000 0.000000
13.000000 138.585740 18.703680 0.319047 3.030644 0.000000 0.000000 0.000000 1.000000 0.000000 0.000000
13.000000 138.587876 19.931170 0.276849 3.066357 0.000000 0.000000 0.000000 1.000000 0.000000 0.000000
13.000000 138.595617 18.581857 0.328812 3.065942 0.000000 0.000000 0.000000 1.000000 0.000000 0.000000
13.000000 138.598021 19.837881 0.289913 3.099139 0.000000 0.000000 0.000000 1.000000 0.000000 0.000000
13.000000 138.605821 18.470844 0.335618 3.103726 0.000000 0.000000 0.000000 1.000000 0.000000 0.000000
13.000000 138.607878 19.693027 0.300609 3.135124 0.000000 0.000000 0.000000 1.000000 0.000000 0.000000
13.000000 138.615689 18.353124 0.342656 3.140864 0.000000 0.000000 0.000000 1.000000 0.000000 0.000000
13.000000 138.618038 19.582905 0.307434 3.172799 0.000000 0.000000 0.000000 1.000000 0.000000 0.000000
13.000000 138.625718 18.245177 0.356760 3.171408 0.000000 0.000000 0.000000 1.000000 0.000000 0.000000
13.000000 138.627898 19.390232 0.324486 3.202308 0.000000 0.000000 0.000000 1.000000 0.000000 0.000000
13.000000 138.635620 18.083453 0.360529 3.195794 0.000000 0.000000 0.000000 1.000000 0.000000 0.000000
13.000000 138.638001 19.335410 0.326997 3.236855 0.000000 0.000000 0.000000 1.000000 0.000000 0.000000
13.000000 138.645857 17.969877 0.367278 3.236238 0.000000 0.000000 0.000000 1.000000 0.000000 0.000000
13.000000 138.647897 19.226518 0.335007 3.275535 0.000000 0.000000 0.000000 1.000000 0.000000 0.000000
13.000000 138.655670 17.879667 0.375392 3.265890 0.000000 0.000000 0.000000 1.000000 0.000000 0.000000
13.000000 138.657987 19.081588 0.347734 3.303501 0.000000 0.000000 0.000000 1.000000 0.000000 0.000000
13.000000 138.665719 17.743850 0.376058 3.290436 0.000000 0.000000 0.000000 1.000000 0.000000 0.000000
13.000000 138.667918 18.969744 0.351567 3.329925 0.000000 0.000000 0.000000 1.000000 0.000000 0.000000
13.000000 138.675669 17.634609 0.387735 3.321398 0.000000 0.000000 0.000000 1.000000 0.000000 0.000000
13.000000 138.677944 18.750950 0.361182 3.370097 0.000000 0.000000 0.000000 1.000000 0.000000 0.000000
13.000000 138.685744 17.488330 0.397147 3.343243 0.000000 0.000000 0.000000 1.000000 0.000000 0.000000
13.000000 138.688014 18.713669 0.373990 3.387918 0.000000 0.000000 0.000000 1.000000 0.000000 0.000000
13.000000 138.695675 17.373000 0.412158 3.370219 0.000000 0.000000 0.000000 1.000000 0.000000 0.000000
13.000000 138.698004 18.549990 0.389644 3.415290 0.000000 0.000000 0.000000 1.000000 0.000000 0.000000
13.000000 138.705333 17.344474 0.490574 3.285654 0.000000 0.000000 0.000000 1.000000 0.000000 0.000000
13.000000 138.705759 17.281165 0.414347 3.397257 0.000000 0.000000 0.000000 1.000000 0.000000 0.000000
13.000000 138.707894 18.456093 0.395211 3.433510 0.000000 0.000000 0.000000 1.000000 0.000000 0.000000
13.000000 138.715107 17.223298 0.498286 3.312946 0.000000 0.000000 0.000000 1.000000 0.000000 0.000000
13.000000 138.715672 17.141324 0.418215 3.412852 0.000000 0.000000 0.000000 1.000000 0.000000 0.000000
13.000000 138.718001 18.343057 0.404136 3.450656 0.000000 0.000000 0.000000 1.000000 0.000000 0.000000
13.000000 138.725558 17.128259 0.508511 3.338645 0.000000 0.000000 0.000000 1.000000 0.000000 0.000000
13.000000 138.725725 17.050735 0.431176 3.435823 0.000000 0.000000 0.000000 1.000000 0.000000 0.000000
13.000000 138.727903 18.219403 0.417626 3.474827 0.000000 0.000000 0.000000 1.000000 0.000000 0.000000
13.000000 138.735090 17.002737 0.525296 3.360086 0.000000 0.000000 0.000000 1.000000 0.000000 0.000000
13.000000 138.735723 16.906158 0.438032 3.447353 0.000000 0.000000 0.000000 1.000000 0.000000 0.000000
13.000000 138.738008 18.096206 0.424586 3.491553 0.000000 0.000000 0.000000 1.000000 0.000000 0.000000
13.000000 138.745477 16.897415 0.527416 3.384931 0.000000 0.000000 0.000000 1.000000 0.000000 0.000000
13.000000 138.745854 16.810041 0.447623 3.470811 0.000000 0.000000 0.000000 1.000000 0.000000 0.000000
13.000000 138.747948 17.948349 0.436107 3.513833 0.000000 0.000000 0.000000 1.000000 0.000000 0.000000
13.000000 138.755134 16.787512 0.537797 3.413321 0.000000 0.000000 0.000000 1.000000 0.000000 0.000000
13.000000 138.755697 16.686138 0.455003 3.494323 0.000000 0.000000 0.000000 1.000000 0.000000 0.000000
13.000000 138.758079 17.847121 0.447669 3.527521 0.000000 0.000000 0.000000 1.000000 0.000000 0.000000
13.000000 138.765402 16.664289 0.548257 3.433817 0.000000 0.000000 0.000000 1.000000 0.000000 0.000000
13.000000 138.765743 16.568415 0.469685 3.513356 0.000000 0.000000 0.000000 1.000000 0.000000 0.000000
13.000000 138.768075 17.690364 0.463582 3.543681 0.000000 0.000000 0.000000 1.000000 0.000000 0.000000
13.000000 138.775623 16.550660 0.557226 3.452111 0.000000 0.000000 0.000000 1.000000 0.000000 0.000000
13.000000 138.775665 16.446425 0.475191 3.531465 0.000000 0.000000 0.000000 1.000000 0.000000 0.000000
13.000000 138.777951 17.548039 0.469117 3.562789 0.000000 0.000000 0.000000 1.000000 0.000000 0.000000
13.000000 138.779706 17.738449 0.341621 3.560594 0.000000 0.000000 0.000000 1.000000 0.000000 0.000000
13.000000 138.785119 16.440642 0.571363 3.468220 0.000000 0.000000 0.000000 1.000000 0.000000 0.000000
13.000000 138.785763 16.337180 0.490827 3.540927 0.000000 0.000000 0.000000 1.000000 0.000000 0.000000
13.000000 138.788124 17.465655 0.486971 3.570478 0.000000 0.000000 0.000000 1.000000 0.000000 0.000000
13.000000 138.789733 17.691065 0.342389 3.572232 0.000000 0.000000 0.000000 1.000000 0.000000 0.000000
13.000000 138.795501 16.336366 0.575933 3.490932 0.000000 0.000000 0.000000 1.000000 0.000000 0.000000
13.000000 138.795734 16.216193 0.488029 3.574448 0.000000 0.000000 0.000000 1.000000 0.000000 0.000000
13.000000 138.799753 16.837254 0.452382 3.607442 0.000000 0.000000 0.000000 1.000000 0.000000 0.000000
13.000000 138.805135 16.208846 0.579667 3.507443 0.000000 0.000000 0.000000 1.000000 0.000000 0.000000
13.000000 138.805801 16.085937 0.494644 3.573210 0.000000 0.000000 0.000000 1.000000 0.000000 0.000000
13.000000 138.815151 16.111088 0.589700 3.521607 0.000000 0.000000 0.000000 1.000000 0.000000 0.000000
13.000000 138.815691 15.996277 0.509690 3.588562 0.000000 0.000000 0.000000 1.000000 0.000000 0.000000
13.000000 138.818058 17.108888 0.510601 3.617064 0.000000 0.000000 0.000000 1.000000 0.000000 0.000000
13.000000 138.825187 16.002447 0.608673 3.537652 0.000000 0.000000 0.000000 1.000000 0.000000 0.000000
13.000000 138.825758 15.875987 0.524689 3.599146 0.000000 0.000000 0.000000 1.000000 0.000000 0.000000
13.000000 138.827968 16.976955 0.527002 3.625477 0.000000 0.000000 0.000000 1.000000 0.000000 0.000000
13.000000 138.829703 17.334101 0.352216 3.629320 0.000000 0.000000 0.000000 1.000000 0.000000 0.000000
13.000000 138.835161 15.868030 0.614026 3.543885 0.000000 0.000000 0.000000 1.000000 0.000000 0.000000
13.000000 138.835703 15.785783 0.548232 3.614368 0.000000 0.000000 0.000000 1.000000 0.000000 0.000000
13.000000 138.838099 16.808098 0.548233 3.641794 0.000000 0.000000 0.000000 1.000000 0.000000 0.000000
13.000000 138.845192 15.752562 0.621642 3.557567 0.000000 0.000000 0.000000 1.000000 0.000000 0.000000
13.000000 138.845860 15.682967 0.562894 3.618927 0.000000 0.000000 0.000000 1.000000 0.000000 0.000000
13.000000 138.847933 16.668099 0.563807 3.647488 0.000000 0.000000 0.000000 1.000000 0.000000 0.000000
13.000000 138.855288 15.682486 0.639310 3.579997 0.000000 0.000000 0.000000 1.000000 0.000000 0.000000
13.000000 138.855802 15.541952 0.554110 3.628913 0.000000 0.000000 0.000000 1.000000 0.000000 0.000000
13.000000 138.857981 16.587429 0.560233 3.648848 0.000000 0.000000 0.000000 1.000000 0.000000 0.000000
13.000000 138.859742 16.867588 0.410684 3.659899 0.000000 0.000000 0.000000 1.000000 0.000000 0.000000
13.000000 138.865194 15.538790 0.641193 3.589998 0.000000 0.000000 0.000000 1.000000 0.000000 0.000000
13.000000 138.865929 15.416128 0.563797 3.639756 0.000000 0.000000 0.000000 1.000000 0.000000 0.000000
13.000000 138.867954 16.446970 0.569698 3.661286 0.000000 0.000000 0.000000 1.000000 0.000000 0.000000
13.000000 138.875245 15.437589 0.644419 3.600065 0.000000 0.000000 0.000000 1.000000 0.000000 0.000000
13.000000 138.875772 15.324501 0.572323 3.647102 0.000000 0.000000 0.000000 1.000000 0.000000 0.000000
13.000000 138.877991 16.360113 0.579638 3.667249 0.000000 0.000000 0.000000 1.000000 0.000000 0.000000
13.000000 138.879936 16.612889 0.446780 3.676585 0.000000 0.000000 0.000000 1.000000 0.000000 0.000000
13.000000 138.885192 15.355206 0.670015 3.604063 0.000000 0.000000 0.000000 1.000000 0.000000 0.000000
13.000000 138.885849 15.182888 0.568474 3.654428 0.000000 0.000000 0.000000 1.000000 0.000000 0.000000
13.000000 138.888098 16.279660 0.573009 3.682395 0.000000 0.000000 0.000000 1.000000 0.000000 0.000000
13.000000 138.895342 15.225141 0.685350 3.616088 0.000000 0.000000 0.000000 1.000000 0.000000 0.000000
13.000000 138.895734 15.080073 0.599862 3.660500 0.000000 0.000000 0.000000 1.000000 0.000000 0.000000
13.000000 138.898251 16.108581 0.607898 3.678996 0.000000 0.000000 0.000000 1.000000 0.000000 0.000000
13.000000 138.905195 15.128232 0.677964 3.617329 0.000000 0.000000 0.000000 1.000000 0.000000 0.000000
13.000000 138.905854 14.985667 0.595731 3.664139 0.000000 0.000000 0.000000 1.000000 0.000000 0.000000
13.000000 138.908044 16.054129 0.606492 3.678384 0.000000 0.000000 0.000000 1.000000 0.000000 0.000000
13.000000 138.915295 15.005820 0.689239 3.621062 0.000000 0.000000 0.000000 1.000000 0.000000 0.000000
13.000000 138.915790 14.859989 0.606613 3.666444 0.000000 0.000000 0.000000 1.000000 0.000000 0.000000
13.000000 138.925205 14.903149 0.697771 3.631713 0.000000 0.000000 0.000000 1.000000 0.000000 0.000000
13.000000 138.925826 14.761481 0.619759 3.670176 0.000000 0.000000 0.000000 1.000000 0.000000 0.000000
13.000000 138.929966 15.268742 0.610948 3.695703 0.000000 0.000000 0.000000 1.000000 0.000000 0.000000
13.000000 138.935536 14.768136 0.715856 3.628479 0.000000 0.000000 0.000000 1.000000 0.000000 0.000000
13.000000 138.935795 14.618215 0.630648 3.669034 0.000000 0.000000 0.000000 1.000000 0.000000 0.000000
13.000000 138.938277 15.633530 0.640501 3.686593 0.000000 0.000000 0.000000 1.000000 0.000000 0.000000
13.000000 138.940067 15.918640 0.498699 3.697079 0.000000 0.000000 0.000000 1.000000 0.000000 0.000000
13.000000 138.945229 14.637694 0.720634 3.634093 0.000000 0.000000 0.000000 1.000000 0.000000 0.000000
13.000000 138.945866 14.449551 0.618704 3.674559 0.000000 0.000000 0.000000 1.000000 0.000000 0.000000
13.000000 138.948201 15.618618 0.631030 3.692731 0.000000 0.000000 0.000000 1.000000 0.000000 0.000000
13.000000 138.955274 14.565838 0.725876 3.644023 0.000000 0.000000 0.000000 1.000000 0.000000 0.000000
13.000000 138.955740 14.389206 0.634739 3.672035 0.000000 0.000000 0.000000 1.000000 0.000000 0.000000
13.000000 138.958039 15.472876 0.650515 3.686157 0.000000 0.000000 0.000000 1.000000 0.000000 0.000000
13.000000 138.965209 14.448829 0.729765 3.643805 0.000000 0.000000 0.000000 1.000000 0.000000 0.000000
13.000000 138.965872 14.291633 0.646484 3.673767 0.000000 0.000000 0.000000 1.000000 0.000000 0.000000
13.000000 138.968161 15.355508 0.661855 3.691369 0.000000 0.000000 0.000000 1.000000 0.000000 0.000000
13.000000 138.975539 14.346057 0.741240 3.644213 0.000000 0.000000 0.000000 1.000000 0.000000 0.000000
13.000000 138.975724 14.191713 0.660204 3.666517 0.000000 0.000000 0.000000 1.000000 0.000000 0.000000
13.000000 138.978157 15.251557 0.677089 3.678173 0.000000 0.000000 0.000000 1.000000 0.000000 0.000000
13.000000 138.985183 14.247041 0.765231 3.637979 0.000000 0.000000 0.000000 1.000000 0.000000 0.000000
13.000000 138.985875 14.063300 0.672086 3.660346 0.000000 0.000000 0.000000 1.000000 0.000000 0.000000
13.000000 138.988048 15.127616 0.688586 3.674963 0.000000 0.000000 0.000000 1.000000 0.000000 0.000000
13.000000 138.995333 14.137753 0.775535 3.634772 0.000000 0.000000 0.000000 1.000000 0.000000 0.000000
13.000000 138.995759 13.917441 0.666132 3.662701 0.000000 0.000000 0.000000 1.000000 0.000000 0.000000
13.000000 138.998039 15.095534 0.684066 3.673503 0.000000 0.000000 0.000000 1.000000 0.000000 0.000000
13.000000 139.000005 15.404748 0.532915 3.692330 0.000000 0.000000 0.000000 1.000000 0.000000 0.000000
13.000000 139.005197 14.020411 0.769965 3.632792 0.000000 0.000000 0.000000 1.000000 0.000000 0.000000
13.000000 139.005898 13.851180 0.685010 3.655816 0.000000 0.000000 0.000000 1.000000 0.000000 0.000000
13.000000 139.008215 14.942515 0.704953 3.665354 0.000000 0.000000 0.000000 1.000000 0.000000 0.000000
13.000000 139.015324 13.912986 0.778615 3.632358 0.000000 0.000000 0.000000 1.000000 0.000000 0.000000
13.000000 139.015802 13.758553 0.699702 3.653685 0.000000 0.000000 0.000000 1.000000 0.000000 0.000000
13.000000 139.018130 14.811664 0.719026 3.665702 0.000000 0.000000 0.000000 1.000000 0.000000 0.000000
13.000000 139.025232 13.788505 0.782403 3.622423 0.000000 0.000000 0.000000 1.000000 0.000000 0.000000
13.000000 139.025873 13.634705 0.702650 3.645529 0.000000 0.000000 0.000000 1.000000 0.000000 0.000000
13.000000 139.028005 14.731434 0.722277 3.660522 0.000000 0.000000 0.000000 1.000000 0.000000 0.000000
13.000000 139.035314 13.665604 0.803512 3.607784 0.000000 0.000000 0.000000 1.000000 0.000000 0.000000
13.000000 139.035859 13.473456 0.707234 3.631751 0.000000 0.000000 0.000000 1.000000 0.000000 0.000000
13.000000 139.038163 14.619985 0.726474 3.648158 0.000000 0.000000 0.000000 1.000000 0.000000 0.000000
13.000000 139.045253 13.538541 0.811306 3.602478 0.000000 0.000000 0.000000 1.000000 0.000000 0.000000
13.000000 139.045849 13.382260 0.726874 3.630526 0.000000 0.000000 0.000000 1.000000 0.000000 0.000000
13.000000 139.048086 14.480312 0.744008 3.644939 0.000000 0.000000 0.000000 1.000000 0.000000 0.000000
13.000000 139.055303 13.470891 0.811056 3.600463 0.000000 0.000000 0.000000 1.000000 0.000000 0.000000
13.000000 139.055807 13.330050 0.736027 3.622106 0.000000 0.000000 0.000000 1.000000 0.000000 0.000000
13.000000 139.058130 14.381516 0.755408 3.629237 0.000000 0.000000 0.000000 1.000000 0.000000 0.000000
13.000000 139.065252 13.358643 0.826067 3.592718 0.000000 0.000000 0.000000 1.000000 0.000000 0.000000
13.000000 139.065894 13.216435 0.750274 3.615985 0.000000 0.000000 0.000000 1.000000 0.000000 0.000000
13.000000 139.068107 14.248308 0.769175 3.623355 0.000000 0.000000 0.000000 1.000000 0.000000 0.000000
13.000000 139.075437 13.262411 0.837414 3.577956 0.000000 0.000000 0.000000 1.000000 0.000000 0.000000
13.000000 139.075891 13.123837 0.761999 3.601629 0.000000 0.000000 0.000000 1.000000 0.000000 0.000000
13.000000 139.078070 14.154093 0.780150 3.612730 0.000000 0.000000 0.000000 1.000000 0.000000 0.000000
13.000000 139.085288 13.128157 0.855391 3.561650 0.000000 0.000000 0.000000 1.000000 0.000000 0.000000
13.000000 139.086094 12.955846 0.766566 3.585613 0.000000 0.000000 0.000000 1.000000 0.000000 0.000000
13.000000 139.088160 14.055777 0.786263 3.595234 0.000000 0.000000 0.000000 1.000000 0.000000 0.000000
13.000000 139.095314 13.009734 0.855260 3.554257 0.000000 0.000000 0.000000 1.000000 0.000000 0.000000
13.000000 139.096053 12.853992 0.773977 3.576299 0.000000 0.000000 0.000000 1.000000 0.000000 0.000000
13.000000 139.098104 13.952527 0.795660 3.578652 0.000000 0.000000 0.000000 1.000000 0.000000 0.000000
13.000000 139.105264 12.924427 0.859837 3.540774 0.000000 0.000000 0.000000 1.000000 0.000000 0.000000
13.000000 139.106167 12.811262 0.794267 3.560756 0.000000 0.000000 0.000000 1.000000 0.000000 0.000000
13.000000 139.108105 13.803825 0.813275 3.560465 0.000000 0.000000 0.000000 1.000000 0.000000 0.000000
13.000000 139.115343 12.826855 0.869227 3.528800 0.000000 0.000000 0.000000 1.000000 0.000000 0.000000
13.000000 139.115929 12.683224 0.795745 3.542466 0.000000 0.000000 0.000000 1.000000 0.000000 0.000000
13.000000 139.118198 13.739684 0.819952 3.537620 0.000000 0.000000 0.000000 1.000000 0.000000 0.000000
13.000000 139.126150 12.555848 0.804675 3.525234 0.000000 0.000000 0.000000 1.000000 0.000000 0.000000
13.000000 139.128228 13.616784 0.828255 3.521309 0.000000 0.000000 0.000000 1.000000 0.000000 0.000000
13.000000 139.135939 12.465845 0.821850 3.501182 0.000000 0.000000 0.000000 1.000000 0.000000 0.000000
13.000000 139.138090 13.469053 0.840412 3.502849 0.000000 0.000000 0.000000 1.000000 0.000000 0.000000
13.000000 139.145956 12.315352 0.837065 3.482923 0.000000 0.000000 0.000000 1.000000 0.000000 0.000000
13.000000 139.148168 13.373709 0.857891 3.481918 0.000000 0.000000 0.000000 1.000000 0.000000 0.000000
13.000000 139.149844 13.615425 0.720560 3.513429 0.000000 0.000000 0.000000 1.000000 0.000000 0.000000
13.000000 139.156034 12.242233 0.838911 3.466289 0.000000 0.000000 0.000000 1.000000 0.000000 0.000000
13.000000 139.158054 13.280568 0.862867 3.457095 0.000000 0.000000 0.000000 1.000000 0.000000 0.000000
13.000000 139.166059 12.142098 0.845654 3.445114 0.000000 0.000000 0.000000 1.000000 0.000000 0.000000
13.000000 139.168072 13.168905 0.869769 3.433746 0.000000 0.000000 0.000000 1.000000 0.000000 0.000000
13.000000 139.175896 12.032890 0.856601 3.423401 0.000000 0.000000 0.000000 1.000000 0.000000 0.000000
13.000000 139.178141 13.022521 0.881144 3.406455 0.000000 0.000000 0.000000 1.000000 0.000000 0.000000
13.000000 139.186036 11.882112 0.866609 3.395423 0.000000 0.000000 0.000000 1.000000 0.000000 0.000000
13.000000 139.188079 12.962046 0.889314 3.384711 0.000000 0.000000 0.000000 1.000000 0.000000 0.000000
13.000000 139.189930 13.095046 0.782924 3.426427 0.000000 0.000000 0.000000 1.000000 0.000000 0.000000
13.000000 139.196145 11.819544 0.879309 3.369788 0.000000 0.000000 0.000000 1.000000 0.000000 0.000000
13.000000 139.198072 12.863571 0.902757 3.355245 0.000000 0.000000 0.000000 1.000000 0.000000 0.000000
13.000000 139.205998 11.696136 0.879788 3.351860 0.000000 0.000000 0.000000 1.000000 0.000000 0.000000
13.000000 139.208108 12.763980 0.907573 3.330413 0.000000 0.000000 0.000000 1.000000 0.000000 0.000000
13.000000 139.215928 11.616533 0.891777 3.323213 0.000000 0.000000 0.000000 1.000000 0.000000 0.000000
13.000000 139.218102 12.650909 0.917611 3.302004 0.000000 0.000000 0.000000 1.000000 0.000000 0.000000
13.000000 139.226074 11.481639 0.899612 3.297040 0.000000 0.000000 0.000000 1.000000 0.000000 0.000000
13.000000 139.228062 12.481667 0.923905 3.275391 0.000000 0.000000 0.000000 1.000000 0.000000 0.000000
13.000000 139.236005 11.327424 0.911683 3.268507 0.000000 0.000000 0.000000 1.000000 0.000000 0.000000
13.000000 139.238125 12.443809 0.938165 3.242576 0.000000 0.000000 0.000000 1.000000 0.000000 0.000000
13.000000 139.246130 11.266848 0.922993 3.239547 0.000000 0.000000 0.000000 1.000000 0.000000 0.000000
13.000000 139.248127 12.319912 0.945968 3.214825 0.000000 0.000000 0.000000 1.000000 0.000000 0.000000
13.000000 139.256095 11.154286 0.923506 3.213993 0.000000 0.000000 0.000000 1.000000 0.000000 0.000000
13.000000 139.258150 12.254955 0.949415 3.179814 0.000000 0.000000 0.000000 1.000000 0.000000 0.000000
13.000000 139.266145 11.073640 0.936812 3.181846 0.000000 0.000000 0.000000 1.000000 0.000000 0.000000
13.000000 139.268173 12.103863 0.962454 3.149566 0.000000 0.000000 0.000000 1.000000 0.000000 0.000000
13.000000 139.275973 10.969454 0.943368 3.152688 0.000000 0.000000 0.000000 1.000000 0.000000 0.000000
13.000000 139.278192 12.032091 0.969945 3.114666 0.000000 0.000000 0.000000 1.000000 0.000000 0.000000
13.000000 139.286113 10.852629 0.960873 3.113963 0.000000 0.000000 0.000000 1.000000 0.000000 0.000000
13.000000 139.288176 11.915565 0.985182 3.077567 0.000000 0.000000 0.000000 1.000000 0.000000 0.000000
13.000000 139.295971 10.758769 0.974370 3.082150 0.000000 0.000000 0.000000 1.000000 0.000000 0.000000
13.000000 139.298129 11.794510 0.996713 3.049532 0.000000 0.000000 0.000000 1.000000 0.000000 0.000000
13.000000 139.306092 10.655329 0.977343 3.052273 0.000000 0.000000 0.000000 1.000000 0.000000 0.000000
13.000000 139.308165 11.683977 1.002271 3.010323 0.000000 0.000000 0.000000 1.000000 0.000000 0.000000
13.000000 139.316023 10.560281 0.987470 3.013680 0.000000 0.000000 0.000000 1.000000 0.000000 0.000000
13.000000 139.318165 11.595498 1.013312 2.970529 0.000000 0.000000 0.000000 1.000000 0.000000 0.000000
13.000000 139.326106 10.469089 0.997408 2.978912 0.000000 0.000000 0.000000 1.000000 0.000000 0.000000
13.000000 139.328122 11.487588 1.022421 2.931674 0.000000 0.000000 0.000000 1.000000 0.000000 0.000000
13.000000 139.335975 10.351148 1.007348 2.933640 0.000000 0.000000 0.000000 1.000000 0.000000 0.000000
13.000000 139.338120 11.405313 1.026297 2.888343 0.000000 0.000000 0.000000 1.000000 0.000000 0.000000
13.000000 139.346168 10.233854 1.020837 2.905802 0.000000 0.000000 0.000000 1.000000 0.000000 0.000000
13.000000 139.348133 11.303951 1.043305 2.849796 0.000000 0.000000 0.000000 1.000000 0.000000 0.000000
13.000000 139.356054 10.215581 1.032389 2.862508 0.000000 0.000000 0.000000 1.000000 0.000000 0.000000
13.000000 139.358335 11.177566 1.051382 2.810466 0.000000 0.000000 0.000000 1.000000 0.000000 0.000000
13.000000 139.366018 10.058733 1.032359 2.827265 0.000000 0.000000 0.000000 1.000000 0.000000 0.000000
13.000000 139.368165 11.065559 1.052460 2.768834 0.000000 0.000000 0.000000 1.000000 0.000000 0.000000
13.000000 139.375924 9.964934 1.046840 2.786120 0.000000 0.000000 0.000000 1.000000 0.000000 0.000000
13.000000 139.378174 10.949378 1.064840 2.718636 0.000000 0.000000 0.000000 1.000000 0.000000 0.000000
13.000000 139.386090 9.860824 1.059558 2.733109 0.000000 0.000000 0.000000 1.000000 0.000000 0.000000
13.000000 139.388130 10.879774 1.071910 2.672509 0.000000 0.000000 0.000000 1.000000 0.000000 0.000000
13.000000 139.396001 9.738841 1.058830 2.697873 0.000000 0.000000 0.000000 1.000000 0.000000 0.000000
13.000000 139.398172 10.800607 1.074300 2.626763 0.000000 0.000000 0.000000 1.000000 0.000000 0.000000
13.000000 139.406039 9.676802 1.073720 2.652245 0.000000 0.000000 0.000000 1.000000 0.000000 0.000000
13.000000 139.408120 10.675141 1.090265 2.582179 0.000000 0.000000 0.000000 1.000000 0.000000 0.000000
13.000000 139.415940 9.560104 1.076910 2.605912 0.000000 0.000000 0.000000 1.000000 0.000000 0.000000
13.000000 139.418158 10.584721 1.092183 2.532984 0.000000 0.000000 0.000000 1.000000 0.000000 0.000000
13.000000 139.426083 9.483068 1.093738 2.562887 0.000000 0.000000 0.000000 1.000000 0.000000 0.000000
13.000000 139.428184 10.478486 1.104591 2.488213 0.000000 0.000000 0.000000 1.000000 0.000000 0.000000
13.000000 139.436021 9.384090 1.111313 2.510057 0.000000 0.000000 0.000000 1.000000 0.000000 0.000000
13.000000 139.438284 10.376591 1.115383 2.435580 0.000000 0.000000 0.000000 1.000000 0.000000 0.000000
13.000000 139.446115 9.268671 1.112699 2.465484 0.000000 0.000000 0.000000 1.000000 0.000000 0.000000
13.000000 139.448250 10.264691 1.119349 2.381954 0.000000 0.000000 0.000000 1.000000 0.000000 0.000000
13.000000 139.456007 9.175384 1.115461 2.418263 0.000000 0.000000 0.000000 1.000000 0.000000 0.000000
13.000000 139.458158 10.184048 1.126526 2.332382 0.000000 0.000000 0.000000 1.000000 0.000000 0.000000
13.000000 139.466421 9.101728 1.135072 2.373810 0.000000 0.000000 0.000000 1.000000 0.000000 0.000000
13.000000 139.468184 10.077836 1.141656 2.282939 0.000000 0.000000 0.000000 1.000000 0.000000 0.000000
13.000000 139.476114 9.043312 1.150852 2.326034 0.000000 0.000000 0.000000 1.000000 0.000000 0.000000
13.000000 139.478230 9.982801 1.151301 2.240415 0.000000 0.000000 0.000000 1.000000 0.000000 0.000000
13.000000 139.488216 9.888334 1.159888 2.185570 0.000000 0.000000 0.000000 1.000000 0.000000 0.000000
13.000000 139.496034 8.859593 1.182499 2.218141 0.000000 0.000000 0.000000 1.000000 0.000000 0.000000
13.000000 139.498272 9.788622 1.170560 2.129217 0.000000 0.000000 0.000000 1.000000 0.000000 0.000000
13.000000 139.506365 8.801648 1.188127 2.168980 0.000000 0.000000 0.000000 1.000000 0.000000 0.000000
13.000000 139.508176 9.684827 1.180534 2.078090 0.000000 0.000000 0.000000 1.000000 0.000000 0.000000
13.000000 139.516088 8.709968 1.201047 2.114652 0.000000 0.000000 0.000000 1.000000 0.000000 0.000000
13.000000 139.518353 9.551089 1.189027 2.022921 0.000000 0.000000 0.000000 1.000000 0.000000 0.000000
13.000000 139.526133 8.638452 1.209791 2.059127 0.000000 0.000000 0.000000 1.000000 0.000000 0.000000
13.000000 139.528250 9.498857 1.192684 1.964387 0.000000 0.000000 0.000000 1.000000 0.000000 0.000000
13.000000 139.536067 8.552559 1.226873 2.003227 0.000000 0.000000 0.000000 1.000000 0.000000 0.000000
13.000000 139.538526 9.385055 1.202348 1.908318 0.000000 0.000000 0.000000 1.000000 0.000000 0.000000
13.000000 139.546089 8.406361 1.223255 1.952671 0.000000 0.000000 0.000000 1.000000 0.000000 0.000000
13.000000 139.548343 9.334413 1.203225 1.840982 0.000000 0.000000 0.000000 1.000000 0.000000 0.000000
13.000000 139.556081 8.389811 1.246540 1.889083 0.000000 0.000000 0.000000 1.000000 0.000000 0.000000
13.000000 139.558402 9.204918 1.218718 1.790557 0.000000 0.000000 0.000000 1.000000 0.000000 0.000000
13.000000 139.566140 8.304779 1.255956 1.831163 0.000000 0.000000 0.000000 1.000000 0.000000 0.000000
13.000000 139.568349 9.078563 1.226815 1.733204 0.000000 0.000000 0.000000 1.000000 0.000000 0.000000
13.000000 139.576022 8.217031 1.263016 1.764177 0.000000 0.000000 0.000000 1.000000 0.000000 0.000000
13.000000 139.578363 9.024728 1.233371 1.654216 0.000000 0.000000 0.000000 1.000000 0.000000 0.000000
13.000000 139.586226 8.099497 1.280007 1.711463 0.000000 0.000000 0.000000 1.000000 0.000000 0.000000
13.000000 139.588314 8.875890 1.248312 1.606503 0.000000 0.000000 0.000000 1.000000 0.000000 0.000000
13.000000 139.596081 8.076280 1.303368 1.652182 0.000000 0.000000 0.000000 1.000000 0.000000 0.000000
13.000000 139.598386 8.827544 1.261208 1.542203 0.000000 0.000000 0.000000 1.000000 0.000000 0.000000
13.000000 139.608329 8.713054 1.265846 1.487391 0.000000 0.000000 0.000000 1.000000 0.000000 0.000000
13.000000 139.608607 8.217192 1.467852 1.583335 0.000000 0.000000 0.000000 1.000000 0.000000 0.000000
13.000000 139.615999 7.929269 1.318882 1.525733 0.000000 0.000000 0.000000 1.000000 0.000000 0.000000
13.000000 139.618395 8.649257 1.269821 1.413010 0.000000 0.000000 0.000000 1.000000 0.000000 0.000000
13.000000 139.626147 7.851031 1.334040 1.464828 0.000000 0.000000 0.000000 1.000000 0.000000 0.000000
13.000000 139.628609 8.551815 1.282287 1.350377 0.000000 0.000000 0.000000 1.000000 0.000000 0.000000
13.000000 139.636114 7.760703 1.350411 1.403138 0.000000 0.000000 0.000000 1.000000 0.000000 0.000000
13.000000 139.638329 8.441385 1.295037 1.285075 0.000000 0.000000 0.000000 1.000000 0.000000 0.000000
13.000000 139.646157 7.680375 1.357862 1.338148 0.000000 0.000000 0.000000 1.000000 0.000000 0.000000
13.000000 139.648327 8.344261 1.301651 1.221920 0.000000 0.000000 0.000000 1.000000 0.000000 0.000000
13.000000 139.649996 8.077719 1.303440 1.336694 0.000000 0.000000 0.000000 1.000000 0.000000 0.000000
13.000000 139.656093 7.594507 1.364604 1.274649 0.000000 0.000000 0.000000 1.000000 0.000000 0.000000
13.000000 139.658397 8.248669 1.305017 1.154210 0.000000 0.000000 0.000000 1.000000 0.000000 0.000000
13.000000 139.666154 7.528338 1.379330 1.210390 0.000000 0.000000 0.000000 1.000000 0.000000 0.000000
13.000000 139.668294 8.173287 1.319946 1.083818 0.000000 0.000000 0.000000 1.000000 0.000000 0.000000
13.000000 139.676106 7.450822 1.389530 1.139904 0.000000 0.000000 0.000000 1.000000 0.000000 0.000000
13.000000 139.678451 8.077986 1.324045 1.008007 0.000000 0.000000 0.000000 1.000000 0.000000 0.000000
13.000000 139.686263 7.359332 1.402693 1.073309 0.000000 0.000000 0.000000 1.000000 0.000000 0.000000
13.000000 139.688627 7.982811 1.330829 0.942572 0.000000 0.000000 0.000000 1.000000 0.000000 0.000000
13.000000 139.696082 7.290927 1.422445 0.998834 0.000000 0.000000 0.000000 1.000000 0.000000 0.000000
13.000000 139.698374 7.883576 1.338531 0.871105 0.000000 0.000000 0.000000 1.000000 0.000000 0.000000
13.000000 139.706159 7.210153 1.423812 0.932342 0.000000 0.000000 0.000000 1.000000 0.000000 0.000000
13.000000 139.708329 7.797899 1.350337 0.799130 0.000000 0.000000 0.000000 1.000000 0.000000 0.000000
13.000000 139.716125 7.141127 1.433695 0.860861 0.000000 0.000000 0.000000 1.000000 0.000000 0.000000
13.000000 139.718532 7.700237 1.354850 0.732743 0.000000 0.000000 0.000000 1.000000 0.000000 0.000000
13.000000 139.726193 7.048665 1.440580 0.793063 0.000000 0.000000 0.000000 1.000000 0.000000 0.000000
13.000000 139.728390 7.098027 1.585624 0.787212 0.000000 0.000000 0.000000 1.000000 0.000000 0.000000
13.000000 139.736825 7.006790 1.469209 0.712803 0.000000 0.000000 0.000000 1.000000 0.000000 0.000000
13.000000 139.738492 6.998733 1.604806 0.709225 0.000000 0.000000 0.000000 1.000000 0.000000 0.000000
13.000000 139.748523 7.441386 1.380821 0.504813 0.000000 0.000000 0.000000 1.000000 0.000000 0.000000
13.000000 139.749215 6.925042 1.614823 0.634004 0.000000 0.000000 0.000000 1.000000 0.000000 0.000000
13.000000 139.756114 6.843280 1.482012 0.566471 0.000000 0.000000 0.000000 1.000000 0.000000 0.000000
13.000000 139.758312 7.349280 1.387284 0.429844 0.000000 0.000000 0.000000 1.000000 0.000000 0.000000
13.000000 139.766180 6.770264 1.492743 0.494737 0.000000 0.000000 0.000000 1.000000 0.000000 0.000000
13.000000 139.768365 7.262781 1.395561 0.353906 0.000000 0.000000 0.000000 1.000000 0.000000 0.000000
13.000000 139.776054 6.687342 1.506229 0.417288 0.000000 0.000000 0.000000 1.000000 0.000000 0.000000
13.000000 139.778432 7.162827 1.404241 0.277973 0.000000 0.000000 0.000000 1.000000 0.000000 0.000000
13.000000 139.786137 6.639689 1.522631 0.333923 0.000000 0.000000 0.000000 1.000000 0.000000 0.000000
13.000000 139.788356 7.073843 1.412333 0.198875 0.000000 0.000000 0.000000 1.000000 0.000000 0.000000
13.000000 139.796065 6.535490 1.529712 0.265805 0.000000 0.000000 0.000000 1.000000 0.000000 0.000000
13.000000 139.798288 6.980137 1.419721 0.123525 0.000000 0.000000 0.000000 1.000000 0.000000 0.000000
13.000000 139.808308 6.893050 1.428208 0.044362 0.000000 0.000000 0.000000 1.000000 0.000000 0.000000
13.000000 139.808794 6.389694 1.667448 0.185742 0.000000 0.000000 0.000000 1.000000 0.000000 0.000000
13.000000 139.816107 6.426641 1.556302 0.130852 0.000000 0.000000 0.000000 1.000000 0.000000 0.000000
13.000000 139.818345 6.829841 1.437331 0.009913 0.000000 0.000000 0.000000 1.000000 0.000000 0.000000
13.000000 139.826182 6.359714 1.555638 0.191772 0.000000 0.000000 0.000000 1.000000 0.000000 0.000000
13.000000 139.828392 6.774820 1.440039 0.063415 0.000000 0.000000 0.000000 1.000000 0.000000 0.000000
13.000000 139.836198 6.336904 1.565006 0.236144 0.000000 0.000000 0.000000 1.000000 0.000000 0.000000
13.000000 139.838374 6.271305 1.683655 0.247684 0.000000 0.000000 0.000000 1.000000 0.000000 0.000000
13.000000 139.846223 6.286665 1.572116 0.289000 0.000000 0.000000 0.000000 1.000000 0.000000 0.000000
13.000000 139.848349 6.692305 1.450344 0.170573 0.000000 0.000000 0.000000 1.000000 0.000000 0.000000
13.000000 139.856114 6.218800 1.562475 0.342839 0.000000 0.000000 0.000000 1.000000 0.000000 0.000000
13.000000 139.858399 6.661361 1.452770 0.215080 0.000000 0.000000 0.000000 1.000000 0.000000 0.000000
13.000000 139.866293 6.165536 1.570649 0.396820 0.000000 0.000000 0.000000 1.000000 0.000000 0.000000
13.000000 139.868368 6.601118 1.462907 0.272617 0.000000 0.000000 0.000000 1.000000 0.000000 0.000000
13.000000 139.876125 6.118057 1.573718 0.445703 0.000000 0.000000 0.000000 1.000000 0.000000 0.000000
13.000000 139.878380 6.566661 1.463681 0.318736 0.000000 0.000000 0.000000 1.000000 0.000000 0.000000
13.000000 139.886221 6.090074 1.591874 0.488390 0.000000 0.000000 0.000000 1.000000 0.000000 0.000000
13.000000 139.888499 6.501959 1.469561 0.370128 0.000000 0.000000 0.000000 1.000000 0.000000 0.000000
13.000000 139.896092 6.013241 1.580737 0.542333 0.000000 0.000000 0.000000 1.000000 0.000000 0.000000
13.000000 139.898387 6.480864 1.472377 0.411514 0.000000 0.000000 0.000000 1.000000 0.000000 0.000000
13.000000 139.906258 5.968781 1.586918 0.586820 0.000000 0.000000 0.000000 1.000000 0.000000 0.000000
13.000000 139.908505 6.437716 1.481500 0.457978 0.000000 0.000000 0.000000 1.000000 0.000000 0.000000
13.000000 139.916162 5.924725 1.588568 0.630623 0.000000 0.000000 0.000000 1.000000 0.000000 0.000000
13.000000 139.918721 6.387459 1.483492 0.502221 0.000000 0.000000 0.000000 1.000000 0.000000 0.000000
13.000000 139.926257 5.875475 1.591204 0.675884 0.000000 0.000000 0.000000 1.000000 0.000000 0.000000
13.000000 139.928541 6.356095 1.484893 0.543748 0.000000 0.000000 0.000000 1.000000 0.000000 0.000000
13.000000 139.936234 5.848688 1.599502 0.713103 0.000000 0.000000 0.000000 1.000000 0.000000 0.000000
13.000000 139.938438 6.306150 1.487932 0.590593 0.000000 0.000000 0.000000 1.000000 0.000000 0.000000
13.000000 139.946178 5.770508 1.609816 0.759699 0.000000 0.000000 0.000000 1.000000 0.000000 0.000000
13.000000 139.948389 6.264390 1.499922 0.626388 0.000000 0.000000 0.000000 1.000000 0.000000 0.000000
13.000000 139.956134 5.731266 1.606440 0.800171 0.000000 0.000000 0.000000 1.000000 0.000000 0.000000
13.000000 139.958370 6.215110 1.501500 0.672020 0.000000 0.000000 0.000000 1.000000 0.000000 0.000000
13.000000 139.966323 5.672546 1.608221 0.840427 0.000000 0.000000 0.000000 1.000000 0.000000 0.000000
13.000000 139.968540 6.180751 1.506284 0.706133 0.000000 0.000000 0.000000 1.000000 0.000000 0.000000
13.000000 139.976292 5.619130 1.614994 0.879579 0.000000 0.000000 0.000000 1.000000 0.000000 0.000000
13.000000 139.978425 6.121383 1.512040 0.743256 0.000000 0.000000 0.000000 1.000000 0.000000 0.000000
13.000000 139.986339 5.614892 1.636282 0.907600 0.000000 0.000000 0.000000 1.000000 0.000000 0.000000
13.000000 139.988622 6.066849 1.516874 0.786564 0.000000 0.000000 0.000000 1.000000 0.000000 0.000000
13.000000 139.996371 5.578412 1.638455 0.938637 0.000000 0.000000 0.000000 1.000000 0.000000 0.000000
13.000000 139.998463 6.048645 1.523036 0.817115 0.000000 0.000000 0.000000 1.000000 0.000000 0.000000
13.000000 140.006250 5.479948 1.628723 0.986859 0.000000 0.000000 0.000000 1.000000 0.000000 0.000000
13.000000 140.008614 6.001343 1.525700 0.852840 0.000000 0.000000 0.000000 1.000000 0.000000 0.000000
13.000000 140.016191 5.452093 1.634696 1.015400 0.000000 0.000000 0.000000 1.000000 0.000000 0.000000
13.000000 140.018498 5.950782 1.529335 0.885760 0.000000 0.000000 0.000000 1.000000 0.000000 0.000000
13.000000 140.028519 5.918794 1.535150 0.917839 0.000000 0.000000 0.000000 1.000000 0.000000 0.000000
13.000000 140.036230 5.357237 1.649718 1.082274 0.000000 0.000000 0.000000 1.000000 0.000000 0.000000
13.000000 140.038470 5.886472 1.540876 0.946365 0.000000 0.000000 0.000000 1.000000 0.000000 0.000000
13.000000 140.046391 5.346705 1.660632 1.102523 0.000000 0.000000 0.000000 1.000000 0.000000 0.000000
13.000000 140.048565 5.813475 1.544549 0.981615 0.000000 0.000000 0.000000 1.000000 0.000000 0.000000
13.000000 140.056239 5.264980 1.647953 1.140312 0.000000 0.000000 0.000000 1.000000 0.000000 0.000000
13.000000 140.058584 5.792676 1.549163 1.004843 0.000000 0.000000 0.000000 1.000000 0.000000 0.000000
13.000000 140.066253 5.221155 1.654228 1.169385 0.000000 0.000000 0.000000 1.000000 0.000000 0.000000
13.000000 140.068543 5.745234 1.554465 1.033243 0.000000 0.000000 0.000000 1.000000 0.000000 0.000000
13.000000 140.076348 5.186369 1.655305 1.194883 0.000000 0.000000 0.000000 1.000000 0.000000 0.000000
13.000000 140.078484 5.704994 1.560083 1.062950 0.000000 0.000000 0.000000 1.000000 0.000000 0.000000
13.000000 140.088588 5.647469 1.561398 1.091642 0.000000 0.000000 0.000000 1.000000 0.000000 0.000000
13.000000 140.096362 5.090369 1.660239 1.244949 0.000000 0.000000 0.000000 1.000000 0.000000 0.000000
13.000000 140.098525 5.614314 1.568633 1.114144 0.000000 0.000000 0.000000 1.000000 0.000000 0.000000
13.000000 140.106339 5.034546 1.667602 1.273629 0.000000 0.000000 0.000000 1.000000 0.000000 0.000000
13.000000 140.108602 5.578706 1.570594 1.137630 0.000000 0.000000 0.000000 1.000000 0.000000 0.000000
13.000000 140.116366 4.990473 1.672120 1.295059 0.000000 0.000000 0.000000 1.000000 0.000000 0.000000
13.000000 140.118451 5.519732 1.573312 1.163439 0.000000 0.000000 0.000000 1.000000 0.000000 0.000000
13.000000 140.126455 4.950592 1.679149 1.316790 0.000000 0.000000 0.000000 1.000000 0.000000 0.000000
13.000000 140.128539 5.494385 1.582787 1.183142 0.000000 0.000000 0.000000 1.000000 0.000000 0.000000
13.000000 140.136313 4.888258 1.682411 1.343179 0.000000 0.000000 0.000000 1.000000 0.000000 0.000000
13.000000 140.138498 5.444051 1.586952 1.204765 0.000000 0.000000 0.000000 1.000000 0.000000 0.000000
13.000000 140.146446 4.822683 1.689271 1.371193 0.000000 0.000000 0.000000 1.000000 0.000000 0.000000
13.000000 140.148633 5.405100 1.589257 1.223242 0.000000 0.000000 0.000000 1.000000 0.000000 0.000000
13.000000 140.156330 4.823794 1.695682 1.376704 0.000000 0.000000 0.000000 1.000000 0.000000 0.000000
13.000000 140.159013 5.355944 1.595604 1.243510 0.000000 0.000000 0.000000 1.000000 0.000000 0.000000
13.000000 140.166314 4.774462 1.698360 1.397976 0.000000 0.000000 0.000000 1.000000 0.000000 0.000000
13.000000 140.168513 5.321984 1.600339 1.259949 0.000000 0.000000 0.000000 1.000000 0.000000 0.000000
13.000000 140.176374 4.719006 1.701414 1.416344 0.000000 0.000000 0.000000 1.000000 0.000000 0.000000
13.000000 140.178443 5.280348 1.604597 1.274031 0.000000 0.000000 0.000000 1.000000 0.000000 0.000000
13.000000 140.186329 4.675804 1.710229 1.435355 0.000000 0.000000 0.000000 1.000000 0.000000 0.000000
13.000000 140.188637 5.234913 1.609795 1.291470 0.000000 0.000000 0.000000 1.000000 0.000000 0.000000
13.000000 140.196431 4.650148 1.722325 1.443789 0.000000 0.000000 0.000000 1.000000 0.000000 0.000000
13.000000 140.198547 5.186773 1.615450 1.306654 0.000000 0.000000 0.000000 1.000000 0.000000 0.000000
13.000000 140.206387 4.605748 1.721017 1.457262 0.000000 0.000000 0.000000 1.000000 0.000000 0.000000
13.000000 140.208652 5.150086 1.618856 1.317935 0.000000 0.000000 0.000000 1.000000 0.000000 0.000000
13.000000 140.210281 4.942735 1.602354 1.484547 0.000000 0.000000 0.000000 1.000000 0.000000 0.000000
13.000000 140.216427 4.548445 1.722604 1.473881 0.000000 0.000000 0.000000 1.000000 0.000000 0.000000
13.000000 140.218548 5.104597 1.625215 1.325738 0.000000 0.000000 0.000000 1.000000 0.000000 0.000000
13.000000 140.220325 4.836123 1.636577 1.509178 0.000000 0.000000 0.000000 1.000000 0.000000 0.000000
13.000000 140.226470 4.511570 1.728253 1.486254 0.000000 0.000000 0.000000 1.000000 0.000000 0.000000
13.000000 140.228595 5.066626 1.629275 1.341408 0.000000 0.000000 0.000000 1.000000 0.000000 0.000000
13.000000 140.230442 4.883014 1.599302 1.503115 0.000000 0.000000 0.000000 1.000000 0.000000 0.000000
13.000000 140.236572 4.473848 1.738834 1.496239 0.000000 0.000000 0.000000 1.000000 0.000000 0.000000
13.000000 140.238622 5.021763 1.632903 1.351139 0.000000 0.000000 0.000000 1.000000 0.000000 0.000000
13.000000 140.240505 4.768911 1.637966 1.535031 0.000000 0.000000 0.000000 1.000000 0.000000 0.000000
13.000000 140.246477 4.441092 1.748956 1.503212 0.000000 0.000000 0.000000 1.000000 0.000000 0.000000
13.000000 140.248671 4.976336 1.637543 1.362436 0.000000 0.000000 0.000000 1.000000 0.000000 0.000000
13.000000 140.250394 4.720973 1.647514 1.547581 0.000000 0.000000 0.000000 1.000000 0.000000 0.000000
13.000000 140.256520 4.374404 1.742207 1.517220 0.000000 0.000000 0.000000 1.000000 0.000000 0.000000
13.000000 140.258509 4.943064 1.641456 1.366718 0.000000 0.000000 0.000000 1.000000 0.000000 0.000000
13.000000 140.260461 4.713425 1.639245 1.543112 0.000000 0.000000 0.000000 1.000000 0.000000 0.000000
13.000000 140.266489 4.340211 1.750719 1.522768 0.000000 0.000000 0.000000 1.000000 0.000000 0.000000
13.000000 140.268839 4.893791 1.648066 1.374112 0.000000 0.000000 0.000000 1.000000 0.000000 0.000000
13.000000 140.270334 4.680231 1.632536 1.550968 0.000000 0.000000 0.000000 1.000000 0.000000 0.000000
13.000000 140.276509 4.284490 1.747275 1.535064 0.000000 0.000000 0.000000 1.000000 0.000000 0.000000
13.000000 140.278561 4.854444 1.652236 1.381358 0.000000 0.000000 0.000000 1.000000 0.000000 0.000000
13.000000 140.280409 4.607350 1.656125 1.566178 0.000000 0.000000 0.000000 1.000000 0.000000 0.000000
13.000000 140.286456 4.321521 1.772068 1.520428 0.000000 0.000000 0.000000 1.000000 0.000000 0.000000
13.000000 140.288778 4.819358 1.655669 1.383317 0.000000 0.000000 0.000000 1.000000 0.000000 0.000000
13.000000 140.290316 4.553211 1.672175 1.571855 0.000000 0.000000 0.000000 1.000000 0.000000 0.000000
13.000000 140.296479 4.220449 1.777038 1.546094 0.000000 0.000000 0.000000 1.000000 0.000000 0.000000
13.000000 140.298873 4.766830 1.658973 1.391540 0.000000 0.000000 0.000000 1.000000 0.000000 0.000000
13.000000 140.300630 4.562129 1.640927 1.566543 0.000000 0.000000 0.000000 1.000000 0.000000 0.000000
13.000000 140.306385 4.174085 1.766529 1.547722 0.000000 0.000000 0.000000 1.000000 0.000000 0.000000
13.000000 140.308680 4.741097 1.665145 1.389594 0.000000 0.000000 0.000000 1.000000 0.000000 0.000000
13.000000 140.310335 4.491708 1.671157 1.576976 0.000000 0.000000 0.000000 1.000000 0.000000 0.000000
13.000000 140.316366 4.142544 1.773008 1.547067 0.000000 0.000000 0.000000 1.000000 0.000000 0.000000
13.000000 140.318582 4.684341 1.669476 1.397372 0.000000 0.000000 0.000000 1.000000 0.000000 0.000000
13.000000 140.320556 4.501296 1.637389 1.572801 0.000000 0.000000 0.000000 1.000000 0.000000 0.000000
13.000000 140.326392 4.101655 1.780085 1.550893 0.000000 0.000000 0.000000 1.000000 0.000000 0.000000
13.000000 140.328671 4.650552 1.675440 1.395700 0.000000 0.000000 0.000000 1.000000 0.000000 0.000000
13.000000 140.330352 4.471899 1.637704 1.572600 0.000000 0.000000 0.000000 1.000000 0.000000 0.000000
13.000000 140.336383 4.068798 1.792068 1.555589 0.000000 0.000000 0.000000 1.000000 0.000000 0.000000
13.000000 140.338583 4.608019 1.677751 1.396539 0.000000 0.000000 0.000000 1.000000 0.000000 0.000000
13.000000 140.340367 4.423105 1.648504 1.567434 0.000000 0.000000 0.000000 1.000000 0.000000 0.000000
13.000000 140.346391 4.038858 1.798260 1.543669 0.000000 0.000000 0.000000 1.000000 0.000000 0.000000
13.000000 140.348692 4.577837 1.677879 1.387915 0.000000 0.000000 0.000000 1.000000 0.000000 0.000000
13.000000 140.350308 4.332795 1.682947 1.582294 0.000000 0.000000 0.000000 1.000000 0.000000 0.000000
13.000000 140.356353 4.009453 1.802940 1.545431 0.000000 0.000000 0.000000 1.000000 0.000000 0.000000
13.000000 140.358840 4.532693 1.688912 1.389926 0.000000 0.000000 0.000000 1.000000 0.000000 0.000000
13.000000 140.360469 4.310441 1.675242 1.579732 0.000000 0.000000 0.000000 1.000000 0.000000 0.000000
13.000000 140.366458 3.985045 1.811591 1.540340 0.000000 0.000000 0.000000 1.000000 0.000000 0.000000
13.000000 140.368744 4.482001 1.693370 1.391087 0.000000 0.000000 0.000000 1.000000 0.000000 0.000000
13.000000 140.370319 4.299908 1.658535 1.570166 0.000000 0.000000 0.000000 1.000000 0.000000 0.000000
13.000000 140.376404 3.939240 1.815382 1.537683 0.000000 0.000000 0.000000 1.000000 0.000000 0.000000
13.000000 140.378714 4.447942 1.696685 1.382560 0.000000 0.000000 0.000000 1.000000 0.000000 0.000000
13.000000 140.380509 4.189049 1.709793 1.577836 0.000000 0.000000 0.000000 1.000000 0.000000 0.000000
13.000000 140.388840 4.399007 1.702324 1.380272 0.000000 0.000000 0.000000 1.000000 0.000000 0.000000
13.000000 140.390286 4.210416 1.671370 1.562258 0.000000 0.000000 0.000000 1.000000 0.000000 0.000000
13.000000 140.398733 4.364268 1.707046 1.371879 0.000000 0.000000 0.000000 1.000000 0.000000 0.000000
13.000000 140.400567 4.109624 1.716967 1.565387 0.000000 0.000000 0.000000 1.000000 0.000000 0.000000
13.000000 140.406528 3.809093 1.822666 1.526624 0.000000 0.000000 0.000000 1.000000 0.000000 0.000000
13.000000 140.408755 4.324640 1.709695 1.364184 0.000000 0.000000 0.000000 1.000000 0.000000 0.000000
13.000000 140.410506 4.090920 1.718299 1.543167 0.000000 0.000000 0.000000 1.000000 0.000000 0.000000
13.000000 140.416459 3.751207 1.822737 1.523023 0.000000 0.000000 0.000000 1.000000 0.000000 0.000000
13.000000 140.418928 4.281126 1.714363 1.354320 0.000000 0.000000 0.000000 1.000000 0.000000 0.000000
13.000000 140.420547 4.112845 1.667678 1.535422 0.000000 0.000000 0.000000 1.000000 0.000000 0.000000
13.000000 140.426485 3.718849 1.824379 1.512907 0.000000 0.000000 0.000000 1.000000 0.000000 0.000000
13.000000 140.428769 4.240116 1.721358 1.348498 0.000000 0.000000 0.000000 1.000000 0.000000 0.000000
13.000000 140.430413 4.025086 1.707797 1.537226 0.000000 0.000000 0.000000 1.000000 0.000000 0.000000
13.000000 140.436430 3.687690 1.826916 1.501226 0.000000 0.000000 0.000000 1.000000 0.000000 0.000000
13.000000 140.438680 4.193212 1.725791 1.340043 0.000000 0.000000 0.000000 1.000000 0.000000 0.000000
13.000000 140.440530 3.949386 1.733463 1.531509 0.000000 0.000000 0.000000 1.000000 0.000000 0.000000
13.000000 140.449266 4.166695 1.728957 1.325167 0.000000 0.000000 0.000000 1.000000 0.000000 0.000000
13.000000 140.450523 3.986598 1.694151 1.504836 0.000000 0.000000 0.000000 1.000000 0.000000 0.000000
13.000000 140.458814 4.120235 1.733954 1.313671 0.000000 0.000000 0.000000 1.000000 0.000000 0.000000
13.000000 140.460594 3.902858 1.728368 1.497825 0.000000 0.000000 0.000000 1.000000 0.000000 0.000000
13.000000 140.468752 4.085072 1.739698 1.292355 0.000000 0.000000 0.000000 1.000000 0.000000 0.000000
13.000000 140.470464 3.825340 1.754091 1.491698 0.000000 0.000000 0.000000 1.000000 0.000000 0.000000
13.000000 140.478755 4.027630 1.744305 1.290865 0.000000 0.000000 0.000000 1.000000 0.000000 0.000000
13.000000 140.480550 3.781980 1.754386 1.485036 0.000000 0.000000 0.000000 1.000000 0.000000 0.000000
13.000000 140.488806 4.002267 1.749798 1.269548 0.000000 0.000000 0.000000 1.000000 0.000000 0.000000
13.000000 140.490415 3.819450 1.717337 1.449973 0.000000 0.000000 0.000000 1.000000 0.000000 0.000000
13.000000 140.498718 3.957861 1.751587 1.253152 0.000000 0.000000 0.000000 1.000000 0.000000 0.000000
13.000000 140.500455 3.713032 1.761689 1.449426 0.000000 0.000000 0.000000 1.000000 0.000000 0.000000
13.000000 140.508850 3.921266 1.753126 1.235517 0.000000 0.000000 0.000000 1.000000 0.000000 0.000000
13.000000 140.510397 3.743334 1.718275 1.418288 0.000000 0.000000 0.000000 1.000000 0.000000 0.000000
13.000000 140.518681 3.867744 1.760750 1.217441 0.000000 0.000000 0.000000 1.000000 0.000000 0.000000
13.000000 140.520453 3.646492 1.753887 1.405559 0.000000 0.000000 0.000000 1.000000 0.000000 0.000000
13.000000 140.528812 3.833890 1.769644 1.199353 0.000000 0.000000 0.000000 1.000000 0.000000 0.000000
13.000000 140.530440 3.628909 1.752482 1.383410 0.000000 0.000000 0.000000 1.000000 0.000000 0.000000
13.000000 140.538927 3.786798 1.769088 1.173031 0.000000 0.000000 0.000000 1.000000 0.000000 0.000000
13.000000 140.540522 3.537175 1.780443 1.362284 0.000000 0.000000 0.000000 1.000000 0.000000 0.000000
13.000000 140.548750 3.756054 1.773463 1.150901 0.000000 0.000000 0.000000 1.000000 0.000000 0.000000
13.000000 140.550442 3.501440 1.785022 1.345687 0.000000 0.000000 0.000000 1.000000 0.000000 0.000000
13.000000 140.558641 3.713608 1.778088 1.133078 0.000000 0.000000 0.000000 1.000000 0.000000 0.000000
13.000000 140.560570 3.473229 1.789133 1.323707 0.000000 0.000000 0.000000 1.000000 0.000000 0.000000
13.000000 140.569040 3.686198 1.787696 1.103386 0.000000 0.000000 0.000000 1.000000 0.000000 0.000000
13.000000 140.570475 3.500287 1.750752 1.288430 0.000000 0.000000 0.000000 1.000000 0.000000 0.000000
13.000000 140.578756 3.640810 1.788856 1.084402 0.000000 0.000000 0.000000 1.000000 0.000000 0.000000
13.000000 140.580570 3.424655 1.775893 1.275092 0.000000 0.000000 0.000000 1.000000 0.000000 0.000000
13.000000 140.588758 3.595613 1.791872 1.060740 0.000000 0.000000 0.000000 1.000000 0.000000 0.000000
13.000000 140.590451 3.374350 1.788433 1.245050 0.000000 0.000000 0.000000 1.000000 0.000000 0.000000
13.000000 140.598729 3.567092 1.795507 1.031294 0.000000 0.000000 0.000000 1.000000 0.000000 0.000000
13.000000 140.600598 3.390906 1.759017 1.209191 0.000000 0.000000 0.000000 1.000000 0.000000 0.000000
13.000000 140.608816 3.523249 1.799649 1.006892 0.000000 0.000000 0.000000 1.000000 0.000000 0.000000
13.000000 140.610461 3.302547 1.797770 1.191851 0.000000 0.000000 0.000000 1.000000 0.000000 0.000000
13.000000 140.618737 3.479689 1.808577 0.979094 0.000000 0.000000 0.000000 1.000000 0.000000 0.000000
13.000000 140.620557 3.253226 1.812653 1.164966 0.000000 0.000000 0.000000 1.000000 0.000000 0.000000
13.000000 140.628924 3.438244 1.813147 0.946775 0.000000 0.000000 0.000000 1.000000 0.000000 0.000000
13.000000 140.630581 3.211478 1.813529 1.130757 0.000000 0.000000 0.000000 1.000000 0.000000 0.000000
13.000000 140.638750 3.401536 1.813114 0.920393 0.000000 0.000000 0.000000 1.000000 0.000000 0.000000
13.000000 140.640586 3.169279 1.819011 1.107499 0.000000 0.000000 0.000000 1.000000 0.000000 0.000000
13.000000 140.648791 3.357168 1.818079 0.888961 0.000000 0.000000 0.000000 1.000000 0.000000 0.000000
13.000000 140.650435 3.137435 1.814491 1.069175 0.000000 0.000000 0.000000 1.000000 0.000000 0.000000
13.000000 140.658676 3.328628 1.820480 0.851219 0.000000 0.000000 0.000000 1.000000 0.000000 0.000000
13.000000 140.660635 3.091130 1.829702 1.042677 0.000000 0.000000 0.000000 1.000000 0.000000 0.000000
13.000000 140.668786 3.287410 1.828968 0.817211 0.000000 0.000000 0.000000 1.000000 0.000000 0.000000
13.000000 140.670561 3.109552 1.793792 0.993837 0.000000 0.000000 0.000000 1.000000 0.000000 0.000000
13.000000 140.678705 3.252306 1.832826 0.785765 0.000000 0.000000 0.000000 1.000000 0.000000 0.000000
13.000000 140.680631 3.055900 1.815452 0.965272 0.000000 0.000000 0.000000 1.000000 0.000000 0.000000
13.000000 140.688769 3.210725 1.838658 0.755911 0.000000 0.000000 0.000000 1.000000 0.000000 0.000000
13.000000 140.690540 3.004557 1.825548 0.934295 0.000000 0.000000 0.000000 1.000000 0.000000 0.000000
13.000000 140.698879 3.178600 1.837529 0.713158 0.000000 0.000000 0.000000 1.000000 0.000000 0.000000
13.000000 140.700643 2.976477 1.817488 0.897168 0.000000 0.000000 0.000000 1.000000 0.000000 0.000000
13.000000 140.708879 3.135567 1.848860 0.681485 0.000000 0.000000 0.000000 1.000000 0.000000 0.000000
13.000000 140.710621 2.939768 1.827688 0.861770 0.000000 0.000000 0.000000 1.000000 0.000000 0.000000
13.000000 140.718789 3.093695 1.852289 0.641228 0.000000 0.000000 0.000000 1.000000 0.000000 0.000000
13.000000 140.720633 2.883531 1.838074 0.823758 0.000000 0.000000 0.000000 1.000000 0.000000 0.000000
13.000000 140.729014 3.057248 1.860682 0.604810 0.000000 0.000000 0.000000 1.000000 0.000000 0.000000
13.000000 140.730938 2.846656 1.845250 0.791129 0.000000 0.000000 0.000000 1.000000 0.000000 0.000000
13.000000 140.738767 3.020576 1.860692 0.563497 0.000000 0.000000 0.000000 1.000000 0.000000 0.000000
13.000000 140.740775 2.825497 1.836414 0.741236 0.000000 0.000000 0.000000 1.000000 0.000000 0.000000
13.000000 140.748913 2.972339 1.873717 0.538896 0.000000 0.000000 0.000000 1.000000 0.000000 0.000000
13.000000 140.750543 2.783737 1.852676 0.697677 0.000000 0.000000 0.000000 1.000000 0.000000 0.000000
13.000000 140.760793 2.724700 1.864467 0.671916 0.000000 0.000000 0.000000 1.000000 0.000000 0.000000
13.000000 140.780596 2.661433 1.864221 0.578430 0.000000 0.000000 0.000000 1.000000 0.000000 0.000000
