29.000000 280.735273 23.049543 -0.137320 1.312149 0.000000 0.000000 0.000000 1.000000 0.000000 0.000000
29.000000 280.739577 22.874106 0.078888 1.221860 0.000000 0.000000 0.000000 1.000000 0.000000 0.000000
29.000000 280.745330 22.952026 -0.114841 1.380816 0.000000 0.000000 0.000000 1.000000 0.000000 0.000000
29.000000 280.749598 22.769907 0.096289 1.287744 0.000000 0.000000 0.000000 1.000000 0.000000 0.000000
29.000000 280.755336 22.873247 -0.104727 1.463300 0.000000 0.000000 0.000000 1.000000 0.000000 0.000000
29.000000 280.759613 22.705925 0.102340 1.376343 0.000000 0.000000 0.000000 1.000000 0.000000 0.000000
29.000000 280.765193 22.759241 -0.088268 1.528882 0.000000 0.000000 0.000000 1.000000 0.000000 0.000000
29.000000 280.769570 22.557603 0.110406 1.427319 0.000000 0.000000 0.000000 1.000000 0.000000 0.000000
29.000000 280.775271 22.641317 -0.068004 1.593529 0.000000 0.000000 0.000000 1.000000 0.000000 0.000000
29.000000 280.779590 22.499232 0.126577 1.520583 0.000000 0.000000 0.000000 1.000000 0.000000 0.000000
29.000000 280.785342 22.544865 -0.047935 1.667581 0.000000 0.000000 0.000000 1.000000 0.000000 0.000000
29.000000 280.789510 22.394091 0.139326 1.589280 0.000000 0.000000 0.000000 1.000000 0.000000 0.000000
29.000000 280.795513 22.439986 -0.030297 1.731614 0.000000 0.000000 0.000000 1.000000 0.000000 0.000000
29.000000 280.799587 22.291201 0.153017 1.654653 0.000000 0.000000 0.000000 1.000000 0.000000 0.000000
29.000000 280.805280 22.325741 -0.017993 1.796465 0.000000 0.000000 0.000000 1.000000 0.000000 0.000000
29.000000 280.809571 22.184753 0.166567 1.723495 0.000000 0.000000 0.000000 1.000000 0.000000 0.000000
29.000000 280.815452 22.207271 0.003067 1.858164 0.000000 0.000000 0.000000 1.000000 0.000000 0.000000
29.000000 280.819779 22.072254 0.178016 1.786748 0.000000 0.000000 0.000000 1.000000 0.000000 0.000000
29.000000 280.825489 22.087254 0.024934 1.917814 0.000000 0.000000 0.000000 1.000000 0.000000 0.000000
29.000000 280.829521 21.979994 0.187252 1.855393 0.000000 0.000000 0.000000 1.000000 0.000000 0.000000
29.000000 280.835519 21.991921 0.039179 1.983067 0.000000 0.000000 0.000000 1.000000 0.000000 0.000000
29.000000 280.839104 21.279911 0.213278 1.735657 0.000000 0.000000 0.000000 1.000000 0.000000 0.000000
29.000000 280.839664 21.618141 0.457186 1.923928 0.000000 0.000000 0.000000 1.000000 0.000000 0.000000
29.000000 280.845454 21.869910 0.057920 2.044673 0.000000 0.000000 0.000000 1.000000 0.000000 0.000000
29.000000 280.849592 21.769120 0.215828 1.982172 0.000000 0.000000 0.000000 1.000000 0.000000 0.000000
29.000000 280.849671 21.516189 0.471097 1.985691 0.000000 0.000000 0.000000 1.000000 0.000000 0.000000
29.000000 280.855523 21.772615 0.069186 2.104386 0.000000 0.000000 0.000000 1.000000 0.000000 0.000000
29.000000 280.859129 21.048058 0.242301 1.860497 0.000000 0.000000 0.000000 1.000000 0.000000 0.000000
29.000000 280.859600 21.390653 0.478838 2.043539 0.000000 0.000000 0.000000 1.000000 0.000000 0.000000
29.000000 280.865323 21.662420 0.084796 2.160804 0.000000 0.000000 0.000000 1.000000 0.000000 0.000000
29.000000 280.869154 20.934133 0.260038 1.923621 0.000000 0.000000 0.000000 1.000000 0.000000 0.000000
29.000000 280.869561 21.282619 0.497037 2.104721 0.000000 0.000000 0.000000 1.000000 0.000000 0.000000
29.000000 280.875463 21.539417 0.105935 2.219588 0.000000 0.000000 0.000000 1.000000 0.000000 0.000000
29.000000 280.879192 20.815489 0.273400 1.986716 0.000000 0.000000 0.000000 1.000000 0.000000 0.000000
29.000000 280.879582 21.169629 0.511932 2.164014 0.000000 0.000000 0.000000 1.000000 0.000000 0.000000
29.000000 280.885362 21.429371 0.124146 2.271171 0.000000 0.000000 0.000000 1.000000 0.000000 0.000000
29.000000 280.889203 20.702995 0.292692 2.041829 0.000000 0.000000 0.000000 1.000000 0.000000 0.000000
29.000000 280.889669 21.053889 0.521810 2.220624 0.000000 0.000000 0.000000 1.000000 0.000000 0.000000
29.000000 280.895431 21.324674 0.138588 2.330844 0.000000 0.000000 0.000000 1.000000 0.000000 0.000000
29.000000 280.899216 20.586001 0.310484 2.104057 0.000000 0.000000 0.000000 1.000000 0.000000 0.000000
29.000000 280.899692 20.934051 0.534857 2.276043 0.000000 0.000000 0.000000 1.000000 0.000000 0.000000
29.000000 280.905260 21.205565 0.156864 2.382797 0.000000 0.000000 0.000000 1.000000 0.000000 0.000000
29.000000 280.909177 20.473154 0.323001 2.162133 0.000000 0.000000 0.000000 1.000000 0.000000 0.000000
29.000000 280.909619 20.827039 0.548401 2.333911 0.000000 0.000000 0.000000 1.000000 0.000000 0.000000
29.000000 280.915317 21.089255 0.174897 2.436140 0.000000 0.000000 0.000000 1.000000 0.000000 0.000000
29.000000 280.919157 20.358214 0.340330 2.217196 0.000000 0.000000 0.000000 1.000000 0.000000 0.000000
29.000000 280.919729 20.716981 0.563969 2.386066 0.000000 0.000000 0.000000 1.000000 0.000000 0.000000
29.000000 280.925387 20.993504 0.182660 2.492936 0.000000 0.000000 0.000000 1.000000 0.000000 0.000000
29.000000 280.929164 20.241837 0.352866 2.267687 0.000000 0.000000 0.000000 1.000000 0.000000 0.000000
29.000000 280.929780 20.606351 0.576118 2.430191 0.000000 0.000000 0.000000 1.000000 0.000000 0.000000
29.000000 280.935433 20.875140 0.206688 2.543045 0.000000 0.000000 0.000000 1.000000 0.000000 0.000000
29.000000 280.939168 20.135681 0.377132 2.325335 0.000000 0.000000 0.000000 1.000000 0.000000 0.000000
29.000000 280.939696 20.489786 0.588334 2.482596 0.000000 0.000000 0.000000 1.000000 0.000000 0.000000
29.000000 280.945333 20.766320 0.223005 2.587932 0.000000 0.000000 0.000000 1.000000 0.000000 0.000000
29.000000 280.949186 20.018603 0.392496 2.379729 0.000000 0.000000 0.000000 1.000000 0.000000 0.000000
29.000000 280.949600 20.371843 0.602372 2.539823 0.000000 0.000000 0.000000 1.000000 0.000000 0.000000
29.000000 280.955593 20.638506 0.239902 2.637448 0.000000 0.000000 0.000000 1.000000 0.000000 0.000000
29.000000 280.959794 20.249923 0.615209 2.589800 0.000000 0.000000 0.000000 1.000000 0.000000 0.000000
29.000000 280.965310 20.523285 0.255056 2.682673 0.000000 0.000000 0.000000 1.000000 0.000000 0.000000
29.000000 280.969801 20.134892 0.632763 2.638777 0.000000 0.000000 0.000000 1.000000 0.000000 0.000000
29.000000 280.975288 20.417884 0.269862 2.729799 0.000000 0.000000 0.000000 1.000000 0.000000 0.000000
29.000000 280.979756 20.026008 0.632227 2.683981 0.000000 0.000000 0.000000 1.000000 0.000000 0.000000
29.000000 280.985404 20.312548 0.284177 2.770224 0.000000 0.000000 0.000000 1.000000 0.000000 0.000000
29.000000 280.989581 19.914070 0.651194 2.725285 0.000000 0.000000 0.000000 1.000000 0.000000 0.000000
29.000000 280.995407 20.162873 0.307687 2.818582 0.000000 0.000000 0.000000 1.000000 0.000000 0.000000
29.000000 280.999676 19.798293 0.665969 2.778223 0.000000 0.000000 0.000000 1.000000 0.000000 0.000000
29.000000 281.005300 20.055855 0.322446 2.864824 0.000000 0.000000 0.000000 1.000000 0.000000 0.000000
29.000000 281.009194 19.326678 0.480578 2.679441 0.000000 0.000000 0.000000 1.000000 0.000000 0.000000
29.000000 281.015395 19.951364 0.343906 2.904636 0.000000 0.000000 0.000000 1.000000 0.000000 0.000000
29.000000 281.019767 19.566170 0.696096 2.860442 0.000000 0.000000 0.000000 1.000000 0.000000 0.000000
29.000000 281.025397 19.849654 0.353351 2.945912 0.000000 0.000000 0.000000 1.000000 0.000000 0.000000
29.000000 281.029233 19.090047 0.523846 2.769256 0.000000 0.000000 0.000000 1.000000 0.000000 0.000000
29.000000 281.035469 19.699417 0.382605 2.986232 0.000000 0.000000 0.000000 1.000000 0.000000 0.000000
29.000000 281.039801 19.350797 0.723694 2.944270 0.000000 0.000000 0.000000 1.000000 0.000000 0.000000
29.000000 281.045348 19.579678 0.396250 3.024897 0.000000 0.000000 0.000000 1.000000 0.000000 0.000000
29.000000 281.049233 18.872441 0.546456 2.858549 0.000000 0.000000 0.000000 1.000000 0.000000 0.000000
29.000000 281.055475 19.487988 0.405434 3.063001 0.000000 0.000000 0.000000 1.000000 0.000000 0.000000
29.000000 281.059257 18.755595 0.562585 2.892801 0.000000 0.000000 0.000000 1.000000 0.000000 0.000000
29.000000 281.065374 19.398949 0.414512 3.097624 0.000000 0.000000 0.000000 1.000000 0.000000 0.000000
29.000000 281.069218 18.646728 0.580564 2.934162 0.000000 0.000000 0.000000 1.000000 0.000000 0.000000
29.000000 281.075357 19.277129 0.425859 3.132076 0.000000 0.000000 0.000000 1.000000 0.000000 0.000000
29.000000 281.079722 18.902673 0.775250 3.103045 0.000000 0.000000 0.000000 1.000000 0.000000 0.000000
29.000000 281.085380 19.167249 0.454534 3.173259 0.000000 0.000000 0.000000 1.000000 0.000000 0.000000
29.000000 281.089229 18.440936 0.609147 3.007917 0.000000 0.000000 0.000000 1.000000 0.000000 0.000000
29.000000 281.095407 19.031783 0.475204 3.203867 0.000000 0.000000 0.000000 1.000000 0.000000 0.000000
29.000000 281.099674 18.665251 0.800320 3.180312 0.000000 0.000000 0.000000 1.000000 0.000000 0.000000
29.000000 281.105415 18.884781 0.491776 3.242632 0.000000 0.000000 0.000000 1.000000 0.000000 0.000000
29.000000 281.109634 18.552064 0.814423 3.206557 0.000000 0.000000 0.000000 1.000000 0.000000 0.000000
29.000000 281.115435 18.777005 0.504421 3.270820 0.000000 0.000000 0.000000 1.000000 0.000000 0.000000
29.000000 281.119765 18.422086 0.817917 3.232159 0.000000 0.000000 0.000000 1.000000 0.000000 0.000000
29.000000 281.125302 18.685474 0.521946 3.304275 0.000000 0.000000 0.000000 1.000000 0.000000 0.000000
29.000000 281.129254 17.992478 0.673661 3.154705 0.000000 0.000000 0.000000 1.000000 0.000000 0.000000
29.000000 281.135418 18.557201 0.545915 3.334215 0.000000 0.000000 0.000000 1.000000 0.000000 0.000000
29.000000 281.139265 17.890081 0.688982 3.185488 0.000000 0.000000 0.000000 1.000000 0.000000 0.000000
29.000000 281.139865 18.234306 0.846680 3.301885 0.000000 0.000000 0.000000 1.000000 0.000000 0.000000
29.000000 281.145306 18.423953 0.559137 3.357141 0.000000 0.000000 0.000000 1.000000 0.000000 0.000000
29.000000 281.149266 17.748203 0.703952 3.219420 0.000000 0.000000 0.000000 1.000000 0.000000 0.000000
29.000000 281.149801 18.094631 0.863255 3.335237 0.000000 0.000000 0.000000 1.000000 0.000000 0.000000
29.000000 281.155529 18.314798 0.574341 3.389918 0.000000 0.000000 0.000000 1.000000 0.000000 0.000000
29.000000 281.159285 17.644883 0.721784 3.252070 0.000000 0.000000 0.000000 1.000000 0.000000 0.000000
29.000000 281.159881 17.983580 0.874739 3.357621 0.000000 0.000000 0.000000 1.000000 0.000000 0.000000
29.000000 281.165344 18.207185 0.588757 3.416384 0.000000 0.000000 0.000000 1.000000 0.000000 0.000000
29.000000 281.169312 17.531744 0.737636 3.280633 0.000000 0.000000 0.000000 1.000000 0.000000 0.000000
29.000000 281.169817 17.878928 0.892987 3.387050 0.000000 0.000000 0.000000 1.000000 0.000000 0.000000
29.000000 281.175580 18.058620 0.607795 3.436598 0.000000 0.000000 0.000000 1.000000 0.000000 0.000000
29.000000 281.179951 18.632686 0.543746 3.435300 0.000000 0.000000 0.000000 1.000000 0.000000 0.000000
29.000000 281.185349 17.915702 0.620909 3.457633 0.000000 0.000000 0.000000 1.000000 0.000000 0.000000
29.000000 281.189273 17.310642 0.757577 3.335429 0.000000 0.000000 0.000000 1.000000 0.000000 0.000000
29.000000 281.189922 17.672402 0.915339 3.435063 0.000000 0.000000 0.000000 1.000000 0.000000 0.000000
29.000000 281.195508 17.824518 0.638738 3.473500 0.000000 0.000000 0.000000 1.000000 0.000000 0.000000
29.000000 281.199419 17.169801 0.784620 3.362526 0.000000 0.000000 0.000000 1.000000 0.000000 0.000000
29.000000 281.199799 17.509710 0.932655 3.470348 0.000000 0.000000 0.000000 1.000000 0.000000 0.000000
29.000000 281.205404 17.699363 0.654458 3.502231 0.000000 0.000000 0.000000 1.000000 0.000000 0.000000
29.000000 281.209533 17.068164 0.801177 3.398392 0.000000 0.000000 0.000000 1.000000 0.000000 0.000000
29.000000 281.209834 17.394241 0.941404 3.490261 0.000000 0.000000 0.000000 1.000000 0.000000 0.000000
29.000000 281.215524 17.533661 0.673592 3.522116 0.000000 0.000000 0.000000 1.000000 0.000000 0.000000
29.000000 281.219447 16.933605 0.809763 3.418017 0.000000 0.000000 0.000000 1.000000 0.000000 0.000000
29.000000 281.219806 17.270878 0.953678 3.507507 0.000000 0.000000 0.000000 1.000000 0.000000 0.000000
29.000000 281.225506 17.495349 0.674323 3.553201 0.000000 0.000000 0.000000 1.000000 0.000000 0.000000
29.000000 281.229504 16.898192 0.809771 3.440152 0.000000 0.000000 0.000000 1.000000 0.000000 0.000000
29.000000 281.229885 17.232941 0.950923 3.523871 0.000000 0.000000 0.000000 1.000000 0.000000 0.000000
29.000000 281.235424 17.285354 0.709401 3.556403 0.000000 0.000000 0.000000 1.000000 0.000000 0.000000
29.000000 281.239599 16.748595 0.826730 3.455636 0.000000 0.000000 0.000000 1.000000 0.000000 0.000000
29.000000 281.239977 17.088400 0.969250 3.543757 0.000000 0.000000 0.000000 1.000000 0.000000 0.000000
29.000000 281.245488 17.949931 0.619919 3.570112 0.000000 0.000000 0.000000 1.000000 0.000000 0.000000
29.000000 281.249536 16.607121 0.859273 3.476093 0.000000 0.000000 0.000000 1.000000 0.000000 0.000000
29.000000 281.249766 16.942208 0.999590 3.562988 0.000000 0.000000 0.000000 1.000000 0.000000 0.000000
29.000000 281.252421 17.709520 0.781775 3.594295 0.000000 0.000000 0.000000 1.000000 0.000000 0.000000
29.000000 281.255385 17.054354 0.738780 3.597716 0.000000 0.000000 0.000000 1.000000 0.000000 0.000000
29.000000 281.259466 16.486826 0.866239 3.500872 0.000000 0.000000 0.000000 1.000000 0.000000 0.000000
29.000000 281.259890 16.830188 1.008721 3.576097 0.000000 0.000000 0.000000 1.000000 0.000000 0.000000
29.000000 281.265387 16.900793 0.763968 3.611651 0.000000 0.000000 0.000000 1.000000 0.000000 0.000000
29.000000 281.269537 16.382699 0.878150 3.519211 0.000000 0.000000 0.000000 1.000000 0.000000 0.000000
29.000000 281.269684 16.701382 1.008201 3.592590 0.000000 0.000000 0.000000 1.000000 0.000000 0.000000
29.000000 281.272676 17.402951 0.806505 3.629680 0.000000 0.000000 0.000000 1.000000 0.000000 0.000000
29.000000 281.275489 16.885270 0.770571 3.635072 0.000000 0.000000 0.000000 1.000000 0.000000 0.000000
29.000000 281.279439 16.324951 0.899424 3.539833 0.000000 0.000000 0.000000 1.000000 0.000000 0.000000
29.000000 281.282411 16.199196 0.811170 3.610792 0.000000 0.000000 0.000000 1.000000 0.000000 0.000000
29.000000 281.285527 16.759276 0.784562 3.642371 0.000000 0.000000 0.000000 1.000000 0.000000 0.000000
29.000000 281.289465 16.190816 0.914756 3.546020 0.000000 0.000000 0.000000 1.000000 0.000000 0.000000
29.000000 281.295374 16.549896 0.814354 3.649894 0.000000 0.000000 0.000000 1.000000 0.000000 0.000000
29.000000 281.299390 16.094800 0.914843 3.572173 0.000000 0.000000 0.000000 1.000000 0.000000 0.000000
29.000000 281.299773 16.438055 1.054796 3.632129 0.000000 0.000000 0.000000 1.000000 0.000000 0.000000
29.000000 281.305538 16.471881 0.827659 3.663965 0.000000 0.000000 0.000000 1.000000 0.000000 0.000000
29.000000 281.309442 15.991646 0.937595 3.588006 0.000000 0.000000 0.000000 1.000000 0.000000 0.000000
29.000000 281.309767 16.322132 1.070047 3.644519 0.000000 0.000000 0.000000 1.000000 0.000000 0.000000
29.000000 281.315495 16.344873 0.847582 3.674561 0.000000 0.000000 0.000000 1.000000 0.000000 0.000000
29.000000 281.319453 15.893121 0.951117 3.602473 0.000000 0.000000 0.000000 1.000000 0.000000 0.000000
29.000000 281.319780 16.201911 1.072350 3.659747 0.000000 0.000000 0.000000 1.000000 0.000000 0.000000
29.000000 281.325521 16.282708 0.857571 3.698339 0.000000 0.000000 0.000000 1.000000 0.000000 0.000000
29.000000 281.329491 15.783891 0.971797 3.623939 0.000000 0.000000 0.000000 1.000000 0.000000 0.000000
29.000000 281.329728 16.126433 1.107776 3.675999 0.000000 0.000000 0.000000 1.000000 0.000000 0.000000
29.000000 281.335543 16.154378 0.860946 3.705913 0.000000 0.000000 0.000000 1.000000 0.000000 0.000000
29.000000 281.339584 15.664195 0.972600 3.624049 0.000000 0.000000 0.000000 1.000000 0.000000 0.000000
29.000000 281.339845 16.014348 1.109308 3.672760 0.000000 0.000000 0.000000 1.000000 0.000000 0.000000
29.000000 281.345582 16.047581 0.876263 3.708763 0.000000 0.000000 0.000000 1.000000 0.000000 0.000000
29.000000 281.349579 15.544398 0.989790 3.633904 0.000000 0.000000 0.000000 1.000000 0.000000 0.000000
29.000000 281.349773 15.890238 1.124165 3.686613 0.000000 0.000000 0.000000 1.000000 0.000000 0.000000
29.000000 281.355544 15.907629 0.905800 3.717463 0.000000 0.000000 0.000000 1.000000 0.000000 0.000000
29.000000 281.359450 15.464278 1.009908 3.654542 0.000000 0.000000 0.000000 1.000000 0.000000 0.000000
29.000000 281.359916 15.794567 1.137204 3.696271 0.000000 0.000000 0.000000 1.000000 0.000000 0.000000
29.000000 281.362386 16.476003 0.942826 3.711110 0.000000 0.000000 0.000000 1.000000 0.000000 0.000000
29.000000 281.365445 15.837681 0.905772 3.730014 0.000000 0.000000 0.000000 1.000000 0.000000 0.000000
29.000000 281.369542 15.346033 1.020427 3.660560 0.000000 0.000000 0.000000 1.000000 0.000000 0.000000
29.000000 281.369746 15.684764 1.148801 3.706809 0.000000 0.000000 0.000000 1.000000 0.000000 0.000000
29.000000 281.375431 15.657317 0.927203 3.729105 0.000000 0.000000 0.000000 1.000000 0.000000 0.000000
29.000000 281.379463 15.220317 1.029611 3.665711 0.000000 0.000000 0.000000 1.000000 0.000000 0.000000
29.000000 281.379895 15.572228 1.159339 3.722283 0.000000 0.000000 0.000000 1.000000 0.000000 0.000000
29.000000 281.389439 15.120592 1.057481 3.664842 0.000000 0.000000 0.000000 1.000000 0.000000 0.000000
29.000000 281.389928 15.461164 1.183223 3.708050 0.000000 0.000000 0.000000 1.000000 0.000000 0.000000
29.000000 281.395696 15.428534 0.960907 3.734618 0.000000 0.000000 0.000000 1.000000 0.000000 0.000000
29.000000 281.399376 14.992518 1.062872 3.676322 0.000000 0.000000 0.000000 1.000000 0.000000 0.000000
29.000000 281.400038 15.336808 1.190059 3.717654 0.000000 0.000000 0.000000 1.000000 0.000000 0.000000
29.000000 281.405488 15.375961 0.966244 3.738197 0.000000 0.000000 0.000000 1.000000 0.000000 0.000000
29.000000 281.409420 14.899050 1.078139 3.679571 0.000000 0.000000 0.000000 1.000000 0.000000 0.000000
29.000000 281.409871 15.230364 1.199372 3.720377 0.000000 0.000000 0.000000 1.000000 0.000000 0.000000
29.000000 281.415602 15.236824 0.982577 3.743636 0.000000 0.000000 0.000000 1.000000 0.000000 0.000000
29.000000 281.419354 14.768556 1.092892 3.686702 0.000000 0.000000 0.000000 1.000000 0.000000 0.000000
29.000000 281.419923 15.095393 1.211239 3.723633 0.000000 0.000000 0.000000 1.000000 0.000000 0.000000
29.000000 281.425564 15.146847 1.003923 3.743262 0.000000 0.000000 0.000000 1.000000 0.000000 0.000000
29.000000 281.429926 15.858816 0.904940 3.747246 0.000000 0.000000 0.000000 1.000000 0.000000 0.000000
29.000000 281.435589 15.058072 1.007044 3.752672 0.000000 0.000000 0.000000 1.000000 0.000000 0.000000
29.000000 281.439566 14.548226 1.124136 3.683125 0.000000 0.000000 0.000000 1.000000 0.000000 0.000000
29.000000 281.440067 14.895246 1.246901 3.722097 0.000000 0.000000 0.000000 1.000000 0.000000 0.000000
29.000000 281.445700 14.885679 1.045498 3.747853 0.000000 0.000000 0.000000 1.000000 0.000000 0.000000
29.000000 281.449625 14.494329 1.138056 3.700170 0.000000 0.000000 0.000000 1.000000 0.000000 0.000000
29.000000 281.449979 14.801953 1.247056 3.729888 0.000000 0.000000 0.000000 1.000000 0.000000 0.000000
29.000000 281.455564 14.761904 1.055125 3.745323 0.000000 0.000000 0.000000 1.000000 0.000000 0.000000
29.000000 281.459554 14.360819 1.147844 3.694901 0.000000 0.000000 0.000000 1.000000 0.000000 0.000000
29.000000 281.459979 14.683889 1.261675 3.726013 0.000000 0.000000 0.000000 1.000000 0.000000 0.000000
29.000000 281.465503 14.617742 1.076079 3.747076 0.000000 0.000000 0.000000 1.000000 0.000000 0.000000
29.000000 281.469547 14.219002 1.168068 3.685609 0.000000 0.000000 0.000000 1.000000 0.000000 0.000000
29.000000 281.469846 14.555856 1.281695 3.725843 0.000000 0.000000 0.000000 1.000000 0.000000 0.000000
29.000000 281.475572 14.529153 1.077873 3.737396 0.000000 0.000000 0.000000 1.000000 0.000000 0.000000
29.000000 281.479512 14.107186 1.177377 3.681404 0.000000 0.000000 0.000000 1.000000 0.000000 0.000000
29.000000 281.479937 14.455605 1.295640 3.713870 0.000000 0.000000 0.000000 1.000000 0.000000 0.000000
29.000000 281.485599 14.450476 1.089576 3.736634 0.000000 0.000000 0.000000 1.000000 0.000000 0.000000
29.000000 281.489593 13.979983 1.199092 3.676771 0.000000 0.000000 0.000000 1.000000 0.000000 0.000000
29.000000 281.489999 14.330412 1.316189 3.713644 0.000000 0.000000 0.000000 1.000000 0.000000 0.000000
29.000000 281.495561 14.380025 1.102533 3.731321 0.000000 0.000000 0.000000 1.000000 0.000000 0.000000
29.000000 281.499477 13.937219 1.206458 3.688486 0.000000 0.000000 0.000000 1.000000 0.000000 0.000000
29.000000 281.499965 14.267760 1.319817 3.715405 0.000000 0.000000 0.000000 1.000000 0.000000 0.000000
29.000000 281.505576 14.270973 1.124140 3.727669 0.000000 0.000000 0.000000 1.000000 0.000000 0.000000
29.000000 281.509919 13.851469 1.223593 3.682502 0.000000 0.000000 0.000000 1.000000 0.000000 0.000000
29.000000 281.509966 14.174591 1.332177 3.708455 0.000000 0.000000 0.000000 1.000000 0.000000 0.000000
29.000000 281.515588 14.148004 1.134118 3.718805 0.000000 0.000000 0.000000 1.000000 0.000000 0.000000
29.000000 281.519530 13.725147 1.233480 3.674698 0.000000 0.000000 0.000000 1.000000 0.000000 0.000000
29.000000 281.520060 14.063511 1.346473 3.702460 0.000000 0.000000 0.000000 1.000000 0.000000 0.000000
29.000000 281.525621 14.054725 1.151384 3.711846 0.000000 0.000000 0.000000 1.000000 0.000000 0.000000
29.000000 281.529727 13.581734 1.264137 3.659554 0.000000 0.000000 0.000000 1.000000 0.000000 0.000000
29.000000 281.530114 13.920597 1.372864 3.692008 0.000000 0.000000 0.000000 1.000000 0.000000 0.000000
29.000000 281.535623 13.980052 1.159058 3.701547 0.000000 0.000000 0.000000 1.000000 0.000000 0.000000
29.000000 281.539473 13.520520 1.267921 3.656579 0.000000 0.000000 0.000000 1.000000 0.000000 0.000000
29.000000 281.540127 13.871768 1.381658 3.689987 0.000000 0.000000 0.000000 1.000000 0.000000 0.000000
29.000000 281.545550 13.839486 1.177568 3.689735 0.000000 0.000000 0.000000 1.000000 0.000000 0.000000
29.000000 281.549868 13.408001 1.276771 3.644091 0.000000 0.000000 0.000000 1.000000 0.000000 0.000000
29.000000 281.549987 13.769945 1.393358 3.681554 0.000000 0.000000 0.000000 1.000000 0.000000 0.000000
29.000000 281.555651 13.738226 1.185585 3.681684 0.000000 0.000000 0.000000 1.000000 0.000000 0.000000
29.000000 281.559496 13.290823 1.288070 3.634151 0.000000 0.000000 0.000000 1.000000 0.000000 0.000000
29.000000 281.560018 13.659449 1.406279 3.668755 0.000000 0.000000 0.000000 1.000000 0.000000 0.000000
29.000000 281.565610 13.570009 1.209324 3.672337 0.000000 0.000000 0.000000 1.000000 0.000000 0.000000
29.000000 281.569610 13.166259 1.302355 3.627086 0.000000 0.000000 0.000000 1.000000 0.000000 0.000000
29.000000 281.569859 13.528322 1.417385 3.656852 0.000000 0.000000 0.000000 1.000000 0.000000 0.000000
29.000000 281.575582 13.515220 1.218625 3.659058 0.000000 0.000000 0.000000 1.000000 0.000000 0.000000
29.000000 281.579614 13.057584 1.321176 3.596939 0.000000 0.000000 0.000000 1.000000 0.000000 0.000000
29.000000 281.579900 13.428618 1.436556 3.629361 0.000000 0.000000 0.000000 1.000000 0.000000 0.000000
29.000000 281.585562 13.435761 1.235116 3.653775 0.000000 0.000000 0.000000 1.000000 0.000000 0.000000
29.000000 281.589822 14.045975 1.162418 3.641681 0.000000 0.000000 0.000000 1.000000 0.000000 0.000000
29.000000 281.590002 13.293262 1.460622 3.619898 0.000000 0.000000 0.000000 1.000000 0.000000 0.000000
29.000000 281.595587 13.296994 1.250485 3.633679 0.000000 0.000000 0.000000 1.000000 0.000000 0.000000
29.000000 281.599498 12.759723 1.373604 3.578136 0.000000 0.000000 0.000000 1.000000 0.000000 0.000000
29.000000 281.599974 13.145226 1.490074 3.615626 0.000000 0.000000 0.000000 1.000000 0.000000 0.000000
29.000000 281.605587 13.225119 1.264101 3.621463 0.000000 0.000000 0.000000 1.000000 0.000000 0.000000
29.000000 281.609746 12.693395 1.387345 3.565788 0.000000 0.000000 0.000000 1.000000 0.000000 0.000000
29.000000 281.609864 13.060637 1.498572 3.592537 0.000000 0.000000 0.000000 1.000000 0.000000 0.000000
29.000000 281.615737 13.099541 1.281977 3.603179 0.000000 0.000000 0.000000 1.000000 0.000000 0.000000
29.000000 281.619691 12.576884 1.403266 3.548349 0.000000 0.000000 0.000000 1.000000 0.000000 0.000000
29.000000 281.619909 12.924893 1.507100 3.574057 0.000000 0.000000 0.000000 1.000000 0.000000 0.000000
29.000000 281.625552 13.026007 1.286434 3.586323 0.000000 0.000000 0.000000 1.000000 0.000000 0.000000
29.000000 281.629562 12.507694 1.408444 3.528433 0.000000 0.000000 0.000000 1.000000 0.000000 0.000000
29.000000 281.630062 12.877706 1.517899 3.551627 0.000000 0.000000 0.000000 1.000000 0.000000 0.000000
29.000000 281.635647 12.861411 1.308128 3.561235 0.000000 0.000000 0.000000 1.000000 0.000000 0.000000
29.000000 281.639633 12.463401 1.397047 3.507003 0.000000 0.000000 0.000000 1.000000 0.000000 0.000000
29.000000 281.639972 12.847071 1.511911 3.533920 0.000000 0.000000 0.000000 1.000000 0.000000 0.000000
29.000000 281.645607 12.679331 1.320041 3.545146 0.000000 0.000000 0.000000 1.000000 0.000000 0.000000
29.000000 281.649617 12.334038 1.396842 3.494183 0.000000 0.000000 0.000000 1.000000 0.000000 0.000000
29.000000 281.649982 12.749659 1.522453 3.514868 0.000000 0.000000 0.000000 1.000000 0.000000 0.000000
29.000000 281.655668 12.644814 1.338548 3.522807 0.000000 0.000000 0.000000 1.000000 0.000000 0.000000
29.000000 281.659713 12.240002 1.430490 3.472365 0.000000 0.000000 0.000000 1.000000 0.000000 0.000000
29.000000 281.659980 12.625118 1.545365 3.491755 0.000000 0.000000 0.000000 1.000000 0.000000 0.000000
29.000000 281.666078 12.519101 1.355631 3.497414 0.000000 0.000000 0.000000 1.000000 0.000000 0.000000
29.000000 281.669533 12.147696 1.440468 3.447164 0.000000 0.000000 0.000000 1.000000 0.000000 0.000000
29.000000 281.669916 12.509901 1.548134 3.459893 0.000000 0.000000 0.000000 1.000000 0.000000 0.000000
29.000000 281.675596 12.417956 1.352850 3.479626 0.000000 0.000000 0.000000 1.000000 0.000000 0.000000
29.000000 281.679983 12.356726 1.586888 3.444848 0.000000 0.000000 0.000000 1.000000 0.000000 0.000000
29.000000 281.685695 12.363677 1.377285 3.457164 0.000000 0.000000 0.000000 1.000000 0.000000 0.000000
29.000000 281.692599 11.614555 1.378014 3.411851 0.000000 0.000000 0.000000 1.000000 0.000000 0.000000
29.000000 281.695624 12.199734 1.388612 3.432612 0.000000 0.000000 0.000000 1.000000 0.000000 0.000000
29.000000 281.699902 12.121579 1.619158 3.395752 0.000000 0.000000 0.000000 1.000000 0.000000 0.000000
29.000000 281.705652 12.093799 1.404092 3.403911 0.000000 0.000000 0.000000 1.000000 0.000000 0.000000
29.000000 281.710738 12.029770 1.632719 3.372864 0.000000 0.000000 0.000000 1.000000 0.000000 0.000000
29.000000 281.715608 11.997876 1.417742 3.379145 0.000000 0.000000 0.000000 1.000000 0.000000 0.000000
29.000000 281.719928 11.890535 1.640664 3.338480 0.000000 0.000000 0.000000 1.000000 0.000000 0.000000
29.000000 281.725693 11.910639 1.425379 3.348308 0.000000 0.000000 0.000000 1.000000 0.000000 0.000000
29.000000 281.730193 11.834068 1.653350 3.319890 0.000000 0.000000 0.000000 1.000000 0.000000 0.000000
29.000000 281.735959 11.768262 1.441322 3.322733 0.000000 0.000000 0.000000 1.000000 0.000000 0.000000
29.000000 281.740036 11.812330 1.639091 3.287730 0.000000 0.000000 0.000000 1.000000 0.000000 0.000000
29.000000 281.745761 11.672708 1.460496 3.286986 0.000000 0.000000 0.000000 1.000000 0.000000 0.000000
29.000000 281.749957 11.703202 1.663620 3.256084 0.000000 0.000000 0.000000 1.000000 0.000000 0.000000
29.000000 281.755623 11.568849 1.470965 3.257011 0.000000 0.000000 0.000000 1.000000 0.000000 0.000000
29.000000 281.760100 11.488604 1.710079 3.229316 0.000000 0.000000 0.000000 1.000000 0.000000 0.000000
29.000000 281.765634 11.463628 1.480429 3.224386 0.000000 0.000000 0.000000 1.000000 0.000000 0.000000
29.000000 281.770060 11.362974 1.725489 3.196931 0.000000 0.000000 0.000000 1.000000 0.000000 0.000000
29.000000 281.775670 11.383645 1.502167 3.199660 0.000000 0.000000 0.000000 1.000000 0.000000 0.000000
29.000000 281.785681 11.269770 1.506863 3.159122 0.000000 0.000000 0.000000 1.000000 0.000000 0.000000
29.000000 281.790501 11.225357 1.739167 3.121552 0.000000 0.000000 0.000000 1.000000 0.000000 0.000000
29.000000 281.795802 11.170692 1.533726 3.128404 0.000000 0.000000 0.000000 1.000000 0.000000 0.000000
29.000000 281.800035 11.137819 1.746853 3.088877 0.000000 0.000000 0.000000 1.000000 0.000000 0.000000
29.000000 281.806061 11.064572 1.543170 3.095726 0.000000 0.000000 0.000000 1.000000 0.000000 0.000000
29.000000 281.810024 11.032540 1.766177 3.052254 0.000000 0.000000 0.000000 1.000000 0.000000 0.000000
29.000000 281.815709 10.897651 1.550339 3.057748 0.000000 0.000000 0.000000 1.000000 0.000000 0.000000
29.000000 281.819964 10.917700 1.777984 3.016153 0.000000 0.000000 0.000000 1.000000 0.000000 0.000000
29.000000 281.825744 10.823857 1.558803 3.023473 0.000000 0.000000 0.000000 1.000000 0.000000 0.000000
29.000000 281.830051 10.804561 1.794443 2.982956 0.000000 0.000000 0.000000 1.000000 0.000000 0.000000
29.000000 281.835701 10.715795 1.570796 2.986442 0.000000 0.000000 0.000000 1.000000 0.000000 0.000000
29.000000 281.840095 10.694944 1.811832 2.940714 0.000000 0.000000 0.000000 1.000000 0.000000 0.000000
29.000000 281.845878 10.622481 1.587337 2.944589 0.000000 0.000000 0.000000 1.000000 0.000000 0.000000
29.000000 281.852738 9.960343 1.603629 2.893184 0.000000 0.000000 0.000000 1.000000 0.000000 0.000000
29.000000 281.855825 10.497363 1.599195 2.902244 0.000000 0.000000 0.000000 1.000000 0.000000 0.000000
29.000000 281.860013 10.483017 1.846698 2.862732 0.000000 0.000000 0.000000 1.000000 0.000000 0.000000
29.000000 281.865701 10.412073 1.615528 2.863668 0.000000 0.000000 0.000000 1.000000 0.000000 0.000000
29.000000 281.870065 10.429549 1.846039 2.816141 0.000000 0.000000 0.000000 1.000000 0.000000 0.000000
29.000000 281.875684 10.311392 1.625760 2.824010 0.000000 0.000000 0.000000 1.000000 0.000000 0.000000
29.000000 281.880149 10.290536 1.859499 2.772752 0.000000 0.000000 0.000000 1.000000 0.000000 0.000000
29.000000 281.885647 10.199812 1.637082 2.781340 0.000000 0.000000 0.000000 1.000000 0.000000 0.000000
29.000000 281.890173 10.199972 1.875827 2.732811 0.000000 0.000000 0.000000 1.000000 0.000000 0.000000
29.000000 281.895775 10.109816 1.645183 2.736361 0.000000 0.000000 0.000000 1.000000 0.000000 0.000000
29.000000 281.900067 10.139471 1.870527 2.684972 0.000000 0.000000 0.000000 1.000000 0.000000 0.000000
29.000000 281.905790 10.019604 1.657438 2.689666 0.000000 0.000000 0.000000 1.000000 0.000000 0.000000
29.000000 281.910132 10.052312 1.882914 2.639053 0.000000 0.000000 0.000000 1.000000 0.000000 0.000000
29.000000 281.915769 9.911845 1.676161 2.640335 0.000000 0.000000 0.000000 1.000000 0.000000 0.000000
29.000000 281.920058 9.882505 1.902123 2.594475 0.000000 0.000000 0.000000 1.000000 0.000000 0.000000
29.000000 281.925762 9.818315 1.675794 2.597178 0.000000 0.000000 0.000000 1.000000 0.000000 0.000000
29.000000 281.930126 9.716037 1.953086 2.554837 0.000000 0.000000 0.000000 1.000000 0.000000 0.000000
29.000000 281.935741 9.711021 1.694400 2.550331 0.000000 0.000000 0.000000 1.000000 0.000000 0.000000
29.000000 281.940139 9.706264 1.932320 2.505264 0.000000 0.000000 0.000000 1.000000 0.000000 0.000000
29.000000 281.945838 9.604845 1.710050 2.496221 0.000000 0.000000 0.000000 1.000000 0.000000 0.000000
29.000000 281.950003 9.613869 1.945716 2.461119 0.000000 0.000000 0.000000 1.000000 0.000000 0.000000
29.000000 281.955826 9.515742 1.719393 2.451808 0.000000 0.000000 0.000000 1.000000 0.000000 0.000000
29.000000 281.960066 9.515788 1.962266 2.412540 0.000000 0.000000 0.000000 1.000000 0.000000 0.000000
29.000000 281.965855 9.390490 1.737990 2.401558 0.000000 0.000000 0.000000 1.000000 0.000000 0.000000
29.000000 281.969987 9.398448 1.971517 2.370400 0.000000 0.000000 0.000000 1.000000 0.000000 0.000000
29.000000 281.975900 9.303430 1.748333 2.355638 0.000000 0.000000 0.000000 1.000000 0.000000 0.000000
29.000000 281.980068 9.272372 2.012441 2.311028 0.000000 0.000000 0.000000 1.000000 0.000000 0.000000
29.000000 281.985867 9.222708 1.760988 2.303898 0.000000 0.000000 0.000000 1.000000 0.000000 0.000000
29.000000 281.989972 9.207274 2.010395 2.259746 0.000000 0.000000 0.000000 1.000000 0.000000 0.000000
29.000000 281.995719 9.158163 1.776508 2.247758 0.000000 0.000000 0.000000 1.000000 0.000000 0.000000
29.000000 282.000082 9.101803 2.030765 2.206202 0.000000 0.000000 0.000000 1.000000 0.000000 0.000000
29.000000 282.005762 9.038853 1.790268 2.195418 0.000000 0.000000 0.000000 1.000000 0.000000 0.000000
29.000000 282.010030 8.999476 2.044404 2.148017 0.000000 0.000000 0.000000 1.000000 0.000000 0.000000
29.000000 282.015760 8.960961 1.801994 2.139382 0.000000 0.000000 0.000000 1.000000 0.000000 0.000000
29.000000 282.020064 8.895609 2.056178 2.087610 0.000000 0.000000 0.000000 1.000000 0.000000 0.000000
29.000000 282.025756 8.846939 1.808628 2.087785 0.000000 0.000000 0.000000 1.000000 0.000000 0.000000
29.000000 282.030035 8.740903 2.096545 2.041535 0.000000 0.000000 0.000000 1.000000 0.000000 0.000000
29.000000 282.035712 8.789013 1.818723 2.027578 0.000000 0.000000 0.000000 1.000000 0.000000 0.000000
29.000000 282.040087 8.708186 2.083616 1.992046 0.000000 0.000000 0.000000 1.000000 0.000000 0.000000
29.000000 282.045801 8.664172 1.829456 1.971507 0.000000 0.000000 0.000000 1.000000 0.000000 0.000000
29.000000 282.050081 8.612717 2.100305 1.932511 0.000000 0.000000 0.000000 1.000000 0.000000 0.000000
29.000000 282.055721 8.579527 1.846565 1.915707 0.000000 0.000000 0.000000 1.000000 0.000000 0.000000
29.000000 282.059649 7.947751 1.992499 1.814229 0.000000 0.000000 0.000000 1.000000 0.000000 0.000000
29.000000 282.060104 8.507190 2.110888 1.863795 0.000000 0.000000 0.000000 1.000000 0.000000 0.000000
29.000000 282.066082 8.509224 1.858470 1.857250 0.000000 0.000000 0.000000 1.000000 0.000000 0.000000
29.000000 282.070087 8.394092 2.129238 1.801982 0.000000 0.000000 0.000000 1.000000 0.000000 0.000000
29.000000 282.075799 8.396638 1.863451 1.791467 0.000000 0.000000 0.000000 1.000000 0.000000 0.000000
29.000000 282.080077 8.345219 2.140345 1.731853 0.000000 0.000000 0.000000 1.000000 0.000000 0.000000
29.000000 282.085727 8.303427 1.885355 1.727889 0.000000 0.000000 0.000000 1.000000 0.000000 0.000000
29.000000 282.090069 8.233494 2.163780 1.682005 0.000000 0.000000 0.000000 1.000000 0.000000 0.000000
29.000000 282.095870 8.205767 1.888895 1.679828 0.000000 0.000000 0.000000 1.000000 0.000000 0.000000
29.000000 282.100201 8.139785 2.173359 1.626844 0.000000 0.000000 0.000000 1.000000 0.000000 0.000000
29.000000 282.105898 8.162712 1.904852 1.608532 0.000000 0.000000 0.000000 1.000000 0.000000 0.000000
29.000000 282.110079 8.089682 2.175078 1.552370 0.000000 0.000000 0.000000 1.000000 0.000000 0.000000
29.000000 282.115939 8.023414 1.916709 1.548595 0.000000 0.000000 0.000000 1.000000 0.000000 0.000000
29.000000 282.120214 7.958809 2.193262 1.492256 0.000000 0.000000 0.000000 1.000000 0.000000 0.000000
29.000000 282.125870 7.974116 1.924919 1.482093 0.000000 0.000000 0.000000 1.000000 0.000000 0.000000
29.000000 282.130243 7.855157 2.206949 1.427954 0.000000 0.000000 0.000000 1.000000 0.000000 0.000000
29.000000 282.135951 7.871486 1.937021 1.420103 0.000000 0.000000 0.000000 1.000000 0.000000 0.000000
29.000000 282.140276 7.790913 2.227587 1.365896 0.000000 0.000000 0.000000 1.000000 0.000000 0.000000
29.000000 282.146075 7.753666 1.953242 1.363955 0.000000 0.000000 0.000000 1.000000 0.000000 0.000000
29.000000 282.150112 7.718104 2.223530 1.303156 0.000000 0.000000 0.000000 1.000000 0.000000 0.000000
29.000000 282.155809 7.669797 1.961281 1.301009 0.000000 0.000000 0.000000 1.000000 0.000000 0.000000
29.000000 282.160286 7.609348 2.249987 1.240232 0.000000 0.000000 0.000000 1.000000 0.000000 0.000000
29.000000 282.166058 7.597047 1.979660 1.231745 0.000000 0.000000 0.000000 1.000000 0.000000 0.000000
29.000000 282.170096 7.495083 2.269403 1.170078 0.000000 0.000000 0.000000 1.000000 0.000000 0.000000
29.000000 282.175910 7.478448 1.980910 1.167680 0.000000 0.000000 0.000000 1.000000 0.000000 0.000000
29.000000 282.180093 7.387445 2.283540 1.106192 0.000000 0.000000 0.000000 1.000000 0.000000 0.000000
29.000000 282.185792 7.410302 2.003297 1.097935 0.000000 0.000000 0.000000 1.000000 0.000000 0.000000
29.000000 282.190311 7.311057 2.300636 1.037408 0.000000 0.000000 0.000000 1.000000 0.000000 0.000000
29.000000 282.195807 7.324731 2.011016 1.031158 0.000000 0.000000 0.000000 1.000000 0.000000 0.000000
29.000000 282.200390 7.242197 2.294908 0.956796 0.000000 0.000000 0.000000 1.000000 0.000000 0.000000
29.000000 282.205814 7.240440 2.023978 0.961499 0.000000 0.000000 0.000000 1.000000 0.000000 0.000000
29.000000 282.209756 6.461996 2.194426 0.799395 0.000000 0.000000 0.000000 1.000000 0.000000 0.000000
29.000000 282.215796 7.153703 2.031966 0.883901 0.000000 0.000000 0.000000 1.000000 0.000000 0.000000
29.000000 282.219684 6.313504 2.206901 0.710103 0.000000 0.000000 0.000000 1.000000 0.000000 0.000000
29.000000 282.220138 7.043812 2.334763 0.817067 0.000000 0.000000 0.000000 1.000000 0.000000 0.000000
29.000000 282.225846 7.065523 2.043954 0.817672 0.000000 0.000000 0.000000 1.000000 0.000000 0.000000
29.000000 282.230258 6.941527 2.351027 0.759990 0.000000 0.000000 0.000000 1.000000 0.000000 0.000000
29.000000 282.235857 6.986632 2.056569 0.745961 0.000000 0.000000 0.000000 1.000000 0.000000 0.000000
29.000000 282.240253 6.859326 2.359924 0.682877 0.000000 0.000000 0.000000 1.000000 0.000000 0.000000
29.000000 282.245828 6.880785 2.065559 0.674827 0.000000 0.000000 0.000000 1.000000 0.000000 0.000000
29.000000 282.250165 6.790825 2.376856 0.602499 0.000000 0.000000 0.000000 1.000000 0.000000 0.000000
29.000000 282.255829 6.819296 2.079244 0.596095 0.000000 0.000000 0.000000 1.000000 0.000000 0.000000
29.000000 282.260320 6.709019 2.386186 0.522688 0.000000 0.000000 0.000000 1.000000 0.000000 0.000000
29.000000 282.265868 6.708671 2.076192 0.523372 0.000000 0.000000 0.000000 1.000000 0.000000 0.000000
29.000000 282.270302 6.588965 2.410036 0.447795 0.000000 0.000000 0.000000 1.000000 0.000000 0.000000
29.000000 282.275861 6.627689 2.094836 0.446464 0.000000 0.000000 0.000000 1.000000 0.000000 0.000000
29.000000 282.280275 6.509377 2.423012 0.377080 0.000000 0.000000 0.000000 1.000000 0.000000 0.000000
29.000000 282.285844 6.531822 2.098987 0.374644 0.000000 0.000000 0.000000 1.000000 0.000000 0.000000
29.000000 282.290173 6.430014 2.432230 0.295530 0.000000 0.000000 0.000000 1.000000 0.000000 0.000000
29.000000 282.296053 6.452754 2.110947 0.296735 0.000000 0.000000 0.000000 1.000000 0.000000 0.000000
29.000000 282.299707 5.447606 2.307827 0.063484 0.000000 0.000000 0.000000 1.000000 0.000000 0.000000
29.000000 282.305885 6.355401 2.119752 0.223526 0.000000 0.000000 0.000000 1.000000 0.000000 0.000000
29.000000 282.310300 6.268116 2.459650 0.138394 0.000000 0.000000 0.000000 1.000000 0.000000 0.000000
29.000000 282.315895 6.232935 2.127508 0.190866 0.000000 0.000000 0.000000 1.000000 0.000000 0.000000
29.000000 282.320502 6.232705 2.458822 0.177685 0.000000 0.000000 0.000000 1.000000 0.000000 0.000000
29.000000 282.326039 6.201840 2.136553 0.244782 0.000000 0.000000 0.000000 1.000000 0.000000 0.000000
29.000000 282.330216 6.153331 2.480894 0.244802 0.000000 0.000000 0.000000 1.000000 0.000000 0.000000
29.000000 282.335919 6.160105 2.153548 0.303182 0.000000 0.000000 0.000000 1.000000 0.000000 0.000000
29.000000 282.340339 6.124933 2.471276 0.299569 0.000000 0.000000 0.000000 1.000000 0.000000 0.000000
29.000000 282.346035 6.117617 2.155908 0.354686 0.000000 0.000000 0.000000 1.000000 0.000000 0.000000
29.000000 282.350184 6.091005 2.489508 0.356777 0.000000 0.000000 0.000000 1.000000 0.000000 0.000000
29.000000 282.355926 6.064586 2.160494 0.411650 0.000000 0.000000 0.000000 1.000000 0.000000 0.000000
29.000000 282.360329 6.039886 2.495822 0.415839 0.000000 0.000000 0.000000 1.000000 0.000000 0.000000
29.000000 282.366040 6.019508 2.171167 0.468016 0.000000 0.000000 0.000000 1.000000 0.000000 0.000000
29.000000 282.370289 5.944847 2.513055 0.474078 0.000000 0.000000 0.000000 1.000000 0.000000 0.000000
29.000000 282.376048 5.951292 2.168715 0.523005 0.000000 0.000000 0.000000 1.000000 0.000000 0.000000
29.000000 282.380387 5.885831 2.516724 0.544243 0.000000 0.000000 0.000000 1.000000 0.000000 0.000000
29.000000 282.386304 5.913331 2.182090 0.578362 0.000000 0.000000 0.000000 1.000000 0.000000 0.000000
29.000000 282.390355 5.878653 2.515406 0.571513 0.000000 0.000000 0.000000 1.000000 0.000000 0.000000
29.000000 282.396048 5.874315 2.198113 0.630260 0.000000 0.000000 0.000000 1.000000 0.000000 0.000000
29.000000 282.406190 5.815522 2.190563 0.674642 0.000000 0.000000 0.000000 1.000000 0.000000 0.000000
29.000000 282.416402 5.776710 2.197842 0.723095 0.000000 0.000000 0.000000 1.000000 0.000000 0.000000
29.000000 282.426049 5.705156 2.203347 0.781340 0.000000 0.000000 0.000000 1.000000 0.000000 0.000000
29.000000 282.435901 5.652897 2.208213 0.825931 0.000000 0.000000 0.000000 1.000000 0.000000 0.000000
29.000000 282.446047 5.626776 2.219815 0.866997 0.000000 0.000000 0.000000 1.000000 0.000000 0.000000
29.000000 282.455982 5.554487 2.223806 0.920526 0.000000 0.000000 0.000000 1.000000 0.000000 0.000000
29.000000 282.466033 5.516074 2.233164 0.963305 0.000000 0.000000 0.000000 1.000000 0.000000 0.000000
29.000000 282.475916 5.452156 2.227690 1.005684 0.000000 0.000000 0.000000 1.000000 0.000000 0.000000
29.000000 282.486011 5.403439 2.237750 1.046835 0.000000 0.000000 0.000000 1.000000 0.000000 0.000000
29.000000 282.495943 5.380647 2.249520 1.082418 0.000000 0.000000 0.000000 1.000000 0.000000 0.000000
29.000000 282.506094 5.329108 2.245097 1.119593 0.000000 0.000000 0.000000 1.000000 0.000000 0.000000
29.000000 282.512972 5.870742 2.356623 0.970376 0.000000 0.000000 0.000000 1.000000 0.000000 0.000000
29.000000 282.516039 5.267888 2.249172 1.156468 0.000000 0.000000 0.000000 1.000000 0.000000 0.000000
29.000000 282.522877 5.819735 2.360234 1.006008 0.000000 0.000000 0.000000 1.000000 0.000000 0.000000
29.000000 282.526080 5.283781 2.278440 1.185708 0.000000 0.000000 0.000000 1.000000 0.000000 0.000000
29.000000 282.532974 5.786614 2.367685 1.040646 0.000000 0.000000 0.000000 1.000000 0.000000 0.000000
29.000000 282.536145 5.218126 2.281981 1.230852 0.000000 0.000000 0.000000 1.000000 0.000000 0.000000
29.000000 282.542920 5.720972 2.370572 1.082077 0.000000 0.000000 0.000000 1.000000 0.000000 0.000000
29.000000 282.546264 5.156444 2.278559 1.260643 0.000000 0.000000 0.000000 1.000000 0.000000 0.000000
29.000000 282.552965 5.689420 2.381605 1.114349 0.000000 0.000000 0.000000 1.000000 0.000000 0.000000
29.000000 282.556087 5.097726 2.278524 1.296470 0.000000 0.000000 0.000000 1.000000 0.000000 0.000000
29.000000 282.562941 5.638507 2.385663 1.150929 0.000000 0.000000 0.000000 1.000000 0.000000 0.000000
29.000000 282.566303 5.051918 2.287312 1.334874 0.000000 0.000000 0.000000 1.000000 0.000000 0.000000
29.000000 282.572969 5.612287 2.390351 1.174580 0.000000 0.000000 0.000000 1.000000 0.000000 0.000000
29.000000 282.576175 5.066987 2.306765 1.358628 0.000000 0.000000 0.000000 1.000000 0.000000 0.000000
29.000000 282.582945 5.557931 2.392616 1.208189 0.000000 0.000000 0.000000 1.000000 0.000000 0.000000
29.000000 282.586300 4.992077 2.311590 1.403873 0.000000 0.000000 0.000000 1.000000 0.000000 0.000000
29.000000 282.592977 5.526986 2.401278 1.236362 0.000000 0.000000 0.000000 1.000000 0.000000 0.000000
29.000000 282.596063 4.957557 2.314340 1.427561 0.000000 0.000000 0.000000 1.000000 0.000000 0.000000
29.000000 282.602922 5.477599 2.400358 1.264411 0.000000 0.000000 0.000000 1.000000 0.000000 0.000000
29.000000 282.606173 4.860245 2.300926 1.455135 0.000000 0.000000 0.000000 1.000000 0.000000 0.000000
29.000000 282.612936 5.445597 2.412297 1.286606 0.000000 0.000000 0.000000 1.000000 0.000000 0.000000
29.000000 282.616094 4.848150 2.325899 1.484266 0.000000 0.000000 0.000000 1.000000 0.000000 0.000000
29.000000 282.622938 5.391314 2.414102 1.311880 0.000000 0.000000 0.000000 1.000000 0.000000 0.000000
29.000000 282.626197 4.797485 2.331322 1.507396 0.000000 0.000000 0.000000 1.000000 0.000000 0.000000
29.000000 282.632964 5.388965 2.412953 1.326769 0.000000 0.000000 0.000000 1.000000 0.000000 0.000000
29.000000 282.636007 4.755256 2.317516 1.531454 0.000000 0.000000 0.000000 1.000000 0.000000 0.000000
29.000000 282.646208 4.940813 2.445845 1.553408 0.000000 0.000000 0.000000 1.000000 0.000000 0.000000
29.000000 282.656427 4.880268 2.460607 1.576749 0.000000 0.000000 0.000000 1.000000 0.000000 0.000000
29.000000 282.666317 4.858491 2.460654 1.596196 0.000000 0.000000 0.000000 1.000000 0.000000 0.000000
29.000000 282.676050 4.744042 2.506988 1.626198 0.000000 0.000000 0.000000 1.000000 0.000000 0.000000
29.000000 282.686189 4.662550 2.533063 1.660929 0.000000 0.000000 0.000000 1.000000 0.000000 0.000000
29.000000 282.696013 4.651558 2.531904 1.673699 0.000000 0.000000 0.000000 1.000000 0.000000 0.000000
29.000000 282.706265 4.573328 2.550839 1.696370 0.000000 0.000000 0.000000 1.000000 0.000000 0.000000
29.000000 282.715987 4.599189 2.518934 1.707898 0.000000 0.000000 0.000000 1.000000 0.000000 0.000000
29.000000 282.726255 4.507250 2.553967 1.726250 0.000000 0.000000 0.000000 1.000000 0.000000 0.000000
29.000000 282.736144 4.516894 2.518219 1.737337 0.000000 0.000000 0.000000 1.000000 0.000000 0.000000
29.000000 282.746163 4.481938 2.524250 1.754272 0.000000 0.000000 0.000000 1.000000 0.000000 0.000000
29.000000 282.756260 4.392797 2.563269 1.770184 0.000000 0.000000 0.000000 1.000000 0.000000 0.000000
29.000000 282.766215 4.354636 2.571413 1.778468 0.000000 0.000000 0.000000 1.000000 0.000000 0.000000
29.000000 282.776074 4.321447 2.558477 1.798642 0.000000 0.000000 0.000000 1.000000 0.000000 0.000000
29.000000 282.786266 4.272362 2.566524 1.809397 0.000000 0.000000 0.000000 1.000000 0.000000 0.000000
29.000000 282.796092 4.222224 2.584943 1.820214 0.000000 0.000000 0.000000 1.000000 0.000000 0.000000
29.000000 282.806257 4.216831 2.568577 1.820191 0.000000 0.000000 0.000000 1.000000 0.000000 0.000000
29.000000 282.816123 4.133948 2.593319 1.836364 0.000000 0.000000 0.000000 1.000000 0.000000 0.000000
29.000000 282.826212 4.087147 2.602171 1.837528 0.000000 0.000000 0.000000 1.000000 0.000000 0.000000
29.000000 282.836129 4.096389 2.589093 1.836601 0.000000 0.000000 0.000000 1.000000 0.000000 0.000000
29.000000 282.846269 4.041959 2.595530 1.838701 0.000000 0.000000 0.000000 1.000000 0.000000 0.000000
29.000000 282.856134 3.984865 2.605482 1.849244 0.000000 0.000000 0.000000 1.000000 0.000000 0.000000
29.000000 282.866282 3.923992 2.630579 1.854115 0.000000 0.000000 0.000000 1.000000 0.000000 0.000000
29.000000 282.876088 3.880804 2.619969 1.852135 0.000000 0.000000 0.000000 1.000000 0.000000 0.000000
29.000000 282.886225 3.866542 2.620081 1.851318 0.000000 0.000000 0.000000 1.000000 0.000000 0.000000
29.000000 282.896164 3.833032 2.621814 1.845526 0.000000 0.000000 0.000000 1.000000 0.000000 0.000000
29.000000 282.906281 3.783321 2.632850 1.850451 0.000000 0.000000 0.000000 1.000000 0.000000 0.000000
29.000000 282.916218 3.705699 2.663246 1.852566 0.000000 0.000000 0.000000 1.000000 0.000000 0.000000
29.000000 282.926347 3.703850 2.642888 1.843172 0.000000 0.000000 0.000000 1.000000 0.000000 0.000000
29.000000 282.936194 3.652161 2.652372 1.836988 0.000000 0.000000 0.000000 1.000000 0.000000 0.000000
29.000000 282.946200 3.609045 2.657756 1.830691 0.000000 0.000000 0.000000 1.000000 0.000000 0.000000
29.000000 282.956212 3.578078 2.661817 1.824822 0.000000 0.000000 0.000000 1.000000 0.000000 0.000000
29.000000 282.966285 3.511738 2.681111 1.819583 0.000000 0.000000 0.000000 1.000000 0.000000 0.000000
29.000000 282.976165 3.469889 2.682649 1.807975 0.000000 0.000000 0.000000 1.000000 0.000000 0.000000
29.000000 282.986294 3.395160 2.714873 1.806386 0.000000 0.000000 0.000000 1.000000 0.000000 0.000000
29.000000 282.996210 3.398121 2.689054 1.784255 0.000000 0.000000 0.000000 1.000000 0.000000 0.000000
29.000000 283.006304 3.352540 2.700848 1.768708 0.000000 0.000000 0.000000 1.000000 0.000000 0.000000
29.000000 283.016132 3.346387 2.696683 1.765291 0.000000 0.000000 0.000000 1.000000 0.000000 0.000000
29.000000 283.026235 3.272331 2.707385 1.742643 0.000000 0.000000 0.000000 1.000000 0.000000 0.000000
29.000000 283.036212 3.239041 2.708724 1.732464 0.000000 0.000000 0.000000 1.000000 0.000000 0.000000
29.000000 283.046357 3.208560 2.713890 1.714049 0.000000 0.000000 0.000000 1.000000 0.000000 0.000000
29.000000 283.056241 3.165840 2.719338 1.695770 0.000000 0.000000 0.000000 1.000000 0.000000 0.000000
29.000000 283.066380 3.117944 2.729161 1.675860 0.000000 0.000000 0.000000 1.000000 0.000000 0.000000
29.000000 283.076209 3.070112 2.735784 1.661123 0.000000 0.000000 0.000000 1.000000 0.000000 0.000000
29.000000 283.086366 3.043374 2.737317 1.636305 0.000000 0.000000 0.000000 1.000000 0.000000 0.000000
29.000000 283.096210 3.003190 2.743492 1.615828 0.000000 0.000000 0.000000 1.000000 0.000000 0.000000
29.000000 283.106369 2.960384 2.747326 1.592841 0.000000 0.000000 0.000000 1.000000 0.000000 0.000000
29.000000 283.116179 2.931002 2.751134 1.566214 0.000000 0.000000 0.000000 1.000000 0.000000 0.000000
29.000000 283.126324 2.876056 2.755405 1.550322 0.000000 0.000000 0.000000 1.000000 0.000000 0.000000
29.000000 283.136237 2.850921 2.763404 1.520650 0.000000 0.000000 0.000000 1.000000 0.000000 0.000000
29.000000 283.146318 2.797430 2.772659 1.491510 0.000000 0.000000 0.000000 1.000000 0.000000 0.000000
29.000000 283.156281 2.764489 2.780489 1.460928 0.000000 0.000000 0.000000 1.000000 0.000000 0.000000
29.000000 283.166361 2.722599 2.789440 1.432967 0.000000 0.000000 0.000000 1.000000 0.000000 0.000000
29.000000 283.176237 2.683316 2.792062 1.405585 0.000000 0.000000 0.000000 1.000000 0.000000 0.000000
29.000000 283.186367 2.650659 2.793065 1.373274 0.000000 0.000000 0.000000 1.000000 0.000000 0.000000
29.000000 283.196327 2.617499 2.794070 1.340448 0.000000 0.000000 0.000000 1.000000 0.000000 0.000000
29.000000 283.206360 2.578343 2.802608 1.303034 0.000000 0.000000 0.000000 1.000000 0.000000 0.000000
29.000000 283.216285 2.510498 2.829478 1.277829 0.000000 0.000000 0.000000 1.000000 0.000000 0.000000
29.000000 283.226379 2.475026 2.833376 1.244647 0.000000 0.000000 0.000000 1.000000 0.000000 0.000000
29.000000 283.236384 2.451352 2.831095 1.202432 0.000000 0.000000 0.000000 1.000000 0.000000 0.000000
29.000000 283.246364 2.407016 2.832409 1.167441 0.000000 0.000000 0.000000 1.000000 0.000000 0.000000
29.000000 283.256420 2.386334 2.833582 1.122038 0.000000 0.000000 0.000000 1.000000 0.000000 0.000000
29.000000 283.266761 2.333399 2.843854 1.091595 0.000000 0.000000 0.000000 1.000000 0.000000 0.000000
29.000000 283.276729 2.307556 2.851684 1.048366 0.000000 0.000000 0.000000 1.000000 0.000000 0.000000
29.000000 283.286414 2.261908 2.855677 1.008657 0.000000 0.000000 0.000000 1.000000 0.000000 0.000000
29.000000 283.296293 2.213831 2.864484 0.967783 0.000000 0.000000 0.000000 1.000000 0.000000 0.000000
29.000000 283.306510 2.207568 2.857278 0.918562 0.000000 0.000000 0.000000 1.000000 0.000000 0.000000
29.000000 283.316273 2.169113 2.862134 0.871786 0.000000 0.000000 0.000000 1.000000 0.000000 0.000000
