22.000000 234.398360 25.220117 -0.309803 0.552361 0.000000 0.000000 0.000000 1.000000 0.000000 0.000000
22.000000 234.408112 25.097046 -0.327334 0.656764 0.000000 0.000000 0.000000 1.000000 0.000000 0.000000
22.000000 234.418210 24.927045 -0.329042 0.744780 0.000000 0.000000 0.000000 1.000000 0.000000 0.000000
22.000000 234.428035 24.735967 -0.329172 0.850717 0.000000 0.000000 0.000000 1.000000 0.000000 0.000000
22.000000 234.438133 24.705298 -0.355033 0.930438 0.000000 0.000000 0.000000 1.000000 0.000000 0.000000
22.000000 234.448147 24.571212 -0.366274 1.003307 0.000000 0.000000 0.000000 1.000000 0.000000 0.000000
22.000000 234.458235 24.425661 -0.371907 1.092287 0.000000 0.000000 0.000000 1.000000 0.000000 0.000000
22.000000 234.459194 22.862952 -0.165888 1.202432 0.000000 0.000000 0.000000 1.000000 0.000000 0.000000
22.000000 234.468053 24.211031 -0.365481 1.175486 0.000000 0.000000 0.000000 1.000000 0.000000 0.000000
22.000000 234.469852 22.783893 -0.183002 1.272433 0.000000 0.000000 0.000000 1.000000 0.000000 0.000000
22.000000 234.478256 24.136554 -0.388611 1.257623 0.000000 0.000000 0.000000 1.000000 0.000000 0.000000
22.000000 234.479216 22.682683 -0.196635 1.351930 0.000000 0.000000 0.000000 1.000000 0.000000 0.000000
22.000000 234.488111 23.952294 -0.384457 1.339596 0.000000 0.000000 0.000000 1.000000 0.000000 0.000000
22.000000 234.489280 22.575093 -0.207171 1.422041 0.000000 0.000000 0.000000 1.000000 0.000000 0.000000
22.000000 234.498251 23.879130 -0.406716 1.411128 0.000000 0.000000 0.000000 1.000000 0.000000 0.000000
22.000000 234.499150 22.478828 -0.219975 1.496959 0.000000 0.000000 0.000000 1.000000 0.000000 0.000000
22.000000 234.508155 23.689703 -0.396995 1.508518 0.000000 0.000000 0.000000 1.000000 0.000000 0.000000
22.000000 234.509271 22.424433 -0.242271 1.580567 0.000000 0.000000 0.000000 1.000000 0.000000 0.000000
22.000000 234.518269 23.606637 -0.408641 1.572768 0.000000 0.000000 0.000000 1.000000 0.000000 0.000000
22.000000 234.519219 22.307700 -0.245237 1.650297 0.000000 0.000000 0.000000 1.000000 0.000000 0.000000
22.000000 234.528117 23.365053 -0.408273 1.660114 0.000000 0.000000 0.000000 1.000000 0.000000 0.000000
22.000000 234.529260 22.222928 -0.271239 1.724821 0.000000 0.000000 0.000000 1.000000 0.000000 0.000000
22.000000 234.538167 23.272700 -0.412793 1.727947 0.000000 0.000000 0.000000 1.000000 0.000000 0.000000
22.000000 234.539248 22.124933 -0.276403 1.789736 0.000000 0.000000 0.000000 1.000000 0.000000 0.000000
22.000000 234.548155 23.099667 -0.415624 1.801396 0.000000 0.000000 0.000000 1.000000 0.000000 0.000000
22.000000 234.549281 22.026284 -0.291711 1.857293 0.000000 0.000000 0.000000 1.000000 0.000000 0.000000
22.000000 234.558119 23.019718 -0.435850 1.864057 0.000000 0.000000 0.000000 1.000000 0.000000 0.000000
22.000000 234.559171 21.924970 -0.301512 1.920917 0.000000 0.000000 0.000000 1.000000 0.000000 0.000000
22.000000 234.568250 22.799929 -0.430030 1.944583 0.000000 0.000000 0.000000 1.000000 0.000000 0.000000
22.000000 234.569357 21.841685 -0.322586 1.990006 0.000000 0.000000 0.000000 1.000000 0.000000 0.000000
22.000000 234.578240 22.715041 -0.435495 2.004641 0.000000 0.000000 0.000000 1.000000 0.000000 0.000000
22.000000 234.579318 21.752950 -0.330967 2.051735 0.000000 0.000000 0.000000 1.000000 0.000000 0.000000
22.000000 234.588178 22.560044 -0.441019 2.076057 0.000000 0.000000 0.000000 1.000000 0.000000 0.000000
22.000000 234.589282 21.671374 -0.349316 2.118572 0.000000 0.000000 0.000000 1.000000 0.000000 0.000000
22.000000 234.598227 22.482018 -0.467978 2.129278 0.000000 0.000000 0.000000 1.000000 0.000000 0.000000
22.000000 234.599246 21.541967 -0.355101 2.170856 0.000000 0.000000 0.000000 1.000000 0.000000 0.000000
22.000000 234.607248 20.758778 -0.355424 2.209620 0.000000 0.000000 0.000000 1.000000 0.000000 0.000000
22.000000 234.608172 21.021416 -0.088964 2.189240 0.000000 0.000000 0.000000 1.000000 0.000000 0.000000
22.000000 234.609277 21.446961 -0.366937 2.228142 0.000000 0.000000 0.000000 1.000000 0.000000 0.000000
22.000000 234.617254 20.657293 -0.364711 2.274720 0.000000 0.000000 0.000000 1.000000 0.000000 0.000000
22.000000 234.618213 20.910567 -0.112558 2.254916 0.000000 0.000000 0.000000 1.000000 0.000000 0.000000
22.000000 234.619300 21.367548 -0.389732 2.291628 0.000000 0.000000 0.000000 1.000000 0.000000 0.000000
22.000000 234.628194 22.004868 -0.469566 2.322477 0.000000 0.000000 0.000000 1.000000 0.000000 0.000000
22.000000 234.629338 21.281135 -0.398816 2.350728 0.000000 0.000000 0.000000 1.000000 0.000000 0.000000
22.000000 234.637271 20.424179 -0.386365 2.375329 0.000000 0.000000 0.000000 1.000000 0.000000 0.000000
22.000000 234.638250 20.702289 -0.123920 2.364394 0.000000 0.000000 0.000000 1.000000 0.000000 0.000000
22.000000 234.639411 21.200058 -0.412967 2.411064 0.000000 0.000000 0.000000 1.000000 0.000000 0.000000
22.000000 234.647382 20.312860 -0.391492 2.436411 0.000000 0.000000 0.000000 1.000000 0.000000 0.000000
22.000000 234.648116 20.590651 -0.132813 2.421081 0.000000 0.000000 0.000000 1.000000 0.000000 0.000000
22.000000 234.649298 21.105611 -0.424876 2.465049 0.000000 0.000000 0.000000 1.000000 0.000000 0.000000
22.000000 234.657350 20.203480 -0.401725 2.493121 0.000000 0.000000 0.000000 1.000000 0.000000 0.000000
22.000000 234.658204 20.483232 -0.145802 2.477851 0.000000 0.000000 0.000000 1.000000 0.000000 0.000000
22.000000 234.659248 21.029230 -0.443108 2.522127 0.000000 0.000000 0.000000 1.000000 0.000000 0.000000
22.000000 234.667258 20.075909 -0.411341 2.541774 0.000000 0.000000 0.000000 1.000000 0.000000 0.000000
22.000000 234.668178 20.346876 -0.165041 2.520846 0.000000 0.000000 0.000000 1.000000 0.000000 0.000000
22.000000 234.669364 20.893832 -0.448822 2.562001 0.000000 0.000000 0.000000 1.000000 0.000000 0.000000
22.000000 234.677303 19.936718 -0.419129 2.583818 0.000000 0.000000 0.000000 1.000000 0.000000 0.000000
22.000000 234.678323 20.227492 -0.162329 2.571084 0.000000 0.000000 0.000000 1.000000 0.000000 0.000000
22.000000 234.679240 20.829365 -0.468563 2.623912 0.000000 0.000000 0.000000 1.000000 0.000000 0.000000
22.000000 234.687250 19.825524 -0.426953 2.636545 0.000000 0.000000 0.000000 1.000000 0.000000 0.000000
22.000000 234.688125 20.123401 -0.169650 2.625323 0.000000 0.000000 0.000000 1.000000 0.000000 0.000000
22.000000 234.689399 20.754329 -0.483444 2.677303 0.000000 0.000000 0.000000 1.000000 0.000000 0.000000
22.000000 234.697305 19.728426 -0.435458 2.693201 0.000000 0.000000 0.000000 1.000000 0.000000 0.000000
22.000000 234.698210 20.024514 -0.183750 2.681209 0.000000 0.000000 0.000000 1.000000 0.000000 0.000000
22.000000 234.699244 20.725032 -0.509095 2.725937 0.000000 0.000000 0.000000 1.000000 0.000000 0.000000
22.000000 234.707252 19.604404 -0.442409 2.736717 0.000000 0.000000 0.000000 1.000000 0.000000 0.000000
22.000000 234.708186 19.903490 -0.192374 2.725588 0.000000 0.000000 0.000000 1.000000 0.000000 0.000000
22.000000 234.709362 20.583161 -0.509549 2.776069 0.000000 0.000000 0.000000 1.000000 0.000000 0.000000
22.000000 234.717351 19.504122 -0.450343 2.786357 0.000000 0.000000 0.000000 1.000000 0.000000 0.000000
22.000000 234.718288 19.794772 -0.209365 2.771342 0.000000 0.000000 0.000000 1.000000 0.000000 0.000000
22.000000 234.719270 20.476203 -0.522716 2.820537 0.000000 0.000000 0.000000 1.000000 0.000000 0.000000
22.000000 234.727525 19.353364 -0.460697 2.824583 0.000000 0.000000 0.000000 1.000000 0.000000 0.000000
22.000000 234.728159 19.665400 -0.207232 2.813145 0.000000 0.000000 0.000000 1.000000 0.000000 0.000000
22.000000 234.729339 20.405844 -0.536121 2.868711 0.000000 0.000000 0.000000 1.000000 0.000000 0.000000
22.000000 234.737360 19.242419 -0.468994 2.869460 0.000000 0.000000 0.000000 1.000000 0.000000 0.000000
22.000000 234.738341 19.557595 -0.219590 2.865208 0.000000 0.000000 0.000000 1.000000 0.000000 0.000000
22.000000 234.739260 20.357729 -0.562104 2.919862 0.000000 0.000000 0.000000 1.000000 0.000000 0.000000
22.000000 234.747320 19.140728 -0.476847 2.922105 0.000000 0.000000 0.000000 1.000000 0.000000 0.000000
22.000000 234.748164 19.455176 -0.230727 2.912504 0.000000 0.000000 0.000000 1.000000 0.000000 0.000000
22.000000 234.749410 20.249342 -0.568733 2.962411 0.000000 0.000000 0.000000 1.000000 0.000000 0.000000
22.000000 234.757360 19.012739 -0.490198 2.958637 0.000000 0.000000 0.000000 1.000000 0.000000 0.000000
22.000000 234.758286 19.332187 -0.243914 2.949821 0.000000 0.000000 0.000000 1.000000 0.000000 0.000000
22.000000 234.759333 20.137683 -0.578598 2.999813 0.000000 0.000000 0.000000 1.000000 0.000000 0.000000
22.000000 234.767509 18.902049 -0.489747 3.001440 0.000000 0.000000 0.000000 1.000000 0.000000 0.000000
22.000000 234.768110 19.214278 -0.251691 2.993005 0.000000 0.000000 0.000000 1.000000 0.000000 0.000000
22.000000 234.769415 20.071518 -0.593656 3.042008 0.000000 0.000000 0.000000 1.000000 0.000000 0.000000
22.000000 234.777349 18.786737 -0.497279 3.041968 0.000000 0.000000 0.000000 1.000000 0.000000 0.000000
22.000000 234.778291 19.095988 -0.262924 3.030237 0.000000 0.000000 0.000000 1.000000 0.000000 0.000000
22.000000 234.779334 19.953074 -0.606413 3.084891 0.000000 0.000000 0.000000 1.000000 0.000000 0.000000
22.000000 234.787297 18.656421 -0.509228 3.074483 0.000000 0.000000 0.000000 1.000000 0.000000 0.000000
22.000000 234.788115 18.983099 -0.266985 3.066927 0.000000 0.000000 0.000000 1.000000 0.000000 0.000000
22.000000 234.789374 19.867713 -0.616941 3.122759 0.000000 0.000000 0.000000 1.000000 0.000000 0.000000
22.000000 234.797354 18.556396 -0.512031 3.121329 0.000000 0.000000 0.000000 1.000000 0.000000 0.000000
22.000000 234.798365 18.879172 -0.276182 3.114186 0.000000 0.000000 0.000000 1.000000 0.000000 0.000000
22.000000 234.799252 19.830559 -0.638318 3.162393 0.000000 0.000000 0.000000 1.000000 0.000000 0.000000
22.000000 234.807302 18.443274 -0.521545 3.156084 0.000000 0.000000 0.000000 1.000000 0.000000 0.000000
22.000000 234.808228 18.767799 -0.287733 3.150370 0.000000 0.000000 0.000000 1.000000 0.000000 0.000000
22.000000 234.809350 19.709467 -0.645293 3.201229 0.000000 0.000000 0.000000 1.000000 0.000000 0.000000
22.000000 234.817615 18.326386 -0.527034 3.193657 0.000000 0.000000 0.000000 1.000000 0.000000 0.000000
22.000000 234.818245 18.628891 -0.308244 3.175364 0.000000 0.000000 0.000000 1.000000 0.000000 0.000000
22.000000 234.819331 19.487576 -0.635964 3.221149 0.000000 0.000000 0.000000 1.000000 0.000000 0.000000
22.000000 234.827337 18.195618 -0.539949 3.222209 0.000000 0.000000 0.000000 1.000000 0.000000 0.000000
22.000000 234.828153 18.533088 -0.301842 3.215113 0.000000 0.000000 0.000000 1.000000 0.000000 0.000000
22.000000 234.829405 19.508333 -0.668058 3.272324 0.000000 0.000000 0.000000 1.000000 0.000000 0.000000
22.000000 234.837350 18.055840 -0.549421 3.263511 0.000000 0.000000 0.000000 1.000000 0.000000 0.000000
22.000000 234.838329 18.396265 -0.313614 3.257484 0.000000 0.000000 0.000000 1.000000 0.000000 0.000000
22.000000 234.839329 19.409661 -0.683625 3.306309 0.000000 0.000000 0.000000 1.000000 0.000000 0.000000
22.000000 234.847339 17.961865 -0.560984 3.288315 0.000000 0.000000 0.000000 1.000000 0.000000 0.000000
22.000000 234.848138 18.303234 -0.329297 3.288516 0.000000 0.000000 0.000000 1.000000 0.000000 0.000000
22.000000 234.849624 19.280302 -0.687673 3.336854 0.000000 0.000000 0.000000 1.000000 0.000000 0.000000
22.000000 234.857403 17.843047 -0.570360 3.318919 0.000000 0.000000 0.000000 1.000000 0.000000 0.000000
22.000000 234.858254 18.187072 -0.339187 3.317631 0.000000 0.000000 0.000000 1.000000 0.000000 0.000000
22.000000 234.859359 19.137108 -0.688030 3.367271 0.000000 0.000000 0.000000 1.000000 0.000000 0.000000
22.000000 234.867351 17.730251 -0.574435 3.353212 0.000000 0.000000 0.000000 1.000000 0.000000 0.000000
22.000000 234.868238 18.066044 -0.348256 3.340261 0.000000 0.000000 0.000000 1.000000 0.000000 0.000000
22.000000 234.869414 18.971079 -0.684055 3.389578 0.000000 0.000000 0.000000 1.000000 0.000000 0.000000
22.000000 234.877354 17.583439 -0.585812 3.376281 0.000000 0.000000 0.000000 1.000000 0.000000 0.000000
22.000000 234.878385 17.948364 -0.347415 3.378555 0.000000 0.000000 0.000000 1.000000 0.000000 0.000000
22.000000 234.879372 18.933844 -0.705033 3.430186 0.000000 0.000000 0.000000 1.000000 0.000000 0.000000
22.000000 234.887343 17.512367 -0.586800 3.402115 0.000000 0.000000 0.000000 1.000000 0.000000 0.000000
22.000000 234.888312 17.842358 -0.372550 3.407062 0.000000 0.000000 0.000000 1.000000 0.000000 0.000000
22.000000 234.889477 18.789478 -0.713697 3.460944 0.000000 0.000000 0.000000 1.000000 0.000000 0.000000
22.000000 234.897364 17.390834 -0.589308 3.430539 0.000000 0.000000 0.000000 1.000000 0.000000 0.000000
22.000000 234.898485 17.729614 -0.372791 3.434168 0.000000 0.000000 0.000000 1.000000 0.000000 0.000000
22.000000 234.899301 18.680942 -0.716083 3.481546 0.000000 0.000000 0.000000 1.000000 0.000000 0.000000
22.000000 234.907613 17.281074 -0.602911 3.453410 0.000000 0.000000 0.000000 1.000000 0.000000 0.000000
22.000000 234.908322 17.630202 -0.381942 3.454406 0.000000 0.000000 0.000000 1.000000 0.000000 0.000000
22.000000 234.909468 18.509931 -0.702118 3.500225 0.000000 0.000000 0.000000 1.000000 0.000000 0.000000
22.000000 234.917396 17.169627 -0.611877 3.478914 0.000000 0.000000 0.000000 1.000000 0.000000 0.000000
22.000000 234.918537 17.504878 -0.399679 3.469131 0.000000 0.000000 0.000000 1.000000 0.000000 0.000000
22.000000 234.919416 18.316520 -0.703195 3.515047 0.000000 0.000000 0.000000 1.000000 0.000000 0.000000
22.000000 234.927356 17.019143 -0.624479 3.495164 0.000000 0.000000 0.000000 1.000000 0.000000 0.000000
22.000000 234.929411 17.082414 -0.558861 3.433811 0.000000 0.000000 0.000000 1.000000 0.000000 0.000000
22.000000 234.937403 16.920306 -0.621825 3.515759 0.000000 0.000000 0.000000 1.000000 0.000000 0.000000
22.000000 234.938552 17.267111 -0.408338 3.513165 0.000000 0.000000 0.000000 1.000000 0.000000 0.000000
22.000000 234.939339 18.094885 -0.715335 3.561556 0.000000 0.000000 0.000000 1.000000 0.000000 0.000000
22.000000 234.947370 16.819563 -0.634106 3.541317 0.000000 0.000000 0.000000 1.000000 0.000000 0.000000
22.000000 234.949439 16.882188 -0.573215 3.486485 0.000000 0.000000 0.000000 1.000000 0.000000 0.000000
22.000000 234.949773 17.963272 -0.717203 3.581704 0.000000 0.000000 0.000000 1.000000 0.000000 0.000000
22.000000 234.957466 16.672811 -0.658549 3.558142 0.000000 0.000000 0.000000 1.000000 0.000000 0.000000
22.000000 234.958497 17.069355 -0.422142 3.562460 0.000000 0.000000 0.000000 1.000000 0.000000 0.000000
22.000000 234.959419 17.909039 -0.733716 3.606413 0.000000 0.000000 0.000000 1.000000 0.000000 0.000000
22.000000 234.967619 16.599411 -0.640883 3.581963 0.000000 0.000000 0.000000 1.000000 0.000000 0.000000
22.000000 234.969499 16.659070 -0.585971 3.535653 0.000000 0.000000 0.000000 1.000000 0.000000 0.000000
22.000000 234.977605 16.468890 -0.650824 3.598482 0.000000 0.000000 0.000000 1.000000 0.000000 0.000000
22.000000 234.978379 16.823563 -0.441521 3.598690 0.000000 0.000000 0.000000 1.000000 0.000000 0.000000
22.000000 234.979415 17.606703 -0.733096 3.645643 0.000000 0.000000 0.000000 1.000000 0.000000 0.000000
22.000000 234.987363 16.348468 -0.660631 3.623214 0.000000 0.000000 0.000000 1.000000 0.000000 0.000000
22.000000 234.988270 16.723515 -0.441015 3.615168 0.000000 0.000000 0.000000 1.000000 0.000000 0.000000
22.000000 234.989543 17.512983 -0.737854 3.655423 0.000000 0.000000 0.000000 1.000000 0.000000 0.000000
22.000000 234.997447 16.246097 -0.675385 3.638095 0.000000 0.000000 0.000000 1.000000 0.000000 0.000000
22.000000 234.998288 16.636155 -0.452068 3.649069 0.000000 0.000000 0.000000 1.000000 0.000000 0.000000
22.000000 234.999361 17.489382 -0.766485 3.691582 0.000000 0.000000 0.000000 1.000000 0.000000 0.000000
22.000000 235.007377 16.139902 -0.671133 3.648002 0.000000 0.000000 0.000000 1.000000 0.000000 0.000000
22.000000 235.008371 16.506577 -0.463818 3.664358 0.000000 0.000000 0.000000 1.000000 0.000000 0.000000
22.000000 235.009473 17.331871 -0.766422 3.705876 0.000000 0.000000 0.000000 1.000000 0.000000 0.000000
22.000000 235.017474 16.036714 -0.682084 3.672407 0.000000 0.000000 0.000000 1.000000 0.000000 0.000000
22.000000 235.018342 16.379248 -0.485289 3.665916 0.000000 0.000000 0.000000 1.000000 0.000000 0.000000
22.000000 235.019515 17.075784 -0.748776 3.711260 0.000000 0.000000 0.000000 1.000000 0.000000 0.000000
22.000000 235.028376 16.980259 -0.728055 3.727227 0.000000 0.000000 0.000000 1.000000 0.000000 0.000000
22.000000 235.029363 17.061845 -0.770512 3.730168 0.000000 0.000000 0.000000 1.000000 0.000000 0.000000
22.000000 235.037449 15.837467 -0.682707 3.691604 0.000000 0.000000 0.000000 1.000000 0.000000 0.000000
22.000000 235.038311 16.184002 -0.488705 3.694382 0.000000 0.000000 0.000000 1.000000 0.000000 0.000000
22.000000 235.039437 16.920414 -0.768185 3.741191 0.000000 0.000000 0.000000 1.000000 0.000000 0.000000
22.000000 235.047394 15.727113 -0.691821 3.710392 0.000000 0.000000 0.000000 1.000000 0.000000 0.000000
22.000000 235.048434 16.065101 -0.502429 3.705903 0.000000 0.000000 0.000000 1.000000 0.000000 0.000000
22.000000 235.049520 16.759001 -0.766176 3.750471 0.000000 0.000000 0.000000 1.000000 0.000000 0.000000
22.000000 235.057450 15.579640 -0.710629 3.715354 0.000000 0.000000 0.000000 1.000000 0.000000 0.000000
22.000000 235.058520 15.952193 -0.504394 3.712644 0.000000 0.000000 0.000000 1.000000 0.000000 0.000000
22.000000 235.059417 16.656926 -0.774432 3.759819 0.000000 0.000000 0.000000 1.000000 0.000000 0.000000
22.000000 235.068076 15.526357 -0.695821 3.728633 0.000000 0.000000 0.000000 1.000000 0.000000 0.000000
22.000000 235.068290 15.884457 -0.498463 3.728511 0.000000 0.000000 0.000000 1.000000 0.000000 0.000000
22.000000 235.069509 16.659498 -0.793987 3.780400 0.000000 0.000000 0.000000 1.000000 0.000000 0.000000
22.000000 235.077449 15.383070 -0.707730 3.721009 0.000000 0.000000 0.000000 1.000000 0.000000 0.000000
22.000000 235.079420 15.431035 -0.663145 3.693518 0.000000 0.000000 0.000000 1.000000 0.000000 0.000000
22.000000 235.087449 15.254639 -0.711712 3.744979 0.000000 0.000000 0.000000 1.000000 0.000000 0.000000
22.000000 235.089438 15.307099 -0.666356 3.712111 0.000000 0.000000 0.000000 1.000000 0.000000 0.000000
22.000000 235.097492 15.167531 -0.717320 3.740819 0.000000 0.000000 0.000000 1.000000 0.000000 0.000000
22.000000 235.098370 15.535027 -0.518561 3.731858 0.000000 0.000000 0.000000 1.000000 0.000000 0.000000
22.000000 235.099600 16.227380 -0.793631 3.786878 0.000000 0.000000 0.000000 1.000000 0.000000 0.000000
22.000000 235.108374 15.431302 -0.525668 3.746613 0.000000 0.000000 0.000000 1.000000 0.000000 0.000000
22.000000 235.109567 16.146184 -0.807692 3.802675 0.000000 0.000000 0.000000 1.000000 0.000000 0.000000
22.000000 235.117496 14.963125 -0.726637 3.755535 0.000000 0.000000 0.000000 1.000000 0.000000 0.000000
22.000000 235.119423 15.004237 -0.687686 3.729350 0.000000 0.000000 0.000000 1.000000 0.000000 0.000000
22.000000 235.127445 14.815687 -0.733065 3.764030 0.000000 0.000000 0.000000 1.000000 0.000000 0.000000
22.000000 235.128420 15.179764 -0.540995 3.762319 0.000000 0.000000 0.000000 1.000000 0.000000 0.000000
22.000000 235.129521 15.872845 -0.815145 3.816495 0.000000 0.000000 0.000000 1.000000 0.000000 0.000000
22.000000 235.137532 14.702439 -0.747007 3.753327 0.000000 0.000000 0.000000 1.000000 0.000000 0.000000
22.000000 235.138509 15.085787 -0.548844 3.767147 0.000000 0.000000 0.000000 1.000000 0.000000 0.000000
22.000000 235.139501 15.764586 -0.817983 3.824580 0.000000 0.000000 0.000000 1.000000 0.000000 0.000000
22.000000 235.147698 14.624872 -0.750563 3.761422 0.000000 0.000000 0.000000 1.000000 0.000000 0.000000
22.000000 235.148319 15.000296 -0.556184 3.767509 0.000000 0.000000 0.000000 1.000000 0.000000 0.000000
22.000000 235.149579 15.686689 -0.830433 3.823749 0.000000 0.000000 0.000000 1.000000 0.000000 0.000000
22.000000 235.157514 14.517653 -0.759064 3.768214 0.000000 0.000000 0.000000 1.000000 0.000000 0.000000
22.000000 235.158375 14.891265 -0.565801 3.769189 0.000000 0.000000 0.000000 1.000000 0.000000 0.000000
22.000000 235.159513 15.551832 -0.832128 3.825968 0.000000 0.000000 0.000000 1.000000 0.000000 0.000000
22.000000 235.167466 14.410356 -0.759396 3.769115 0.000000 0.000000 0.000000 1.000000 0.000000 0.000000
22.000000 235.168436 14.763455 -0.582242 3.801062 0.000000 0.000000 0.000000 1.000000 0.000000 0.000000
22.000000 235.169599 15.436473 -0.846189 3.857203 0.000000 0.000000 0.000000 1.000000 0.000000 0.000000
22.000000 235.177528 14.257514 -0.770060 3.755506 0.000000 0.000000 0.000000 1.000000 0.000000 0.000000
22.000000 235.178566 14.642847 -0.575953 3.768681 0.000000 0.000000 0.000000 1.000000 0.000000 0.000000
22.000000 235.179526 15.296501 -0.841378 3.825141 0.000000 0.000000 0.000000 1.000000 0.000000 0.000000
22.000000 235.187464 14.205270 -0.775541 3.750774 0.000000 0.000000 0.000000 1.000000 0.000000 0.000000
22.000000 235.188301 14.566278 -0.591442 3.753429 0.000000 0.000000 0.000000 1.000000 0.000000 0.000000
22.000000 235.189574 15.172084 -0.843219 3.818850 0.000000 0.000000 0.000000 1.000000 0.000000 0.000000
22.000000 235.198567 14.451008 -0.599636 3.764156 0.000000 0.000000 0.000000 1.000000 0.000000 0.000000
22.000000 235.199508 15.048168 -0.846654 3.820052 0.000000 0.000000 0.000000 1.000000 0.000000 0.000000
22.000000 235.207481 13.986457 -0.788121 3.738990 0.000000 0.000000 0.000000 1.000000 0.000000 0.000000
22.000000 235.208483 14.343872 -0.612182 3.758635 0.000000 0.000000 0.000000 1.000000 0.000000 0.000000
22.000000 235.209454 14.923990 -0.852993 3.812647 0.000000 0.000000 0.000000 1.000000 0.000000 0.000000
22.000000 235.217579 13.859486 -0.801698 3.748715 0.000000 0.000000 0.000000 1.000000 0.000000 0.000000
22.000000 235.218326 14.221767 -0.622084 3.754414 0.000000 0.000000 0.000000 1.000000 0.000000 0.000000
22.000000 235.219559 14.766457 -0.850535 3.804323 0.000000 0.000000 0.000000 1.000000 0.000000 0.000000
22.000000 235.227503 13.747945 -0.806840 3.739560 0.000000 0.000000 0.000000 1.000000 0.000000 0.000000
22.000000 235.228422 14.125493 -0.621102 3.748118 0.000000 0.000000 0.000000 1.000000 0.000000 0.000000
22.000000 235.229511 14.695574 -0.861625 3.801778 0.000000 0.000000 0.000000 1.000000 0.000000 0.000000
22.000000 235.237517 13.640160 -0.798798 3.732245 0.000000 0.000000 0.000000 1.000000 0.000000 0.000000
22.000000 235.238538 13.989851 -0.628745 3.743080 0.000000 0.000000 0.000000 1.000000 0.000000 0.000000
22.000000 235.239470 14.558040 -0.867806 3.787569 0.000000 0.000000 0.000000 1.000000 0.000000 0.000000
22.000000 235.247488 13.572695 -0.801171 3.723151 0.000000 0.000000 0.000000 1.000000 0.000000 0.000000
22.000000 235.248358 13.918973 -0.633299 3.735299 0.000000 0.000000 0.000000 1.000000 0.000000 0.000000
22.000000 235.249472 14.494240 -0.877437 3.784397 0.000000 0.000000 0.000000 1.000000 0.000000 0.000000
22.000000 235.257706 13.426520 -0.831765 3.714995 0.000000 0.000000 0.000000 1.000000 0.000000 0.000000
22.000000 235.259530 13.475077 -0.795136 3.711936 0.000000 0.000000 0.000000 1.000000 0.000000 0.000000
22.000000 235.267541 13.297010 -0.825572 3.715550 0.000000 0.000000 0.000000 1.000000 0.000000 0.000000
22.000000 235.268502 13.688978 -0.638272 3.724116 0.000000 0.000000 0.000000 1.000000 0.000000 0.000000
22.000000 235.269621 14.255567 -0.882572 3.768933 0.000000 0.000000 0.000000 1.000000 0.000000 0.000000
22.000000 235.277534 13.216649 -0.828440 3.698363 0.000000 0.000000 0.000000 1.000000 0.000000 0.000000
22.000000 235.278553 13.593268 -0.649455 3.710582 0.000000 0.000000 0.000000 1.000000 0.000000 0.000000
22.000000 235.279504 14.118892 -0.879438 3.760743 0.000000 0.000000 0.000000 1.000000 0.000000 0.000000
22.000000 235.287765 13.088094 -0.830103 3.688658 0.000000 0.000000 0.000000 1.000000 0.000000 0.000000
22.000000 235.288406 13.478970 -0.647367 3.710556 0.000000 0.000000 0.000000 1.000000 0.000000 0.000000
22.000000 235.289618 14.030061 -0.885974 3.755983 0.000000 0.000000 0.000000 1.000000 0.000000 0.000000
22.000000 235.297950 13.049961 -0.832180 3.690351 0.000000 0.000000 0.000000 1.000000 0.000000 0.000000
22.000000 235.298560 13.409374 -0.664281 3.707885 0.000000 0.000000 0.000000 1.000000 0.000000 0.000000
22.000000 235.299483 13.939317 -0.894728 3.747421 0.000000 0.000000 0.000000 1.000000 0.000000 0.000000
22.000000 235.307531 12.905648 -0.856805 3.679782 0.000000 0.000000 0.000000 1.000000 0.000000 0.000000
22.000000 235.308509 13.307068 -0.670433 3.697760 0.000000 0.000000 0.000000 1.000000 0.000000 0.000000
22.000000 235.309554 13.857720 -0.911391 3.736497 0.000000 0.000000 0.000000 1.000000 0.000000 0.000000
22.000000 235.317631 12.785808 -0.844694 3.666395 0.000000 0.000000 0.000000 1.000000 0.000000 0.000000
22.000000 235.318458 13.146746 -0.677447 3.680275 0.000000 0.000000 0.000000 1.000000 0.000000 0.000000
22.000000 235.319577 13.648924 -0.900630 3.720375 0.000000 0.000000 0.000000 1.000000 0.000000 0.000000
22.000000 235.327557 12.727616 -0.847520 3.652597 0.000000 0.000000 0.000000 1.000000 0.000000 0.000000
22.000000 235.328655 13.096602 -0.675821 3.665290 0.000000 0.000000 0.000000 1.000000 0.000000 0.000000
22.000000 235.329654 13.654452 -0.924778 3.712049 0.000000 0.000000 0.000000 1.000000 0.000000 0.000000
22.000000 235.337565 12.628726 -0.856134 3.634827 0.000000 0.000000 0.000000 1.000000 0.000000 0.000000
22.000000 235.338558 13.000277 -0.683377 3.644274 0.000000 0.000000 0.000000 1.000000 0.000000 0.000000
22.000000 235.339480 13.554911 -0.935006 3.694481 0.000000 0.000000 0.000000 1.000000 0.000000 0.000000
22.000000 235.347536 12.507818 -0.862371 3.621544 0.000000 0.000000 0.000000 1.000000 0.000000 0.000000
22.000000 235.348428 12.886703 -0.687639 3.631278 0.000000 0.000000 0.000000 1.000000 0.000000 0.000000
22.000000 235.349597 13.407723 -0.925700 3.677029 0.000000 0.000000 0.000000 1.000000 0.000000 0.000000
22.000000 235.357614 12.406560 -0.876329 3.602448 0.000000 0.000000 0.000000 1.000000 0.000000 0.000000
22.000000 235.358597 12.791556 -0.699426 3.612279 0.000000 0.000000 0.000000 1.000000 0.000000 0.000000
22.000000 235.359615 13.301241 -0.935355 3.659928 0.000000 0.000000 0.000000 1.000000 0.000000 0.000000
22.000000 235.367564 12.339433 -0.864448 3.587562 0.000000 0.000000 0.000000 1.000000 0.000000 0.000000
22.000000 235.368376 12.664512 -0.714149 3.589240 0.000000 0.000000 0.000000 1.000000 0.000000 0.000000
22.000000 235.369628 13.110992 -0.925462 3.635207 0.000000 0.000000 0.000000 1.000000 0.000000 0.000000
22.000000 235.377579 12.218298 -0.866872 3.561815 0.000000 0.000000 0.000000 1.000000 0.000000 0.000000
22.000000 235.378464 12.566834 -0.708018 3.571000 0.000000 0.000000 0.000000 1.000000 0.000000 0.000000
22.000000 235.379576 13.036107 -0.931109 3.620857 0.000000 0.000000 0.000000 1.000000 0.000000 0.000000
22.000000 235.387526 12.102435 -0.880403 3.542503 0.000000 0.000000 0.000000 1.000000 0.000000 0.000000
22.000000 235.388444 12.474513 -0.712055 3.554092 0.000000 0.000000 0.000000 1.000000 0.000000 0.000000
22.000000 235.389619 12.990326 -0.955323 3.598305 0.000000 0.000000 0.000000 1.000000 0.000000 0.000000
22.000000 235.397610 12.045378 -0.877505 3.520065 0.000000 0.000000 0.000000 1.000000 0.000000 0.000000
22.000000 235.398476 12.391298 -0.721747 3.532019 0.000000 0.000000 0.000000 1.000000 0.000000 0.000000
22.000000 235.399559 12.914418 -0.970397 3.575101 0.000000 0.000000 0.000000 1.000000 0.000000 0.000000
22.000000 235.407577 11.927328 -0.884627 3.497898 0.000000 0.000000 0.000000 1.000000 0.000000 0.000000
22.000000 235.408390 12.281923 -0.725289 3.507830 0.000000 0.000000 0.000000 1.000000 0.000000 0.000000
22.000000 235.409635 12.867519 -1.007802 3.559225 0.000000 0.000000 0.000000 1.000000 0.000000 0.000000
22.000000 235.417700 11.816647 -0.889119 3.469020 0.000000 0.000000 0.000000 1.000000 0.000000 0.000000
22.000000 235.418525 12.170109 -0.728797 3.474240 0.000000 0.000000 0.000000 1.000000 0.000000 0.000000
22.000000 235.419687 12.672178 -0.976050 3.527908 0.000000 0.000000 0.000000 1.000000 0.000000 0.000000
22.000000 235.427556 11.705963 -0.898538 3.439665 0.000000 0.000000 0.000000 1.000000 0.000000 0.000000
22.000000 235.428395 12.075523 -0.732501 3.451040 0.000000 0.000000 0.000000 1.000000 0.000000 0.000000
22.000000 235.429643 12.572466 -0.979560 3.508599 0.000000 0.000000 0.000000 1.000000 0.000000 0.000000
22.000000 235.437606 11.606050 -0.899679 3.425161 0.000000 0.000000 0.000000 1.000000 0.000000 0.000000
22.000000 235.438524 11.972455 -0.736926 3.434877 0.000000 0.000000 0.000000 1.000000 0.000000 0.000000
22.000000 235.439646 12.482287 -0.989740 3.480226 0.000000 0.000000 0.000000 1.000000 0.000000 0.000000
22.000000 235.447590 11.547593 -0.908305 3.396149 0.000000 0.000000 0.000000 1.000000 0.000000 0.000000
22.000000 235.448445 11.884869 -0.758284 3.405171 0.000000 0.000000 0.000000 1.000000 0.000000 0.000000
22.000000 235.449661 12.331359 -0.985875 3.455812 0.000000 0.000000 0.000000 1.000000 0.000000 0.000000
22.000000 235.457891 11.422792 -0.921609 3.361590 0.000000 0.000000 0.000000 1.000000 0.000000 0.000000
22.000000 235.458710 11.782423 -0.763955 3.376838 0.000000 0.000000 0.000000 1.000000 0.000000 0.000000
22.000000 235.459528 12.248053 -1.002446 3.427509 0.000000 0.000000 0.000000 1.000000 0.000000 0.000000
22.000000 235.467585 11.314819 -0.916201 3.335385 0.000000 0.000000 0.000000 1.000000 0.000000 0.000000
22.000000 235.468429 11.650436 -0.765798 3.338914 0.000000 0.000000 0.000000 1.000000 0.000000 0.000000
22.000000 235.469661 12.130899 -1.011607 3.382629 0.000000 0.000000 0.000000 1.000000 0.000000 0.000000
22.000000 235.477710 11.181112 -0.922486 3.308309 0.000000 0.000000 0.000000 1.000000 0.000000 0.000000
22.000000 235.478621 11.560931 -0.754407 3.316074 0.000000 0.000000 0.000000 1.000000 0.000000 0.000000
22.000000 235.479540 12.040636 -1.004892 3.369678 0.000000 0.000000 0.000000 1.000000 0.000000 0.000000
22.000000 235.487556 11.095166 -0.917671 3.277950 0.000000 0.000000 0.000000 1.000000 0.000000 0.000000
22.000000 235.488494 11.456510 -0.758316 3.284784 0.000000 0.000000 0.000000 1.000000 0.000000 0.000000
22.000000 235.489818 11.978480 -1.030804 3.334426 0.000000 0.000000 0.000000 1.000000 0.000000 0.000000
22.000000 235.497649 11.008325 -0.931907 3.249658 0.000000 0.000000 0.000000 1.000000 0.000000 0.000000
22.000000 235.498543 11.371310 -0.773914 3.259568 0.000000 0.000000 0.000000 1.000000 0.000000 0.000000
22.000000 235.499606 11.844451 -1.023953 3.303948 0.000000 0.000000 0.000000 1.000000 0.000000 0.000000
22.000000 235.507604 10.913900 -0.936776 3.215869 0.000000 0.000000 0.000000 1.000000 0.000000 0.000000
22.000000 235.508451 11.276925 -0.778851 3.225289 0.000000 0.000000 0.000000 1.000000 0.000000 0.000000
22.000000 235.509753 11.747933 -1.032238 3.274810 0.000000 0.000000 0.000000 1.000000 0.000000 0.000000
22.000000 235.517665 10.816134 -0.936861 3.171059 0.000000 0.000000 0.000000 1.000000 0.000000 0.000000
22.000000 235.518662 11.146928 -0.790277 3.177154 0.000000 0.000000 0.000000 1.000000 0.000000 0.000000
22.000000 235.519561 11.577278 -1.028651 3.235606 0.000000 0.000000 0.000000 1.000000 0.000000 0.000000
22.000000 235.527577 10.718162 -0.934061 3.143520 0.000000 0.000000 0.000000 1.000000 0.000000 0.000000
22.000000 235.528430 11.068476 -0.780745 3.151180 0.000000 0.000000 0.000000 1.000000 0.000000 0.000000
22.000000 235.529642 11.550291 -1.046719 3.208128 0.000000 0.000000 0.000000 1.000000 0.000000 0.000000
22.000000 235.537647 10.591396 -0.947519 3.110042 0.000000 0.000000 0.000000 1.000000 0.000000 0.000000
22.000000 235.538672 10.950115 -0.790572 3.117072 0.000000 0.000000 0.000000 1.000000 0.000000 0.000000
22.000000 235.539584 11.387974 -1.039679 3.180155 0.000000 0.000000 0.000000 1.000000 0.000000 0.000000
22.000000 235.547590 10.527655 -0.953798 3.074398 0.000000 0.000000 0.000000 1.000000 0.000000 0.000000
22.000000 235.548554 10.876415 -0.802127 3.082479 0.000000 0.000000 0.000000 1.000000 0.000000 0.000000
22.000000 235.549746 11.305168 -1.049007 3.144283 0.000000 0.000000 0.000000 1.000000 0.000000 0.000000
22.000000 235.557867 10.448443 -0.952793 3.037768 0.000000 0.000000 0.000000 1.000000 0.000000 0.000000
22.000000 235.558648 10.785186 -0.806473 3.045227 0.000000 0.000000 0.000000 1.000000 0.000000 0.000000
22.000000 235.559703 11.216831 -1.051953 3.092725 0.000000 0.000000 0.000000 1.000000 0.000000 0.000000
22.000000 235.567661 10.320731 -0.957710 2.994569 0.000000 0.000000 0.000000 1.000000 0.000000 0.000000
22.000000 235.568507 10.668853 -0.805847 3.002405 0.000000 0.000000 0.000000 1.000000 0.000000 0.000000
22.000000 235.569776 11.099987 -1.056214 3.057659 0.000000 0.000000 0.000000 1.000000 0.000000 0.000000
22.000000 235.577656 10.180455 -0.955856 2.954345 0.000000 0.000000 0.000000 1.000000 0.000000 0.000000
22.000000 235.578578 10.545947 -0.795943 2.960822 0.000000 0.000000 0.000000 1.000000 0.000000 0.000000
22.000000 235.579708 11.018060 -1.068632 3.011739 0.000000 0.000000 0.000000 1.000000 0.000000 0.000000
22.000000 235.587627 10.143477 -0.966708 2.920062 0.000000 0.000000 0.000000 1.000000 0.000000 0.000000
22.000000 235.588717 10.474355 -0.822360 2.923826 0.000000 0.000000 0.000000 1.000000 0.000000 0.000000
22.000000 235.589741 10.903055 -1.074152 2.968385 0.000000 0.000000 0.000000 1.000000 0.000000 0.000000
22.000000 235.597914 10.040152 -0.973608 2.876161 0.000000 0.000000 0.000000 1.000000 0.000000 0.000000
22.000000 235.598670 10.387561 -0.823482 2.884641 0.000000 0.000000 0.000000 1.000000 0.000000 0.000000
22.000000 235.599694 10.833308 -1.086764 2.930621 0.000000 0.000000 0.000000 1.000000 0.000000 0.000000
22.000000 235.607620 9.955211 -0.969904 2.836607 0.000000 0.000000 0.000000 1.000000 0.000000 0.000000
22.000000 235.608667 10.282749 -0.829029 2.845231 0.000000 0.000000 0.000000 1.000000 0.000000 0.000000
22.000000 235.609662 10.724788 -1.093921 2.892056 0.000000 0.000000 0.000000 1.000000 0.000000 0.000000
22.000000 235.617686 9.831600 -0.970149 2.783964 0.000000 0.000000 0.000000 1.000000 0.000000 0.000000
22.000000 235.618674 10.169625 -0.819135 2.786911 0.000000 0.000000 0.000000 1.000000 0.000000 0.000000
22.000000 235.619633 10.612424 -1.089836 2.842510 0.000000 0.000000 0.000000 1.000000 0.000000 0.000000
22.000000 235.627886 9.747603 -0.978499 2.748109 0.000000 0.000000 0.000000 1.000000 0.000000 0.000000
22.000000 235.628624 10.079938 -0.832194 2.750730 0.000000 0.000000 0.000000 1.000000 0.000000 0.000000
22.000000 235.629625 10.511592 -1.097324 2.796836 0.000000 0.000000 0.000000 1.000000 0.000000 0.000000
22.000000 235.637682 9.640872 -0.987247 2.705248 0.000000 0.000000 0.000000 1.000000 0.000000 0.000000
22.000000 235.638751 9.984036 -0.839606 2.712606 0.000000 0.000000 0.000000 1.000000 0.000000 0.000000
22.000000 235.639661 10.398402 -1.098180 2.757695 0.000000 0.000000 0.000000 1.000000 0.000000 0.000000
22.000000 235.647651 9.561360 -0.991191 2.661467 0.000000 0.000000 0.000000 1.000000 0.000000 0.000000
22.000000 235.648568 9.893456 -0.848943 2.670829 0.000000 0.000000 0.000000 1.000000 0.000000 0.000000
22.000000 235.649777 10.287925 -1.099546 2.717426 0.000000 0.000000 0.000000 1.000000 0.000000 0.000000
22.000000 235.657711 9.446550 -1.002809 2.607562 0.000000 0.000000 0.000000 1.000000 0.000000 0.000000
22.000000 235.658602 9.796800 -0.852603 2.617682 0.000000 0.000000 0.000000 1.000000 0.000000 0.000000
22.000000 235.659712 10.199333 -1.109765 2.661860 0.000000 0.000000 0.000000 1.000000 0.000000 0.000000
22.000000 235.667678 9.346520 -0.993557 2.557936 0.000000 0.000000 0.000000 1.000000 0.000000 0.000000
22.000000 235.668674 9.651725 -0.860809 2.571309 0.000000 0.000000 0.000000 1.000000 0.000000 0.000000
22.000000 235.669781 10.051133 -1.119281 2.621177 0.000000 0.000000 0.000000 1.000000 0.000000 0.000000
22.000000 235.677691 9.259363 -1.000751 2.512596 0.000000 0.000000 0.000000 1.000000 0.000000 0.000000
22.000000 235.678765 9.585996 -0.859137 2.520435 0.000000 0.000000 0.000000 1.000000 0.000000 0.000000
22.000000 235.679668 9.978897 -1.119120 2.569111 0.000000 0.000000 0.000000 1.000000 0.000000 0.000000
22.000000 235.687700 9.165523 -1.005888 2.462851 0.000000 0.000000 0.000000 1.000000 0.000000 0.000000
22.000000 235.688579 9.495322 -0.860940 2.467612 0.000000 0.000000 0.000000 1.000000 0.000000 0.000000
22.000000 235.689731 9.899510 -1.130283 2.514780 0.000000 0.000000 0.000000 1.000000 0.000000 0.000000
22.000000 235.697717 9.075255 -1.015964 2.415792 0.000000 0.000000 0.000000 1.000000 0.000000 0.000000
22.000000 235.698723 9.401492 -0.874308 2.422689 0.000000 0.000000 0.000000 1.000000 0.000000 0.000000
22.000000 235.699693 9.786731 -1.134219 2.466112 0.000000 0.000000 0.000000 1.000000 0.000000 0.000000
22.000000 235.707731 8.998520 -1.012345 2.368925 0.000000 0.000000 0.000000 1.000000 0.000000 0.000000
22.000000 235.708550 9.304531 -0.877246 2.372981 0.000000 0.000000 0.000000 1.000000 0.000000 0.000000
22.000000 235.709724 9.694782 -1.143080 2.416317 0.000000 0.000000 0.000000 1.000000 0.000000 0.000000
22.000000 235.717751 8.883233 -1.011166 2.314823 0.000000 0.000000 0.000000 1.000000 0.000000 0.000000
22.000000 235.718889 9.181192 -0.874374 2.312749 0.000000 0.000000 0.000000 1.000000 0.000000 0.000000
22.000000 235.719667 9.566674 -1.141987 2.358555 0.000000 0.000000 0.000000 1.000000 0.000000 0.000000
22.000000 235.727923 8.814975 -1.012021 2.249958 0.000000 0.000000 0.000000 1.000000 0.000000 0.000000
22.000000 235.728610 9.103062 -0.875920 2.249852 0.000000 0.000000 0.000000 1.000000 0.000000 0.000000
22.000000 235.729721 9.492352 -1.152635 2.306631 0.000000 0.000000 0.000000 1.000000 0.000000 0.000000
22.000000 235.738001 8.726521 -1.021319 2.214030 0.000000 0.000000 0.000000 1.000000 0.000000 0.000000
22.000000 235.738703 9.018223 -0.888312 2.211970 0.000000 0.000000 0.000000 1.000000 0.000000 0.000000
22.000000 235.739730 9.398446 -1.158071 2.253451 0.000000 0.000000 0.000000 1.000000 0.000000 0.000000
22.000000 235.747708 8.626220 -1.023737 2.158093 0.000000 0.000000 0.000000 1.000000 0.000000 0.000000
22.000000 235.748594 8.919461 -0.889443 2.157904 0.000000 0.000000 0.000000 1.000000 0.000000 0.000000
22.000000 235.749812 9.315350 -1.171744 2.199448 0.000000 0.000000 0.000000 1.000000 0.000000 0.000000
22.000000 235.757829 8.541153 -1.029185 2.100694 0.000000 0.000000 0.000000 1.000000 0.000000 0.000000
22.000000 235.758628 8.830011 -0.894603 2.097928 0.000000 0.000000 0.000000 1.000000 0.000000 0.000000
22.000000 235.759709 9.197858 -1.160818 2.135144 0.000000 0.000000 0.000000 1.000000 0.000000 0.000000
22.000000 235.767778 8.420861 -1.029207 2.043578 0.000000 0.000000 0.000000 1.000000 0.000000 0.000000
22.000000 235.768892 8.703965 -0.895491 2.044080 0.000000 0.000000 0.000000 1.000000 0.000000 0.000000
22.000000 235.769778 9.092658 -1.178678 2.084626 0.000000 0.000000 0.000000 1.000000 0.000000 0.000000
22.000000 235.777769 8.375326 -1.027500 1.973241 0.000000 0.000000 0.000000 1.000000 0.000000 0.000000
22.000000 235.778980 8.625513 -0.901336 1.970160 0.000000 0.000000 0.000000 1.000000 0.000000 0.000000
22.000000 235.779780 9.014685 -1.192450 2.019867 0.000000 0.000000 0.000000 1.000000 0.000000 0.000000
22.000000 235.787732 8.270384 -1.041232 1.932015 0.000000 0.000000 0.000000 1.000000 0.000000 0.000000
22.000000 235.788630 8.549245 -0.907190 1.926386 0.000000 0.000000 0.000000 1.000000 0.000000 0.000000
22.000000 235.789803 8.931312 -1.192105 1.960489 0.000000 0.000000 0.000000 1.000000 0.000000 0.000000
22.000000 235.797822 8.198906 -1.036399 1.874585 0.000000 0.000000 0.000000 1.000000 0.000000 0.000000
22.000000 235.798672 8.453972 -0.910778 1.867906 0.000000 0.000000 0.000000 1.000000 0.000000 0.000000
22.000000 235.799653 8.836766 -1.199307 1.901619 0.000000 0.000000 0.000000 1.000000 0.000000 0.000000
22.000000 235.807720 8.087926 -1.044275 1.815381 0.000000 0.000000 0.000000 1.000000 0.000000 0.000000
22.000000 235.808616 8.352847 -0.910839 1.803929 0.000000 0.000000 0.000000 1.000000 0.000000 0.000000
22.000000 235.809743 8.713858 -1.190125 1.838346 0.000000 0.000000 0.000000 1.000000 0.000000 0.000000
22.000000 235.817878 8.000956 -1.043191 1.732957 0.000000 0.000000 0.000000 1.000000 0.000000 0.000000
22.000000 235.818724 8.248521 -0.918521 1.735907 0.000000 0.000000 0.000000 1.000000 0.000000 0.000000
22.000000 235.819751 8.596286 -1.194455 1.781533 0.000000 0.000000 0.000000 1.000000 0.000000 0.000000
22.000000 235.827722 7.900076 -1.043375 1.694810 0.000000 0.000000 0.000000 1.000000 0.000000 0.000000
22.000000 235.828586 8.161715 -0.912514 1.693889 0.000000 0.000000 0.000000 1.000000 0.000000 0.000000
22.000000 235.829751 8.538938 -1.203442 1.721837 0.000000 0.000000 0.000000 1.000000 0.000000 0.000000
22.000000 235.838070 7.844658 -1.046190 1.630009 0.000000 0.000000 0.000000 1.000000 0.000000 0.000000
22.000000 235.838667 8.088544 -0.919293 1.625064 0.000000 0.000000 0.000000 1.000000 0.000000 0.000000
22.000000 235.839670 8.488096 -1.231477 1.654805 0.000000 0.000000 0.000000 1.000000 0.000000 0.000000
22.000000 235.847728 7.747105 -1.051832 1.566900 0.000000 0.000000 0.000000 1.000000 0.000000 0.000000
22.000000 235.848617 7.998761 -0.920880 1.561644 0.000000 0.000000 0.000000 1.000000 0.000000 0.000000
22.000000 235.849831 8.316786 -1.184914 1.599914 0.000000 0.000000 0.000000 1.000000 0.000000 0.000000
22.000000 235.857822 7.669103 -1.050306 1.500821 0.000000 0.000000 0.000000 1.000000 0.000000 0.000000
22.000000 235.858707 7.902379 -0.922332 1.489905 0.000000 0.000000 0.000000 1.000000 0.000000 0.000000
22.000000 235.859816 8.261015 -1.215583 1.520361 0.000000 0.000000 0.000000 1.000000 0.000000 0.000000
22.000000 235.867824 7.571806 -1.053816 1.441684 0.000000 0.000000 0.000000 1.000000 0.000000 0.000000
22.000000 235.868655 7.790643 -0.933063 1.433744 0.000000 0.000000 0.000000 1.000000 0.000000 0.000000
22.000000 235.869875 8.144033 -1.223480 1.460482 0.000000 0.000000 0.000000 1.000000 0.000000 0.000000
22.000000 235.877839 7.513485 -1.059477 1.369451 0.000000 0.000000 0.000000 1.000000 0.000000 0.000000
22.000000 235.878739 7.736039 -0.933271 1.361320 0.000000 0.000000 0.000000 1.000000 0.000000 0.000000
22.000000 235.879754 8.107005 -1.244742 1.395250 0.000000 0.000000 0.000000 1.000000 0.000000 0.000000
22.000000 235.887728 7.397963 -1.060191 1.314621 0.000000 0.000000 0.000000 1.000000 0.000000 0.000000
22.000000 235.888683 7.619450 -0.935697 1.306248 0.000000 0.000000 0.000000 1.000000 0.000000 0.000000
22.000000 235.889765 7.957491 -1.225143 1.336250 0.000000 0.000000 0.000000 1.000000 0.000000 0.000000
22.000000 235.898097 7.324480 -1.063953 1.247600 0.000000 0.000000 0.000000 1.000000 0.000000 0.000000
22.000000 235.898704 7.540733 -0.940831 1.238583 0.000000 0.000000 0.000000 1.000000 0.000000 0.000000
22.000000 235.899725 7.894345 -1.242379 1.261927 0.000000 0.000000 0.000000 1.000000 0.000000 0.000000
22.000000 235.907775 7.234715 -1.067990 1.181919 0.000000 0.000000 0.000000 1.000000 0.000000 0.000000
22.000000 235.908607 7.446366 -0.945915 1.173152 0.000000 0.000000 0.000000 1.000000 0.000000 0.000000
22.000000 235.909787 7.791242 -1.247311 1.199893 0.000000 0.000000 0.000000 1.000000 0.000000 0.000000
22.000000 235.918214 7.121771 -1.066908 1.116169 0.000000 0.000000 0.000000 1.000000 0.000000 0.000000
22.000000 235.918926 7.326257 -0.941881 1.103479 0.000000 0.000000 0.000000 1.000000 0.000000 0.000000
22.000000 235.919736 7.659943 -1.238408 1.129013 0.000000 0.000000 0.000000 1.000000 0.000000 0.000000
22.000000 235.927771 7.065158 -1.068900 1.040639 0.000000 0.000000 0.000000 1.000000 0.000000 0.000000
22.000000 235.928684 7.244169 -0.951064 1.025453 0.000000 0.000000 0.000000 1.000000 0.000000 0.000000
22.000000 235.929860 7.563659 -1.241828 1.052876 0.000000 0.000000 0.000000 1.000000 0.000000 0.000000
22.000000 235.938059 6.991940 -1.073150 0.973400 0.000000 0.000000 0.000000 1.000000 0.000000 0.000000
22.000000 235.938929 7.176791 -0.954336 0.960902 0.000000 0.000000 0.000000 1.000000 0.000000 0.000000
22.000000 235.939739 7.513568 -1.260614 0.984501 0.000000 0.000000 0.000000 1.000000 0.000000 0.000000
22.000000 235.947833 6.900388 -1.084295 0.899999 0.000000 0.000000 0.000000 1.000000 0.000000 0.000000
22.000000 235.948843 7.092980 -0.960423 0.888370 0.000000 0.000000 0.000000 1.000000 0.000000 0.000000
22.000000 235.949815 7.439832 -1.277192 0.908309 0.000000 0.000000 0.000000 1.000000 0.000000 0.000000
22.000000 235.957851 6.831925 -1.077929 0.829811 0.000000 0.000000 0.000000 1.000000 0.000000 0.000000
22.000000 235.958736 7.001146 -0.961793 0.818126 0.000000 0.000000 0.000000 1.000000 0.000000 0.000000
22.000000 235.959768 7.338301 -1.277555 0.842581 0.000000 0.000000 0.000000 1.000000 0.000000 0.000000
22.000000 235.967807 6.733735 -1.080003 0.758656 0.000000 0.000000 0.000000 1.000000 0.000000 0.000000
22.000000 235.968613 6.912262 -0.957546 0.748338 0.000000 0.000000 0.000000 1.000000 0.000000 0.000000
22.000000 235.969779 7.254358 -1.277957 0.767059 0.000000 0.000000 0.000000 1.000000 0.000000 0.000000
22.000000 235.977884 6.659236 -1.077379 0.681358 0.000000 0.000000 0.000000 1.000000 0.000000 0.000000
22.000000 235.979058 6.815675 -0.958268 0.668243 0.000000 0.000000 0.000000 1.000000 0.000000 0.000000
22.000000 235.979796 7.143552 -1.278267 0.696790 0.000000 0.000000 0.000000 1.000000 0.000000 0.000000
22.000000 235.987802 6.588518 -1.089361 0.606937 0.000000 0.000000 0.000000 1.000000 0.000000 0.000000
22.000000 235.988940 6.741900 -0.975464 0.595012 0.000000 0.000000 0.000000 1.000000 0.000000 0.000000
22.000000 235.989850 7.084319 -1.305538 0.611855 0.000000 0.000000 0.000000 1.000000 0.000000 0.000000
22.000000 235.997905 6.512465 -1.089096 0.533908 0.000000 0.000000 0.000000 1.000000 0.000000 0.000000
22.000000 235.998992 6.655401 -0.975407 0.519931 0.000000 0.000000 0.000000 1.000000 0.000000 0.000000
22.000000 235.999720 6.982926 -1.297710 0.537289 0.000000 0.000000 0.000000 1.000000 0.000000 0.000000
22.000000 236.007815 6.444076 -1.091358 0.456989 0.000000 0.000000 0.000000 1.000000 0.000000 0.000000
22.000000 236.008719 6.571288 -0.982528 0.441764 0.000000 0.000000 0.000000 1.000000 0.000000 0.000000
22.000000 236.009837 6.897958 -1.309257 0.459052 0.000000 0.000000 0.000000 1.000000 0.000000 0.000000
22.000000 236.017928 6.366859 -1.090580 0.377910 0.000000 0.000000 0.000000 1.000000 0.000000 0.000000
22.000000 236.018774 6.468176 -0.987870 0.359799 0.000000 0.000000 0.000000 1.000000 0.000000 0.000000
22.000000 236.019877 6.782393 -1.309381 0.378392 0.000000 0.000000 0.000000 1.000000 0.000000 0.000000
22.000000 236.027809 6.271345 -1.091267 0.308773 0.000000 0.000000 0.000000 1.000000 0.000000 0.000000
22.000000 236.028732 6.391953 -0.977145 0.291413 0.000000 0.000000 0.000000 1.000000 0.000000 0.000000
22.000000 236.029820 6.729611 -1.319762 0.302327 0.000000 0.000000 0.000000 1.000000 0.000000 0.000000
22.000000 236.037887 6.201082 -1.096847 0.229779 0.000000 0.000000 0.000000 1.000000 0.000000 0.000000
22.000000 236.038754 6.310415 -0.987146 0.211321 0.000000 0.000000 0.000000 1.000000 0.000000 0.000000
22.000000 236.039794 6.635021 -1.322751 0.221239 0.000000 0.000000 0.000000 1.000000 0.000000 0.000000
22.000000 236.047826 6.114894 -1.099107 0.152321 0.000000 0.000000 0.000000 1.000000 0.000000 0.000000
22.000000 236.048750 6.224983 -0.988337 0.135062 0.000000 0.000000 0.000000 1.000000 0.000000 0.000000
22.000000 236.049865 6.541370 -1.322048 0.145576 0.000000 0.000000 0.000000 1.000000 0.000000 0.000000
22.000000 236.057880 6.014586 -1.110947 0.164172 0.000000 0.000000 0.000000 1.000000 0.000000 0.000000
22.000000 236.058780 6.184258 -0.998362 0.170982 0.000000 0.000000 0.000000 1.000000 0.000000 0.000000
22.000000 236.059838 6.508933 -1.342513 0.187140 0.000000 0.000000 0.000000 1.000000 0.000000 0.000000
22.000000 236.067986 5.981682 -1.115548 0.211050 0.000000 0.000000 0.000000 1.000000 0.000000 0.000000
22.000000 236.068751 6.146829 -1.003785 0.219616 0.000000 0.000000 0.000000 1.000000 0.000000 0.000000
22.000000 236.069917 6.456154 -1.341086 0.250142 0.000000 0.000000 0.000000 1.000000 0.000000 0.000000
22.000000 236.077869 5.881595 -1.119035 0.284389 0.000000 0.000000 0.000000 1.000000 0.000000 0.000000
22.000000 236.078750 6.080446 -0.997503 0.292810 0.000000 0.000000 0.000000 1.000000 0.000000 0.000000
22.000000 236.079760 6.413833 -1.342746 0.304596 0.000000 0.000000 0.000000 1.000000 0.000000 0.000000
22.000000 236.087855 5.867148 -1.124535 0.329729 0.000000 0.000000 0.000000 1.000000 0.000000 0.000000
22.000000 236.088720 6.053650 -1.007063 0.336667 0.000000 0.000000 0.000000 1.000000 0.000000 0.000000
22.000000 236.089862 6.373283 -1.346014 0.360676 0.000000 0.000000 0.000000 1.000000 0.000000 0.000000
22.000000 236.097891 5.823920 -1.126019 0.380733 0.000000 0.000000 0.000000 1.000000 0.000000 0.000000
22.000000 236.098792 6.008666 -1.011150 0.388877 0.000000 0.000000 0.000000 1.000000 0.000000 0.000000
22.000000 236.099767 6.329213 -1.351747 0.417138 0.000000 0.000000 0.000000 1.000000 0.000000 0.000000
22.000000 236.107846 5.769557 -1.135547 0.436376 0.000000 0.000000 0.000000 1.000000 0.000000 0.000000
22.000000 236.108813 5.965808 -1.017687 0.444603 0.000000 0.000000 0.000000 1.000000 0.000000 0.000000
22.000000 236.109932 6.286207 -1.356156 0.472506 0.000000 0.000000 0.000000 1.000000 0.000000 0.000000
22.000000 236.118117 5.706661 -1.140739 0.489257 0.000000 0.000000 0.000000 1.000000 0.000000 0.000000
22.000000 236.118873 5.916290 -1.016745 0.494930 0.000000 0.000000 0.000000 1.000000 0.000000 0.000000
22.000000 236.119796 6.248233 -1.363981 0.521496 0.000000 0.000000 0.000000 1.000000 0.000000 0.000000
22.000000 236.127872 5.663113 -1.140192 0.537799 0.000000 0.000000 0.000000 1.000000 0.000000 0.000000
22.000000 236.128900 5.869054 -1.019882 0.547044 0.000000 0.000000 0.000000 1.000000 0.000000 0.000000
22.000000 236.129969 6.217046 -1.380087 0.574919 0.000000 0.000000 0.000000 1.000000 0.000000 0.000000
22.000000 236.137936 5.611786 -1.154513 0.588613 0.000000 0.000000 0.000000 1.000000 0.000000 0.000000
22.000000 236.138854 5.836394 -1.029592 0.597462 0.000000 0.000000 0.000000 1.000000 0.000000 0.000000
22.000000 236.139922 6.157539 -1.366832 0.629706 0.000000 0.000000 0.000000 1.000000 0.000000 0.000000
22.000000 236.147860 5.570629 -1.159997 0.631911 0.000000 0.000000 0.000000 1.000000 0.000000 0.000000
22.000000 236.148839 5.799589 -1.034944 0.643205 0.000000 0.000000 0.000000 1.000000 0.000000 0.000000
22.000000 236.149894 6.129333 -1.379010 0.677020 0.000000 0.000000 0.000000 1.000000 0.000000 0.000000
22.000000 236.157952 5.518096 -1.162124 0.687446 0.000000 0.000000 0.000000 1.000000 0.000000 0.000000
22.000000 236.158931 5.750872 -1.038919 0.696869 0.000000 0.000000 0.000000 1.000000 0.000000 0.000000
22.000000 236.159854 6.089852 -1.386965 0.725235 0.000000 0.000000 0.000000 1.000000 0.000000 0.000000
22.000000 236.167918 5.437335 -1.158471 0.736034 0.000000 0.000000 0.000000 1.000000 0.000000 0.000000
22.000000 236.168872 5.680207 -1.029129 0.745400 0.000000 0.000000 0.000000 1.000000 0.000000 0.000000
22.000000 236.169938 6.032899 -1.389205 0.775579 0.000000 0.000000 0.000000 1.000000 0.000000 0.000000
22.000000 236.177943 5.413069 -1.166740 0.775578 0.000000 0.000000 0.000000 1.000000 0.000000 0.000000
22.000000 236.178894 5.655164 -1.039476 0.785475 0.000000 0.000000 0.000000 1.000000 0.000000 0.000000
22.000000 236.179912 6.004110 -1.397221 0.820045 0.000000 0.000000 0.000000 1.000000 0.000000 0.000000
22.000000 236.187876 5.379230 -1.174776 0.818057 0.000000 0.000000 0.000000 1.000000 0.000000 0.000000
22.000000 236.188871 5.626685 -1.049717 0.829257 0.000000 0.000000 0.000000 1.000000 0.000000 0.000000
22.000000 236.190030 5.976525 -1.405546 0.861395 0.000000 0.000000 0.000000 1.000000 0.000000 0.000000
22.000000 236.197907 5.321371 -1.182641 0.864760 0.000000 0.000000 0.000000 1.000000 0.000000 0.000000
22.000000 236.198879 5.574863 -1.058181 0.875947 0.000000 0.000000 0.000000 1.000000 0.000000 0.000000
22.000000 236.199820 5.915341 -1.406637 0.911560 0.000000 0.000000 0.000000 1.000000 0.000000 0.000000
22.000000 236.207901 5.268395 -1.185522 0.906201 0.000000 0.000000 0.000000 1.000000 0.000000 0.000000
22.000000 236.208818 5.531022 -1.056763 0.915371 0.000000 0.000000 0.000000 1.000000 0.000000 0.000000
22.000000 236.209943 5.905504 -1.430305 0.942977 0.000000 0.000000 0.000000 1.000000 0.000000 0.000000
22.000000 236.217921 5.211647 -1.187679 0.947455 0.000000 0.000000 0.000000 1.000000 0.000000 0.000000
22.000000 236.218883 5.470580 -1.059912 0.955787 0.000000 0.000000 0.000000 1.000000 0.000000 0.000000
22.000000 236.219882 5.831099 -1.421495 0.985888 0.000000 0.000000 0.000000 1.000000 0.000000 0.000000
22.000000 236.227954 5.181438 -1.190026 0.982135 0.000000 0.000000 0.000000 1.000000 0.000000 0.000000
22.000000 236.228832 5.431725 -1.061741 0.987119 0.000000 0.000000 0.000000 1.000000 0.000000 0.000000
22.000000 236.229991 5.788183 -1.421985 1.023271 0.000000 0.000000 0.000000 1.000000 0.000000 0.000000
22.000000 236.237890 5.149964 -1.199503 1.017783 0.000000 0.000000 0.000000 1.000000 0.000000 0.000000
22.000000 236.238942 5.414104 -1.072997 1.029203 0.000000 0.000000 0.000000 1.000000 0.000000 0.000000
22.000000 236.239919 5.781648 -1.439273 1.061175 0.000000 0.000000 0.000000 1.000000 0.000000 0.000000
22.000000 236.247919 5.092323 -1.203993 1.059256 0.000000 0.000000 0.000000 1.000000 0.000000 0.000000
22.000000 236.248903 5.361349 -1.077213 1.069986 0.000000 0.000000 0.000000 1.000000 0.000000 0.000000
22.000000 236.250165 5.732177 -1.445343 1.101095 0.000000 0.000000 0.000000 1.000000 0.000000 0.000000
22.000000 236.257932 5.044032 -1.210677 1.092905 0.000000 0.000000 0.000000 1.000000 0.000000 0.000000
22.000000 236.258925 5.319634 -1.080260 1.101223 0.000000 0.000000 0.000000 1.000000 0.000000 0.000000
22.000000 236.260005 5.698187 -1.456346 1.135466 0.000000 0.000000 0.000000 1.000000 0.000000 0.000000
22.000000 236.267955 5.014972 -1.203354 1.112340 0.000000 0.000000 0.000000 1.000000 0.000000 0.000000
22.000000 236.268862 5.275122 -1.075183 1.126487 0.000000 0.000000 0.000000 1.000000 0.000000 0.000000
22.000000 236.270168 5.649161 -1.452973 1.175452 0.000000 0.000000 0.000000 1.000000 0.000000 0.000000
22.000000 236.277909 4.946838 -1.208465 1.158833 0.000000 0.000000 0.000000 1.000000 0.000000 0.000000
22.000000 236.278852 5.228423 -1.077537 1.172222 0.000000 0.000000 0.000000 1.000000 0.000000 0.000000
22.000000 236.279894 5.610878 -1.458046 1.212810 0.000000 0.000000 0.000000 1.000000 0.000000 0.000000
22.000000 236.287937 4.921018 -1.223834 1.194413 0.000000 0.000000 0.000000 1.000000 0.000000 0.000000
22.000000 236.288877 5.203239 -1.097177 1.205749 0.000000 0.000000 0.000000 1.000000 0.000000 0.000000
22.000000 236.290070 5.577088 -1.468132 1.242751 0.000000 0.000000 0.000000 1.000000 0.000000 0.000000
22.000000 236.297941 4.868462 -1.226286 1.226219 0.000000 0.000000 0.000000 1.000000 0.000000 0.000000
22.000000 236.298925 5.156134 -1.097309 1.237377 0.000000 0.000000 0.000000 1.000000 0.000000 0.000000
22.000000 236.299929 5.556081 -1.489543 1.271781 0.000000 0.000000 0.000000 1.000000 0.000000 0.000000
22.000000 236.307970 4.809045 -1.230716 1.259053 0.000000 0.000000 0.000000 1.000000 0.000000 0.000000
22.000000 236.308983 5.107836 -1.099586 1.270789 0.000000 0.000000 0.000000 1.000000 0.000000 0.000000
22.000000 236.310127 5.480848 -1.468901 1.307699 0.000000 0.000000 0.000000 1.000000 0.000000 0.000000
22.000000 236.318028 4.770312 -1.228630 1.282080 0.000000 0.000000 0.000000 1.000000 0.000000 0.000000
22.000000 236.318874 5.051560 -1.101841 1.294329 0.000000 0.000000 0.000000 1.000000 0.000000 0.000000
22.000000 236.320086 5.438706 -1.486535 1.338316 0.000000 0.000000 0.000000 1.000000 0.000000 0.000000
22.000000 236.327946 4.734549 -1.227035 1.300787 0.000000 0.000000 0.000000 1.000000 0.000000 0.000000
22.000000 236.329011 5.021249 -1.095522 1.316684 0.000000 0.000000 0.000000 1.000000 0.000000 0.000000
22.000000 236.330053 5.424772 -1.495554 1.364740 0.000000 0.000000 0.000000 1.000000 0.000000 0.000000
22.000000 236.337944 4.685180 -1.243202 1.343870 0.000000 0.000000 0.000000 1.000000 0.000000 0.000000
22.000000 236.338925 4.986601 -1.112495 1.354053 0.000000 0.000000 0.000000 1.000000 0.000000 0.000000
22.000000 236.340001 5.386250 -1.503993 1.390036 0.000000 0.000000 0.000000 1.000000 0.000000 0.000000
22.000000 236.347945 4.624557 -1.246983 1.372891 0.000000 0.000000 0.000000 1.000000 0.000000 0.000000
22.000000 236.348863 4.938118 -1.114386 1.385307 0.000000 0.000000 0.000000 1.000000 0.000000 0.000000
22.000000 236.349947 5.329544 -1.499863 1.424873 0.000000 0.000000 0.000000 1.000000 0.000000 0.000000
22.000000 236.357991 4.590575 -1.253663 1.396109 0.000000 0.000000 0.000000 1.000000 0.000000 0.000000
22.000000 236.358914 4.902139 -1.124196 1.408770 0.000000 0.000000 0.000000 1.000000 0.000000 0.000000
22.000000 236.359972 5.299786 -1.513453 1.444068 0.000000 0.000000 0.000000 1.000000 0.000000 0.000000
22.000000 236.368187 4.527709 -1.253745 1.427863 0.000000 0.000000 0.000000 1.000000 0.000000 0.000000
22.000000 236.368869 4.857059 -1.119982 1.441685 0.000000 0.000000 0.000000 1.000000 0.000000 0.000000
22.000000 236.370020 5.263646 -1.516985 1.477817 0.000000 0.000000 0.000000 1.000000 0.000000 0.000000
22.000000 236.377955 4.487755 -1.257616 1.445308 0.000000 0.000000 0.000000 1.000000 0.000000 0.000000
22.000000 236.378932 4.812907 -1.121701 1.459229 0.000000 0.000000 0.000000 1.000000 0.000000 0.000000
22.000000 236.379924 5.233319 -1.532432 1.499050 0.000000 0.000000 0.000000 1.000000 0.000000 0.000000
22.000000 236.388121 4.437355 -1.265621 1.474445 0.000000 0.000000 0.000000 1.000000 0.000000 0.000000
22.000000 236.389014 4.773210 -1.128149 1.485092 0.000000 0.000000 0.000000 1.000000 0.000000 0.000000
22.000000 236.390142 5.189792 -1.534394 1.521552 0.000000 0.000000 0.000000 1.000000 0.000000 0.000000
22.000000 236.397972 4.403296 -1.269465 1.493308 0.000000 0.000000 0.000000 1.000000 0.000000 0.000000
22.000000 236.398948 4.737224 -1.135083 1.505139 0.000000 0.000000 0.000000 1.000000 0.000000 0.000000
22.000000 236.400172 5.150625 -1.537359 1.537916 0.000000 0.000000 0.000000 1.000000 0.000000 0.000000
22.000000 236.408010 4.349534 -1.271457 1.514235 0.000000 0.000000 0.000000 1.000000 0.000000 0.000000
22.000000 236.408974 4.687178 -1.137686 1.528055 0.000000 0.000000 0.000000 1.000000 0.000000 0.000000
22.000000 236.410180 5.118912 -1.557655 1.564227 0.000000 0.000000 0.000000 1.000000 0.000000 0.000000
22.000000 236.417959 4.286826 -1.271845 1.538057 0.000000 0.000000 0.000000 1.000000 0.000000 0.000000
22.000000 236.418979 4.635482 -1.133824 1.551044 0.000000 0.000000 0.000000 1.000000 0.000000 0.000000
22.000000 236.419916 5.063394 -1.549958 1.585061 0.000000 0.000000 0.000000 1.000000 0.000000 0.000000
22.000000 236.428003 4.282083 -1.272382 1.539314 0.000000 0.000000 0.000000 1.000000 0.000000 0.000000
22.000000 236.429095 4.602067 -1.139545 1.553544 0.000000 0.000000 0.000000 1.000000 0.000000 0.000000
22.000000 236.430062 5.003387 -1.540572 1.609143 0.000000 0.000000 0.000000 1.000000 0.000000 0.000000
22.000000 236.437999 4.216075 -1.287520 1.573034 0.000000 0.000000 0.000000 1.000000 0.000000 0.000000
22.000000 236.439110 4.572592 -1.147460 1.584632 0.000000 0.000000 0.000000 1.000000 0.000000 0.000000
22.000000 236.439939 4.996008 -1.560443 1.619348 0.000000 0.000000 0.000000 1.000000 0.000000 0.000000
22.000000 236.448017 4.169662 -1.287394 1.588367 0.000000 0.000000 0.000000 1.000000 0.000000 0.000000
22.000000 236.448998 4.532257 -1.145963 1.597680 0.000000 0.000000 0.000000 1.000000 0.000000 0.000000
22.000000 236.450094 4.964131 -1.567392 1.633729 0.000000 0.000000 0.000000 1.000000 0.000000 0.000000
22.000000 236.458008 4.140279 -1.293850 1.604022 0.000000 0.000000 0.000000 1.000000 0.000000 0.000000
22.000000 236.460017 3.217238 -1.575584 1.563184 0.000000 0.000000 0.000000 1.000000 0.000000 0.000000
22.000000 236.468013 4.094987 -1.294994 1.614398 0.000000 0.000000 0.000000 1.000000 0.000000 0.000000
22.000000 236.470049 3.189155 -1.565364 1.574550 0.000000 0.000000 0.000000 1.000000 0.000000 0.000000
22.000000 236.478023 4.000243 -1.297599 1.645517 0.000000 0.000000 0.000000 1.000000 0.000000 0.000000
22.000000 236.479975 3.080162 -1.574138 1.599055 0.000000 0.000000 0.000000 1.000000 0.000000 0.000000
22.000000 236.487981 3.996835 -1.306951 1.650293 0.000000 0.000000 0.000000 1.000000 0.000000 0.000000
22.000000 236.490097 3.054582 -1.595395 1.611740 0.000000 0.000000 0.000000 1.000000 0.000000 0.000000
22.000000 236.498284 3.923050 -1.310200 1.659312 0.000000 0.000000 0.000000 1.000000 0.000000 0.000000
22.000000 236.500032 2.986739 -1.595731 1.619394 0.000000 0.000000 0.000000 1.000000 0.000000 0.000000
22.000000 236.508255 3.907325 -1.309950 1.668120 0.000000 0.000000 0.000000 1.000000 0.000000 0.000000
22.000000 236.510098 2.932718 -1.605664 1.629125 0.000000 0.000000 0.000000 1.000000 0.000000 0.000000
22.000000 236.519988 3.825418 -1.490137 1.774298 0.000000 0.000000 0.000000 1.000000 0.000000 0.000000
22.000000 236.528061 3.806179 -1.313113 1.689110 0.000000 0.000000 0.000000 1.000000 0.000000 0.000000
22.000000 236.530083 2.825196 -1.606871 1.644868 0.000000 0.000000 0.000000 1.000000 0.000000 0.000000
22.000000 236.538053 3.788772 -1.320281 1.691766 0.000000 0.000000 0.000000 1.000000 0.000000 0.000000
22.000000 236.540128 2.824393 -1.610607 1.651712 0.000000 0.000000 0.000000 1.000000 0.000000 0.000000
22.000000 236.548074 3.740298 -1.325624 1.698721 0.000000 0.000000 0.000000 1.000000 0.000000 0.000000
22.000000 236.550073 2.783793 -1.618258 1.666516 0.000000 0.000000 0.000000 1.000000 0.000000 0.000000
22.000000 236.558083 3.694590 -1.328436 1.706240 0.000000 0.000000 0.000000 1.000000 0.000000 0.000000
22.000000 236.559968 2.751376 -1.613890 1.673606 0.000000 0.000000 0.000000 1.000000 0.000000 0.000000
22.000000 236.568058 3.635638 -1.325308 1.708639 0.000000 0.000000 0.000000 1.000000 0.000000 0.000000
22.000000 236.570138 2.660040 -1.616122 1.666217 0.000000 0.000000 0.000000 1.000000 0.000000 0.000000
22.000000 236.578028 3.590147 -1.325102 1.712142 0.000000 0.000000 0.000000 1.000000 0.000000 0.000000
22.000000 236.580122 2.586207 -1.621878 1.669588 0.000000 0.000000 0.000000 1.000000 0.000000 0.000000
22.000000 236.588076 3.572770 -1.339987 1.718599 0.000000 0.000000 0.000000 1.000000 0.000000 0.000000
22.000000 236.590299 2.602948 -1.634607 1.679858 0.000000 0.000000 0.000000 1.000000 0.000000 0.000000
22.000000 236.598060 3.537297 -1.348324 1.713594 0.000000 0.000000 0.000000 1.000000 0.000000 0.000000
22.000000 236.600168 2.529847 -1.654587 1.675805 0.000000 0.000000 0.000000 1.000000 0.000000 0.000000
22.000000 236.608586 3.488829 -1.346178 1.718506 0.000000 0.000000 0.000000 1.000000 0.000000 0.000000
22.000000 236.610103 2.531946 -1.637439 1.687721 0.000000 0.000000 0.000000 1.000000 0.000000 0.000000
22.000000 236.618078 3.512681 -1.359223 1.698514 0.000000 0.000000 0.000000 1.000000 0.000000 0.000000
22.000000 236.620070 2.549328 -1.657091 1.679869 0.000000 0.000000 0.000000 1.000000 0.000000 0.000000
22.000000 236.628066 3.373680 -1.346548 1.720952 0.000000 0.000000 0.000000 1.000000 0.000000 0.000000
22.000000 236.630112 2.294772 -1.670086 1.669553 0.000000 0.000000 0.000000 1.000000 0.000000 0.000000
22.000000 236.638285 3.377275 -1.354289 1.708844 0.000000 0.000000 0.000000 1.000000 0.000000 0.000000
22.000000 236.640104 2.445548 -1.638165 1.684955 0.000000 0.000000 0.000000 1.000000 0.000000 0.000000
22.000000 236.648094 3.334552 -1.359086 1.707929 0.000000 0.000000 0.000000 1.000000 0.000000 0.000000
22.000000 236.650199 2.403345 -1.639922 1.680701 0.000000 0.000000 0.000000 1.000000 0.000000 0.000000
22.000000 236.658074 3.291368 -1.361064 1.701975 0.000000 0.000000 0.000000 1.000000 0.000000 0.000000
22.000000 236.659992 2.342975 -1.646658 1.672425 0.000000 0.000000 0.000000 1.000000 0.000000 0.000000
22.000000 236.668052 3.249562 -1.358348 1.689351 0.000000 0.000000 0.000000 1.000000 0.000000 0.000000
22.000000 236.670204 2.156761 -1.681488 1.641990 0.000000 0.000000 0.000000 1.000000 0.000000 0.000000
22.000000 236.678093 3.233359 -1.356983 1.671813 0.000000 0.000000 0.000000 1.000000 0.000000 0.000000
22.000000 236.680083 2.090325 -1.691064 1.621081 0.000000 0.000000 0.000000 1.000000 0.000000 0.000000
22.000000 236.688051 3.180913 -1.372342 1.685220 0.000000 0.000000 0.000000 1.000000 0.000000 0.000000
22.000000 236.690077 2.095643 -1.699176 1.639026 0.000000 0.000000 0.000000 1.000000 0.000000 0.000000
22.000000 236.698097 3.126595 -1.376166 1.678224 0.000000 0.000000 0.000000 1.000000 0.000000 0.000000
22.000000 236.700056 2.028194 -1.708370 1.632117 0.000000 0.000000 0.000000 1.000000 0.000000 0.000000
22.000000 236.708093 3.103386 -1.375461 1.659988 0.000000 0.000000 0.000000 1.000000 0.000000 0.000000
22.000000 236.710114 2.107926 -1.671781 1.622216 0.000000 0.000000 0.000000 1.000000 0.000000 0.000000
22.000000 236.718091 3.030706 -1.376135 1.662250 0.000000 0.000000 0.000000 1.000000 0.000000 0.000000
22.000000 236.720042 1.911217 -1.710051 1.605467 0.000000 0.000000 0.000000 1.000000 0.000000 0.000000
22.000000 236.728365 3.022135 -1.375920 1.638323 0.000000 0.000000 0.000000 1.000000 0.000000 0.000000
22.000000 236.730182 1.871765 -1.716200 1.584441 0.000000 0.000000 0.000000 1.000000 0.000000 0.000000
22.000000 236.738114 2.985838 -1.381539 1.626116 0.000000 0.000000 0.000000 1.000000 0.000000 0.000000
22.000000 236.740052 1.832061 -1.721295 1.568037 0.000000 0.000000 0.000000 1.000000 0.000000 0.000000
22.000000 236.748087 2.951272 -1.387326 1.613182 0.000000 0.000000 0.000000 1.000000 0.000000 0.000000
22.000000 236.750134 1.802782 -1.728053 1.559527 0.000000 0.000000 0.000000 1.000000 0.000000 0.000000
22.000000 236.758126 2.908444 -1.389081 1.595834 0.000000 0.000000 0.000000 1.000000 0.000000 0.000000
22.000000 236.760050 1.744400 -1.729752 1.534679 0.000000 0.000000 0.000000 1.000000 0.000000 0.000000
22.000000 236.768137 2.844963 -1.386737 1.588738 0.000000 0.000000 0.000000 1.000000 0.000000 0.000000
22.000000 236.770159 1.660093 -1.731832 1.523252 0.000000 0.000000 0.000000 1.000000 0.000000 0.000000
22.000000 236.778111 2.841795 -1.395599 1.564208 0.000000 0.000000 0.000000 1.000000 0.000000 0.000000
22.000000 236.780165 1.646570 -1.745720 1.502252 0.000000 0.000000 0.000000 1.000000 0.000000 0.000000
22.000000 236.788132 2.799984 -1.401511 1.553842 0.000000 0.000000 0.000000 1.000000 0.000000 0.000000
22.000000 236.790156 1.615300 -1.751844 1.489589 0.000000 0.000000 0.000000 1.000000 0.000000 0.000000
22.000000 236.798173 2.782460 -1.405429 1.523892 0.000000 0.000000 0.000000 1.000000 0.000000 0.000000
22.000000 236.800050 1.572719 -1.761254 1.459081 0.000000 0.000000 0.000000 1.000000 0.000000 0.000000
22.000000 236.808171 2.721579 -1.407372 1.517358 0.000000 0.000000 0.000000 1.000000 0.000000 0.000000
22.000000 236.810197 1.521017 -1.761564 1.449165 0.000000 0.000000 0.000000 1.000000 0.000000 0.000000
22.000000 236.818175 2.669974 -1.397850 1.496839 0.000000 0.000000 0.000000 1.000000 0.000000 0.000000
22.000000 236.820092 1.374907 -1.770190 1.408875 0.000000 0.000000 0.000000 1.000000 0.000000 0.000000
22.000000 236.828189 2.686370 -1.414147 1.463029 0.000000 0.000000 0.000000 1.000000 0.000000 0.000000
22.000000 236.830255 1.583240 -1.736195 1.406509 0.000000 0.000000 0.000000 1.000000 0.000000 0.000000
22.000000 236.838184 2.607182 -1.415590 1.448369 0.000000 0.000000 0.000000 1.000000 0.000000 0.000000
22.000000 236.840166 1.348093 -1.780206 1.366918 0.000000 0.000000 0.000000 1.000000 0.000000 0.000000
22.000000 236.848175 2.589263 -1.416854 1.415680 0.000000 0.000000 0.000000 1.000000 0.000000 0.000000
22.000000 236.850188 1.141585 -1.771796 1.315641 0.000000 0.000000 0.000000 1.000000 0.000000 0.000000
22.000000 236.858165 2.584251 -1.419632 1.386636 0.000000 0.000000 0.000000 1.000000 0.000000 0.000000
22.000000 236.860067 1.324831 -1.781250 1.305947 0.000000 0.000000 0.000000 1.000000 0.000000 0.000000
22.000000 236.868166 2.553258 -1.422975 1.358683 0.000000 0.000000 0.000000 1.000000 0.000000 0.000000
22.000000 236.870175 1.265510 -1.794535 1.275132 0.000000 0.000000 0.000000 1.000000 0.000000 0.000000
22.000000 236.878137 2.426483 -1.402323 1.356361 0.000000 0.000000 0.000000 1.000000 0.000000 0.000000
22.000000 236.880178 1.026064 -1.785966 1.236610 0.000000 0.000000 0.000000 1.000000 0.000000 0.000000
22.000000 236.888213 2.334040 -1.380891 1.338952 0.000000 0.000000 0.000000 1.000000 0.000000 0.000000
22.000000 236.890188 0.813430 -1.778584 1.185600 0.000000 0.000000 0.000000 1.000000 0.000000 0.000000
22.000000 236.898191 2.438868 -1.418965 1.272261 0.000000 0.000000 0.000000 1.000000 0.000000 0.000000
22.000000 236.900106 1.099366 -1.786530 1.170340 0.000000 0.000000 0.000000 1.000000 0.000000 0.000000
22.000000 236.908178 2.405968 -1.422457 1.244778 0.000000 0.000000 0.000000 1.000000 0.000000 0.000000
22.000000 236.910156 1.021991 -1.804467 1.134724 0.000000 0.000000 0.000000 1.000000 0.000000 0.000000
22.000000 236.918405 2.293541 -1.403176 1.236221 0.000000 0.000000 0.000000 1.000000 0.000000 0.000000
22.000000 236.920305 0.839134 -1.787489 1.098230 0.000000 0.000000 0.000000 1.000000 0.000000 0.000000
22.000000 236.928194 2.215670 -1.391634 1.215773 0.000000 0.000000 0.000000 1.000000 0.000000 0.000000
22.000000 236.930174 0.602052 -1.810134 1.042799 0.000000 0.000000 0.000000 1.000000 0.000000 0.000000
22.000000 236.938439 2.212260 -1.407281 1.172091 0.000000 0.000000 0.000000 1.000000 0.000000 0.000000
22.000000 236.940276 0.883371 -1.822819 1.021635 0.000000 0.000000 0.000000 1.000000 0.000000 0.000000
22.000000 236.948218 2.263428 -1.433947 1.113010 0.000000 0.000000 0.000000 1.000000 0.000000 0.000000
22.000000 236.950366 0.823726 -1.820155 0.982496 0.000000 0.000000 0.000000 1.000000 0.000000 0.000000
22.000000 236.958209 2.267153 -1.427868 1.067484 0.000000 0.000000 0.000000 1.000000 0.000000 0.000000
22.000000 236.960279 0.745564 -1.832359 0.930225 0.000000 0.000000 0.000000 1.000000 0.000000 0.000000
22.000000 236.968545 2.209221 -1.439732 1.050936 0.000000 0.000000 0.000000 1.000000 0.000000 0.000000
22.000000 236.970352 0.741817 -1.836829 0.913036 0.000000 0.000000 0.000000 1.000000 0.000000 0.000000
22.000000 236.978349 2.195481 -1.439698 1.002638 0.000000 0.000000 0.000000 1.000000 0.000000 0.000000
22.000000 236.980129 0.706998 -1.838529 0.868785 0.000000 0.000000 0.000000 1.000000 0.000000 0.000000
22.000000 236.988549 2.153459 -1.441023 0.973147 0.000000 0.000000 0.000000 1.000000 0.000000 0.000000
22.000000 236.990403 0.590661 -1.856061 0.815719 0.000000 0.000000 0.000000 1.000000 0.000000 0.000000
22.000000 236.998254 2.101250 -1.443908 0.945852 0.000000 0.000000 0.000000 1.000000 0.000000 0.000000
22.000000 237.000376 0.597406 -1.846979 0.794837 0.000000 0.000000 0.000000 1.000000 0.000000 0.000000
22.000000 237.008222 2.078802 -1.438453 0.896174 0.000000 0.000000 0.000000 1.000000 0.000000 0.000000
22.000000 237.010220 0.414485 -1.872653 0.720339 0.000000 0.000000 0.000000 1.000000 0.000000 0.000000
22.000000 237.018224 2.056610 -1.443593 0.852851 0.000000 0.000000 0.000000 1.000000 0.000000 0.000000
22.000000 237.020111 0.447879 -1.864420 0.683859 0.000000 0.000000 0.000000 1.000000 0.000000 0.000000
22.000000 237.028240 2.067926 -1.449251 0.823243 0.000000 0.000000 0.000000 1.000000 0.000000 0.000000
22.000000 237.030227 0.430200 -1.876732 0.641850 0.000000 0.000000 0.000000 1.000000 0.000000 0.000000
22.000000 237.040144 0.314336 -1.877967 0.588878 0.000000 0.000000 0.000000 1.000000 0.000000 0.000000
22.000000 237.050295 0.286569 -1.892781 0.544232 0.000000 0.000000 0.000000 1.000000 0.000000 0.000000
22.000000 237.060410 0.225042 -1.885808 0.489428 0.000000 0.000000 0.000000 1.000000 0.000000 0.000000
22.000000 237.070156 0.168362 -1.895747 0.430252 0.000000 0.000000 0.000000 1.000000 0.000000 0.000000
22.000000 237.080440 0.004271 -1.926333 0.370607 0.000000 0.000000 0.000000 1.000000 0.000000 0.000000
22.000000 237.090201 0.166783 -1.934226 0.340002 0.000000 0.000000 0.000000 1.000000 0.000000 0.000000
22.000000 237.098300 0.239266 -1.936506 0.317046 0.000000 0.000000 0.000000 1.000000 0.000000 0.000000
22.000000 237.100281 0.331350 -1.908335 0.310745 0.000000 0.000000 0.000000 1.000000 0.000000 0.000000
22.000000 237.108392 0.133806 -1.906424 0.268397 0.000000 0.000000 0.000000 1.000000 0.000000 0.000000
22.000000 237.110218 0.080095 -1.920205 0.238661 0.000000 0.000000 0.000000 1.000000 0.000000 0.000000
22.000000 237.118733 0.001326 -1.921560 0.201418 0.000000 0.000000 0.000000 1.000000 0.000000 0.000000
22.000000 237.120244 -0.027401 -1.928969 0.174582 0.000000 0.000000 0.000000 1.000000 0.000000 0.000000
22.000000 237.128403 -0.174456 -1.929458 0.135028 0.000000 0.000000 0.000000 1.000000 0.000000 0.000000
22.000000 237.130272 -0.165187 -1.927420 0.109921 0.000000 0.000000 0.000000 1.000000 0.000000 0.000000
22.000000 237.138314 -0.101711 -1.932107 0.089971 0.000000 0.000000 0.000000 1.000000 0.000000 0.000000
22.000000 237.140203 -0.113103 -1.935442 0.063234 0.000000 0.000000 0.000000 1.000000 0.000000 0.000000
22.000000 237.148353 -0.137767 -1.938232 0.036140 0.000000 0.000000 0.000000 1.000000 0.000000 0.000000
22.000000 237.150426 -0.204591 -1.957672 -0.001089 0.000000 0.000000 0.000000 1.000000 0.000000 0.000000
22.000000 237.158329 -0.271043 -1.961910 -0.042821 0.000000 0.000000 0.000000 1.000000 0.000000 0.000000
22.000000 237.160180 -0.210897 -1.946123 -0.053506 0.000000 0.000000 0.000000 1.000000 0.000000 0.000000
22.000000 237.168388 -0.440228 -1.939581 -0.070227 0.000000 0.000000 0.000000 1.000000 0.000000 0.000000
22.000000 237.170454 -0.528133 -1.962486 -0.065132 0.000000 0.000000 0.000000 1.000000 0.000000 0.000000
22.000000 237.178338 -0.463359 -1.960389 -0.038592 0.000000 0.000000 0.000000 1.000000 0.000000 0.000000
22.000000 237.180430 -0.455059 -1.955244 -0.008221 0.000000 0.000000 0.000000 1.000000 0.000000 0.000000
22.000000 237.188412 -0.234990 -1.953667 0.051144 0.000000 0.000000 0.000000 1.000000 0.000000 0.000000
22.000000 237.190271 -0.262528 -1.960229 0.073813 0.000000 0.000000 0.000000 1.000000 0.000000 0.000000
22.000000 237.198379 -0.170920 -1.958286 0.107522 0.000000 0.000000 0.000000 1.000000 0.000000 0.000000
22.000000 237.200265 -0.259650 -1.982730 0.109607 0.000000 0.000000 0.000000 1.000000 0.000000 0.000000
22.000000 237.208396 -0.241793 -1.980485 0.128217 0.000000 0.000000 0.000000 1.000000 0.000000 0.000000
22.000000 237.210427 -0.194858 -1.966595 0.158829 0.000000 0.000000 0.000000 1.000000 0.000000 0.000000
22.000000 237.218345 -0.473862 -1.956416 0.156844 0.000000 0.000000 0.000000 1.000000 0.000000 0.000000
22.000000 237.220400 -0.588087 -1.986685 0.160593 0.000000 0.000000 0.000000 1.000000 0.000000 0.000000
22.000000 237.228407 -0.654215 -1.985387 0.152541 0.000000 0.000000 0.000000 1.000000 0.000000 0.000000
22.000000 237.230548 -0.629137 -1.975562 0.177148 0.000000 0.000000 0.000000 1.000000 0.000000 0.000000
22.000000 237.238321 -0.690468 -1.968007 0.195723 0.000000 0.000000 0.000000 1.000000 0.000000 0.000000
22.000000 237.240238 -0.797620 -1.996607 0.190465 0.000000 0.000000 0.000000 1.000000 0.000000 0.000000
22.000000 237.248720 -0.794982 -1.991473 0.213944 0.000000 0.000000 0.000000 1.000000 0.000000 0.000000
22.000000 237.250266 -0.811226 -1.991541 0.242140 0.000000 0.000000 0.000000 1.000000 0.000000 0.000000
22.000000 237.258357 -0.719891 -1.988099 0.274736 0.000000 0.000000 0.000000 1.000000 0.000000 0.000000
22.000000 237.260284 -0.787159 -2.005442 0.276642 0.000000 0.000000 0.000000 1.000000 0.000000 0.000000
22.000000 237.268412 -0.851086 -1.999369 0.290274 0.000000 0.000000 0.000000 1.000000 0.000000 0.000000
22.000000 237.270384 -0.892297 -2.008606 0.301089 0.000000 0.000000 0.000000 1.000000 0.000000 0.000000
22.000000 237.278368 -0.891023 -2.008003 0.303838 0.000000 0.000000 0.000000 1.000000 0.000000 0.000000
22.000000 237.280455 -0.915627 -2.011885 0.318198 0.000000 0.000000 0.000000 1.000000 0.000000 0.000000
22.000000 237.288455 -0.931951 -2.005946 0.337633 0.000000 0.000000 0.000000 1.000000 0.000000 0.000000
22.000000 237.290429 -1.011992 -2.025227 0.344980 0.000000 0.000000 0.000000 1.000000 0.000000 0.000000
22.000000 237.298395 -1.022608 -2.020559 0.360264 0.000000 0.000000 0.000000 1.000000 0.000000 0.000000
22.000000 237.300291 -1.056392 -2.026303 0.375761 0.000000 0.000000 0.000000 1.000000 0.000000 0.000000
22.000000 237.308467 -1.077630 -2.019941 0.394740 0.000000 0.000000 0.000000 1.000000 0.000000 0.000000
22.000000 237.310268 -0.989829 -1.991734 0.426818 0.000000 0.000000 0.000000 1.000000 0.000000 0.000000
22.000000 237.328412 -0.657547 -2.023066 0.511179 0.000000 0.000000 0.000000 1.000000 0.000000 0.000000
22.000000 237.330294 -0.677224 -2.027163 0.520690 0.000000 0.000000 0.000000 1.000000 0.000000 0.000000
22.000000 237.338396 -0.690551 -2.022927 0.536659 0.000000 0.000000 0.000000 1.000000 0.000000 0.000000
22.000000 237.340287 -0.715063 -2.028257 0.546663 0.000000 0.000000 0.000000 1.000000 0.000000 0.000000
22.000000 237.348467 -0.853046 -2.022771 0.543787 0.000000 0.000000 0.000000 1.000000 0.000000 0.000000
22.000000 237.350365 -0.934872 -2.045267 0.536850 0.000000 0.000000 0.000000 1.000000 0.000000 0.000000
22.000000 237.358360 -1.131231 -2.041327 0.514785 0.000000 0.000000 0.000000 1.000000 0.000000 0.000000
22.000000 237.360275 -1.149457 -2.043763 0.526526 0.000000 0.000000 0.000000 1.000000 0.000000 0.000000
22.000000 237.368482 -1.281235 -2.038355 0.520800 0.000000 0.000000 0.000000 1.000000 0.000000 0.000000
22.000000 237.370627 -1.261613 -2.027100 0.549321 0.000000 0.000000 0.000000 1.000000 0.000000 0.000000
22.000000 237.388480 -1.245411 -2.007814 0.604560 0.000000 0.000000 0.000000 1.000000 0.000000 0.000000
22.000000 237.390337 -1.367336 -2.040600 0.595315 0.000000 0.000000 0.000000 1.000000 0.000000 0.000000
22.000000 237.398438 -1.314606 -2.039440 0.609149 0.000000 0.000000 0.000000 1.000000 0.000000 0.000000
22.000000 237.400280 -1.361788 -2.051641 0.608179 0.000000 0.000000 0.000000 1.000000 0.000000 0.000000
22.000000 237.408478 -1.392291 -2.048000 0.615703 0.000000 0.000000 0.000000 1.000000 0.000000 0.000000
22.000000 237.410347 -1.378297 -2.041371 0.630913 0.000000 0.000000 0.000000 1.000000 0.000000 0.000000
22.000000 237.418442 -1.476701 -2.036412 0.629989 0.000000 0.000000 0.000000 1.000000 0.000000 0.000000
22.000000 237.420297 -1.509010 -2.042975 0.637477 0.000000 0.000000 0.000000 1.000000 0.000000 0.000000
22.000000 237.428545 -1.501856 -2.043229 0.637948 0.000000 0.000000 0.000000 1.000000 0.000000 0.000000
22.000000 237.430334 -1.534680 -2.049087 0.647381 0.000000 0.000000 0.000000 1.000000 0.000000 0.000000
22.000000 237.438449 -1.541853 -2.046135 0.654818 0.000000 0.000000 0.000000 1.000000 0.000000 0.000000
22.000000 237.440397 -1.572968 -2.053095 0.657774 0.000000 0.000000 0.000000 1.000000 0.000000 0.000000
22.000000 237.448518 -1.576095 -2.051769 0.661092 0.000000 0.000000 0.000000 1.000000 0.000000 0.000000
22.000000 237.450393 -1.606543 -2.057838 0.666511 0.000000 0.000000 0.000000 1.000000 0.000000 0.000000
22.000000 237.458445 -1.610213 -2.053475 0.678412 0.000000 0.000000 0.000000 1.000000 0.000000 0.000000
22.000000 237.460352 -1.610550 -2.052128 0.684140 0.000000 0.000000 0.000000 1.000000 0.000000 0.000000
22.000000 237.468555 -1.660399 -2.047846 0.688383 0.000000 0.000000 0.000000 1.000000 0.000000 0.000000
22.000000 237.470567 -1.700072 -2.057860 0.687744 0.000000 0.000000 0.000000 1.000000 0.000000 0.000000
22.000000 237.478430 -1.689098 -2.058752 0.686974 0.000000 0.000000 0.000000 1.000000 0.000000 0.000000
22.000000 237.480359 -1.743787 -2.072071 0.687448 0.000000 0.000000 0.000000 1.000000 0.000000 0.000000
22.000000 237.488573 -1.761335 -2.068205 0.695697 0.000000 0.000000 0.000000 1.000000 0.000000 0.000000
22.000000 237.490413 -1.773379 -2.070248 0.699345 0.000000 0.000000 0.000000 1.000000 0.000000 0.000000
22.000000 237.498676 -1.770368 -2.068055 0.706497 0.000000 0.000000 0.000000 1.000000 0.000000 0.000000
22.000000 237.500359 -1.813306 -2.077628 0.710505 0.000000 0.000000 0.000000 1.000000 0.000000 0.000000
22.000000 237.508541 -2.040249 -2.070012 0.693615 0.000000 0.000000 0.000000 1.000000 0.000000 0.000000
22.000000 237.510424 -2.067437 -2.076456 0.694482 0.000000 0.000000 0.000000 1.000000 0.000000 0.000000
22.000000 237.518470 -2.059671 -2.074770 0.701063 0.000000 0.000000 0.000000 1.000000 0.000000 0.000000
22.000000 237.520382 -2.060160 -2.073860 0.705047 0.000000 0.000000 0.000000 1.000000 0.000000 0.000000
22.000000 237.528597 -2.171004 -2.066874 0.708071 0.000000 0.000000 0.000000 1.000000 0.000000 0.000000
22.000000 237.530419 -2.188863 -2.071069 0.709160 0.000000 0.000000 0.000000 1.000000 0.000000 0.000000
22.000000 237.538486 -1.963292 -2.080198 0.720206 0.000000 0.000000 0.000000 1.000000 0.000000 0.000000
22.000000 237.540446 -1.970481 -2.081467 0.722052 0.000000 0.000000 0.000000 1.000000 0.000000 0.000000
22.000000 237.548689 -2.255079 -2.070801 0.704929 0.000000 0.000000 0.000000 1.000000 0.000000 0.000000
22.000000 237.550353 -1.963838 -1.996831 0.706997 0.000000 0.000000 0.000000 1.000000 0.000000 0.000000
22.000000 237.558517 -2.028113 -2.093476 0.738817 0.000000 0.000000 0.000000 1.000000 0.000000 0.000000
22.000000 237.560331 -1.956024 -2.073312 0.747937 0.000000 0.000000 0.000000 1.000000 0.000000 0.000000
22.000000 237.568559 -2.249358 -2.102774 0.705183 0.000000 0.000000 0.000000 1.000000 0.000000 0.000000
22.000000 237.570398 -2.253849 -2.104873 0.701633 0.000000 0.000000 0.000000 1.000000 0.000000 0.000000
22.000000 237.578484 -2.452109 -2.098097 0.687603 0.000000 0.000000 0.000000 1.000000 0.000000 0.000000
22.000000 237.580450 -2.486175 -2.106654 0.686684 0.000000 0.000000 0.000000 1.000000 0.000000 0.000000
22.000000 237.588572 -2.263838 -2.117738 0.693280 0.000000 0.000000 0.000000 1.000000 0.000000 0.000000
22.000000 237.590544 -2.268780 -2.119742 0.690657 0.000000 0.000000 0.000000 1.000000 0.000000 0.000000
22.000000 237.598522 -2.506837 -2.109504 0.679077 0.000000 0.000000 0.000000 1.000000 0.000000 0.000000
22.000000 237.600407 -2.529236 -2.115394 0.677441 0.000000 0.000000 0.000000 1.000000 0.000000 0.000000
22.000000 237.608571 -2.410199 -2.122391 0.677806 0.000000 0.000000 0.000000 1.000000 0.000000 0.000000
22.000000 237.610438 -2.436006 -2.131859 0.666938 0.000000 0.000000 0.000000 1.000000 0.000000 0.000000
22.000000 237.618677 -2.504184 -2.129351 0.662587 0.000000 0.000000 0.000000 1.000000 0.000000 0.000000
22.000000 237.620448 -2.099434 -2.027307 0.667697 0.000000 0.000000 0.000000 1.000000 0.000000 0.000000
22.000000 237.628613 -2.474090 -2.136736 0.649463 0.000000 0.000000 0.000000 1.000000 0.000000 0.000000
22.000000 237.630457 -1.980879 -2.013820 0.659854 0.000000 0.000000 0.000000 1.000000 0.000000 0.000000
22.000000 237.638829 -2.732538 -2.129656 0.631818 0.000000 0.000000 0.000000 1.000000 0.000000 0.000000
22.000000 237.640448 -2.794644 -2.146959 0.623526 0.000000 0.000000 0.000000 1.000000 0.000000 0.000000
22.000000 237.648607 -2.796996 -2.145718 0.627089 0.000000 0.000000 0.000000 1.000000 0.000000 0.000000
22.000000 237.650548 -2.497546 -2.140625 0.646536 0.000000 0.000000 0.000000 1.000000 0.000000 0.000000
22.000000 237.658526 -2.504568 -2.141247 0.643496 0.000000 0.000000 0.000000 1.000000 0.000000 0.000000
22.000000 237.660449 -2.479117 -2.132067 0.653739 0.000000 0.000000 0.000000 1.000000 0.000000 0.000000
22.000000 237.668603 -2.845428 -2.126783 0.605882 0.000000 0.000000 0.000000 1.000000 0.000000 0.000000
22.000000 237.670458 -2.910388 -2.147312 0.589319 0.000000 0.000000 0.000000 1.000000 0.000000 0.000000
22.000000 237.678500 -2.940825 -2.147627 0.583157 0.000000 0.000000 0.000000 1.000000 0.000000 0.000000
22.000000 237.680438 -2.969359 -2.157427 0.573048 0.000000 0.000000 0.000000 1.000000 0.000000 0.000000
22.000000 237.688611 -3.037170 -2.156052 0.565420 0.000000 0.000000 0.000000 1.000000 0.000000 0.000000
22.000000 237.690420 -2.917041 -2.125290 0.572418 0.000000 0.000000 0.000000 1.000000 0.000000 0.000000
22.000000 237.698536 -3.007474 -2.126345 0.552812 0.000000 0.000000 0.000000 1.000000 0.000000 0.000000
22.000000 237.700590 -3.112904 -2.156842 0.533920 0.000000 0.000000 0.000000 1.000000 0.000000 0.000000
22.000000 237.708843 -2.868391 -2.174957 0.526520 0.000000 0.000000 0.000000 1.000000 0.000000 0.000000
22.000000 237.710505 -2.861773 -2.174324 0.524137 0.000000 0.000000 0.000000 1.000000 0.000000 0.000000
22.000000 237.718553 -2.918077 -2.172475 0.519229 0.000000 0.000000 0.000000 1.000000 0.000000 0.000000
22.000000 237.720499 -2.935236 -2.182616 0.501207 0.000000 0.000000 0.000000 1.000000 0.000000 0.000000
22.000000 237.728637 -2.940659 -2.184279 0.495803 0.000000 0.000000 0.000000 1.000000 0.000000 0.000000
22.000000 237.730662 -2.938466 -2.183804 0.495685 0.000000 0.000000 0.000000 1.000000 0.000000 0.000000
22.000000 237.738559 -3.026164 -2.183624 0.481366 0.000000 0.000000 0.000000 1.000000 0.000000 0.000000
22.000000 237.740528 -2.996911 -2.181133 0.467476 0.000000 0.000000 0.000000 1.000000 0.000000 0.000000
22.000000 237.748903 -3.065092 -2.182323 0.452093 0.000000 0.000000 0.000000 1.000000 0.000000 0.000000
22.000000 237.760489 -2.992057 -2.186433 0.435883 0.000000 0.000000 0.000000 1.000000 0.000000 0.000000
22.000000 237.768766 -3.171039 -2.186990 0.402591 0.000000 0.000000 0.000000 1.000000 0.000000 0.000000
22.000000 237.770532 -3.127657 -2.177681 0.399405 0.000000 0.000000 0.000000 1.000000 0.000000 0.000000
22.000000 237.778551 -3.204159 -2.179763 0.379518 0.000000 0.000000 0.000000 1.000000 0.000000 0.000000
22.000000 237.780496 -3.233592 -2.192832 0.358450 0.000000 0.000000 0.000000 1.000000 0.000000 0.000000
22.000000 237.788646 -3.248756 -2.195804 0.345987 0.000000 0.000000 0.000000 1.000000 0.000000 0.000000
22.000000 237.790637 -3.253817 -2.197436 0.344499 0.000000 0.000000 0.000000 1.000000 0.000000 0.000000
22.000000 237.818603 -3.403178 -2.212133 0.235056 0.000000 0.000000 0.000000 1.000000 0.000000 0.000000
22.000000 237.820571 -3.415292 -2.219819 0.220514 0.000000 0.000000 0.000000 1.000000 0.000000 0.000000
22.000000 237.828659 -3.330746 -2.222996 0.226449 0.000000 0.000000 0.000000 1.000000 0.000000 0.000000
22.000000 237.830556 -3.297894 -2.218011 0.218101 0.000000 0.000000 0.000000 1.000000 0.000000 0.000000
22.000000 237.838632 -3.430820 -2.219577 0.189799 0.000000 0.000000 0.000000 1.000000 0.000000 0.000000
22.000000 237.840611 -3.420794 -2.221450 0.176159 0.000000 0.000000 0.000000 1.000000 0.000000 0.000000
22.000000 237.848716 -3.487575 -2.225892 0.150781 0.000000 0.000000 0.000000 1.000000 0.000000 0.000000
22.000000 237.850623 -3.419462 -2.213166 0.140687 0.000000 0.000000 0.000000 1.000000 0.000000 0.000000
22.000000 237.878612 -3.517641 -2.229688 0.055739 0.000000 0.000000 0.000000 1.000000 0.000000 0.000000
22.000000 237.880689 -3.551216 -2.245289 0.029598 0.000000 0.000000 0.000000 1.000000 0.000000 0.000000
22.000000 237.888672 -3.662686 -2.249064 -0.003374 0.000000 0.000000 0.000000 1.000000 0.000000 0.000000
22.000000 237.890732 -3.561857 -2.225039 -0.001055 0.000000 0.000000 0.000000 1.000000 0.000000 0.000000
22.000000 237.928715 -3.721353 -2.242642 -0.096593 0.000000 0.000000 0.000000 1.000000 0.000000 0.000000
22.000000 237.930707 -3.769843 -2.251905 -0.089276 0.000000 0.000000 0.000000 1.000000 0.000000 0.000000
22.000000 237.938697 -3.503016 -2.250765 -0.034781 0.000000 0.000000 0.000000 1.000000 0.000000 0.000000
22.000000 237.940629 -3.701807 -2.299669 -0.042639 0.000000 0.000000 0.000000 1.000000 0.000000 0.000000
22.000000 237.948717 -3.529065 -2.298147 -0.006206 0.000000 0.000000 0.000000 1.000000 0.000000 0.000000
22.000000 237.950592 -3.446722 -2.273189 0.013390 0.000000 0.000000 0.000000 1.000000 0.000000 0.000000
22.000000 237.978656 -3.760072 -2.300268 0.081143 0.000000 0.000000 0.000000 1.000000 0.000000 0.000000
22.000000 237.980753 -3.730183 -2.287060 0.103394 0.000000 0.000000 0.000000 1.000000 0.000000 0.000000
22.000000 237.988719 -3.809452 -2.283272 0.101777 0.000000 0.000000 0.000000 1.000000 0.000000 0.000000
22.000000 237.990622 -3.812162 -2.282256 0.107588 0.000000 0.000000 0.000000 1.000000 0.000000 0.000000
22.000000 237.998684 -3.692512 -2.280395 0.135387 0.000000 0.000000 0.000000 1.000000 0.000000 0.000000
22.000000 238.000582 -3.841975 -2.315996 0.133781 0.000000 0.000000 0.000000 1.000000 0.000000 0.000000
