18.000000 157.713093 24.992031 -0.290751 0.668044 0.000000 0.000000 0.000000 1.000000 0.000000 0.000000
18.000000 157.723248 24.844781 -0.292802 0.790880 0.000000 0.000000 0.000000 1.000000 0.000000 0.000000
18.000000 157.733250 24.700314 -0.306400 0.888945 0.000000 0.000000 0.000000 1.000000 0.000000 0.000000
18.000000 157.743268 24.746987 -0.303264 0.957924 0.000000 0.000000 0.000000 1.000000 0.000000 0.000000
18.000000 157.753119 24.452943 -0.302276 1.058385 0.000000 0.000000 0.000000 1.000000 0.000000 0.000000
18.000000 157.763225 24.272771 -0.300974 1.142341 0.000000 0.000000 0.000000 1.000000 0.000000 0.000000
18.000000 157.773341 23.971390 -0.298867 1.255427 0.000000 0.000000 0.000000 1.000000 0.000000 0.000000
18.000000 157.783140 24.152488 -0.305553 1.294456 0.000000 0.000000 0.000000 1.000000 0.000000 0.000000
18.000000 157.793175 23.845109 -0.304343 1.401068 0.000000 0.000000 0.000000 1.000000 0.000000 0.000000
18.000000 157.803171 23.843351 -0.331918 1.459410 0.000000 0.000000 0.000000 1.000000 0.000000 0.000000
18.000000 157.812787 22.534761 -0.345673 1.695786 0.000000 0.000000 0.000000 1.000000 0.000000 0.000000
18.000000 157.813295 23.600698 -0.305051 1.552513 0.000000 0.000000 0.000000 1.000000 0.000000 0.000000
18.000000 157.822887 22.437124 -0.350105 1.764747 0.000000 0.000000 0.000000 1.000000 0.000000 0.000000
18.000000 157.823148 23.225878 -0.307136 1.653058 0.000000 0.000000 0.000000 1.000000 0.000000 0.000000
18.000000 157.832851 22.344717 -0.351643 1.838828 0.000000 0.000000 0.000000 1.000000 0.000000 0.000000
18.000000 157.833306 23.369688 -0.305695 1.689751 0.000000 0.000000 0.000000 1.000000 0.000000 0.000000
18.000000 157.842928 22.236506 -0.355216 1.904832 0.000000 0.000000 0.000000 1.000000 0.000000 0.000000
18.000000 157.843274 23.110858 -0.309118 1.783038 0.000000 0.000000 0.000000 1.000000 0.000000 0.000000
18.000000 157.852984 22.131017 -0.354017 1.971482 0.000000 0.000000 0.000000 1.000000 0.000000 0.000000
18.000000 157.853282 22.993354 -0.308414 1.851960 0.000000 0.000000 0.000000 1.000000 0.000000 0.000000
18.000000 157.863018 22.018917 -0.353938 2.032480 0.000000 0.000000 0.000000 1.000000 0.000000 0.000000
18.000000 157.863177 23.076637 -0.310520 1.899924 0.000000 0.000000 0.000000 1.000000 0.000000 0.000000
18.000000 157.872857 21.909332 -0.356407 2.093214 0.000000 0.000000 0.000000 1.000000 0.000000 0.000000
18.000000 157.873290 22.942724 -0.314027 1.965414 0.000000 0.000000 0.000000 1.000000 0.000000 0.000000
18.000000 157.882940 21.810221 -0.358998 2.156598 0.000000 0.000000 0.000000 1.000000 0.000000 0.000000
18.000000 157.883161 22.579572 -0.315444 2.058087 0.000000 0.000000 0.000000 1.000000 0.000000 0.000000
18.000000 157.892879 21.692030 -0.359332 2.214786 0.000000 0.000000 0.000000 1.000000 0.000000 0.000000
18.000000 157.893118 20.901510 -0.218809 2.145053 0.000000 0.000000 0.000000 1.000000 0.000000 0.000000
18.000000 157.893374 21.156644 0.047028 2.119707 0.000000 0.000000 0.000000 1.000000 0.000000 0.000000
18.000000 157.902975 21.598335 -0.358618 2.272450 0.000000 0.000000 0.000000 1.000000 0.000000 0.000000
18.000000 157.903049 20.793623 -0.219799 2.204167 0.000000 0.000000 0.000000 1.000000 0.000000 0.000000
18.000000 157.903178 21.047331 0.039575 2.180039 0.000000 0.000000 0.000000 1.000000 0.000000 0.000000
18.000000 157.912858 21.457766 -0.357324 2.329559 0.000000 0.000000 0.000000 1.000000 0.000000 0.000000
18.000000 157.913136 20.677272 -0.223666 2.266217 0.000000 0.000000 0.000000 1.000000 0.000000 0.000000
18.000000 157.913213 20.936505 0.033057 2.245170 0.000000 0.000000 0.000000 1.000000 0.000000 0.000000
18.000000 157.923036 20.496670 -0.193386 2.136951 0.000000 0.000000 0.000000 1.000000 0.000000 0.000000
18.000000 157.923058 20.561122 -0.227076 2.326783 0.000000 0.000000 0.000000 1.000000 0.000000 0.000000
18.000000 157.923164 22.013506 -0.314781 2.314787 0.000000 0.000000 0.000000 1.000000 0.000000 0.000000
18.000000 157.933228 21.810571 -0.315288 2.375376 0.000000 0.000000 0.000000 1.000000 0.000000 0.000000
18.000000 157.933378 20.690536 0.010729 2.348223 0.000000 0.000000 0.000000 1.000000 0.000000 0.000000
18.000000 157.943031 20.302102 -0.236983 2.432288 0.000000 0.000000 0.000000 1.000000 0.000000 0.000000
18.000000 157.943182 20.578985 0.021723 2.410952 0.000000 0.000000 0.000000 1.000000 0.000000 0.000000
18.000000 157.953114 20.177668 -0.264069 2.484275 0.000000 0.000000 0.000000 1.000000 0.000000 0.000000
18.000000 157.953156 20.518563 0.040593 2.467499 0.000000 0.000000 0.000000 1.000000 0.000000 0.000000
18.000000 157.963070 20.089564 -0.243142 2.546687 0.000000 0.000000 0.000000 1.000000 0.000000 0.000000
18.000000 157.963183 20.362133 0.004317 2.519450 0.000000 0.000000 0.000000 1.000000 0.000000 0.000000
18.000000 157.973141 19.958161 -0.249204 2.599644 0.000000 0.000000 0.000000 1.000000 0.000000 0.000000
18.000000 157.973202 20.281061 0.030689 2.578953 0.000000 0.000000 0.000000 1.000000 0.000000 0.000000
18.000000 157.983119 19.838104 -0.251673 2.647858 0.000000 0.000000 0.000000 1.000000 0.000000 0.000000
18.000000 157.983231 20.110772 -0.009795 2.615474 0.000000 0.000000 0.000000 1.000000 0.000000 0.000000
18.000000 157.993173 19.703786 -0.249878 2.698333 0.000000 0.000000 0.000000 1.000000 0.000000 0.000000
18.000000 157.993190 19.987502 -0.010188 2.685210 0.000000 0.000000 0.000000 1.000000 0.000000 0.000000
18.000000 158.003129 19.569525 -0.275860 2.742008 0.000000 0.000000 0.000000 1.000000 0.000000 0.000000
18.000000 158.003303 19.948383 0.031709 2.727826 0.000000 0.000000 0.000000 1.000000 0.000000 0.000000
18.000000 158.013244 19.484299 -0.260616 2.798904 0.000000 0.000000 0.000000 1.000000 0.000000 0.000000
18.000000 158.013539 19.828493 0.016313 2.782827 0.000000 0.000000 0.000000 1.000000 0.000000 0.000000
18.000000 158.023235 20.880447 -0.334986 2.853033 0.000000 0.000000 0.000000 1.000000 0.000000 0.000000
18.000000 158.024413 19.712178 0.011498 2.827258 0.000000 0.000000 0.000000 1.000000 0.000000 0.000000
18.000000 158.033195 20.499863 -0.330198 2.924706 0.000000 0.000000 0.000000 1.000000 0.000000 0.000000
18.000000 158.033444 19.532204 -0.031594 2.870385 0.000000 0.000000 0.000000 1.000000 0.000000 0.000000
18.000000 158.043213 19.098041 -0.268225 2.931412 0.000000 0.000000 0.000000 1.000000 0.000000 0.000000
18.000000 158.043239 19.463940 0.011777 2.915213 0.000000 0.000000 0.000000 1.000000 0.000000 0.000000
18.000000 158.053014 19.961927 -0.379885 3.023712 0.000000 0.000000 0.000000 1.000000 0.000000 0.000000
18.000000 158.053306 18.990171 -0.281154 2.972018 0.000000 0.000000 0.000000 1.000000 0.000000 0.000000
18.000000 158.053370 19.365531 -0.001499 2.963475 0.000000 0.000000 0.000000 1.000000 0.000000 0.000000
18.000000 158.063061 19.831027 -0.375830 3.072214 0.000000 0.000000 0.000000 1.000000 0.000000 0.000000
18.000000 158.063270 18.894045 -0.270179 3.020581 0.000000 0.000000 0.000000 1.000000 0.000000 0.000000
18.000000 158.063361 19.249299 -0.005515 3.004487 0.000000 0.000000 0.000000 1.000000 0.000000 0.000000
18.000000 158.072948 19.719297 -0.375573 3.114352 0.000000 0.000000 0.000000 1.000000 0.000000 0.000000
18.000000 158.073195 18.781511 -0.273712 3.064428 0.000000 0.000000 0.000000 1.000000 0.000000 0.000000
18.000000 158.073274 19.134891 -0.014010 3.047151 0.000000 0.000000 0.000000 1.000000 0.000000 0.000000
18.000000 158.083188 18.659677 -0.273783 3.100746 0.000000 0.000000 0.000000 1.000000 0.000000 0.000000
18.000000 158.083446 18.981797 -0.035560 3.074718 0.000000 0.000000 0.000000 1.000000 0.000000 0.000000
18.000000 158.093231 18.525363 -0.276718 3.141430 0.000000 0.000000 0.000000 1.000000 0.000000 0.000000
18.000000 158.093375 18.886745 -0.019194 3.126201 0.000000 0.000000 0.000000 1.000000 0.000000 0.000000
18.000000 158.103002 19.408461 -0.385631 3.225758 0.000000 0.000000 0.000000 1.000000 0.000000 0.000000
18.000000 158.103171 18.396109 -0.291379 3.169683 0.000000 0.000000 0.000000 1.000000 0.000000 0.000000
18.000000 158.103382 18.784204 -0.021279 3.163794 0.000000 0.000000 0.000000 1.000000 0.000000 0.000000
18.000000 158.113241 18.308994 -0.280697 3.215647 0.000000 0.000000 0.000000 1.000000 0.000000 0.000000
18.000000 158.113297 18.679805 -0.025668 3.208206 0.000000 0.000000 0.000000 1.000000 0.000000 0.000000
18.000000 158.123204 18.172713 -0.290993 3.253238 0.000000 0.000000 0.000000 1.000000 0.000000 0.000000
18.000000 158.123228 18.555110 -0.031405 3.242745 0.000000 0.000000 0.000000 1.000000 0.000000 0.000000
18.000000 158.133280 19.469625 -0.348683 3.323645 0.000000 0.000000 0.000000 1.000000 0.000000 0.000000
18.000000 158.133303 18.452569 -0.030768 3.278651 0.000000 0.000000 0.000000 1.000000 0.000000 0.000000
18.000000 158.143173 17.930163 -0.296279 3.317729 0.000000 0.000000 0.000000 1.000000 0.000000 0.000000
18.000000 158.143359 18.284940 -0.059865 3.308363 0.000000 0.000000 0.000000 1.000000 0.000000 0.000000
18.000000 158.152976 18.817099 -0.386172 3.403098 0.000000 0.000000 0.000000 1.000000 0.000000 0.000000
18.000000 158.153277 19.088942 -0.355556 3.401796 0.000000 0.000000 0.000000 1.000000 0.000000 0.000000
18.000000 158.153718 18.184486 -0.066794 3.349647 0.000000 0.000000 0.000000 1.000000 0.000000 0.000000
18.000000 158.163163 17.691994 -0.304879 3.383451 0.000000 0.000000 0.000000 1.000000 0.000000 0.000000
18.000000 158.163312 18.065870 -0.063886 3.376321 0.000000 0.000000 0.000000 1.000000 0.000000 0.000000
18.000000 158.172963 18.504980 -0.377292 3.454598 0.000000 0.000000 0.000000 1.000000 0.000000 0.000000
18.000000 158.173255 18.815984 -0.353627 3.453391 0.000000 0.000000 0.000000 1.000000 0.000000 0.000000
18.000000 158.173279 17.945394 -0.073921 3.407817 0.000000 0.000000 0.000000 1.000000 0.000000 0.000000
18.000000 158.183230 17.474654 -0.300037 3.436483 0.000000 0.000000 0.000000 1.000000 0.000000 0.000000
18.000000 158.183300 17.831681 -0.077053 3.437076 0.000000 0.000000 0.000000 1.000000 0.000000 0.000000
18.000000 158.192968 18.244291 -0.375567 3.505621 0.000000 0.000000 0.000000 1.000000 0.000000 0.000000
18.000000 158.193299 18.729857 -0.361634 3.488833 0.000000 0.000000 0.000000 1.000000 0.000000 0.000000
18.000000 158.193568 17.738854 -0.046956 3.456895 0.000000 0.000000 0.000000 1.000000 0.000000 0.000000
18.000000 158.203121 18.135426 -0.375058 3.532471 0.000000 0.000000 0.000000 1.000000 0.000000 0.000000
18.000000 158.203140 17.217435 -0.315863 3.489141 0.000000 0.000000 0.000000 1.000000 0.000000 0.000000
18.000000 158.203378 17.578241 -0.094503 3.479043 0.000000 0.000000 0.000000 1.000000 0.000000 0.000000
18.000000 158.213247 17.193305 -0.239873 3.442305 0.000000 0.000000 0.000000 1.000000 0.000000 0.000000
18.000000 158.213278 17.556383 -0.048926 3.514821 0.000000 0.000000 0.000000 1.000000 0.000000 0.000000
18.000000 158.223291 17.852279 -0.370435 3.583852 0.000000 0.000000 0.000000 1.000000 0.000000 0.000000
18.000000 158.223462 16.984028 -0.318201 3.540697 0.000000 0.000000 0.000000 1.000000 0.000000 0.000000
18.000000 158.233278 17.764397 -0.371909 3.616408 0.000000 0.000000 0.000000 1.000000 0.000000 0.000000
18.000000 158.233290 16.850165 -0.313828 3.572192 0.000000 0.000000 0.000000 1.000000 0.000000 0.000000
18.000000 158.233312 17.255306 -0.074099 3.557765 0.000000 0.000000 0.000000 1.000000 0.000000 0.000000
18.000000 158.243093 17.667322 -0.372029 3.638815 0.000000 0.000000 0.000000 1.000000 0.000000 0.000000
18.000000 158.243169 16.773057 -0.314368 3.591583 0.000000 0.000000 0.000000 1.000000 0.000000 0.000000
18.000000 158.243431 17.137833 -0.099245 3.581395 0.000000 0.000000 0.000000 1.000000 0.000000 0.000000
18.000000 158.253098 17.563331 -0.368295 3.651698 0.000000 0.000000 0.000000 1.000000 0.000000 0.000000
18.000000 158.253344 17.737817 -0.351847 3.690527 0.000000 0.000000 0.000000 1.000000 0.000000 0.000000
18.000000 158.253470 17.023788 -0.109467 3.645302 0.000000 0.000000 0.000000 1.000000 0.000000 0.000000
18.000000 158.263091 17.428613 -0.369220 3.682958 0.000000 0.000000 0.000000 1.000000 0.000000 0.000000
18.000000 158.263253 16.555411 -0.316472 3.643982 0.000000 0.000000 0.000000 1.000000 0.000000 0.000000
18.000000 158.263529 16.920625 -0.106604 3.635075 0.000000 0.000000 0.000000 1.000000 0.000000 0.000000
18.000000 158.273076 17.301537 -0.370559 3.709165 0.000000 0.000000 0.000000 1.000000 0.000000 0.000000
18.000000 158.273212 16.439652 -0.317685 3.666921 0.000000 0.000000 0.000000 1.000000 0.000000 0.000000
18.000000 158.273319 16.817834 -0.101631 3.652196 0.000000 0.000000 0.000000 1.000000 0.000000 0.000000
18.000000 158.283220 16.381866 -0.246123 3.621116 0.000000 0.000000 0.000000 1.000000 0.000000 0.000000
18.000000 158.283257 16.283958 -0.321947 3.692752 0.000000 0.000000 0.000000 1.000000 0.000000 0.000000
18.000000 158.283473 17.509017 -0.359307 3.729507 0.000000 0.000000 0.000000 1.000000 0.000000 0.000000
18.000000 158.293145 17.083619 -0.371120 3.751527 0.000000 0.000000 0.000000 1.000000 0.000000 0.000000
18.000000 158.293267 16.187284 -0.318074 3.707807 0.000000 0.000000 0.000000 1.000000 0.000000 0.000000
18.000000 158.293306 16.582447 -0.098247 3.700827 0.000000 0.000000 0.000000 1.000000 0.000000 0.000000
18.000000 158.303146 17.105658 -0.389825 3.766716 0.000000 0.000000 0.000000 1.000000 0.000000 0.000000
18.000000 158.303400 17.291123 -0.380153 3.753026 0.000000 0.000000 0.000000 1.000000 0.000000 0.000000
18.000000 158.303727 16.476256 -0.107673 3.713317 0.000000 0.000000 0.000000 1.000000 0.000000 0.000000
18.000000 158.312963 16.845520 -0.374591 3.779597 0.000000 0.000000 0.000000 1.000000 0.000000 0.000000
18.000000 158.313238 15.976195 -0.329548 3.737169 0.000000 0.000000 0.000000 1.000000 0.000000 0.000000
18.000000 158.313413 16.388367 -0.105014 3.729625 0.000000 0.000000 0.000000 1.000000 0.000000 0.000000
18.000000 158.323177 16.739996 -0.379226 3.801141 0.000000 0.000000 0.000000 1.000000 0.000000 0.000000
18.000000 158.323257 15.865803 -0.333372 3.757000 0.000000 0.000000 0.000000 1.000000 0.000000 0.000000
18.000000 158.323414 16.254749 -0.122431 3.748708 0.000000 0.000000 0.000000 1.000000 0.000000 0.000000
18.000000 158.333037 16.649945 -0.378502 3.816501 0.000000 0.000000 0.000000 1.000000 0.000000 0.000000
18.000000 158.333374 15.749809 -0.330227 3.770743 0.000000 0.000000 0.000000 1.000000 0.000000 0.000000
18.000000 158.333616 16.140616 -0.119621 3.761402 0.000000 0.000000 0.000000 1.000000 0.000000 0.000000
18.000000 158.343153 16.486428 -0.379019 3.828095 0.000000 0.000000 0.000000 1.000000 0.000000 0.000000
18.000000 158.343291 15.653920 -0.336355 3.782519 0.000000 0.000000 0.000000 1.000000 0.000000 0.000000
18.000000 158.343386 16.048882 -0.127150 3.783850 0.000000 0.000000 0.000000 1.000000 0.000000 0.000000
18.000000 158.353125 16.373585 -0.376332 3.840908 0.000000 0.000000 0.000000 1.000000 0.000000 0.000000
18.000000 158.353348 16.675344 -0.367913 3.833443 0.000000 0.000000 0.000000 1.000000 0.000000 0.000000
18.000000 158.353410 15.947212 -0.116882 3.786911 0.000000 0.000000 0.000000 1.000000 0.000000 0.000000
18.000000 158.363153 16.255644 -0.374229 3.852098 0.000000 0.000000 0.000000 1.000000 0.000000 0.000000
18.000000 158.363415 15.437237 -0.332371 3.797638 0.000000 0.000000 0.000000 1.000000 0.000000 0.000000
18.000000 158.363436 15.844633 -0.118823 3.794038 0.000000 0.000000 0.000000 1.000000 0.000000 0.000000
18.000000 158.373117 16.096422 -0.374528 3.862053 0.000000 0.000000 0.000000 1.000000 0.000000 0.000000
18.000000 158.373351 15.316277 -0.334370 3.808390 0.000000 0.000000 0.000000 1.000000 0.000000 0.000000
18.000000 158.373383 15.732202 -0.119271 3.809764 0.000000 0.000000 0.000000 1.000000 0.000000 0.000000
18.000000 158.383089 16.001633 -0.374182 3.870981 0.000000 0.000000 0.000000 1.000000 0.000000 0.000000
18.000000 158.383303 15.170174 -0.333275 3.816421 0.000000 0.000000 0.000000 1.000000 0.000000 0.000000
18.000000 158.383365 15.643633 -0.091584 3.817111 0.000000 0.000000 0.000000 1.000000 0.000000 0.000000
18.000000 158.393084 15.888149 -0.373606 3.885855 0.000000 0.000000 0.000000 1.000000 0.000000 0.000000
18.000000 158.393403 16.206488 -0.368873 3.876641 0.000000 0.000000 0.000000 1.000000 0.000000 0.000000
18.000000 158.393442 15.513470 -0.124477 3.826839 0.000000 0.000000 0.000000 1.000000 0.000000 0.000000
18.000000 158.403203 15.800801 -0.376051 3.885719 0.000000 0.000000 0.000000 1.000000 0.000000 0.000000
18.000000 158.403285 14.989548 -0.336995 3.830649 0.000000 0.000000 0.000000 1.000000 0.000000 0.000000
18.000000 158.403393 15.399208 -0.129738 3.833404 0.000000 0.000000 0.000000 1.000000 0.000000 0.000000
18.000000 158.413047 15.611068 -0.371515 3.895476 0.000000 0.000000 0.000000 1.000000 0.000000 0.000000
18.000000 158.413368 15.967195 -0.371179 3.885645 0.000000 0.000000 0.000000 1.000000 0.000000 0.000000
18.000000 158.413589 15.288414 -0.129213 3.839717 0.000000 0.000000 0.000000 1.000000 0.000000 0.000000
18.000000 158.423152 15.509456 -0.373584 3.897887 0.000000 0.000000 0.000000 1.000000 0.000000 0.000000
18.000000 158.423387 15.869965 -0.372369 3.887308 0.000000 0.000000 0.000000 1.000000 0.000000 0.000000
18.000000 158.423510 15.189779 -0.129079 3.841191 0.000000 0.000000 0.000000 1.000000 0.000000 0.000000
18.000000 158.433092 15.435913 -0.374967 3.901636 0.000000 0.000000 0.000000 1.000000 0.000000 0.000000
18.000000 158.433430 15.734651 -0.371306 3.881964 0.000000 0.000000 0.000000 1.000000 0.000000 0.000000
18.000000 158.443162 15.319428 -0.374454 3.901258 0.000000 0.000000 0.000000 1.000000 0.000000 0.000000
18.000000 158.443280 14.535406 -0.341477 3.858561 0.000000 0.000000 0.000000 1.000000 0.000000 0.000000
18.000000 158.443388 14.950360 -0.139423 3.862871 0.000000 0.000000 0.000000 1.000000 0.000000 0.000000
18.000000 158.452987 15.218324 -0.376790 3.901034 0.000000 0.000000 0.000000 1.000000 0.000000 0.000000
18.000000 158.453402 15.515017 -0.374163 3.898955 0.000000 0.000000 0.000000 1.000000 0.000000 0.000000
18.000000 158.453437 14.865407 -0.137494 3.853737 0.000000 0.000000 0.000000 1.000000 0.000000 0.000000
18.000000 158.463149 15.097882 -0.378599 3.903408 0.000000 0.000000 0.000000 1.000000 0.000000 0.000000
18.000000 158.463285 14.340601 -0.345225 3.847397 0.000000 0.000000 0.000000 1.000000 0.000000 0.000000
18.000000 158.463507 14.761847 -0.140842 3.848291 0.000000 0.000000 0.000000 1.000000 0.000000 0.000000
18.000000 158.473032 14.954427 -0.375457 3.906163 0.000000 0.000000 0.000000 1.000000 0.000000 0.000000
18.000000 158.473425 15.288057 -0.376753 3.893010 0.000000 0.000000 0.000000 1.000000 0.000000 0.000000
18.000000 158.473511 14.641648 -0.140509 3.855333 0.000000 0.000000 0.000000 1.000000 0.000000 0.000000
18.000000 158.483218 14.888660 -0.380535 3.906572 0.000000 0.000000 0.000000 1.000000 0.000000 0.000000
18.000000 158.483383 14.063040 -0.348645 3.856810 0.000000 0.000000 0.000000 1.000000 0.000000 0.000000
18.000000 158.483534 14.492832 -0.144092 3.856321 0.000000 0.000000 0.000000 1.000000 0.000000 0.000000
18.000000 158.493143 14.721471 -0.375835 3.898804 0.000000 0.000000 0.000000 1.000000 0.000000 0.000000
18.000000 158.493422 15.067479 -0.380502 3.884675 0.000000 0.000000 0.000000 1.000000 0.000000 0.000000
18.000000 158.493443 14.402906 -0.136398 3.857666 0.000000 0.000000 0.000000 1.000000 0.000000 0.000000
18.000000 158.503262 14.625077 -0.382458 3.896869 0.000000 0.000000 0.000000 1.000000 0.000000 0.000000
18.000000 158.503355 13.879897 -0.357675 3.847560 0.000000 0.000000 0.000000 1.000000 0.000000 0.000000
18.000000 158.503453 14.335624 -0.143779 3.845411 0.000000 0.000000 0.000000 1.000000 0.000000 0.000000
18.000000 158.513138 14.452583 -0.371815 3.896809 0.000000 0.000000 0.000000 1.000000 0.000000 0.000000
18.000000 158.513386 14.901348 -0.377662 3.875271 0.000000 0.000000 0.000000 1.000000 0.000000 0.000000
18.000000 158.523218 14.273919 -0.370218 3.887330 0.000000 0.000000 0.000000 1.000000 0.000000 0.000000
18.000000 158.523549 14.712996 -0.377141 3.864952 0.000000 0.000000 0.000000 1.000000 0.000000 0.000000
18.000000 158.533011 14.184323 -0.369120 3.885712 0.000000 0.000000 0.000000 1.000000 0.000000 0.000000
18.000000 158.533345 13.537022 -0.345683 3.842994 0.000000 0.000000 0.000000 1.000000 0.000000 0.000000
18.000000 158.533430 13.971728 -0.145192 3.833925 0.000000 0.000000 0.000000 1.000000 0.000000 0.000000
18.000000 158.540749 14.751838 -0.452672 3.868792 0.000000 0.000000 0.000000 1.000000 0.000000 0.000000
18.000000 158.543148 13.986223 -0.363549 3.873006 0.000000 0.000000 0.000000 1.000000 0.000000 0.000000
18.000000 158.543493 14.389153 -0.370032 3.850015 0.000000 0.000000 0.000000 1.000000 0.000000 0.000000
18.000000 158.543633 13.813199 -0.152928 3.830695 0.000000 0.000000 0.000000 1.000000 0.000000 0.000000
18.000000 158.550778 13.453061 -0.303646 3.810525 0.000000 0.000000 0.000000 1.000000 0.000000 0.000000
18.000000 158.553114 13.862346 -0.365121 3.866028 0.000000 0.000000 0.000000 1.000000 0.000000 0.000000
18.000000 158.553347 13.321961 -0.346018 3.820880 0.000000 0.000000 0.000000 1.000000 0.000000 0.000000
18.000000 158.553381 13.753312 -0.150627 3.820768 0.000000 0.000000 0.000000 1.000000 0.000000 0.000000
18.000000 158.563125 13.738675 -0.363228 3.860717 0.000000 0.000000 0.000000 1.000000 0.000000 0.000000
18.000000 158.563397 13.234679 -0.343359 3.819245 0.000000 0.000000 0.000000 1.000000 0.000000 0.000000
18.000000 158.563609 13.650599 -0.156473 3.823145 0.000000 0.000000 0.000000 1.000000 0.000000 0.000000
18.000000 158.573115 13.587825 -0.360612 3.843521 0.000000 0.000000 0.000000 1.000000 0.000000 0.000000
18.000000 158.573629 14.110934 -0.374730 3.818359 0.000000 0.000000 0.000000 1.000000 0.000000 0.000000
18.000000 158.573769 13.569946 -0.168217 3.810343 0.000000 0.000000 0.000000 1.000000 0.000000 0.000000
18.000000 158.581028 13.215205 -0.314802 3.793587 0.000000 0.000000 0.000000 1.000000 0.000000 0.000000
18.000000 158.583150 13.470942 -0.356469 3.839876 0.000000 0.000000 0.000000 1.000000 0.000000 0.000000
18.000000 158.583494 14.037466 -0.369383 3.805280 0.000000 0.000000 0.000000 1.000000 0.000000 0.000000
18.000000 158.590768 14.201784 -0.451442 3.834244 0.000000 0.000000 0.000000 1.000000 0.000000 0.000000
18.000000 158.593165 13.334836 -0.363730 3.824199 0.000000 0.000000 0.000000 1.000000 0.000000 0.000000
18.000000 158.593401 12.848325 -0.358102 3.789094 0.000000 0.000000 0.000000 1.000000 0.000000 0.000000
18.000000 158.593444 13.293726 -0.164403 3.796315 0.000000 0.000000 0.000000 1.000000 0.000000 0.000000
18.000000 158.603176 13.158714 -0.360769 3.805702 0.000000 0.000000 0.000000 1.000000 0.000000 0.000000
18.000000 158.603359 12.759162 -0.358982 3.757509 0.000000 0.000000 0.000000 1.000000 0.000000 0.000000
18.000000 158.603582 13.228160 -0.157134 3.777874 0.000000 0.000000 0.000000 1.000000 0.000000 0.000000
18.000000 158.613465 12.688312 -0.363699 3.757154 0.000000 0.000000 0.000000 1.000000 0.000000 0.000000
18.000000 158.613556 13.144965 -0.167176 3.768038 0.000000 0.000000 0.000000 1.000000 0.000000 0.000000
18.000000 158.623329 12.580044 -0.358378 3.740261 0.000000 0.000000 0.000000 1.000000 0.000000 0.000000
18.000000 158.623517 13.024039 -0.169830 3.758726 0.000000 0.000000 0.000000 1.000000 0.000000 0.000000
18.000000 158.633593 13.400585 -0.377271 3.736510 0.000000 0.000000 0.000000 1.000000 0.000000 0.000000
18.000000 158.633720 12.891479 -0.177503 3.750317 0.000000 0.000000 0.000000 1.000000 0.000000 0.000000
18.000000 158.643126 12.696303 -0.360640 3.756452 0.000000 0.000000 0.000000 1.000000 0.000000 0.000000
18.000000 158.643391 12.374225 -0.357351 3.716542 0.000000 0.000000 0.000000 1.000000 0.000000 0.000000
18.000000 158.643453 12.821744 -0.168756 3.736572 0.000000 0.000000 0.000000 1.000000 0.000000 0.000000
18.000000 158.653413 12.295267 -0.349656 3.702329 0.000000 0.000000 0.000000 1.000000 0.000000 0.000000
18.000000 158.653668 12.716369 -0.173323 3.722092 0.000000 0.000000 0.000000 1.000000 0.000000 0.000000
18.000000 158.663231 12.514720 -0.357580 3.729287 0.000000 0.000000 0.000000 1.000000 0.000000 0.000000
18.000000 158.663354 12.215942 -0.348917 3.687980 0.000000 0.000000 0.000000 1.000000 0.000000 0.000000
18.000000 158.663587 12.623672 -0.176078 3.698909 0.000000 0.000000 0.000000 1.000000 0.000000 0.000000
18.000000 158.673502 12.079916 -0.349377 3.671783 0.000000 0.000000 0.000000 1.000000 0.000000 0.000000
18.000000 158.673594 12.509703 -0.169894 3.686084 0.000000 0.000000 0.000000 1.000000 0.000000 0.000000
18.000000 158.683370 12.025607 -0.318145 3.652965 0.000000 0.000000 0.000000 1.000000 0.000000 0.000000
18.000000 158.683448 11.976959 -0.349740 3.651025 0.000000 0.000000 0.000000 1.000000 0.000000 0.000000
18.000000 158.683503 12.888858 -0.375642 3.645824 0.000000 0.000000 0.000000 1.000000 0.000000 0.000000
18.000000 158.693459 11.834962 -0.360467 3.623343 0.000000 0.000000 0.000000 1.000000 0.000000 0.000000
18.000000 158.693559 12.306206 -0.165499 3.640685 0.000000 0.000000 0.000000 1.000000 0.000000 0.000000
18.000000 158.703398 11.757396 -0.361869 3.606660 0.000000 0.000000 0.000000 1.000000 0.000000 0.000000
18.000000 158.703545 12.217181 -0.173203 3.623426 0.000000 0.000000 0.000000 1.000000 0.000000 0.000000
18.000000 158.713448 11.669126 -0.352251 3.585063 0.000000 0.000000 0.000000 1.000000 0.000000 0.000000
18.000000 158.713614 12.112440 -0.171716 3.603316 0.000000 0.000000 0.000000 1.000000 0.000000 0.000000
18.000000 158.723541 12.491330 -0.374395 3.553620 0.000000 0.000000 0.000000 1.000000 0.000000 0.000000
18.000000 158.723571 12.009410 -0.176100 3.576254 0.000000 0.000000 0.000000 1.000000 0.000000 0.000000
18.000000 158.733533 12.317740 -0.372496 3.523881 0.000000 0.000000 0.000000 1.000000 0.000000 0.000000
18.000000 158.733553 11.864762 -0.184191 3.539173 0.000000 0.000000 0.000000 1.000000 0.000000 0.000000
18.000000 158.743402 11.365872 -0.346102 3.501130 0.000000 0.000000 0.000000 1.000000 0.000000 0.000000
18.000000 158.743556 11.800595 -0.169312 3.516521 0.000000 0.000000 0.000000 1.000000 0.000000 0.000000
18.000000 158.753562 12.161042 -0.371635 3.470674 0.000000 0.000000 0.000000 1.000000 0.000000 0.000000
18.000000 158.753726 11.686319 -0.172428 3.492529 0.000000 0.000000 0.000000 1.000000 0.000000 0.000000
18.000000 158.763305 11.014351 -0.339364 3.502947 0.000000 0.000000 0.000000 1.000000 0.000000 0.000000
18.000000 158.763403 11.197987 -0.346393 3.451189 0.000000 0.000000 0.000000 1.000000 0.000000 0.000000
18.000000 158.763574 11.613990 -0.180270 3.470211 0.000000 0.000000 0.000000 1.000000 0.000000 0.000000
18.000000 158.773702 11.095836 -0.347846 3.425821 0.000000 0.000000 0.000000 1.000000 0.000000 0.000000
18.000000 158.773741 11.498142 -0.186062 3.439378 0.000000 0.000000 0.000000 1.000000 0.000000 0.000000
18.000000 158.783474 10.920608 -0.354253 3.396068 0.000000 0.000000 0.000000 1.000000 0.000000 0.000000
18.000000 158.783633 11.364965 -0.176983 3.408907 0.000000 0.000000 0.000000 1.000000 0.000000 0.000000
18.000000 158.793502 10.819275 -0.354286 3.362505 0.000000 0.000000 0.000000 1.000000 0.000000 0.000000
18.000000 158.793543 11.264277 -0.176589 3.378752 0.000000 0.000000 0.000000 1.000000 0.000000 0.000000
18.000000 158.803517 11.641997 -0.378297 3.319256 0.000000 0.000000 0.000000 1.000000 0.000000 0.000000
18.000000 158.803646 11.197628 -0.186162 3.353777 0.000000 0.000000 0.000000 1.000000 0.000000 0.000000
18.000000 158.813645 11.558119 -0.381153 3.281524 0.000000 0.000000 0.000000 1.000000 0.000000 0.000000
18.000000 158.813671 11.102573 -0.184456 3.319678 0.000000 0.000000 0.000000 1.000000 0.000000 0.000000
18.000000 158.823424 10.307677 -0.344388 3.326576 0.000000 0.000000 0.000000 1.000000 0.000000 0.000000
18.000000 158.823519 11.430095 -0.375879 3.245775 0.000000 0.000000 0.000000 1.000000 0.000000 0.000000
18.000000 158.823569 10.988562 -0.184680 3.283283 0.000000 0.000000 0.000000 1.000000 0.000000 0.000000
18.000000 158.833654 11.308972 -0.379198 3.198975 0.000000 0.000000 0.000000 1.000000 0.000000 0.000000
18.000000 158.833802 10.859790 -0.185160 3.239054 0.000000 0.000000 0.000000 1.000000 0.000000 0.000000
18.000000 158.843505 10.107442 -0.351328 3.255802 0.000000 0.000000 0.000000 1.000000 0.000000 0.000000
18.000000 158.843515 11.274682 -0.388063 3.166827 0.000000 0.000000 0.000000 1.000000 0.000000 0.000000
18.000000 158.843527 10.781974 -0.171853 3.211000 0.000000 0.000000 0.000000 1.000000 0.000000 0.000000
18.000000 158.853620 11.151373 -0.380558 3.128288 0.000000 0.000000 0.000000 1.000000 0.000000 0.000000
18.000000 158.853633 10.702078 -0.183229 3.177278 0.000000 0.000000 0.000000 1.000000 0.000000 0.000000
18.000000 158.863259 9.830083 -0.346980 3.183086 0.000000 0.000000 0.000000 1.000000 0.000000 0.000000
18.000000 158.863582 11.045416 -0.378096 3.093343 0.000000 0.000000 0.000000 1.000000 0.000000 0.000000
18.000000 158.873590 10.047710 -0.352683 3.086083 0.000000 0.000000 0.000000 1.000000 0.000000 0.000000
18.000000 158.873825 10.498946 -0.179123 3.104687 0.000000 0.000000 0.000000 1.000000 0.000000 0.000000
18.000000 158.883525 9.646609 -0.352415 3.108295 0.000000 0.000000 0.000000 1.000000 0.000000 0.000000
18.000000 158.883526 9.923093 -0.351167 3.047663 0.000000 0.000000 0.000000 1.000000 0.000000 0.000000
18.000000 158.883698 10.371426 -0.176134 3.062139 0.000000 0.000000 0.000000 1.000000 0.000000 0.000000
18.000000 158.893314 9.542543 -0.357029 3.065584 0.000000 0.000000 0.000000 1.000000 0.000000 0.000000
18.000000 158.893504 9.836836 -0.358026 3.004057 0.000000 0.000000 0.000000 1.000000 0.000000 0.000000
18.000000 158.893847 10.298788 -0.179697 3.023833 0.000000 0.000000 0.000000 1.000000 0.000000 0.000000
18.000000 158.903440 9.679622 -0.371238 2.992013 0.000000 0.000000 0.000000 1.000000 0.000000 0.000000
18.000000 158.903485 9.782184 -0.348847 2.970209 0.000000 0.000000 0.000000 1.000000 0.000000 0.000000
18.000000 158.903588 10.638355 -0.379413 2.929873 0.000000 0.000000 0.000000 1.000000 0.000000 0.000000
18.000000 158.913666 10.549198 -0.386322 2.884811 0.000000 0.000000 0.000000 1.000000 0.000000 0.000000
18.000000 158.913671 10.102231 -0.183230 2.944136 0.000000 0.000000 0.000000 1.000000 0.000000 0.000000
18.000000 158.923455 9.262781 -0.358686 2.947754 0.000000 0.000000 0.000000 1.000000 0.000000 0.000000
18.000000 158.923492 9.579822 -0.351269 2.886322 0.000000 0.000000 0.000000 1.000000 0.000000 0.000000
18.000000 158.923625 10.008380 -0.185941 2.905287 0.000000 0.000000 0.000000 1.000000 0.000000 0.000000
18.000000 158.933486 9.427833 -0.347158 2.840699 0.000000 0.000000 0.000000 1.000000 0.000000 0.000000
18.000000 158.933615 9.849027 -0.180094 2.852923 0.000000 0.000000 0.000000 1.000000 0.000000 0.000000
18.000000 158.943477 9.329685 -0.349257 2.790938 0.000000 0.000000 0.000000 1.000000 0.000000 0.000000
18.000000 158.943631 9.781330 -0.173355 2.807963 0.000000 0.000000 0.000000 1.000000 0.000000 0.000000
18.000000 158.953691 10.147701 -0.389860 2.698839 0.000000 0.000000 0.000000 1.000000 0.000000 0.000000
18.000000 158.953895 9.708981 -0.186098 2.765177 0.000000 0.000000 0.000000 1.000000 0.000000 0.000000
18.000000 158.963281 8.856140 -0.366329 2.769484 0.000000 0.000000 0.000000 1.000000 0.000000 0.000000
18.000000 158.963519 9.175047 -0.353474 2.708276 0.000000 0.000000 0.000000 1.000000 0.000000 0.000000
18.000000 158.963641 9.605530 -0.187229 2.722585 0.000000 0.000000 0.000000 1.000000 0.000000 0.000000
18.000000 158.973605 9.086355 -0.350178 2.658350 0.000000 0.000000 0.000000 1.000000 0.000000 0.000000
18.000000 158.973637 9.505918 -0.186554 2.673093 0.000000 0.000000 0.000000 1.000000 0.000000 0.000000
18.000000 158.983277 8.665020 -0.368194 2.679206 0.000000 0.000000 0.000000 1.000000 0.000000 0.000000
18.000000 158.983609 8.972707 -0.343990 2.606638 0.000000 0.000000 0.000000 1.000000 0.000000 0.000000
18.000000 158.983620 9.382371 -0.176686 2.607294 0.000000 0.000000 0.000000 1.000000 0.000000 0.000000
18.000000 158.993619 8.887062 -0.343493 2.555737 0.000000 0.000000 0.000000 1.000000 0.000000 0.000000
18.000000 158.993694 9.297371 -0.179841 2.568997 0.000000 0.000000 0.000000 1.000000 0.000000 0.000000
18.000000 159.003270 8.499619 -0.375307 2.581274 0.000000 0.000000 0.000000 1.000000 0.000000 0.000000
18.000000 159.003526 8.792488 -0.351925 2.514642 0.000000 0.000000 0.000000 1.000000 0.000000 0.000000
18.000000 159.003612 9.210439 -0.186853 2.526354 0.000000 0.000000 0.000000 1.000000 0.000000 0.000000
18.000000 159.013314 8.399884 -0.376219 2.530003 0.000000 0.000000 0.000000 1.000000 0.000000 0.000000
18.000000 159.013808 9.537157 -0.390331 2.395454 0.000000 0.000000 0.000000 1.000000 0.000000 0.000000
18.000000 159.013851 9.116015 -0.187978 2.476319 0.000000 0.000000 0.000000 1.000000 0.000000 0.000000
18.000000 159.023371 8.344189 -0.378213 2.480426 0.000000 0.000000 0.000000 1.000000 0.000000 0.000000
18.000000 159.023520 8.609318 -0.349837 2.414791 0.000000 0.000000 0.000000 1.000000 0.000000 0.000000
18.000000 159.023632 9.021889 -0.185281 2.425285 0.000000 0.000000 0.000000 1.000000 0.000000 0.000000
18.000000 159.033722 9.331202 -0.383505 2.293874 0.000000 0.000000 0.000000 1.000000 0.000000 0.000000
18.000000 159.033745 8.895923 -0.170293 2.372593 0.000000 0.000000 0.000000 1.000000 0.000000 0.000000
18.000000 159.043417 8.154095 -0.383387 2.378399 0.000000 0.000000 0.000000 1.000000 0.000000 0.000000
18.000000 159.043627 9.250726 -0.389733 2.233709 0.000000 0.000000 0.000000 1.000000 0.000000 0.000000
18.000000 159.043866 8.805776 -0.171294 2.318664 0.000000 0.000000 0.000000 1.000000 0.000000 0.000000
18.000000 159.053736 8.324656 -0.345047 2.257142 0.000000 0.000000 0.000000 1.000000 0.000000 0.000000
18.000000 159.053768 8.726779 -0.181114 2.265640 0.000000 0.000000 0.000000 1.000000 0.000000 0.000000
18.000000 159.063456 7.998160 -0.386734 2.267259 0.000000 0.000000 0.000000 1.000000 0.000000 0.000000
18.000000 159.063541 8.240732 -0.339121 2.201433 0.000000 0.000000 0.000000 1.000000 0.000000 0.000000
18.000000 159.063624 8.623156 -0.181759 2.209081 0.000000 0.000000 0.000000 1.000000 0.000000 0.000000
18.000000 159.073588 8.139336 -0.341924 2.148898 0.000000 0.000000 0.000000 1.000000 0.000000 0.000000
18.000000 159.073741 8.525430 -0.180237 2.153072 0.000000 0.000000 0.000000 1.000000 0.000000 0.000000
18.000000 159.083585 8.074126 -0.339972 2.087025 0.000000 0.000000 0.000000 1.000000 0.000000 0.000000
18.000000 159.083682 8.437332 -0.183348 2.088524 0.000000 0.000000 0.000000 1.000000 0.000000 0.000000
18.000000 159.093616 7.946477 -0.336170 2.029350 0.000000 0.000000 0.000000 1.000000 0.000000 0.000000
18.000000 159.093717 8.326152 -0.172048 2.035694 0.000000 0.000000 0.000000 1.000000 0.000000 0.000000
18.000000 159.103497 7.708718 -0.392743 2.037135 0.000000 0.000000 0.000000 1.000000 0.000000 0.000000
18.000000 159.103674 8.674372 -0.385736 1.888052 0.000000 0.000000 0.000000 1.000000 0.000000 0.000000
18.000000 159.103731 8.260020 -0.174717 1.983682 0.000000 0.000000 0.000000 1.000000 0.000000 0.000000
18.000000 159.113717 8.580150 -0.391059 1.825207 0.000000 0.000000 0.000000 1.000000 0.000000 0.000000
18.000000 159.113806 8.162274 -0.176464 1.921413 0.000000 0.000000 0.000000 1.000000 0.000000 0.000000
18.000000 159.123663 7.692564 -0.336538 1.851727 0.000000 0.000000 0.000000 1.000000 0.000000 0.000000
18.000000 159.133715 7.607062 -0.332389 1.784141 0.000000 0.000000 0.000000 1.000000 0.000000 0.000000
18.000000 159.133811 7.954838 -0.177160 1.792179 0.000000 0.000000 0.000000 1.000000 0.000000 0.000000
18.000000 159.143459 7.411439 -0.405654 1.799280 0.000000 0.000000 0.000000 1.000000 0.000000 0.000000
18.000000 159.143654 7.575609 -0.315702 1.721516 0.000000 0.000000 0.000000 1.000000 0.000000 0.000000
18.000000 159.143682 7.882423 -0.166490 1.728491 0.000000 0.000000 0.000000 1.000000 0.000000 0.000000
18.000000 159.153740 7.497216 -0.321262 1.666183 0.000000 0.000000 0.000000 1.000000 0.000000 0.000000
18.000000 159.153815 7.805013 -0.174760 1.670823 0.000000 0.000000 0.000000 1.000000 0.000000 0.000000
18.000000 159.163545 7.262107 -0.408158 1.670776 0.000000 0.000000 0.000000 1.000000 0.000000 0.000000
18.000000 159.163644 8.099606 -0.384420 1.515150 0.000000 0.000000 0.000000 1.000000 0.000000 0.000000
18.000000 159.163687 7.709702 -0.175761 1.611487 0.000000 0.000000 0.000000 1.000000 0.000000 0.000000
18.000000 159.173697 7.309744 -0.319327 1.541498 0.000000 0.000000 0.000000 1.000000 0.000000 0.000000
18.000000 159.173771 7.617153 -0.172995 1.548622 0.000000 0.000000 0.000000 1.000000 0.000000 0.000000
18.000000 159.183497 7.107517 -0.410460 1.540498 0.000000 0.000000 0.000000 1.000000 0.000000 0.000000
18.000000 159.183675 7.230646 -0.313634 1.472926 0.000000 0.000000 0.000000 1.000000 0.000000 0.000000
18.000000 159.183703 7.518389 -0.168556 1.476210 0.000000 0.000000 0.000000 1.000000 0.000000 0.000000
18.000000 159.193715 7.160165 -0.313324 1.404653 0.000000 0.000000 0.000000 1.000000 0.000000 0.000000
18.000000 159.193740 7.438218 -0.169924 1.410171 0.000000 0.000000 0.000000 1.000000 0.000000 0.000000
18.000000 159.203556 6.946353 -0.419215 1.409928 0.000000 0.000000 0.000000 1.000000 0.000000 0.000000
18.000000 159.203630 7.065126 -0.319484 1.341565 0.000000 0.000000 0.000000 1.000000 0.000000 0.000000
18.000000 159.203795 7.348611 -0.174139 1.346475 0.000000 0.000000 0.000000 1.000000 0.000000 0.000000
18.000000 159.213743 6.973677 -0.310344 1.275662 0.000000 0.000000 0.000000 1.000000 0.000000 0.000000
18.000000 159.213950 7.249941 -0.163766 1.279851 0.000000 0.000000 0.000000 1.000000 0.000000 0.000000
18.000000 159.223502 6.771549 -0.418020 1.281890 0.000000 0.000000 0.000000 1.000000 0.000000 0.000000
18.000000 159.223609 6.880400 -0.306783 1.215179 0.000000 0.000000 0.000000 1.000000 0.000000 0.000000
18.000000 159.223744 7.153969 -0.161540 1.218465 0.000000 0.000000 0.000000 1.000000 0.000000 0.000000
18.000000 159.233455 6.676456 -0.422991 1.216278 0.000000 0.000000 0.000000 1.000000 0.000000 0.000000
18.000000 159.233830 7.449590 -0.386643 1.033584 0.000000 0.000000 0.000000 1.000000 0.000000 0.000000
18.000000 159.233984 7.063377 -0.168316 1.137793 0.000000 0.000000 0.000000 1.000000 0.000000 0.000000
18.000000 159.243701 7.360082 -0.385551 0.967763 0.000000 0.000000 0.000000 1.000000 0.000000 0.000000
18.000000 159.243731 6.967969 -0.161428 1.078670 0.000000 0.000000 0.000000 1.000000 0.000000 0.000000
18.000000 159.253792 7.270680 -0.385015 0.896634 0.000000 0.000000 0.000000 1.000000 0.000000 0.000000
18.000000 159.254488 6.884187 -0.160496 1.007573 0.000000 0.000000 0.000000 1.000000 0.000000 0.000000
18.000000 159.263553 6.470212 -0.431939 1.000254 0.000000 0.000000 0.000000 1.000000 0.000000 0.000000
18.000000 159.263799 7.184580 -0.387404 0.820485 0.000000 0.000000 0.000000 1.000000 0.000000 0.000000
18.000000 159.263805 6.794762 -0.161010 0.934979 0.000000 0.000000 0.000000 1.000000 0.000000 0.000000
18.000000 159.273736 6.489900 -0.297615 0.859048 0.000000 0.000000 0.000000 1.000000 0.000000 0.000000
18.000000 159.273963 6.709634 -0.159861 0.861138 0.000000 0.000000 0.000000 1.000000 0.000000 0.000000
18.000000 159.283460 6.315828 -0.438268 0.855187 0.000000 0.000000 0.000000 1.000000 0.000000 0.000000
18.000000 159.283694 6.383308 -0.292680 0.789004 0.000000 0.000000 0.000000 1.000000 0.000000 0.000000
18.000000 159.283727 6.599947 -0.149820 0.789564 0.000000 0.000000 0.000000 1.000000 0.000000 0.000000
18.000000 159.293662 6.337519 -0.293651 0.708147 0.000000 0.000000 0.000000 1.000000 0.000000 0.000000
18.000000 159.293862 6.535266 -0.158239 0.709601 0.000000 0.000000 0.000000 1.000000 0.000000 0.000000
18.000000 159.303675 6.257714 -0.291204 0.635760 0.000000 0.000000 0.000000 1.000000 0.000000 0.000000
18.000000 159.303843 6.447492 -0.157256 0.635942 0.000000 0.000000 0.000000 1.000000 0.000000 0.000000
18.000000 159.313718 6.179519 -0.285457 0.560713 0.000000 0.000000 0.000000 1.000000 0.000000 0.000000
18.000000 159.313885 6.363740 -0.151870 0.562706 0.000000 0.000000 0.000000 1.000000 0.000000 0.000000
18.000000 159.323529 6.033414 -0.445963 0.551215 0.000000 0.000000 0.000000 1.000000 0.000000 0.000000
18.000000 159.323678 6.096960 -0.286489 0.485887 0.000000 0.000000 0.000000 1.000000 0.000000 0.000000
18.000000 159.323834 6.270139 -0.154221 0.485262 0.000000 0.000000 0.000000 1.000000 0.000000 0.000000
18.000000 159.333831 6.542654 -0.383777 0.291800 0.000000 0.000000 0.000000 1.000000 0.000000 0.000000
18.000000 159.333894 6.161751 -0.144838 0.408539 0.000000 0.000000 0.000000 1.000000 0.000000 0.000000
18.000000 159.343659 5.936814 -0.273799 0.334091 0.000000 0.000000 0.000000 1.000000 0.000000 0.000000
18.000000 159.343749 6.083475 -0.140881 0.332908 0.000000 0.000000 0.000000 1.000000 0.000000 0.000000
18.000000 159.353664 5.885040 -0.277492 0.244962 0.000000 0.000000 0.000000 1.000000 0.000000 0.000000
18.000000 159.353917 6.020588 -0.152429 0.246418 0.000000 0.000000 0.000000 1.000000 0.000000 0.000000
18.000000 159.363570 5.744641 -0.455941 0.238128 0.000000 0.000000 0.000000 1.000000 0.000000 0.000000
18.000000 159.363670 5.795160 -0.275076 0.171864 0.000000 0.000000 0.000000 1.000000 0.000000 0.000000
18.000000 159.363844 5.925518 -0.145396 0.169678 0.000000 0.000000 0.000000 1.000000 0.000000 0.000000
18.000000 159.373769 5.728386 -0.274564 0.158137 0.000000 0.000000 0.000000 1.000000 0.000000 0.000000
18.000000 159.373861 5.864450 -0.148296 0.157833 0.000000 0.000000 0.000000 1.000000 0.000000 0.000000
18.000000 159.383824 6.191786 -0.387041 0.085552 0.000000 0.000000 0.000000 1.000000 0.000000 0.000000
18.000000 159.383883 5.830587 -0.151196 0.201198 0.000000 0.000000 0.000000 1.000000 0.000000 0.000000
18.000000 159.393488 5.642178 -0.464137 0.311056 0.000000 0.000000 0.000000 1.000000 0.000000 0.000000
18.000000 159.393747 5.619693 -0.278700 0.270147 0.000000 0.000000 0.000000 1.000000 0.000000 0.000000
18.000000 159.393987 5.767248 -0.144888 0.270198 0.000000 0.000000 0.000000 1.000000 0.000000 0.000000
18.000000 159.403526 5.588268 -0.467774 0.365843 0.000000 0.000000 0.000000 1.000000 0.000000 0.000000
18.000000 159.403942 6.101321 -0.394987 0.198532 0.000000 0.000000 0.000000 1.000000 0.000000 0.000000
18.000000 159.403998 5.736281 -0.155178 0.318872 0.000000 0.000000 0.000000 1.000000 0.000000 0.000000
18.000000 159.413480 5.520363 -0.474528 0.426282 0.000000 0.000000 0.000000 1.000000 0.000000 0.000000
18.000000 159.413826 5.535366 -0.293716 0.374070 0.000000 0.000000 0.000000 1.000000 0.000000 0.000000
18.000000 159.413945 5.691050 -0.162773 0.374686 0.000000 0.000000 0.000000 1.000000 0.000000 0.000000
18.000000 159.423542 5.469167 -0.474106 0.476435 0.000000 0.000000 0.000000 1.000000 0.000000 0.000000
18.000000 159.423774 5.479560 -0.298519 0.426096 0.000000 0.000000 0.000000 1.000000 0.000000 0.000000
18.000000 159.423865 5.651958 -0.163740 0.428626 0.000000 0.000000 0.000000 1.000000 0.000000 0.000000
18.000000 159.433691 5.436053 -0.303222 0.476503 0.000000 0.000000 0.000000 1.000000 0.000000 0.000000
18.000000 159.434014 5.605700 -0.169298 0.476917 0.000000 0.000000 0.000000 1.000000 0.000000 0.000000
18.000000 159.443586 5.366017 -0.481877 0.580405 0.000000 0.000000 0.000000 1.000000 0.000000 0.000000
18.000000 159.443750 5.358408 -0.305404 0.536334 0.000000 0.000000 0.000000 1.000000 0.000000 0.000000
18.000000 159.443818 5.551181 -0.165136 0.537857 0.000000 0.000000 0.000000 1.000000 0.000000 0.000000
18.000000 159.453801 5.325459 -0.313446 0.578903 0.000000 0.000000 0.000000 1.000000 0.000000 0.000000
18.000000 159.453914 5.522582 -0.173835 0.581255 0.000000 0.000000 0.000000 1.000000 0.000000 0.000000
18.000000 159.463721 4.330319 -0.499865 0.476715 0.000000 0.000000 0.000000 1.000000 0.000000 0.000000
18.000000 159.463775 5.280982 -0.312924 0.625850 0.000000 0.000000 0.000000 1.000000 0.000000 0.000000
18.000000 159.463982 5.835829 -0.411937 0.502960 0.000000 0.000000 0.000000 1.000000 0.000000 0.000000
18.000000 159.473809 5.229543 -0.324415 0.671066 0.000000 0.000000 0.000000 1.000000 0.000000 0.000000
18.000000 159.473913 5.441089 -0.183298 0.672915 0.000000 0.000000 0.000000 1.000000 0.000000 0.000000
18.000000 159.483843 5.173020 -0.330237 0.717942 0.000000 0.000000 0.000000 1.000000 0.000000 0.000000
18.000000 159.483904 5.393616 -0.185607 0.718427 0.000000 0.000000 0.000000 1.000000 0.000000 0.000000
18.000000 159.493897 5.135402 -0.316075 0.754999 0.000000 0.000000 0.000000 1.000000 0.000000 0.000000
18.000000 159.493904 5.341051 -0.168282 0.759158 0.000000 0.000000 0.000000 1.000000 0.000000 0.000000
18.000000 159.503848 5.039283 -0.498167 0.865550 0.000000 0.000000 0.000000 1.000000 0.000000 0.000000
18.000000 159.503986 5.668915 -0.429731 0.684755 0.000000 0.000000 0.000000 1.000000 0.000000 0.000000
18.000000 159.506779 5.310546 -0.190813 0.812834 0.000000 0.000000 0.000000 1.000000 0.000000 0.000000
18.000000 159.513938 5.019774 -0.340573 0.852573 0.000000 0.000000 0.000000 1.000000 0.000000 0.000000
18.000000 159.514102 5.268414 -0.193846 0.855635 0.000000 0.000000 0.000000 1.000000 0.000000 0.000000
18.000000 159.523828 4.975990 -0.340606 0.888555 0.000000 0.000000 0.000000 1.000000 0.000000 0.000000
18.000000 159.523891 5.222188 -0.193600 0.893577 0.000000 0.000000 0.000000 1.000000 0.000000 0.000000
18.000000 159.533891 4.940561 -0.340910 0.925383 0.000000 0.000000 0.000000 1.000000 0.000000 0.000000
18.000000 159.533956 5.175114 -0.190430 0.924476 0.000000 0.000000 0.000000 1.000000 0.000000 0.000000
18.000000 159.543839 4.918715 -0.337285 0.951387 0.000000 0.000000 0.000000 1.000000 0.000000 0.000000
18.000000 159.543906 5.509874 -0.444325 0.837791 0.000000 0.000000 0.000000 1.000000 0.000000 0.000000
18.000000 159.553912 5.473917 -0.450913 0.871237 0.000000 0.000000 0.000000 1.000000 0.000000 0.000000
18.000000 159.553934 5.111199 -0.208721 1.002196 0.000000 0.000000 0.000000 1.000000 0.000000 0.000000
18.000000 159.563659 4.727710 -0.515614 1.105692 0.000000 0.000000 0.000000 1.000000 0.000000 0.000000
18.000000 159.563856 5.425078 -0.449849 0.910032 0.000000 0.000000 0.000000 1.000000 0.000000 0.000000
18.000000 159.563856 5.061246 -0.204860 1.039052 0.000000 0.000000 0.000000 1.000000 0.000000 0.000000
18.000000 159.573947 5.381878 -0.458045 0.949421 0.000000 0.000000 0.000000 1.000000 0.000000 0.000000
18.000000 159.574074 5.030553 -0.217920 1.076713 0.000000 0.000000 0.000000 1.000000 0.000000 0.000000
18.000000 159.583577 4.635572 -0.524960 1.176947 0.000000 0.000000 0.000000 1.000000 0.000000 0.000000
18.000000 159.583786 4.699717 -0.368651 1.114155 0.000000 0.000000 0.000000 1.000000 0.000000 0.000000
18.000000 159.583865 4.981450 -0.216094 1.113702 0.000000 0.000000 0.000000 1.000000 0.000000 0.000000
18.000000 159.593710 4.658950 -0.366791 1.144388 0.000000 0.000000 0.000000 1.000000 0.000000 0.000000
18.000000 159.593939 4.937602 -0.214806 1.145672 0.000000 0.000000 0.000000 1.000000 0.000000 0.000000
18.000000 159.603660 4.512092 -0.524864 1.246361 0.000000 0.000000 0.000000 1.000000 0.000000 0.000000
18.000000 159.603787 4.594465 -0.377287 1.180209 0.000000 0.000000 0.000000 1.000000 0.000000 0.000000
18.000000 159.603888 4.891460 -0.226259 1.185184 0.000000 0.000000 0.000000 1.000000 0.000000 0.000000
18.000000 159.611194 5.249490 -0.578362 1.219448 0.000000 0.000000 0.000000 1.000000 0.000000 0.000000
18.000000 159.613880 4.568250 -0.379643 1.206100 0.000000 0.000000 0.000000 1.000000 0.000000 0.000000
18.000000 159.613961 4.862733 -0.229964 1.213261 0.000000 0.000000 0.000000 1.000000 0.000000 0.000000
18.000000 159.623657 4.427208 -0.535717 1.307050 0.000000 0.000000 0.000000 1.000000 0.000000 0.000000
18.000000 159.623875 5.171699 -0.475203 1.113607 0.000000 0.000000 0.000000 1.000000 0.000000 0.000000
18.000000 159.623910 4.814070 -0.228533 1.248770 0.000000 0.000000 0.000000 1.000000 0.000000 0.000000
18.000000 159.633869 4.464289 -0.390707 1.272915 0.000000 0.000000 0.000000 1.000000 0.000000 0.000000
18.000000 159.634022 4.783898 -0.236922 1.281067 0.000000 0.000000 0.000000 1.000000 0.000000 0.000000
18.000000 159.643851 4.313740 -0.542415 1.370562 0.000000 0.000000 0.000000 1.000000 0.000000 0.000000
18.000000 159.643910 5.131522 -0.488974 1.156324 0.000000 0.000000 0.000000 1.000000 0.000000 0.000000
18.000000 159.653832 4.363355 -0.397260 1.327382 0.000000 0.000000 0.000000 1.000000 0.000000 0.000000
18.000000 159.654149 4.706535 -0.232805 1.328355 0.000000 0.000000 0.000000 1.000000 0.000000 0.000000
18.000000 159.663669 4.208256 -0.546600 1.424619 0.000000 0.000000 0.000000 1.000000 0.000000 0.000000
18.000000 159.663822 4.311962 -0.399390 1.352969 0.000000 0.000000 0.000000 1.000000 0.000000 0.000000
18.000000 159.664110 4.646862 -0.242401 1.359791 0.000000 0.000000 0.000000 1.000000 0.000000 0.000000
18.000000 159.673897 4.264462 -0.401999 1.378861 0.000000 0.000000 0.000000 1.000000 0.000000 0.000000
18.000000 159.674015 4.604420 -0.242166 1.385659 0.000000 0.000000 0.000000 1.000000 0.000000 0.000000
18.000000 159.683932 4.929448 -0.492102 1.264352 0.000000 0.000000 0.000000 1.000000 0.000000 0.000000
18.000000 159.693958 4.148183 -0.395662 1.430447 0.000000 0.000000 0.000000 1.000000 0.000000 0.000000
18.000000 159.694078 4.516696 -0.219738 1.434241 0.000000 0.000000 0.000000 1.000000 0.000000 0.000000
18.000000 159.703947 4.101986 -0.416730 1.454724 0.000000 0.000000 0.000000 1.000000 0.000000 0.000000
18.000000 159.703969 4.491690 -0.245063 1.465904 0.000000 0.000000 0.000000 1.000000 0.000000 0.000000
18.000000 159.714023 4.806339 -0.505068 1.328154 0.000000 0.000000 0.000000 1.000000 0.000000 0.000000
18.000000 159.714041 4.460292 -0.247456 1.484588 0.000000 0.000000 0.000000 1.000000 0.000000 0.000000
18.000000 159.723983 4.766429 -0.508501 1.348094 0.000000 0.000000 0.000000 1.000000 0.000000 0.000000
18.000000 159.723999 4.420747 -0.250055 1.503367 0.000000 0.000000 0.000000 1.000000 0.000000 0.000000
18.000000 159.734028 3.967428 -0.424449 1.520097 0.000000 0.000000 0.000000 1.000000 0.000000 0.000000
18.000000 159.734041 4.353892 -0.255490 1.518145 0.000000 0.000000 0.000000 1.000000 0.000000 0.000000
18.000000 159.743644 3.791030 -0.572535 1.613746 0.000000 0.000000 0.000000 1.000000 0.000000 0.000000
18.000000 159.744004 4.675803 -0.514586 1.396725 0.000000 0.000000 0.000000 1.000000 0.000000 0.000000
18.000000 159.744011 4.313786 -0.250937 1.538372 0.000000 0.000000 0.000000 1.000000 0.000000 0.000000
18.000000 159.754058 3.903976 -0.431003 1.544686 0.000000 0.000000 0.000000 1.000000 0.000000 0.000000
18.000000 159.754284 4.288655 -0.263672 1.552047 0.000000 0.000000 0.000000 1.000000 0.000000 0.000000
18.000000 159.763988 3.842679 -0.435592 1.566991 0.000000 0.000000 0.000000 1.000000 0.000000 0.000000
18.000000 159.764203 4.244730 -0.262934 1.567260 0.000000 0.000000 0.000000 1.000000 0.000000 0.000000
18.000000 159.774007 3.807186 -0.438653 1.579828 0.000000 0.000000 0.000000 1.000000 0.000000 0.000000
18.000000 159.774103 4.200501 -0.267191 1.579060 0.000000 0.000000 0.000000 1.000000 0.000000 0.000000
18.000000 159.783928 3.749033 -0.434975 1.593942 0.000000 0.000000 0.000000 1.000000 0.000000 0.000000
18.000000 159.783939 4.142936 -0.264239 1.595622 0.000000 0.000000 0.000000 1.000000 0.000000 0.000000
18.000000 159.793968 3.721637 -0.445591 1.600248 0.000000 0.000000 0.000000 1.000000 0.000000 0.000000
18.000000 159.794205 4.121166 -0.272223 1.603172 0.000000 0.000000 0.000000 1.000000 0.000000 0.000000
18.000000 159.803956 4.432432 -0.530720 1.470700 0.000000 0.000000 0.000000 1.000000 0.000000 0.000000
18.000000 159.804014 4.074327 -0.270617 1.623572 0.000000 0.000000 0.000000 1.000000 0.000000 0.000000
18.000000 159.814103 4.398926 -0.537369 1.480456 0.000000 0.000000 0.000000 1.000000 0.000000 0.000000
18.000000 159.814162 4.041733 -0.278010 1.634307 0.000000 0.000000 0.000000 1.000000 0.000000 0.000000
18.000000 159.823994 4.356622 -0.541836 1.487842 0.000000 0.000000 0.000000 1.000000 0.000000 0.000000
18.000000 159.824038 3.998538 -0.280313 1.642944 0.000000 0.000000 0.000000 1.000000 0.000000 0.000000
18.000000 159.834027 4.305752 -0.543921 1.497129 0.000000 0.000000 0.000000 1.000000 0.000000 0.000000
18.000000 159.834033 3.945291 -0.277021 1.645913 0.000000 0.000000 0.000000 1.000000 0.000000 0.000000
18.000000 159.843813 3.326898 -0.599650 1.751267 0.000000 0.000000 0.000000 1.000000 0.000000 0.000000
18.000000 159.843980 3.467679 -0.450144 1.663628 0.000000 0.000000 0.000000 1.000000 0.000000 0.000000
18.000000 159.844001 3.888591 -0.268491 1.664667 0.000000 0.000000 0.000000 1.000000 0.000000 0.000000
18.000000 159.854067 3.456161 -0.459603 1.660573 0.000000 0.000000 0.000000 1.000000 0.000000 0.000000
18.000000 159.854117 3.873637 -0.287208 1.663477 0.000000 0.000000 0.000000 1.000000 0.000000 0.000000
18.000000 159.864044 3.410632 -0.467643 1.667765 0.000000 0.000000 0.000000 1.000000 0.000000 0.000000
18.000000 159.864058 3.840652 -0.293797 1.670169 0.000000 0.000000 0.000000 1.000000 0.000000 0.000000
18.000000 159.873990 3.363840 -0.469049 1.674994 0.000000 0.000000 0.000000 1.000000 0.000000 0.000000
18.000000 159.874118 3.787633 -0.295489 1.675680 0.000000 0.000000 0.000000 1.000000 0.000000 0.000000
18.000000 159.883854 3.152394 -0.613950 1.768998 0.000000 0.000000 0.000000 1.000000 0.000000 0.000000
18.000000 159.883976 4.098889 -0.557727 1.520891 0.000000 0.000000 0.000000 1.000000 0.000000 0.000000
18.000000 159.884001 3.744656 -0.289478 1.668155 0.000000 0.000000 0.000000 1.000000 0.000000 0.000000
18.000000 159.893964 3.284646 -0.468500 1.677192 0.000000 0.000000 0.000000 1.000000 0.000000 0.000000
18.000000 159.894103 3.723162 -0.286824 1.682697 0.000000 0.000000 0.000000 1.000000 0.000000 0.000000
18.000000 159.903786 3.076847 -0.621797 1.775083 0.000000 0.000000 0.000000 1.000000 0.000000 0.000000
18.000000 159.904030 4.033088 -0.567791 1.523426 0.000000 0.000000 0.000000 1.000000 0.000000 0.000000
18.000000 159.906605 3.680508 -0.303375 1.684281 0.000000 0.000000 0.000000 1.000000 0.000000 0.000000
18.000000 159.913995 3.201522 -0.480820 1.680480 0.000000 0.000000 0.000000 1.000000 0.000000 0.000000
18.000000 159.914206 3.638802 -0.302238 1.679411 0.000000 0.000000 0.000000 1.000000 0.000000 0.000000
18.000000 159.923854 2.990282 -0.629211 1.778634 0.000000 0.000000 0.000000 1.000000 0.000000 0.000000
18.000000 159.923955 3.166547 -0.481896 1.682266 0.000000 0.000000 0.000000 1.000000 0.000000 0.000000
18.000000 159.924076 3.600128 -0.303839 1.681455 0.000000 0.000000 0.000000 1.000000 0.000000 0.000000
18.000000 159.934089 3.116255 -0.471647 1.680964 0.000000 0.000000 0.000000 1.000000 0.000000 0.000000
18.000000 159.934192 3.536015 -0.289268 1.677488 0.000000 0.000000 0.000000 1.000000 0.000000 0.000000
18.000000 159.944012 3.103450 -0.472237 1.666619 0.000000 0.000000 0.000000 1.000000 0.000000 0.000000
18.000000 159.944095 3.509279 -0.291958 1.668378 0.000000 0.000000 0.000000 1.000000 0.000000 0.000000
18.000000 159.954125 3.843917 -0.584700 1.509712 0.000000 0.000000 0.000000 1.000000 0.000000 0.000000
18.000000 159.954966 3.487363 -0.310363 1.674142 0.000000 0.000000 0.000000 1.000000 0.000000 0.000000
18.000000 159.963977 2.850857 -0.644880 1.763457 0.000000 0.000000 0.000000 1.000000 0.000000 0.000000
18.000000 159.964015 3.792698 -0.587233 1.511568 0.000000 0.000000 0.000000 1.000000 0.000000 0.000000
18.000000 159.965237 3.444405 -0.315448 1.673565 0.000000 0.000000 0.000000 1.000000 0.000000 0.000000
18.000000 159.973954 2.973477 -0.493831 1.664127 0.000000 0.000000 0.000000 1.000000 0.000000 0.000000
18.000000 159.974265 3.415759 -0.315005 1.669396 0.000000 0.000000 0.000000 1.000000 0.000000 0.000000
18.000000 159.983865 2.794028 -0.648679 1.752258 0.000000 0.000000 0.000000 1.000000 0.000000 0.000000
18.000000 159.984171 2.939465 -0.485516 1.657348 0.000000 0.000000 0.000000 1.000000 0.000000 0.000000
18.000000 159.994043 2.863992 -0.490042 1.655906 0.000000 0.000000 0.000000 1.000000 0.000000 0.000000
18.000000 160.003792 2.699690 -0.659078 1.742674 0.000000 0.000000 0.000000 1.000000 0.000000 0.000000
18.000000 160.003943 2.853486 -0.502467 1.647760 0.000000 0.000000 0.000000 1.000000 0.000000 0.000000
18.000000 160.014479 2.821970 -0.503616 1.632109 0.000000 0.000000 0.000000 1.000000 0.000000 0.000000
18.000000 160.024040 2.782288 -0.503513 1.625814 0.000000 0.000000 0.000000 1.000000 0.000000 0.000000
18.000000 160.034032 2.772320 -0.495911 1.599087 0.000000 0.000000 0.000000 1.000000 0.000000 0.000000
18.000000 160.043929 2.567025 -0.672969 1.697949 0.000000 0.000000 0.000000 1.000000 0.000000 0.000000
18.000000 160.044009 2.679800 -0.497958 1.605247 0.000000 0.000000 0.000000 1.000000 0.000000 0.000000
18.000000 160.054951 2.674524 -0.509392 1.587088 0.000000 0.000000 0.000000 1.000000 0.000000 0.000000
18.000000 160.063885 2.492359 -0.682072 1.671626 0.000000 0.000000 0.000000 1.000000 0.000000 0.000000
18.000000 160.063937 2.627273 -0.513832 1.575016 0.000000 0.000000 0.000000 1.000000 0.000000 0.000000
18.000000 160.073970 2.608752 -0.512548 1.555250 0.000000 0.000000 0.000000 1.000000 0.000000 0.000000
18.000000 160.083916 2.436806 -0.686243 1.641975 0.000000 0.000000 0.000000 1.000000 0.000000 0.000000
18.000000 160.084363 2.571026 -0.507008 1.539915 0.000000 0.000000 0.000000 1.000000 0.000000 0.000000
18.000000 160.094089 2.535496 -0.508474 1.519207 0.000000 0.000000 0.000000 1.000000 0.000000 0.000000
18.000000 160.103862 2.376552 -0.693054 1.600454 0.000000 0.000000 0.000000 1.000000 0.000000 0.000000
18.000000 160.104127 2.506657 -0.519283 1.500568 0.000000 0.000000 0.000000 1.000000 0.000000 0.000000
18.000000 160.113822 2.356662 -0.698673 1.582628 0.000000 0.000000 0.000000 1.000000 0.000000 0.000000
18.000000 160.114601 2.471921 -0.517897 1.485563 0.000000 0.000000 0.000000 1.000000 0.000000 0.000000
18.000000 160.123915 2.318967 -0.702251 1.563487 0.000000 0.000000 0.000000 1.000000 0.000000 0.000000
18.000000 160.124133 2.437811 -0.521063 1.464817 0.000000 0.000000 0.000000 1.000000 0.000000 0.000000
18.000000 160.134356 2.371821 -0.528386 1.460448 0.000000 0.000000 0.000000 1.000000 0.000000 0.000000
18.000000 160.144164 2.355132 -0.523388 1.426075 0.000000 0.000000 0.000000 1.000000 0.000000 0.000000
18.000000 160.154297 2.336385 -0.523375 1.399231 0.000000 0.000000 0.000000 1.000000 0.000000 0.000000
18.000000 160.163910 2.194650 -0.722774 1.477098 0.000000 0.000000 0.000000 1.000000 0.000000 0.000000
18.000000 160.164167 2.303277 -0.526732 1.374687 0.000000 0.000000 0.000000 1.000000 0.000000 0.000000
18.000000 160.173819 2.199666 -0.732629 1.442168 0.000000 0.000000 0.000000 1.000000 0.000000 0.000000
18.000000 160.174122 2.278993 -0.523828 1.345614 0.000000 0.000000 0.000000 1.000000 0.000000 0.000000
18.000000 160.194108 2.210257 -0.529919 1.288763 0.000000 0.000000 0.000000 1.000000 0.000000 0.000000
18.000000 160.203946 2.138948 -0.742301 1.354967 0.000000 0.000000 0.000000 1.000000 0.000000 0.000000
18.000000 160.204152 2.190706 -0.527924 1.266397 0.000000 0.000000 0.000000 1.000000 0.000000 0.000000
18.000000 160.214145 2.149541 -0.526647 1.233387 0.000000 0.000000 0.000000 1.000000 0.000000 0.000000
18.000000 160.224413 2.135649 -0.543323 1.196630 0.000000 0.000000 0.000000 1.000000 0.000000 0.000000
18.000000 160.234168 2.071204 -0.532860 1.179496 0.000000 0.000000 0.000000 1.000000 0.000000 0.000000
18.000000 160.243848 2.012010 -0.754710 1.236709 0.000000 0.000000 0.000000 1.000000 0.000000 0.000000
18.000000 160.244188 2.092557 -0.530648 1.131688 0.000000 0.000000 0.000000 1.000000 0.000000 0.000000
18.000000 160.254126 2.071769 -0.543069 1.095228 0.000000 0.000000 0.000000 1.000000 0.000000 0.000000
18.000000 160.263955 1.999996 -0.769742 1.150230 0.000000 0.000000 0.000000 1.000000 0.000000 0.000000
18.000000 160.264118 2.037304 -0.547965 1.064065 0.000000 0.000000 0.000000 1.000000 0.000000 0.000000
18.000000 160.274403 2.009425 -0.545446 1.027637 0.000000 0.000000 0.000000 1.000000 0.000000 0.000000
18.000000 160.284030 1.937208 -0.769494 1.082691 0.000000 0.000000 0.000000 1.000000 0.000000 0.000000
18.000000 160.284218 1.966141 -0.541957 0.998253 0.000000 0.000000 0.000000 1.000000 0.000000 0.000000
18.000000 160.293860 1.879977 -0.766727 1.053683 0.000000 0.000000 0.000000 1.000000 0.000000 0.000000
18.000000 160.294200 1.954405 -0.534963 0.948141 0.000000 0.000000 0.000000 1.000000 0.000000 0.000000
18.000000 160.304098 1.916086 -0.542981 0.925847 0.000000 0.000000 0.000000 1.000000 0.000000 0.000000
18.000000 160.311538 0.398296 -0.843797 0.739387 0.000000 0.000000 0.000000 1.000000 0.000000 0.000000
18.000000 160.321587 0.436201 -0.852399 0.697745 0.000000 0.000000 0.000000 1.000000 0.000000 0.000000
18.000000 160.344162 0.238404 -0.852024 0.586482 0.000000 0.000000 0.000000 1.000000 0.000000 0.000000
18.000000 160.351452 0.202995 -0.857678 0.560956 0.000000 0.000000 0.000000 1.000000 0.000000 0.000000
18.000000 160.364114 0.079817 -0.856742 0.469208 0.000000 0.000000 0.000000 1.000000 0.000000 0.000000
18.000000 160.371556 -0.006021 -0.875450 0.430352 0.000000 0.000000 0.000000 1.000000 0.000000 0.000000
18.000000 160.384075 -0.013757 -0.892975 0.367665 0.000000 0.000000 0.000000 1.000000 0.000000 0.000000
18.000000 160.391461 0.008174 -0.886425 0.347583 0.000000 0.000000 0.000000 1.000000 0.000000 0.000000
18.000000 160.404058 0.094873 -0.878060 0.288751 0.000000 0.000000 0.000000 1.000000 0.000000 0.000000
18.000000 160.411551 0.049602 -0.887190 0.264722 0.000000 0.000000 0.000000 1.000000 0.000000 0.000000
18.000000 160.424101 -0.132992 -0.900708 0.170111 0.000000 0.000000 0.000000 1.000000 0.000000 0.000000
18.000000 160.431544 -0.061791 -0.884012 0.158524 0.000000 0.000000 0.000000 1.000000 0.000000 0.000000
18.000000 160.444108 -0.425285 -0.912952 0.035067 0.000000 0.000000 0.000000 1.000000 0.000000 0.000000
18.000000 160.451600 -0.342773 -0.897337 0.020951 0.000000 0.000000 0.000000 1.000000 0.000000 0.000000
18.000000 160.464098 -0.260994 -0.921507 -0.048276 0.000000 0.000000 0.000000 1.000000 0.000000 0.000000
18.000000 160.471636 -0.317752 -0.932288 -0.039344 0.000000 0.000000 0.000000 1.000000 0.000000 0.000000
18.000000 160.484177 -0.581146 -0.912948 0.008837 0.000000 0.000000 0.000000 1.000000 0.000000 0.000000
18.000000 160.491611 -0.609132 -0.914171 0.023142 0.000000 0.000000 0.000000 1.000000 0.000000 0.000000
18.000000 160.504322 -0.739063 -0.940702 0.061552 0.000000 0.000000 0.000000 1.000000 0.000000 0.000000
18.000000 160.511606 -0.691846 -0.924322 0.084106 0.000000 0.000000 0.000000 1.000000 0.000000 0.000000
18.000000 160.524127 -0.767808 -0.940185 0.138484 0.000000 0.000000 0.000000 1.000000 0.000000 0.000000
18.000000 160.534150 -0.837733 -0.952086 0.151389 0.000000 0.000000 0.000000 1.000000 0.000000 0.000000
18.000000 160.544153 -0.806336 -0.930659 0.196726 0.000000 0.000000 0.000000 1.000000 0.000000 0.000000
18.000000 160.551696 -0.880599 -0.941207 0.207142 0.000000 0.000000 0.000000 1.000000 0.000000 0.000000
18.000000 160.561666 -0.942143 -0.967794 0.240737 0.000000 0.000000 0.000000 1.000000 0.000000 0.000000
18.000000 160.571596 -0.944221 -0.962282 0.274744 0.000000 0.000000 0.000000 1.000000 0.000000 0.000000
18.000000 160.584172 -0.925996 -0.948558 0.330098 0.000000 0.000000 0.000000 1.000000 0.000000 0.000000
18.000000 160.591649 -0.999287 -0.957676 0.349783 0.000000 0.000000 0.000000 1.000000 0.000000 0.000000
18.000000 160.601656 -1.138251 -0.971682 0.347785 0.000000 0.000000 0.000000 1.000000 0.000000 0.000000
18.000000 160.604140 -0.958441 -0.974104 0.386232 0.000000 0.000000 0.000000 1.000000 0.000000 0.000000
18.000000 160.611593 -1.004129 -0.980210 0.394917 0.000000 0.000000 0.000000 1.000000 0.000000 0.000000
18.000000 160.624195 -1.102153 -0.984918 0.430360 0.000000 0.000000 0.000000 1.000000 0.000000 0.000000
18.000000 160.631623 -1.090643 -0.978222 0.442699 0.000000 0.000000 0.000000 1.000000 0.000000 0.000000
18.000000 160.641677 -1.279332 -0.971155 0.447788 0.000000 0.000000 0.000000 1.000000 0.000000 0.000000
18.000000 160.664202 -1.158948 -0.975733 0.526859 0.000000 0.000000 0.000000 1.000000 0.000000 0.000000
18.000000 160.671591 -1.339183 -1.017801 0.509131 0.000000 0.000000 0.000000 1.000000 0.000000 0.000000
18.000000 160.681630 -1.266682 -0.998254 0.542353 0.000000 0.000000 0.000000 1.000000 0.000000 0.000000
18.000000 160.691661 -1.454906 -0.991657 0.551921 0.000000 0.000000 0.000000 1.000000 0.000000 0.000000
18.000000 160.701707 -1.605507 -1.008407 0.541662 0.000000 0.000000 0.000000 1.000000 0.000000 0.000000
18.000000 160.711662 -1.450136 -1.023600 0.580414 0.000000 0.000000 0.000000 1.000000 0.000000 0.000000
18.000000 160.724312 -1.671725 -1.005478 0.588000 0.000000 0.000000 0.000000 1.000000 0.000000 0.000000
18.000000 160.744289 -1.687823 -0.996226 0.620796 0.000000 0.000000 0.000000 1.000000 0.000000 0.000000
18.000000 160.754282 -1.592973 -1.015987 0.641860 0.000000 0.000000 0.000000 1.000000 0.000000 0.000000
18.000000 160.764338 -1.585490 -1.008294 0.658940 0.000000 0.000000 0.000000 1.000000 0.000000 0.000000
18.000000 160.774253 -1.678966 -1.026172 0.655892 0.000000 0.000000 0.000000 1.000000 0.000000 0.000000
18.000000 160.784382 -1.931750 -1.021519 0.631628 0.000000 0.000000 0.000000 1.000000 0.000000 0.000000
18.000000 160.794219 -1.874532 -1.005975 0.650952 0.000000 0.000000 0.000000 1.000000 0.000000 0.000000
18.000000 160.804307 -1.911700 -1.027774 0.664242 0.000000 0.000000 0.000000 1.000000 0.000000 0.000000
18.000000 160.814296 -1.827314 -1.036501 0.664469 0.000000 0.000000 0.000000 1.000000 0.000000 0.000000
18.000000 160.821779 -1.829248 -1.036128 0.666896 0.000000 0.000000 0.000000 1.000000 0.000000 0.000000
18.000000 160.824342 -2.022943 -1.022914 0.651650 0.000000 0.000000 0.000000 1.000000 0.000000 0.000000
18.000000 160.831577 -2.058274 -1.028257 0.658120 0.000000 0.000000 0.000000 1.000000 0.000000 0.000000
18.000000 160.834272 -2.088405 -1.030333 0.645192 0.000000 0.000000 0.000000 1.000000 0.000000 0.000000
18.000000 160.841860 -2.130922 -1.037238 0.649219 0.000000 0.000000 0.000000 1.000000 0.000000 0.000000
18.000000 160.844361 -2.189492 -1.033694 0.642861 0.000000 0.000000 0.000000 1.000000 0.000000 0.000000
18.000000 160.851749 -2.225070 -1.042700 0.637955 0.000000 0.000000 0.000000 1.000000 0.000000 0.000000
18.000000 160.854257 -2.149556 -1.042002 0.658280 0.000000 0.000000 0.000000 1.000000 0.000000 0.000000
18.000000 160.861839 -2.171222 -1.046761 0.657290 0.000000 0.000000 0.000000 1.000000 0.000000 0.000000
18.000000 160.864340 -2.181794 -1.046504 0.655255 0.000000 0.000000 0.000000 1.000000 0.000000 0.000000
18.000000 160.871775 -2.248090 -1.062462 0.648318 0.000000 0.000000 0.000000 1.000000 0.000000 0.000000
18.000000 160.874520 -2.289192 -1.060044 0.643915 0.000000 0.000000 0.000000 1.000000 0.000000 0.000000
18.000000 160.882011 -2.286913 -1.058439 0.647022 0.000000 0.000000 0.000000 1.000000 0.000000 0.000000
18.000000 160.884332 -2.379809 -1.058124 0.625222 0.000000 0.000000 0.000000 1.000000 0.000000 0.000000
18.000000 160.891889 -2.386689 -1.060633 0.622413 0.000000 0.000000 0.000000 1.000000 0.000000 0.000000
18.000000 160.894279 -2.376412 -1.059577 0.627248 0.000000 0.000000 0.000000 1.000000 0.000000 0.000000
18.000000 160.902024 -2.374236 -1.061002 0.622391 0.000000 0.000000 0.000000 1.000000 0.000000 0.000000
18.000000 160.904346 -2.324604 -1.060188 0.637143 0.000000 0.000000 0.000000 1.000000 0.000000 0.000000
18.000000 160.911804 -2.322728 -1.061210 0.632878 0.000000 0.000000 0.000000 1.000000 0.000000 0.000000
18.000000 160.914282 -2.439342 -1.058510 0.609437 0.000000 0.000000 0.000000 1.000000 0.000000 0.000000
18.000000 160.921849 -2.493406 -1.071147 0.604673 0.000000 0.000000 0.000000 1.000000 0.000000 0.000000
18.000000 160.924392 -2.444616 -1.077689 0.601219 0.000000 0.000000 0.000000 1.000000 0.000000 0.000000
18.000000 160.931814 -2.404498 -1.072403 0.593925 0.000000 0.000000 0.000000 1.000000 0.000000 0.000000
18.000000 160.944355 -2.528497 -1.074997 0.556490 0.000000 0.000000 0.000000 1.000000 0.000000 0.000000
18.000000 160.951830 -2.581722 -1.085082 0.558528 0.000000 0.000000 0.000000 1.000000 0.000000 0.000000
18.000000 160.954337 -2.548340 -1.088041 0.559649 0.000000 0.000000 0.000000 1.000000 0.000000 0.000000
18.000000 160.961892 -2.541473 -1.086823 0.559231 0.000000 0.000000 0.000000 1.000000 0.000000 0.000000
18.000000 160.964372 -2.649968 -1.080311 0.547945 0.000000 0.000000 0.000000 1.000000 0.000000 0.000000
18.000000 160.971834 -2.623235 -1.075532 0.546175 0.000000 0.000000 0.000000 1.000000 0.000000 0.000000
18.000000 160.974343 -2.542555 -1.083982 0.545501 0.000000 0.000000 0.000000 1.000000 0.000000 0.000000
18.000000 160.981880 -2.587399 -1.098977 0.529145 0.000000 0.000000 0.000000 1.000000 0.000000 0.000000
18.000000 160.984418 -2.761351 -1.091227 0.504262 0.000000 0.000000 0.000000 1.000000 0.000000 0.000000
18.000000 160.991849 -2.700959 -1.078995 0.504192 0.000000 0.000000 0.000000 1.000000 0.000000 0.000000
18.000000 160.994457 -2.760193 -1.080696 0.483919 0.000000 0.000000 0.000000 1.000000 0.000000 0.000000
18.000000 161.002045 -2.816261 -1.092892 0.481009 0.000000 0.000000 0.000000 1.000000 0.000000 0.000000
18.000000 161.004421 -2.839843 -1.088499 0.486122 0.000000 0.000000 0.000000 1.000000 0.000000 0.000000
18.000000 161.011778 -2.833350 -1.094196 0.463335 0.000000 0.000000 0.000000 1.000000 0.000000 0.000000
18.000000 161.014357 -2.878402 -1.094596 0.448576 0.000000 0.000000 0.000000 1.000000 0.000000 0.000000
18.000000 161.021829 -2.929678 -1.108378 0.437670 0.000000 0.000000 0.000000 1.000000 0.000000 0.000000
18.000000 161.024431 -2.994832 -1.109100 0.416736 0.000000 0.000000 0.000000 1.000000 0.000000 0.000000
18.000000 161.031836 -2.916125 -1.089355 0.428377 0.000000 0.000000 0.000000 1.000000 0.000000 0.000000
18.000000 161.044471 -3.021832 -1.096175 0.372824 0.000000 0.000000 0.000000 1.000000 0.000000 0.000000
18.000000 161.051900 -3.085423 -1.114558 0.355879 0.000000 0.000000 0.000000 1.000000 0.000000 0.000000
18.000000 161.054406 -3.091713 -1.113465 0.357533 0.000000 0.000000 0.000000 1.000000 0.000000 0.000000
18.000000 161.061900 -3.067099 -1.106623 0.363465 0.000000 0.000000 0.000000 1.000000 0.000000 0.000000
18.000000 161.064451 -3.123559 -1.108463 0.342822 0.000000 0.000000 0.000000 1.000000 0.000000 0.000000
18.000000 161.071874 -3.140384 -1.118603 0.322127 0.000000 0.000000 0.000000 1.000000 0.000000 0.000000
18.000000 161.074372 -3.205901 -1.121172 0.296110 0.000000 0.000000 0.000000 1.000000 0.000000 0.000000
18.000000 161.081881 -3.148904 -1.110674 0.293517 0.000000 0.000000 0.000000 1.000000 0.000000 0.000000
18.000000 161.094357 -3.249773 -1.132773 0.242996 0.000000 0.000000 0.000000 1.000000 0.000000 0.000000
18.000000 161.101936 -3.266467 -1.139606 0.231537 0.000000 0.000000 0.000000 1.000000 0.000000 0.000000
18.000000 161.104446 -3.324723 -1.141888 0.207626 0.000000 0.000000 0.000000 1.000000 0.000000 0.000000
18.000000 161.111839 -3.270787 -1.133735 0.198896 0.000000 0.000000 0.000000 1.000000 0.000000 0.000000
18.000000 161.114422 -3.323079 -1.135540 0.177974 0.000000 0.000000 0.000000 1.000000 0.000000 0.000000
18.000000 161.122059 -3.285836 -1.129996 0.171779 0.000000 0.000000 0.000000 1.000000 0.000000 0.000000
18.000000 161.124450 -3.328439 -1.129709 0.160225 0.000000 0.000000 0.000000 1.000000 0.000000 0.000000
18.000000 161.131845 -3.296548 -1.125446 0.152702 0.000000 0.000000 0.000000 1.000000 0.000000 0.000000
18.000000 161.134420 -3.402762 -1.131609 0.104286 0.000000 0.000000 0.000000 1.000000 0.000000 0.000000
18.000000 161.141925 -3.417118 -1.141341 0.084813 0.000000 0.000000 0.000000 1.000000 0.000000 0.000000
18.000000 161.144486 -3.482638 -1.138798 0.073935 0.000000 0.000000 0.000000 1.000000 0.000000 0.000000
18.000000 161.151929 -3.481498 -1.138957 0.072759 0.000000 0.000000 0.000000 1.000000 0.000000 0.000000
18.000000 161.154430 -3.437863 -1.146607 0.063216 0.000000 0.000000 0.000000 1.000000 0.000000 0.000000
18.000000 161.162046 -3.459057 -1.162716 0.026051 0.000000 0.000000 0.000000 1.000000 0.000000 0.000000
18.000000 161.164461 -3.445915 -1.169803 0.006011 0.000000 0.000000 0.000000 1.000000 0.000000 0.000000
18.000000 161.171898 -3.394578 -1.164815 -0.012352 0.000000 0.000000 0.000000 1.000000 0.000000 0.000000
18.000000 161.204527 -3.644176 -1.164936 -0.086481 0.000000 0.000000 0.000000 1.000000 0.000000 0.000000
18.000000 161.212036 -3.696970 -1.167688 -0.064330 0.000000 0.000000 0.000000 1.000000 0.000000 0.000000
18.000000 161.214431 -3.739800 -1.160250 -0.055408 0.000000 0.000000 0.000000 1.000000 0.000000 0.000000
18.000000 161.222033 -3.781620 -1.165097 -0.046563 0.000000 0.000000 0.000000 1.000000 0.000000 0.000000
18.000000 161.234834 -3.821893 -1.164214 -0.002265 0.000000 0.000000 0.000000 1.000000 0.000000 0.000000
18.000000 161.242052 -3.865565 -1.165172 0.018798 0.000000 0.000000 0.000000 1.000000 0.000000 0.000000
18.000000 161.254426 -3.678902 -1.184110 0.076287 0.000000 0.000000 0.000000 1.000000 0.000000 0.000000
18.000000 161.262028 -3.760663 -1.197783 0.085145 0.000000 0.000000 0.000000 1.000000 0.000000 0.000000
18.000000 161.264591 -3.778179 -1.192969 0.095499 0.000000 0.000000 0.000000 1.000000 0.000000 0.000000
18.000000 161.272042 -3.801118 -1.194338 0.105678 0.000000 0.000000 0.000000 1.000000 0.000000 0.000000
18.000000 161.274424 -3.975287 -1.182212 0.095422 0.000000 0.000000 0.000000 1.000000 0.000000 0.000000
18.000000 161.281939 -3.943046 -1.171400 0.109941 0.000000 0.000000 0.000000 1.000000 0.000000 0.000000
18.000000 161.294460 -4.073334 -1.177353 0.136125 0.000000 0.000000 0.000000 1.000000 0.000000 0.000000
18.000000 161.302163 -4.153135 -1.195353 0.128807 0.000000 0.000000 0.000000 1.000000 0.000000 0.000000
18.000000 161.304583 -4.055374 -1.193275 0.162504 0.000000 0.000000 0.000000 1.000000 0.000000 0.000000
18.000000 161.312027 -4.073913 -1.193286 0.174484 0.000000 0.000000 0.000000 1.000000 0.000000 0.000000
18.000000 161.314487 -4.160408 -1.186098 0.173426 0.000000 0.000000 0.000000 1.000000 0.000000 0.000000
18.000000 161.321963 -4.145984 -1.179575 0.185296 0.000000 0.000000 0.000000 1.000000 0.000000 0.000000
18.000000 161.334736 -4.200972 -1.173425 0.181364 0.000000 0.000000 0.000000 1.000000 0.000000 0.000000
18.000000 161.341985 -4.325459 -1.198120 0.180487 0.000000 0.000000 0.000000 1.000000 0.000000 0.000000
18.000000 161.344528 -4.310038 -1.190896 0.208507 0.000000 0.000000 0.000000 1.000000 0.000000 0.000000
18.000000 161.352038 -4.282275 -1.182933 0.217124 0.000000 0.000000 0.000000 1.000000 0.000000 0.000000
18.000000 161.354526 -4.106568 -1.191025 0.239521 0.000000 0.000000 0.000000 1.000000 0.000000 0.000000
18.000000 161.362018 -4.183540 -1.202320 0.251768 0.000000 0.000000 0.000000 1.000000 0.000000 0.000000
18.000000 161.364586 -4.253319 -1.192983 0.261606 0.000000 0.000000 0.000000 1.000000 0.000000 0.000000
18.000000 161.371958 -4.282386 -1.198135 0.263744 0.000000 0.000000 0.000000 1.000000 0.000000 0.000000
18.000000 161.374475 -4.302712 -1.196513 0.263412 0.000000 0.000000 0.000000 1.000000 0.000000 0.000000
18.000000 161.382034 -4.333535 -1.204344 0.257778 0.000000 0.000000 0.000000 1.000000 0.000000 0.000000
18.000000 161.384558 -4.430135 -1.196754 0.257207 0.000000 0.000000 0.000000 1.000000 0.000000 0.000000
18.000000 161.391970 -4.442099 -1.198339 0.260362 0.000000 0.000000 0.000000 1.000000 0.000000 0.000000
18.000000 161.394484 -4.368907 -1.203061 0.264545 0.000000 0.000000 0.000000 1.000000 0.000000 0.000000
18.000000 161.402099 -4.406192 -1.208818 0.270053 0.000000 0.000000 0.000000 1.000000 0.000000 0.000000
18.000000 161.404597 -4.491378 -1.203085 0.265392 0.000000 0.000000 0.000000 1.000000 0.000000 0.000000
18.000000 161.411950 -4.526095 -1.209133 0.268124 0.000000 0.000000 0.000000 1.000000 0.000000 0.000000
18.000000 161.414882 -4.310636 -1.214975 0.308008 0.000000 0.000000 0.000000 1.000000 0.000000 0.000000
18.000000 161.421951 -4.349854 -1.221251 0.313284 0.000000 0.000000 0.000000 1.000000 0.000000 0.000000
18.000000 161.424874 -4.434371 -1.217793 0.301575 0.000000 0.000000 0.000000 1.000000 0.000000 0.000000
18.000000 161.431905 -4.448519 -1.220477 0.301945 0.000000 0.000000 0.000000 1.000000 0.000000 0.000000
18.000000 161.434526 -4.634834 -1.209021 0.288880 0.000000 0.000000 0.000000 1.000000 0.000000 0.000000
18.000000 161.442012 -4.692428 -1.226393 0.267036 0.000000 0.000000 0.000000 1.000000 0.000000 0.000000
18.000000 161.444589 -4.445901 -1.237042 0.298173 0.000000 0.000000 0.000000 1.000000 0.000000 0.000000
18.000000 161.451923 -4.418559 -1.225560 0.319789 0.000000 0.000000 0.000000 1.000000 0.000000 0.000000
18.000000 161.455002 -4.759557 -1.209529 0.280148 0.000000 0.000000 0.000000 1.000000 0.000000 0.000000
18.000000 161.462011 -4.762931 -1.211820 0.274202 0.000000 0.000000 0.000000 1.000000 0.000000 0.000000
18.000000 161.464631 -4.596697 -1.220689 0.289450 0.000000 0.000000 0.000000 1.000000 0.000000 0.000000
18.000000 161.471977 -4.648857 -1.231629 0.287646 0.000000 0.000000 0.000000 1.000000 0.000000 0.000000
18.000000 161.474525 -4.786624 -1.221451 0.285591 0.000000 0.000000 0.000000 1.000000 0.000000 0.000000
18.000000 161.482052 -4.752913 -1.213861 0.288571 0.000000 0.000000 0.000000 1.000000 0.000000 0.000000
18.000000 161.484943 -4.686547 -1.217177 0.295215 0.000000 0.000000 0.000000 1.000000 0.000000 0.000000
18.000000 161.492027 -4.733448 -1.227066 0.293699 0.000000 0.000000 0.000000 1.000000 0.000000 0.000000
18.000000 161.494545 -4.854752 -1.224441 0.268833 0.000000 0.000000 0.000000 1.000000 0.000000 0.000000
18.000000 161.501954 -4.852395 -1.224187 0.268075 0.000000 0.000000 0.000000 1.000000 0.000000 0.000000
18.000000 161.504632 -4.879561 -1.221599 0.269747 0.000000 0.000000 0.000000 1.000000 0.000000 0.000000
18.000000 161.512028 -4.903123 -1.227618 0.264893 0.000000 0.000000 0.000000 1.000000 0.000000 0.000000
18.000000 161.515005 -4.858174 -1.229458 0.270925 0.000000 0.000000 0.000000 1.000000 0.000000 0.000000
18.000000 161.522101 -4.890738 -1.237783 0.264162 0.000000 0.000000 0.000000 1.000000 0.000000 0.000000
18.000000 161.524639 -4.928850 -1.237627 0.253722 0.000000 0.000000 0.000000 1.000000 0.000000 0.000000
18.000000 161.532057 -4.936544 -1.239063 0.254108 0.000000 0.000000 0.000000 1.000000 0.000000 0.000000
18.000000 161.534530 -5.116711 -1.236032 0.215012 0.000000 0.000000 0.000000 1.000000 0.000000 0.000000
18.000000 161.541995 -5.128269 -1.241183 0.205260 0.000000 0.000000 0.000000 1.000000 0.000000 0.000000
18.000000 161.544658 -5.038907 -1.237596 0.246221 0.000000 0.000000 0.000000 1.000000 0.000000 0.000000
18.000000 161.551957 -5.047858 -1.240298 0.242190 0.000000 0.000000 0.000000 1.000000 0.000000 0.000000
18.000000 161.554548 -5.090053 -1.243045 0.217105 0.000000 0.000000 0.000000 1.000000 0.000000 0.000000
18.000000 161.562073 -5.111427 -1.247609 0.216035 0.000000 0.000000 0.000000 1.000000 0.000000 0.000000
18.000000 161.564930 -5.133063 -1.246334 0.214717 0.000000 0.000000 0.000000 1.000000 0.000000 0.000000
18.000000 161.572026 -5.143954 -1.249525 0.210736 0.000000 0.000000 0.000000 1.000000 0.000000 0.000000
18.000000 161.585057 -5.230455 -1.266184 0.163900 0.000000 0.000000 0.000000 1.000000 0.000000 0.000000
18.000000 161.592114 -5.185547 -1.254295 0.175242 0.000000 0.000000 0.000000 1.000000 0.000000 0.000000
18.000000 161.594549 -5.268484 -1.254562 0.150991 0.000000 0.000000 0.000000 1.000000 0.000000 0.000000
18.000000 161.602086 -5.236128 -1.248776 0.149009 0.000000 0.000000 0.000000 1.000000 0.000000 0.000000
18.000000 161.604700 -5.200239 -1.249371 0.156982 0.000000 0.000000 0.000000 1.000000 0.000000 0.000000
18.000000 161.612021 -5.261272 -1.267364 0.134163 0.000000 0.000000 0.000000 1.000000 0.000000 0.000000
18.000000 161.624670 -5.249609 -1.254217 0.121716 0.000000 0.000000 0.000000 1.000000 0.000000 0.000000
18.000000 161.632210 -5.262924 -1.260140 0.108480 0.000000 0.000000 0.000000 1.000000 0.000000 0.000000
18.000000 161.634583 -5.449452 -1.253010 0.081831 0.000000 0.000000 0.000000 1.000000 0.000000 0.000000
18.000000 161.642148 -5.496756 -1.264432 0.073518 0.000000 0.000000 0.000000 1.000000 0.000000 0.000000
18.000000 161.644668 -5.456940 -1.268794 0.067041 0.000000 0.000000 0.000000 1.000000 0.000000 0.000000
18.000000 161.652133 -5.405743 -1.258322 0.068133 0.000000 0.000000 0.000000 1.000000 0.000000 0.000000
18.000000 161.654857 -5.281088 -1.267548 0.068699 0.000000 0.000000 0.000000 1.000000 0.000000 0.000000
18.000000 161.662280 -5.330712 -1.283198 0.046692 0.000000 0.000000 0.000000 1.000000 0.000000 0.000000
18.000000 161.664701 -5.393644 -1.282197 0.032084 0.000000 0.000000 0.000000 1.000000 0.000000 0.000000
18.000000 161.672104 -5.355431 -1.276313 0.024835 0.000000 0.000000 0.000000 1.000000 0.000000 0.000000
18.000000 161.702297 -5.638443 -1.284023 -0.062974 0.000000 0.000000 0.000000 1.000000 0.000000 0.000000
18.000000 161.714629 -5.566167 -1.285134 -0.084754 0.000000 0.000000 0.000000 1.000000 0.000000 0.000000
18.000000 161.722164 -5.758633 -1.325224 -0.092657 0.000000 0.000000 0.000000 1.000000 0.000000 0.000000
18.000000 161.724687 -5.884510 -1.322613 -0.118283 0.000000 0.000000 0.000000 1.000000 0.000000 0.000000
18.000000 161.732182 -5.788385 -1.297752 -0.096336 0.000000 0.000000 0.000000 1.000000 0.000000 0.000000
18.000000 161.764761 -5.775953 -1.303210 0.004811 0.000000 0.000000 0.000000 1.000000 0.000000 0.000000
18.000000 161.772102 -5.842950 -1.318343 -0.002707 0.000000 0.000000 0.000000 1.000000 0.000000 0.000000
18.000000 161.774642 -6.006868 -1.308303 -0.008090 0.000000 0.000000 0.000000 1.000000 0.000000 0.000000
18.000000 161.782331 -6.015188 -1.307106 0.004368 0.000000 0.000000 0.000000 1.000000 0.000000 0.000000
18.000000 161.794662 -6.031373 -1.303910 0.031260 0.000000 0.000000 0.000000 1.000000 0.000000 0.000000
18.000000 161.802137 -6.064931 -1.308996 0.038336 0.000000 0.000000 0.000000 1.000000 0.000000 0.000000
18.000000 161.804795 -5.860440 -1.316832 0.065326 0.000000 0.000000 0.000000 1.000000 0.000000 0.000000
18.000000 161.812097 -5.897083 -1.323452 0.067929 0.000000 0.000000 0.000000 1.000000 0.000000 0.000000
18.000000 161.814662 -5.969763 -1.319126 0.064696 0.000000 0.000000 0.000000 1.000000 0.000000 0.000000
18.000000 161.822175 -6.121824 -1.352723 0.050588 0.000000 0.000000 0.000000 1.000000 0.000000 0.000000
18.000000 161.824757 -6.089656 -1.354609 0.052022 0.000000 0.000000 0.000000 1.000000 0.000000 0.000000
18.000000 161.832222 -6.110033 -1.356796 0.058902 0.000000 0.000000 0.000000 1.000000 0.000000 0.000000
18.000000 161.854707 -6.102572 -1.329538 0.099199 0.000000 0.000000 0.000000 1.000000 0.000000 0.000000
18.000000 161.862181 -6.237580 -1.358639 0.089730 0.000000 0.000000 0.000000 1.000000 0.000000 0.000000
18.000000 161.864860 -6.269886 -1.356234 0.090753 0.000000 0.000000 0.000000 1.000000 0.000000 0.000000
18.000000 161.872246 -6.157987 -1.328525 0.113667 0.000000 0.000000 0.000000 1.000000 0.000000 0.000000
18.000000 161.874662 -6.250073 -1.324316 0.104707 0.000000 0.000000 0.000000 1.000000 0.000000 0.000000
18.000000 161.882180 -6.420007 -1.363871 0.079813 0.000000 0.000000 0.000000 1.000000 0.000000 0.000000
18.000000 161.894695 -6.465614 -1.326243 0.097235 0.000000 0.000000 0.000000 1.000000 0.000000 0.000000
18.000000 161.902260 -6.630321 -1.363042 0.078757 0.000000 0.000000 0.000000 1.000000 0.000000 0.000000
18.000000 161.904849 -6.398074 -1.373356 0.100024 0.000000 0.000000 0.000000 1.000000 0.000000 0.000000
18.000000 161.912090 -6.268547 -1.342292 0.122398 0.000000 0.000000 0.000000 1.000000 0.000000 0.000000
18.000000 161.915004 -6.499987 -1.330906 0.104407 0.000000 0.000000 0.000000 1.000000 0.000000 0.000000
18.000000 161.922226 -6.566961 -1.347791 0.087965 0.000000 0.000000 0.000000 1.000000 0.000000 0.000000
18.000000 161.924979 -6.543284 -1.349505 0.086906 0.000000 0.000000 0.000000 1.000000 0.000000 0.000000
18.000000 161.932199 -6.634050 -1.369394 0.078585 0.000000 0.000000 0.000000 1.000000 0.000000 0.000000
18.000000 161.944835 -6.741977 -1.345526 0.053752 0.000000 0.000000 0.000000 1.000000 0.000000 0.000000
18.000000 161.952167 -6.738286 -1.343817 0.057793 0.000000 0.000000 0.000000 1.000000 0.000000 0.000000
18.000000 161.954757 -6.464765 -1.352505 0.098722 0.000000 0.000000 0.000000 1.000000 0.000000 0.000000
18.000000 161.962324 -6.555296 -1.373204 0.086881 0.000000 0.000000 0.000000 1.000000 0.000000 0.000000
18.000000 161.964813 -6.634703 -1.370672 0.075239 0.000000 0.000000 0.000000 1.000000 0.000000 0.000000
18.000000 161.972149 -6.572097 -1.357795 0.077510 0.000000 0.000000 0.000000 1.000000 0.000000 0.000000
18.000000 161.994726 -6.849049 -1.362330 0.041804 0.000000 0.000000 0.000000 1.000000 0.000000 0.000000
18.000000 162.002347 -6.972642 -1.391749 0.018975 0.000000 0.000000 0.000000 1.000000 0.000000 0.000000
