23.000000 210.077538 25.026627 -0.362054 0.623112 0.000000 0.000000 0.000000 1.000000 0.000000 0.000000
23.000000 210.087342 24.866428 -0.382760 0.716953 0.000000 0.000000 0.000000 1.000000 0.000000 0.000000
23.000000 210.097286 24.741160 -0.402931 0.820872 0.000000 0.000000 0.000000 1.000000 0.000000 0.000000
23.000000 210.107273 24.716113 -0.429346 0.919681 0.000000 0.000000 0.000000 1.000000 0.000000 0.000000
23.000000 210.117412 24.557837 -0.438838 1.000081 0.000000 0.000000 0.000000 1.000000 0.000000 0.000000
23.000000 210.127300 24.421045 -0.450424 1.083717 0.000000 0.000000 0.000000 1.000000 0.000000 0.000000
23.000000 210.137176 22.885149 -0.296098 1.247580 0.000000 0.000000 0.000000 1.000000 0.000000 0.000000
23.000000 210.137457 24.199839 -0.472044 1.177360 0.000000 0.000000 0.000000 1.000000 0.000000 0.000000
23.000000 210.147187 22.804134 -0.308821 1.331491 0.000000 0.000000 0.000000 1.000000 0.000000 0.000000
23.000000 210.147424 24.108256 -0.474064 1.259875 0.000000 0.000000 0.000000 1.000000 0.000000 0.000000
23.000000 210.157163 22.716099 -0.332451 1.407241 0.000000 0.000000 0.000000 1.000000 0.000000 0.000000
23.000000 210.157512 23.973010 -0.496710 1.337193 0.000000 0.000000 0.000000 1.000000 0.000000 0.000000
23.000000 210.167112 22.605403 -0.355695 1.479060 0.000000 0.000000 0.000000 1.000000 0.000000 0.000000
23.000000 210.167357 23.761084 -0.499824 1.429049 0.000000 0.000000 0.000000 1.000000 0.000000 0.000000
23.000000 210.177135 22.502723 -0.372471 1.549043 0.000000 0.000000 0.000000 1.000000 0.000000 0.000000
23.000000 210.177497 23.629494 -0.514591 1.502159 0.000000 0.000000 0.000000 1.000000 0.000000 0.000000
23.000000 210.187033 22.377221 -0.384764 1.607193 0.000000 0.000000 0.000000 1.000000 0.000000 0.000000
23.000000 210.187409 23.486091 -0.526092 1.568443 0.000000 0.000000 0.000000 1.000000 0.000000 0.000000
23.000000 210.197263 22.306037 -0.410203 1.692079 0.000000 0.000000 0.000000 1.000000 0.000000 0.000000
23.000000 210.197469 23.360890 -0.542271 1.651692 0.000000 0.000000 0.000000 1.000000 0.000000 0.000000
23.000000 210.207152 22.222342 -0.432744 1.766199 0.000000 0.000000 0.000000 1.000000 0.000000 0.000000
23.000000 210.207397 23.232949 -0.560304 1.728533 0.000000 0.000000 0.000000 1.000000 0.000000 0.000000
23.000000 210.217178 22.121601 -0.453054 1.833625 0.000000 0.000000 0.000000 1.000000 0.000000 0.000000
23.000000 210.217526 23.081698 -0.569520 1.797178 0.000000 0.000000 0.000000 1.000000 0.000000 0.000000
23.000000 210.227174 22.028720 -0.473222 1.904723 0.000000 0.000000 0.000000 1.000000 0.000000 0.000000
23.000000 210.227332 22.955317 -0.589687 1.867698 0.000000 0.000000 0.000000 1.000000 0.000000 0.000000
23.000000 210.237133 21.889561 -0.480656 1.953745 0.000000 0.000000 0.000000 1.000000 0.000000 0.000000
23.000000 210.237294 22.812287 -0.601251 1.926457 0.000000 0.000000 0.000000 1.000000 0.000000 0.000000
23.000000 210.247152 21.852715 -0.524341 2.038219 0.000000 0.000000 0.000000 1.000000 0.000000 0.000000
23.000000 210.247523 22.620304 -0.615737 2.015066 0.000000 0.000000 0.000000 1.000000 0.000000 0.000000
23.000000 210.257225 21.744468 -0.532858 2.096189 0.000000 0.000000 0.000000 1.000000 0.000000 0.000000
23.000000 210.257509 22.540728 -0.629912 2.070697 0.000000 0.000000 0.000000 1.000000 0.000000 0.000000
23.000000 210.267339 21.657957 -0.557285 2.160531 0.000000 0.000000 0.000000 1.000000 0.000000 0.000000
23.000000 210.267465 22.385846 -0.640566 2.137741 0.000000 0.000000 0.000000 1.000000 0.000000 0.000000
23.000000 210.277551 22.274260 -0.658175 2.198897 0.000000 0.000000 0.000000 1.000000 0.000000 0.000000
23.000000 210.287484 22.068643 -0.669550 2.266304 0.000000 0.000000 0.000000 1.000000 0.000000 0.000000
23.000000 210.293473 20.449411 -0.519365 2.119407 0.000000 0.000000 0.000000 1.000000 0.000000 0.000000
23.000000 210.297569 22.070718 -0.709868 2.311540 0.000000 0.000000 0.000000 1.000000 0.000000 0.000000
23.000000 210.303536 20.367501 -0.538453 2.189368 0.000000 0.000000 0.000000 1.000000 0.000000 0.000000
23.000000 210.307465 21.853566 -0.694292 2.387384 0.000000 0.000000 0.000000 1.000000 0.000000 0.000000
23.000000 210.313411 20.250145 -0.556016 2.246966 0.000000 0.000000 0.000000 1.000000 0.000000 0.000000
23.000000 210.317515 21.750918 -0.713824 2.443312 0.000000 0.000000 0.000000 1.000000 0.000000 0.000000
23.000000 210.323486 20.150321 -0.568564 2.308077 0.000000 0.000000 0.000000 1.000000 0.000000 0.000000
23.000000 210.327515 21.591123 -0.725269 2.505423 0.000000 0.000000 0.000000 1.000000 0.000000 0.000000
23.000000 210.333326 20.022977 -0.586106 2.362093 0.000000 0.000000 0.000000 1.000000 0.000000 0.000000
23.000000 210.337578 21.392888 -0.733500 2.559731 0.000000 0.000000 0.000000 1.000000 0.000000 0.000000
23.000000 210.343372 19.912242 -0.596003 2.419017 0.000000 0.000000 0.000000 1.000000 0.000000 0.000000
23.000000 210.347446 21.309812 -0.749400 2.613085 0.000000 0.000000 0.000000 1.000000 0.000000 0.000000
23.000000 210.353348 19.803414 -0.611708 2.471396 0.000000 0.000000 0.000000 1.000000 0.000000 0.000000
23.000000 210.357487 21.211295 -0.766448 2.665875 0.000000 0.000000 0.000000 1.000000 0.000000 0.000000
23.000000 210.363438 19.691801 -0.623355 2.532903 0.000000 0.000000 0.000000 1.000000 0.000000 0.000000
23.000000 210.367456 21.073602 -0.783581 2.718918 0.000000 0.000000 0.000000 1.000000 0.000000 0.000000
23.000000 210.373385 19.561516 -0.642384 2.580260 0.000000 0.000000 0.000000 1.000000 0.000000 0.000000
23.000000 210.377490 20.941196 -0.796558 2.770110 0.000000 0.000000 0.000000 1.000000 0.000000 0.000000
23.000000 210.383401 19.453964 -0.653498 2.627074 0.000000 0.000000 0.000000 1.000000 0.000000 0.000000
23.000000 210.387498 20.766951 -0.806665 2.823858 0.000000 0.000000 0.000000 1.000000 0.000000 0.000000
23.000000 210.393349 19.334988 -0.669993 2.678288 0.000000 0.000000 0.000000 1.000000 0.000000 0.000000
23.000000 210.397515 20.701854 -0.828790 2.863928 0.000000 0.000000 0.000000 1.000000 0.000000 0.000000
23.000000 210.403457 19.220537 -0.683483 2.729507 0.000000 0.000000 0.000000 1.000000 0.000000 0.000000
23.000000 210.407418 20.542133 -0.829128 2.918467 0.000000 0.000000 0.000000 1.000000 0.000000 0.000000
23.000000 210.413402 19.108410 -0.696045 2.776449 0.000000 0.000000 0.000000 1.000000 0.000000 0.000000
23.000000 210.417460 20.440271 -0.851654 2.962463 0.000000 0.000000 0.000000 1.000000 0.000000 0.000000
23.000000 210.423353 18.977913 -0.709714 2.816023 0.000000 0.000000 0.000000 1.000000 0.000000 0.000000
23.000000 210.427463 20.284272 -0.863464 3.004123 0.000000 0.000000 0.000000 1.000000 0.000000 0.000000
23.000000 210.433468 18.897814 -0.727150 2.874820 0.000000 0.000000 0.000000 1.000000 0.000000 0.000000
23.000000 210.437472 20.183209 -0.884004 3.050896 0.000000 0.000000 0.000000 1.000000 0.000000 0.000000
23.000000 210.443428 18.745757 -0.732492 2.910871 0.000000 0.000000 0.000000 1.000000 0.000000 0.000000
23.000000 210.447451 20.049470 -0.891736 3.091750 0.000000 0.000000 0.000000 1.000000 0.000000 0.000000
23.000000 210.453455 18.652749 -0.753661 2.951996 0.000000 0.000000 0.000000 1.000000 0.000000 0.000000
23.000000 210.457713 19.900614 -0.902065 3.132301 0.000000 0.000000 0.000000 1.000000 0.000000 0.000000
23.000000 210.463454 18.534515 -0.767927 2.997131 0.000000 0.000000 0.000000 1.000000 0.000000 0.000000
23.000000 210.467488 19.773045 -0.914502 3.175427 0.000000 0.000000 0.000000 1.000000 0.000000 0.000000
23.000000 210.473457 18.417458 -0.780522 3.032420 0.000000 0.000000 0.000000 1.000000 0.000000 0.000000
23.000000 210.477569 19.620169 -0.923999 3.213079 0.000000 0.000000 0.000000 1.000000 0.000000 0.000000
23.000000 210.483481 18.284225 -0.793030 3.075548 0.000000 0.000000 0.000000 1.000000 0.000000 0.000000
23.000000 210.487645 19.396502 -0.938434 3.253726 0.000000 0.000000 0.000000 1.000000 0.000000 0.000000
23.000000 210.493421 18.202995 -0.810246 3.116400 0.000000 0.000000 0.000000 1.000000 0.000000 0.000000
23.000000 210.497504 19.428125 -0.966659 3.290083 0.000000 0.000000 0.000000 1.000000 0.000000 0.000000
23.000000 210.503490 18.082155 -0.824924 3.151352 0.000000 0.000000 0.000000 1.000000 0.000000 0.000000
23.000000 210.507425 19.293200 -0.983313 3.328103 0.000000 0.000000 0.000000 1.000000 0.000000 0.000000
23.000000 210.513508 17.973641 -0.839228 3.195773 0.000000 0.000000 0.000000 1.000000 0.000000 0.000000
23.000000 210.517676 19.132386 -0.993915 3.358702 0.000000 0.000000 0.000000 1.000000 0.000000 0.000000
23.000000 210.523617 17.839350 -0.847866 3.232504 0.000000 0.000000 0.000000 1.000000 0.000000 0.000000
23.000000 210.527511 19.027477 -1.014053 3.385651 0.000000 0.000000 0.000000 1.000000 0.000000 0.000000
23.000000 210.533522 17.729695 -0.864818 3.262639 0.000000 0.000000 0.000000 1.000000 0.000000 0.000000
23.000000 210.537544 18.780504 -1.013944 3.423895 0.000000 0.000000 0.000000 1.000000 0.000000 0.000000
23.000000 210.543571 17.618394 -0.879506 3.292149 0.000000 0.000000 0.000000 1.000000 0.000000 0.000000
23.000000 210.547611 18.799114 -1.046053 3.449241 0.000000 0.000000 0.000000 1.000000 0.000000 0.000000
23.000000 210.553710 17.492541 -0.890358 3.327767 0.000000 0.000000 0.000000 1.000000 0.000000 0.000000
23.000000 210.557729 18.607170 -1.039364 3.472303 0.000000 0.000000 0.000000 1.000000 0.000000 0.000000
23.000000 210.563545 17.381483 -0.904489 3.357867 0.000000 0.000000 0.000000 1.000000 0.000000 0.000000
23.000000 210.567569 18.505879 -1.055181 3.489979 0.000000 0.000000 0.000000 1.000000 0.000000 0.000000
23.000000 210.573544 17.254760 -0.923860 3.378869 0.000000 0.000000 0.000000 1.000000 0.000000 0.000000
23.000000 210.577794 18.374803 -1.065242 3.505838 0.000000 0.000000 0.000000 1.000000 0.000000 0.000000
23.000000 210.583749 17.193863 -0.942532 3.422832 0.000000 0.000000 0.000000 1.000000 0.000000 0.000000
23.000000 210.587496 18.383388 -1.084737 3.514234 0.000000 0.000000 0.000000 1.000000 0.000000 0.000000
23.000000 210.593567 17.089112 -0.953041 3.450826 0.000000 0.000000 0.000000 1.000000 0.000000 0.000000
23.000000 210.603757 16.970534 -0.969067 3.476436 0.000000 0.000000 0.000000 1.000000 0.000000 0.000000
23.000000 210.607598 17.938696 -1.094399 3.581292 0.000000 0.000000 0.000000 1.000000 0.000000 0.000000
23.000000 210.613666 16.833659 -0.975997 3.499845 0.000000 0.000000 0.000000 1.000000 0.000000 0.000000
23.000000 210.617619 17.828596 -1.114283 3.594525 0.000000 0.000000 0.000000 1.000000 0.000000 0.000000
23.000000 210.623022 17.020982 -0.825484 3.563644 0.000000 0.000000 0.000000 1.000000 0.000000 0.000000
23.000000 210.623838 16.731369 -0.987493 3.524405 0.000000 0.000000 0.000000 1.000000 0.000000 0.000000
23.000000 210.627573 17.681447 -1.117629 3.628916 0.000000 0.000000 0.000000 1.000000 0.000000 0.000000
23.000000 210.633539 16.608199 -1.018759 3.551402 0.000000 0.000000 0.000000 1.000000 0.000000 0.000000
23.000000 210.643639 16.506200 -1.028100 3.573375 0.000000 0.000000 0.000000 1.000000 0.000000 0.000000
23.000000 210.647510 17.516967 -1.161285 3.669251 0.000000 0.000000 0.000000 1.000000 0.000000 0.000000
23.000000 210.653641 16.406436 -1.040635 3.596529 0.000000 0.000000 0.000000 1.000000 0.000000 0.000000
23.000000 210.663570 16.272187 -1.051233 3.608786 0.000000 0.000000 0.000000 1.000000 0.000000 0.000000
23.000000 210.673554 16.160736 -1.069948 3.626997 0.000000 0.000000 0.000000 1.000000 0.000000 0.000000
23.000000 210.677687 17.152092 -1.199096 3.718644 0.000000 0.000000 0.000000 1.000000 0.000000 0.000000
23.000000 210.683632 16.054350 -1.087268 3.648375 0.000000 0.000000 0.000000 1.000000 0.000000 0.000000
23.000000 210.693685 15.952304 -1.102670 3.661910 0.000000 0.000000 0.000000 1.000000 0.000000 0.000000
23.000000 210.697680 16.909455 -1.220531 3.761434 0.000000 0.000000 0.000000 1.000000 0.000000 0.000000
23.000000 210.703558 15.857489 -1.102172 3.678331 0.000000 0.000000 0.000000 1.000000 0.000000 0.000000
23.000000 210.713622 15.689687 -1.123357 3.688305 0.000000 0.000000 0.000000 1.000000 0.000000 0.000000
23.000000 210.723763 15.573500 -1.134795 3.699986 0.000000 0.000000 0.000000 1.000000 0.000000 0.000000
23.000000 210.727596 16.583199 -1.267461 3.778091 0.000000 0.000000 0.000000 1.000000 0.000000 0.000000
23.000000 210.733600 15.538356 -1.160806 3.721616 0.000000 0.000000 0.000000 1.000000 0.000000 0.000000
23.000000 210.737640 16.473285 -1.276847 3.791606 0.000000 0.000000 0.000000 1.000000 0.000000 0.000000
23.000000 210.743617 15.362919 -1.164778 3.730959 0.000000 0.000000 0.000000 1.000000 0.000000 0.000000
23.000000 210.747688 16.353244 -1.286612 3.806582 0.000000 0.000000 0.000000 1.000000 0.000000 0.000000
23.000000 210.753643 15.261008 -1.177107 3.744075 0.000000 0.000000 0.000000 1.000000 0.000000 0.000000
23.000000 210.757687 16.190026 -1.293017 3.818797 0.000000 0.000000 0.000000 1.000000 0.000000 0.000000
23.000000 210.763748 15.143734 -1.192194 3.752076 0.000000 0.000000 0.000000 1.000000 0.000000 0.000000
23.000000 210.767621 16.095785 -1.310071 3.822485 0.000000 0.000000 0.000000 1.000000 0.000000 0.000000
23.000000 210.773683 15.041102 -1.205802 3.755091 0.000000 0.000000 0.000000 1.000000 0.000000 0.000000
23.000000 210.777759 16.018336 -1.328067 3.824829 0.000000 0.000000 0.000000 1.000000 0.000000 0.000000
23.000000 210.783628 14.925350 -1.226824 3.761552 0.000000 0.000000 0.000000 1.000000 0.000000 0.000000
23.000000 210.787654 15.893894 -1.342185 3.829860 0.000000 0.000000 0.000000 1.000000 0.000000 0.000000
23.000000 210.793642 14.821052 -1.237383 3.777407 0.000000 0.000000 0.000000 1.000000 0.000000 0.000000
23.000000 210.797687 15.778064 -1.353973 3.821685 0.000000 0.000000 0.000000 1.000000 0.000000 0.000000
23.000000 210.803642 14.727352 -1.253362 3.780030 0.000000 0.000000 0.000000 1.000000 0.000000 0.000000
23.000000 210.807660 15.627127 -1.361006 3.817801 0.000000 0.000000 0.000000 1.000000 0.000000 0.000000
23.000000 210.813666 14.579748 -1.259636 3.782071 0.000000 0.000000 0.000000 1.000000 0.000000 0.000000
23.000000 210.817731 15.539553 -1.376942 3.832727 0.000000 0.000000 0.000000 1.000000 0.000000 0.000000
23.000000 210.824533 14.486479 -1.279540 3.780256 0.000000 0.000000 0.000000 1.000000 0.000000 0.000000
23.000000 210.827661 15.457373 -1.392213 3.830695 0.000000 0.000000 0.000000 1.000000 0.000000 0.000000
23.000000 210.833626 14.396484 -1.293959 3.789645 0.000000 0.000000 0.000000 1.000000 0.000000 0.000000
23.000000 210.837745 15.257814 -1.394511 3.819393 0.000000 0.000000 0.000000 1.000000 0.000000 0.000000
23.000000 210.843637 14.259113 -1.312543 3.788489 0.000000 0.000000 0.000000 1.000000 0.000000 0.000000
23.000000 210.847632 15.218288 -1.421250 3.831496 0.000000 0.000000 0.000000 1.000000 0.000000 0.000000
23.000000 210.853681 14.157258 -1.322823 3.792485 0.000000 0.000000 0.000000 1.000000 0.000000 0.000000
23.000000 210.857732 15.052880 -1.421377 3.836623 0.000000 0.000000 0.000000 1.000000 0.000000 0.000000
23.000000 210.863774 14.021778 -1.339243 3.790780 0.000000 0.000000 0.000000 1.000000 0.000000 0.000000
23.000000 210.867569 14.924515 -1.423907 3.831172 0.000000 0.000000 0.000000 1.000000 0.000000 0.000000
23.000000 210.873751 13.897143 -1.356462 3.789745 0.000000 0.000000 0.000000 1.000000 0.000000 0.000000
23.000000 210.877788 14.801058 -1.434804 3.827714 0.000000 0.000000 0.000000 1.000000 0.000000 0.000000
23.000000 210.883820 13.825486 -1.369801 3.785991 0.000000 0.000000 0.000000 1.000000 0.000000 0.000000
23.000000 210.887665 14.777405 -1.470949 3.795855 0.000000 0.000000 0.000000 1.000000 0.000000 0.000000
23.000000 210.893688 13.693628 -1.384649 3.771770 0.000000 0.000000 0.000000 1.000000 0.000000 0.000000
23.000000 210.897626 14.573624 -1.462985 3.802858 0.000000 0.000000 0.000000 1.000000 0.000000 0.000000
23.000000 210.903820 13.585114 -1.394594 3.770708 0.000000 0.000000 0.000000 1.000000 0.000000 0.000000
23.000000 210.913652 13.497687 -1.408896 3.770123 0.000000 0.000000 0.000000 1.000000 0.000000 0.000000
23.000000 210.923330 13.387967 -1.416624 3.765355 0.000000 0.000000 0.000000 1.000000 0.000000 0.000000
23.000000 210.923788 13.351329 -1.424320 3.757543 0.000000 0.000000 0.000000 1.000000 0.000000 0.000000
23.000000 210.927695 14.202939 -1.494659 3.771300 0.000000 0.000000 0.000000 1.000000 0.000000 0.000000
23.000000 210.937718 13.990944 -1.489863 3.770963 0.000000 0.000000 0.000000 1.000000 0.000000 0.000000
23.000000 210.943652 13.161261 -1.456332 3.741010 0.000000 0.000000 0.000000 1.000000 0.000000 0.000000
23.000000 210.953686 13.053054 -1.469710 3.728324 0.000000 0.000000 0.000000 1.000000 0.000000 0.000000
23.000000 210.957855 13.902784 -1.542260 3.740421 0.000000 0.000000 0.000000 1.000000 0.000000 0.000000
23.000000 210.967698 13.783738 -1.550095 3.726215 0.000000 0.000000 0.000000 1.000000 0.000000 0.000000
23.000000 210.973708 12.832200 -1.499579 3.698883 0.000000 0.000000 0.000000 1.000000 0.000000 0.000000
23.000000 210.977678 13.698149 -1.568973 3.715323 0.000000 0.000000 0.000000 1.000000 0.000000 0.000000
23.000000 210.983850 12.700281 -1.507422 3.690461 0.000000 0.000000 0.000000 1.000000 0.000000 0.000000
23.000000 210.987659 13.471762 -1.553749 3.715793 0.000000 0.000000 0.000000 1.000000 0.000000 0.000000
23.000000 210.993766 12.585961 -1.522775 3.676382 0.000000 0.000000 0.000000 1.000000 0.000000 0.000000
23.000000 210.997775 13.484219 -1.587161 3.702242 0.000000 0.000000 0.000000 1.000000 0.000000 0.000000
23.000000 211.003790 12.489577 -1.533738 3.666828 0.000000 0.000000 0.000000 1.000000 0.000000 0.000000
23.000000 211.007669 13.381549 -1.596625 3.685214 0.000000 0.000000 0.000000 1.000000 0.000000 0.000000
23.000000 211.013692 12.337692 -1.544328 3.657073 0.000000 0.000000 0.000000 1.000000 0.000000 0.000000
23.000000 211.017808 13.283907 -1.600591 3.663323 0.000000 0.000000 0.000000 1.000000 0.000000 0.000000
23.000000 211.023892 12.251524 -1.562240 3.636710 0.000000 0.000000 0.000000 1.000000 0.000000 0.000000
23.000000 211.027742 13.137092 -1.605735 3.650130 0.000000 0.000000 0.000000 1.000000 0.000000 0.000000
23.000000 211.033789 12.155594 -1.571472 3.618490 0.000000 0.000000 0.000000 1.000000 0.000000 0.000000
23.000000 211.037841 12.969551 -1.608436 3.623658 0.000000 0.000000 0.000000 1.000000 0.000000 0.000000
23.000000 211.043908 12.040071 -1.591502 3.602614 0.000000 0.000000 0.000000 1.000000 0.000000 0.000000
23.000000 211.047734 12.955791 -1.642329 3.600069 0.000000 0.000000 0.000000 1.000000 0.000000 0.000000
23.000000 211.053761 11.935747 -1.603941 3.590979 0.000000 0.000000 0.000000 1.000000 0.000000 0.000000
23.000000 211.057835 12.811327 -1.638771 3.578951 0.000000 0.000000 0.000000 1.000000 0.000000 0.000000
23.000000 211.063865 11.783053 -1.619232 3.571553 0.000000 0.000000 0.000000 1.000000 0.000000 0.000000
23.000000 211.067668 12.711662 -1.655175 3.554930 0.000000 0.000000 0.000000 1.000000 0.000000 0.000000
23.000000 211.073754 11.692522 -1.630730 3.554259 0.000000 0.000000 0.000000 1.000000 0.000000 0.000000
23.000000 211.077870 12.598524 -1.664244 3.526483 0.000000 0.000000 0.000000 1.000000 0.000000 0.000000
23.000000 211.083886 11.610134 -1.649498 3.532874 0.000000 0.000000 0.000000 1.000000 0.000000 0.000000
23.000000 211.087792 12.496838 -1.672862 3.496470 0.000000 0.000000 0.000000 1.000000 0.000000 0.000000
23.000000 211.093827 11.527549 -1.659392 3.512634 0.000000 0.000000 0.000000 1.000000 0.000000 0.000000
23.000000 211.097731 12.416825 -1.696710 3.463641 0.000000 0.000000 0.000000 1.000000 0.000000 0.000000
23.000000 211.103829 11.419604 -1.673394 3.489132 0.000000 0.000000 0.000000 1.000000 0.000000 0.000000
23.000000 211.107823 12.298408 -1.694426 3.445350 0.000000 0.000000 0.000000 1.000000 0.000000 0.000000
23.000000 211.113704 11.268000 -1.693020 3.454219 0.000000 0.000000 0.000000 1.000000 0.000000 0.000000
23.000000 211.117836 12.156053 -1.702442 3.420941 0.000000 0.000000 0.000000 1.000000 0.000000 0.000000
23.000000 211.123893 11.169709 -1.709445 3.437550 0.000000 0.000000 0.000000 1.000000 0.000000 0.000000
23.000000 211.127813 12.088791 -1.717105 3.386174 0.000000 0.000000 0.000000 1.000000 0.000000 0.000000
23.000000 211.133813 11.073689 -1.723706 3.404796 0.000000 0.000000 0.000000 1.000000 0.000000 0.000000
23.000000 211.137902 11.926074 -1.723217 3.350017 0.000000 0.000000 0.000000 1.000000 0.000000 0.000000
23.000000 211.143905 10.958773 -1.737990 3.375293 0.000000 0.000000 0.000000 1.000000 0.000000 0.000000
23.000000 211.147844 11.893670 -1.757927 3.320715 0.000000 0.000000 0.000000 1.000000 0.000000 0.000000
23.000000 211.153754 10.868848 -1.747553 3.345528 0.000000 0.000000 0.000000 1.000000 0.000000 0.000000
23.000000 211.157877 11.744937 -1.750397 3.292646 0.000000 0.000000 0.000000 1.000000 0.000000 0.000000
23.000000 211.163879 10.742491 -1.759665 3.305910 0.000000 0.000000 0.000000 1.000000 0.000000 0.000000
23.000000 211.167870 11.668140 -1.764003 3.257177 0.000000 0.000000 0.000000 1.000000 0.000000 0.000000
23.000000 211.173852 10.613666 -1.780832 3.279906 0.000000 0.000000 0.000000 1.000000 0.000000 0.000000
23.000000 211.177869 11.535571 -1.764027 3.223430 0.000000 0.000000 0.000000 1.000000 0.000000 0.000000
23.000000 211.184071 10.526921 -1.794444 3.250325 0.000000 0.000000 0.000000 1.000000 0.000000 0.000000
23.000000 211.187828 11.424023 -1.781625 3.187976 0.000000 0.000000 0.000000 1.000000 0.000000 0.000000
23.000000 211.193798 10.438305 -1.804410 3.216505 0.000000 0.000000 0.000000 1.000000 0.000000 0.000000
23.000000 211.197856 11.353220 -1.801587 3.151465 0.000000 0.000000 0.000000 1.000000 0.000000 0.000000
23.000000 211.203912 10.299689 -1.825905 3.181641 0.000000 0.000000 0.000000 1.000000 0.000000 0.000000
23.000000 211.207837 11.246008 -1.805514 3.115075 0.000000 0.000000 0.000000 1.000000 0.000000 0.000000
23.000000 211.213923 10.153260 -1.831925 3.129237 0.000000 0.000000 0.000000 1.000000 0.000000 0.000000
23.000000 211.217865 11.107412 -1.806498 3.078313 0.000000 0.000000 0.000000 1.000000 0.000000 0.000000
23.000000 211.223991 10.079146 -1.850257 3.097255 0.000000 0.000000 0.000000 1.000000 0.000000 0.000000
23.000000 211.228059 11.027789 -1.828963 3.038533 0.000000 0.000000 0.000000 1.000000 0.000000 0.000000
23.000000 211.233943 10.005665 -1.859065 3.071396 0.000000 0.000000 0.000000 1.000000 0.000000 0.000000
23.000000 211.237806 10.911476 -1.835863 2.996354 0.000000 0.000000 0.000000 1.000000 0.000000 0.000000
23.000000 211.243900 9.885912 -1.882488 3.027478 0.000000 0.000000 0.000000 1.000000 0.000000 0.000000
23.000000 211.247740 10.812322 -1.838297 2.956306 0.000000 0.000000 0.000000 1.000000 0.000000 0.000000
23.000000 211.253948 9.767168 -1.895623 2.985879 0.000000 0.000000 0.000000 1.000000 0.000000 0.000000
23.000000 211.257909 10.713187 -1.852288 2.913549 0.000000 0.000000 0.000000 1.000000 0.000000 0.000000
23.000000 211.264034 9.638994 -1.903026 2.942257 0.000000 0.000000 0.000000 1.000000 0.000000 0.000000
23.000000 211.267788 10.599826 -1.863643 2.875626 0.000000 0.000000 0.000000 1.000000 0.000000 0.000000
23.000000 211.273877 9.531712 -1.919555 2.895408 0.000000 0.000000 0.000000 1.000000 0.000000 0.000000
23.000000 211.277843 10.496515 -1.872331 2.832930 0.000000 0.000000 0.000000 1.000000 0.000000 0.000000
23.000000 211.284127 9.439935 -1.942728 2.860552 0.000000 0.000000 0.000000 1.000000 0.000000 0.000000
23.000000 211.287921 10.399710 -1.887058 2.780194 0.000000 0.000000 0.000000 1.000000 0.000000 0.000000
23.000000 211.293927 9.353787 -1.949086 2.818829 0.000000 0.000000 0.000000 1.000000 0.000000 0.000000
23.000000 211.297937 10.342296 -1.915531 2.726896 0.000000 0.000000 0.000000 1.000000 0.000000 0.000000
23.000000 211.304015 9.247059 -1.956588 2.774269 0.000000 0.000000 0.000000 1.000000 0.000000 0.000000
23.000000 211.307900 10.222846 -1.913525 2.689087 0.000000 0.000000 0.000000 1.000000 0.000000 0.000000
23.000000 211.313905 9.084937 -1.978647 2.715343 0.000000 0.000000 0.000000 1.000000 0.000000 0.000000
23.000000 211.318143 10.121544 -1.921525 2.638671 0.000000 0.000000 0.000000 1.000000 0.000000 0.000000
23.000000 211.324000 8.969760 -1.993976 2.669743 0.000000 0.000000 0.000000 1.000000 0.000000 0.000000
23.000000 211.327813 10.013037 -1.931144 2.591394 0.000000 0.000000 0.000000 1.000000 0.000000 0.000000
23.000000 211.333822 8.906519 -2.010105 2.627960 0.000000 0.000000 0.000000 1.000000 0.000000 0.000000
23.000000 211.337925 9.903602 -1.946954 2.536899 0.000000 0.000000 0.000000 1.000000 0.000000 0.000000
23.000000 211.343927 8.815011 -2.014913 2.577942 0.000000 0.000000 0.000000 1.000000 0.000000 0.000000
23.000000 211.348099 9.796611 -1.952665 2.499714 0.000000 0.000000 0.000000 1.000000 0.000000 0.000000
23.000000 211.353852 8.691582 -2.039302 2.530348 0.000000 0.000000 0.000000 1.000000 0.000000 0.000000
23.000000 211.358000 9.693495 -1.962433 2.447317 0.000000 0.000000 0.000000 1.000000 0.000000 0.000000
23.000000 211.363947 8.546915 -2.048995 2.468249 0.000000 0.000000 0.000000 1.000000 0.000000 0.000000
23.000000 211.367887 9.595882 -1.976731 2.392785 0.000000 0.000000 0.000000 1.000000 0.000000 0.000000
23.000000 211.373800 8.414348 -2.055148 2.416160 0.000000 0.000000 0.000000 1.000000 0.000000 0.000000
23.000000 211.377942 9.500818 -1.979683 2.348537 0.000000 0.000000 0.000000 1.000000 0.000000 0.000000
23.000000 211.383932 8.412580 -2.067239 2.373962 0.000000 0.000000 0.000000 1.000000 0.000000 0.000000
23.000000 211.387852 9.391362 -1.988560 2.281073 0.000000 0.000000 0.000000 1.000000 0.000000 0.000000
23.000000 211.394013 8.271056 -2.086056 2.318824 0.000000 0.000000 0.000000 1.000000 0.000000 0.000000
23.000000 211.397966 9.331346 -2.007287 2.237369 0.000000 0.000000 0.000000 1.000000 0.000000 0.000000
23.000000 211.403885 8.174338 -2.098680 2.264350 0.000000 0.000000 0.000000 1.000000 0.000000 0.000000
23.000000 211.407859 9.230907 -2.015190 2.173914 0.000000 0.000000 0.000000 1.000000 0.000000 0.000000
23.000000 211.413841 8.081918 -2.115323 2.195014 0.000000 0.000000 0.000000 1.000000 0.000000 0.000000
23.000000 211.418001 9.134298 -2.018870 2.116010 0.000000 0.000000 0.000000 1.000000 0.000000 0.000000
23.000000 211.423935 7.899314 -2.126559 2.137834 0.000000 0.000000 0.000000 1.000000 0.000000 0.000000
23.000000 211.427880 9.036203 -2.028070 2.062143 0.000000 0.000000 0.000000 1.000000 0.000000 0.000000
23.000000 211.433821 7.851456 -2.137281 2.083294 0.000000 0.000000 0.000000 1.000000 0.000000 0.000000
23.000000 211.438004 8.922629 -2.033557 1.999527 0.000000 0.000000 0.000000 1.000000 0.000000 0.000000
23.000000 211.443928 7.731869 -2.162359 2.027992 0.000000 0.000000 0.000000 1.000000 0.000000 0.000000
23.000000 211.448167 8.848385 -2.062209 1.941485 0.000000 0.000000 0.000000 1.000000 0.000000 0.000000
23.000000 211.453881 7.617086 -2.178373 1.965128 0.000000 0.000000 0.000000 1.000000 0.000000 0.000000
23.000000 211.458030 8.728460 -2.055578 1.886834 0.000000 0.000000 0.000000 1.000000 0.000000 0.000000
23.000000 211.463921 7.543203 -2.176797 1.884333 0.000000 0.000000 0.000000 1.000000 0.000000 0.000000
23.000000 211.467957 8.639137 -2.069984 1.826232 0.000000 0.000000 0.000000 1.000000 0.000000 0.000000
23.000000 211.473943 7.405966 -2.194918 1.830546 0.000000 0.000000 0.000000 1.000000 0.000000 0.000000
23.000000 211.478018 8.548144 -2.078476 1.753405 0.000000 0.000000 0.000000 1.000000 0.000000 0.000000
23.000000 211.484135 7.309202 -2.210921 1.768353 0.000000 0.000000 0.000000 1.000000 0.000000 0.000000
23.000000 211.488113 8.429639 -2.080541 1.692505 0.000000 0.000000 0.000000 1.000000 0.000000 0.000000
23.000000 211.493872 7.198676 -2.231107 1.708631 0.000000 0.000000 0.000000 1.000000 0.000000 0.000000
23.000000 211.497998 8.351553 -2.095629 1.644187 0.000000 0.000000 0.000000 1.000000 0.000000 0.000000
23.000000 211.503957 7.074104 -2.243055 1.640295 0.000000 0.000000 0.000000 1.000000 0.000000 0.000000
23.000000 211.507977 8.245519 -2.099701 1.582549 0.000000 0.000000 0.000000 1.000000 0.000000 0.000000
23.000000 211.513919 6.939400 -2.257443 1.564010 0.000000 0.000000 0.000000 1.000000 0.000000 0.000000
23.000000 211.517958 8.163450 -2.114640 1.515356 0.000000 0.000000 0.000000 1.000000 0.000000 0.000000
23.000000 211.523995 6.848389 -2.269922 1.499565 0.000000 0.000000 0.000000 1.000000 0.000000 0.000000
23.000000 211.527923 8.077250 -2.125334 1.449387 0.000000 0.000000 0.000000 1.000000 0.000000 0.000000
23.000000 211.533866 6.748888 -2.285959 1.436998 0.000000 0.000000 0.000000 1.000000 0.000000 0.000000
23.000000 211.538106 7.979283 -2.130636 1.383932 0.000000 0.000000 0.000000 1.000000 0.000000 0.000000
23.000000 211.544009 6.631262 -2.301602 1.361847 0.000000 0.000000 0.000000 1.000000 0.000000 0.000000
23.000000 211.548079 7.871555 -2.135916 1.322369 0.000000 0.000000 0.000000 1.000000 0.000000 0.000000
23.000000 211.554122 6.550925 -2.313874 1.292752 0.000000 0.000000 0.000000 1.000000 0.000000 0.000000
23.000000 211.558053 7.787643 -2.147663 1.255539 0.000000 0.000000 0.000000 1.000000 0.000000 0.000000
23.000000 211.564011 6.401469 -2.324067 1.200918 0.000000 0.000000 0.000000 1.000000 0.000000 0.000000
23.000000 211.568100 7.701271 -2.159438 1.186897 0.000000 0.000000 0.000000 1.000000 0.000000 0.000000
23.000000 211.573931 6.338076 -2.339254 1.155759 0.000000 0.000000 0.000000 1.000000 0.000000 0.000000
23.000000 211.578193 7.600814 -2.166572 1.120439 0.000000 0.000000 0.000000 1.000000 0.000000 0.000000
23.000000 211.584058 6.225917 -2.354958 1.081205 0.000000 0.000000 0.000000 1.000000 0.000000 0.000000
23.000000 211.588202 7.495948 -2.172911 1.050929 0.000000 0.000000 0.000000 1.000000 0.000000 0.000000
23.000000 211.593912 6.125895 -2.367943 1.008080 0.000000 0.000000 0.000000 1.000000 0.000000 0.000000
23.000000 211.598267 7.415582 -2.180421 0.982392 0.000000 0.000000 0.000000 1.000000 0.000000 0.000000
23.000000 211.604037 6.009536 -2.383831 0.933149 0.000000 0.000000 0.000000 1.000000 0.000000 0.000000
23.000000 211.607968 7.330508 -2.190605 0.903199 0.000000 0.000000 0.000000 1.000000 0.000000 0.000000
23.000000 211.613912 5.883177 -2.400780 0.850075 0.000000 0.000000 0.000000 1.000000 0.000000 0.000000
23.000000 211.618012 7.229563 -2.198149 0.837951 0.000000 0.000000 0.000000 1.000000 0.000000 0.000000
23.000000 211.623968 5.780864 -2.408988 0.766177 0.000000 0.000000 0.000000 1.000000 0.000000 0.000000
23.000000 211.628082 7.148318 -2.207952 0.760416 0.000000 0.000000 0.000000 1.000000 0.000000 0.000000
23.000000 211.633934 5.647662 -2.425884 0.693696 0.000000 0.000000 0.000000 1.000000 0.000000 0.000000
23.000000 211.638137 7.065007 -2.215920 0.684381 0.000000 0.000000 0.000000 1.000000 0.000000 0.000000
23.000000 211.644022 5.578375 -2.440682 0.619296 0.000000 0.000000 0.000000 1.000000 0.000000 0.000000
23.000000 211.647928 6.960425 -2.225021 0.616736 0.000000 0.000000 0.000000 1.000000 0.000000 0.000000
23.000000 211.653919 5.459272 -2.452447 0.530631 0.000000 0.000000 0.000000 1.000000 0.000000 0.000000
23.000000 211.658159 6.869439 -2.234201 0.543457 0.000000 0.000000 0.000000 1.000000 0.000000 0.000000
23.000000 211.664218 5.330662 -2.469019 0.445805 0.000000 0.000000 0.000000 1.000000 0.000000 0.000000
23.000000 211.667974 6.793535 -2.243442 0.462856 0.000000 0.000000 0.000000 1.000000 0.000000 0.000000
23.000000 211.674052 5.197602 -2.485172 0.358529 0.000000 0.000000 0.000000 1.000000 0.000000 0.000000
23.000000 211.678041 6.692340 -2.246581 0.390105 0.000000 0.000000 0.000000 1.000000 0.000000 0.000000
23.000000 211.684148 5.145661 -2.493154 0.285250 0.000000 0.000000 0.000000 1.000000 0.000000 0.000000
23.000000 211.687954 6.614188 -2.259145 0.305675 0.000000 0.000000 0.000000 1.000000 0.000000 0.000000
23.000000 211.694094 5.024987 -2.513480 0.198252 0.000000 0.000000 0.000000 1.000000 0.000000 0.000000
23.000000 211.698077 6.520228 -2.263810 0.233284 0.000000 0.000000 0.000000 1.000000 0.000000 0.000000
23.000000 211.704166 4.937500 -2.515683 0.111643 0.000000 0.000000 0.000000 1.000000 0.000000 0.000000
23.000000 211.707954 6.427991 -2.273604 0.155918 0.000000 0.000000 0.000000 1.000000 0.000000 0.000000
23.000000 211.714152 4.812570 -2.532416 0.030227 0.000000 0.000000 0.000000 1.000000 0.000000 0.000000
23.000000 211.718028 6.335670 -2.280066 0.078564 0.000000 0.000000 0.000000 1.000000 0.000000 0.000000
23.000000 211.724242 4.679963 -2.551992 -0.068127 0.000000 0.000000 0.000000 1.000000 0.000000 0.000000
23.000000 211.727984 6.261893 -2.282537 0.029766 0.000000 0.000000 0.000000 1.000000 0.000000 0.000000
23.000000 211.734215 4.653685 -2.555788 -0.022672 0.000000 0.000000 0.000000 1.000000 0.000000 0.000000
23.000000 211.738044 6.202189 -2.288178 0.085634 0.000000 0.000000 0.000000 1.000000 0.000000 0.000000
23.000000 211.744143 4.622433 -2.560977 0.020244 0.000000 0.000000 0.000000 1.000000 0.000000 0.000000
23.000000 211.747963 6.167569 -2.289339 0.142002 0.000000 0.000000 0.000000 1.000000 0.000000 0.000000
23.000000 211.754277 4.559968 -2.568897 0.092034 0.000000 0.000000 0.000000 1.000000 0.000000 0.000000
23.000000 211.758193 6.111472 -2.294354 0.196652 0.000000 0.000000 0.000000 1.000000 0.000000 0.000000
23.000000 211.764279 4.437397 -2.570539 0.133402 0.000000 0.000000 0.000000 1.000000 0.000000 0.000000
23.000000 211.768122 6.081802 -2.301808 0.244499 0.000000 0.000000 0.000000 1.000000 0.000000 0.000000
23.000000 211.774193 4.434630 -2.574840 0.198666 0.000000 0.000000 0.000000 1.000000 0.000000 0.000000
23.000000 211.778272 6.013347 -2.301954 0.303517 0.000000 0.000000 0.000000 1.000000 0.000000 0.000000
23.000000 211.784100 4.423577 -2.576916 0.269654 0.000000 0.000000 0.000000 1.000000 0.000000 0.000000
23.000000 211.788130 5.968117 -2.299838 0.351715 0.000000 0.000000 0.000000 1.000000 0.000000 0.000000
23.000000 211.794194 4.359880 -2.582503 0.322506 0.000000 0.000000 0.000000 1.000000 0.000000 0.000000
23.000000 211.798153 5.941700 -2.312636 0.397401 0.000000 0.000000 0.000000 1.000000 0.000000 0.000000
23.000000 211.804359 4.300611 -2.588000 0.375852 0.000000 0.000000 0.000000 1.000000 0.000000 0.000000
23.000000 211.808026 5.918298 -2.322202 0.430454 0.000000 0.000000 0.000000 1.000000 0.000000 0.000000
23.000000 211.814212 4.262670 -2.591082 0.426289 0.000000 0.000000 0.000000 1.000000 0.000000 0.000000
23.000000 211.824086 4.209914 -2.598634 0.489478 0.000000 0.000000 0.000000 1.000000 0.000000 0.000000
23.000000 211.833992 4.170501 -2.600146 0.531746 0.000000 0.000000 0.000000 1.000000 0.000000 0.000000
23.000000 211.844130 4.093661 -2.605767 0.575954 0.000000 0.000000 0.000000 1.000000 0.000000 0.000000
23.000000 211.854051 4.052365 -2.607861 0.635498 0.000000 0.000000 0.000000 1.000000 0.000000 0.000000
23.000000 211.864261 3.993420 -2.610170 0.662461 0.000000 0.000000 0.000000 1.000000 0.000000 0.000000
23.000000 211.874089 3.946145 -2.618282 0.716924 0.000000 0.000000 0.000000 1.000000 0.000000 0.000000
23.000000 211.884135 3.915465 -2.618930 0.767317 0.000000 0.000000 0.000000 1.000000 0.000000 0.000000
23.000000 211.888134 5.243036 -2.459273 0.950960 0.000000 0.000000 0.000000 1.000000 0.000000 0.000000
23.000000 211.894264 3.890762 -2.616143 0.809806 0.000000 0.000000 0.000000 1.000000 0.000000 0.000000
23.000000 211.898118 5.183270 -2.457402 0.989808 0.000000 0.000000 0.000000 1.000000 0.000000 0.000000
23.000000 211.904414 3.833899 -2.626719 0.845614 0.000000 0.000000 0.000000 1.000000 0.000000 0.000000
23.000000 211.908054 4.965349 -2.238836 0.954223 0.000000 0.000000 0.000000 1.000000 0.000000 0.000000
23.000000 211.914073 3.764988 -2.630113 0.876093 0.000000 0.000000 0.000000 1.000000 0.000000 0.000000
23.000000 211.918107 5.113873 -2.470436 1.057533 0.000000 0.000000 0.000000 1.000000 0.000000 0.000000
23.000000 211.924348 3.707114 -2.636833 0.913411 0.000000 0.000000 0.000000 1.000000 0.000000 0.000000
23.000000 211.928145 5.071116 -2.476844 1.095777 0.000000 0.000000 0.000000 1.000000 0.000000 0.000000
23.000000 211.934277 3.696827 -2.639779 0.961486 0.000000 0.000000 0.000000 1.000000 0.000000 0.000000
23.000000 211.938139 5.009325 -2.478010 1.130107 0.000000 0.000000 0.000000 1.000000 0.000000 0.000000
23.000000 211.944228 3.603750 -2.649546 0.995093 0.000000 0.000000 0.000000 1.000000 0.000000 0.000000
23.000000 211.948058 4.976473 -2.485728 1.165857 0.000000 0.000000 0.000000 1.000000 0.000000 0.000000
23.000000 211.954165 3.575776 -2.649971 1.036205 0.000000 0.000000 0.000000 1.000000 0.000000 0.000000
23.000000 211.958141 4.919722 -2.487202 1.201647 0.000000 0.000000 0.000000 1.000000 0.000000 0.000000
23.000000 211.964364 3.524949 -2.656436 1.074183 0.000000 0.000000 0.000000 1.000000 0.000000 0.000000
23.000000 211.968071 4.882720 -2.490950 1.230987 0.000000 0.000000 0.000000 1.000000 0.000000 0.000000
23.000000 211.974174 3.430071 -2.662576 1.101216 0.000000 0.000000 0.000000 1.000000 0.000000 0.000000
23.000000 211.978200 4.839807 -2.497706 1.263199 0.000000 0.000000 0.000000 1.000000 0.000000 0.000000
23.000000 211.984265 3.401667 -2.667744 1.133951 0.000000 0.000000 0.000000 1.000000 0.000000 0.000000
23.000000 211.988213 4.799873 -2.500118 1.289914 0.000000 0.000000 0.000000 1.000000 0.000000 0.000000
23.000000 211.994251 3.363080 -2.675768 1.170908 0.000000 0.000000 0.000000 1.000000 0.000000 0.000000
23.000000 211.998148 4.745809 -2.505454 1.323225 0.000000 0.000000 0.000000 1.000000 0.000000 0.000000
23.000000 212.004143 3.292930 -2.684570 1.191530 0.000000 0.000000 0.000000 1.000000 0.000000 0.000000
23.000000 212.008080 4.725976 -2.514200 1.341632 0.000000 0.000000 0.000000 1.000000 0.000000 0.000000
23.000000 212.014094 3.250279 -2.680544 1.232735 0.000000 0.000000 0.000000 1.000000 0.000000 0.000000
23.000000 212.018130 4.644922 -2.510537 1.379400 0.000000 0.000000 0.000000 1.000000 0.000000 0.000000
23.000000 212.024274 3.209293 -2.684981 1.260098 0.000000 0.000000 0.000000 1.000000 0.000000 0.000000
23.000000 212.028107 4.602196 -2.515982 1.405081 0.000000 0.000000 0.000000 1.000000 0.000000 0.000000
23.000000 212.034155 3.174264 -2.689287 1.286246 0.000000 0.000000 0.000000 1.000000 0.000000 0.000000
23.000000 212.038145 4.567950 -2.519197 1.428250 0.000000 0.000000 0.000000 1.000000 0.000000 0.000000
23.000000 212.044222 3.120759 -2.699063 1.321764 0.000000 0.000000 0.000000 1.000000 0.000000 0.000000
23.000000 212.048151 4.514659 -2.527765 1.455990 0.000000 0.000000 0.000000 1.000000 0.000000 0.000000
23.000000 212.054193 3.063421 -2.704284 1.342237 0.000000 0.000000 0.000000 1.000000 0.000000 0.000000
23.000000 212.058131 4.466926 -2.529542 1.476394 0.000000 0.000000 0.000000 1.000000 0.000000 0.000000
23.000000 212.064277 3.038227 -2.706182 1.360653 0.000000 0.000000 0.000000 1.000000 0.000000 0.000000
23.000000 212.068111 4.423506 -2.532604 1.496788 0.000000 0.000000 0.000000 1.000000 0.000000 0.000000
23.000000 212.074215 2.936663 -2.708608 1.370632 0.000000 0.000000 0.000000 1.000000 0.000000 0.000000
23.000000 212.078141 4.385481 -2.536635 1.519474 0.000000 0.000000 0.000000 1.000000 0.000000 0.000000
23.000000 212.084380 2.868008 -2.717038 1.404130 0.000000 0.000000 0.000000 1.000000 0.000000 0.000000
23.000000 212.088194 4.346636 -2.540935 1.536085 0.000000 0.000000 0.000000 1.000000 0.000000 0.000000
23.000000 212.094360 2.842056 -2.722524 1.435326 0.000000 0.000000 0.000000 1.000000 0.000000 0.000000
23.000000 212.098196 4.284193 -2.545466 1.561688 0.000000 0.000000 0.000000 1.000000 0.000000 0.000000
23.000000 212.104190 2.766120 -2.739437 1.449200 0.000000 0.000000 0.000000 1.000000 0.000000 0.000000
23.000000 212.108087 4.258424 -2.555674 1.576467 0.000000 0.000000 0.000000 1.000000 0.000000 0.000000
23.000000 212.114178 2.641569 -2.745114 1.465574 0.000000 0.000000 0.000000 1.000000 0.000000 0.000000
23.000000 212.118343 4.211889 -2.560844 1.595572 0.000000 0.000000 0.000000 1.000000 0.000000 0.000000
23.000000 212.124173 2.643296 -2.742758 1.487155 0.000000 0.000000 0.000000 1.000000 0.000000 0.000000
23.000000 212.128186 4.168475 -2.560130 1.607012 0.000000 0.000000 0.000000 1.000000 0.000000 0.000000
23.000000 212.134147 2.625543 -2.744807 1.505700 0.000000 0.000000 0.000000 1.000000 0.000000 0.000000
23.000000 212.138225 4.119276 -2.562283 1.623157 0.000000 0.000000 0.000000 1.000000 0.000000 0.000000
23.000000 212.144258 2.572983 -2.763091 1.522180 0.000000 0.000000 0.000000 1.000000 0.000000 0.000000
23.000000 212.148085 4.099633 -2.575107 1.635085 0.000000 0.000000 0.000000 1.000000 0.000000 0.000000
23.000000 212.154154 2.499039 -2.765940 1.530830 0.000000 0.000000 0.000000 1.000000 0.000000 0.000000
23.000000 212.158185 4.042121 -2.578391 1.651457 0.000000 0.000000 0.000000 1.000000 0.000000 0.000000
23.000000 212.164178 2.468127 -2.762071 1.546696 0.000000 0.000000 0.000000 1.000000 0.000000 0.000000
23.000000 212.168204 3.995192 -2.576274 1.660546 0.000000 0.000000 0.000000 1.000000 0.000000 0.000000
23.000000 212.174151 2.416772 -2.761797 1.548755 0.000000 0.000000 0.000000 1.000000 0.000000 0.000000
23.000000 212.178266 3.940576 -2.578110 1.670715 0.000000 0.000000 0.000000 1.000000 0.000000 0.000000
23.000000 212.184168 2.378241 -2.768618 1.568492 0.000000 0.000000 0.000000 1.000000 0.000000 0.000000
23.000000 212.188159 3.897283 -2.583164 1.681355 0.000000 0.000000 0.000000 1.000000 0.000000 0.000000
23.000000 212.194192 2.323448 -2.769124 1.578947 0.000000 0.000000 0.000000 1.000000 0.000000 0.000000
23.000000 212.198258 3.846288 -2.583621 1.691458 0.000000 0.000000 0.000000 1.000000 0.000000 0.000000
23.000000 212.204179 2.280918 -2.784410 1.587761 0.000000 0.000000 0.000000 1.000000 0.000000 0.000000
23.000000 212.208173 3.821408 -2.594782 1.697851 0.000000 0.000000 0.000000 1.000000 0.000000 0.000000
23.000000 212.214172 2.203588 -2.786223 1.585683 0.000000 0.000000 0.000000 1.000000 0.000000 0.000000
23.000000 212.218258 3.781789 -2.597734 1.697914 0.000000 0.000000 0.000000 1.000000 0.000000 0.000000
23.000000 212.224263 2.122997 -2.788193 1.582487 0.000000 0.000000 0.000000 1.000000 0.000000 0.000000
23.000000 212.228180 3.727828 -2.598463 1.707390 0.000000 0.000000 0.000000 1.000000 0.000000 0.000000
23.000000 212.234206 2.089471 -2.798369 1.598591 0.000000 0.000000 0.000000 1.000000 0.000000 0.000000
23.000000 212.238211 3.697139 -2.607109 1.709282 0.000000 0.000000 0.000000 1.000000 0.000000 0.000000
23.000000 212.244285 2.060903 -2.800183 1.602385 0.000000 0.000000 0.000000 1.000000 0.000000 0.000000
23.000000 212.248226 3.652328 -2.608882 1.710666 0.000000 0.000000 0.000000 1.000000 0.000000 0.000000
23.000000 212.254185 1.949707 -2.820950 1.597834 0.000000 0.000000 0.000000 1.000000 0.000000 0.000000
23.000000 212.258332 3.632948 -2.622727 1.711016 0.000000 0.000000 0.000000 1.000000 0.000000 0.000000
23.000000 212.264339 1.859834 -2.819940 1.594045 0.000000 0.000000 0.000000 1.000000 0.000000 0.000000
23.000000 212.268250 3.573820 -2.622164 1.710373 0.000000 0.000000 0.000000 1.000000 0.000000 0.000000
23.000000 212.274214 1.869968 -2.820965 1.601372 0.000000 0.000000 0.000000 1.000000 0.000000 0.000000
23.000000 212.278254 3.534933 -2.624529 1.712272 0.000000 0.000000 0.000000 1.000000 0.000000 0.000000
23.000000 212.284270 1.838798 -2.825611 1.605065 0.000000 0.000000 0.000000 1.000000 0.000000 0.000000
23.000000 212.288193 3.481987 -2.628808 1.711234 0.000000 0.000000 0.000000 1.000000 0.000000 0.000000
23.000000 212.294249 1.787870 -2.830034 1.604804 0.000000 0.000000 0.000000 1.000000 0.000000 0.000000
23.000000 212.298327 3.446829 -2.630612 1.707102 0.000000 0.000000 0.000000 1.000000 0.000000 0.000000
23.000000 212.304319 1.730570 -2.833726 1.596713 0.000000 0.000000 0.000000 1.000000 0.000000 0.000000
23.000000 212.308203 3.401217 -2.636043 1.704346 0.000000 0.000000 0.000000 1.000000 0.000000 0.000000
23.000000 212.314235 1.624275 -2.845575 1.580208 0.000000 0.000000 0.000000 1.000000 0.000000 0.000000
23.000000 212.318264 3.369419 -2.644068 1.696688 0.000000 0.000000 0.000000 1.000000 0.000000 0.000000
23.000000 212.324339 1.552603 -2.854585 1.571225 0.000000 0.000000 0.000000 1.000000 0.000000 0.000000
23.000000 212.328244 3.340439 -2.650140 1.690287 0.000000 0.000000 0.000000 1.000000 0.000000 0.000000
23.000000 212.334214 1.588312 -2.856406 1.579593 0.000000 0.000000 0.000000 1.000000 0.000000 0.000000
23.000000 212.338284 3.293553 -2.651619 1.683809 0.000000 0.000000 0.000000 1.000000 0.000000 0.000000
23.000000 212.344309 1.518119 -2.857447 1.566398 0.000000 0.000000 0.000000 1.000000 0.000000 0.000000
23.000000 212.348233 3.218234 -2.654113 1.678180 0.000000 0.000000 0.000000 1.000000 0.000000 0.000000
23.000000 212.354222 1.460646 -2.864273 1.560307 0.000000 0.000000 0.000000 1.000000 0.000000 0.000000
23.000000 212.358353 3.193091 -2.658118 1.671753 0.000000 0.000000 0.000000 1.000000 0.000000 0.000000
23.000000 212.364447 1.387069 -2.872780 1.552053 0.000000 0.000000 0.000000 1.000000 0.000000 0.000000
23.000000 212.368350 3.147456 -2.662932 1.662562 0.000000 0.000000 0.000000 1.000000 0.000000 0.000000
23.000000 212.374437 1.263687 -2.887176 1.537753 0.000000 0.000000 0.000000 1.000000 0.000000 0.000000
23.000000 212.378284 3.132623 -2.672966 1.649230 0.000000 0.000000 0.000000 1.000000 0.000000 0.000000
23.000000 212.384280 1.255984 -2.889637 1.518882 0.000000 0.000000 0.000000 1.000000 0.000000 0.000000
23.000000 212.388214 3.092047 -2.675773 1.640571 0.000000 0.000000 0.000000 1.000000 0.000000 0.000000
23.000000 212.394374 1.210815 -2.889929 1.507667 0.000000 0.000000 0.000000 1.000000 0.000000 0.000000
23.000000 212.398291 3.034940 -2.676415 1.625518 0.000000 0.000000 0.000000 1.000000 0.000000 0.000000
23.000000 212.404310 1.161467 -2.896312 1.491865 0.000000 0.000000 0.000000 1.000000 0.000000 0.000000
23.000000 212.408213 2.991103 -2.680218 1.617385 0.000000 0.000000 0.000000 1.000000 0.000000 0.000000
23.000000 212.414462 1.036630 -2.899980 1.472565 0.000000 0.000000 0.000000 1.000000 0.000000 0.000000
23.000000 212.418496 2.940576 -2.682983 1.604186 0.000000 0.000000 0.000000 1.000000 0.000000 0.000000
23.000000 212.424366 1.004026 -2.900386 1.449869 0.000000 0.000000 0.000000 1.000000 0.000000 0.000000
23.000000 212.428305 2.893874 -2.683156 1.587753 0.000000 0.000000 0.000000 1.000000 0.000000 0.000000
23.000000 212.434389 0.994460 -2.917287 1.441944 0.000000 0.000000 0.000000 1.000000 0.000000 0.000000
23.000000 212.438322 2.877243 -2.695646 1.566949 0.000000 0.000000 0.000000 1.000000 0.000000 0.000000
23.000000 212.444506 0.952985 -2.916336 1.420988 0.000000 0.000000 0.000000 1.000000 0.000000 0.000000
23.000000 212.448283 2.830542 -2.696881 1.546881 0.000000 0.000000 0.000000 1.000000 0.000000 0.000000
23.000000 212.454346 0.908724 -2.917966 1.395755 0.000000 0.000000 0.000000 1.000000 0.000000 0.000000
23.000000 212.458531 2.788995 -2.699161 1.525966 0.000000 0.000000 0.000000 1.000000 0.000000 0.000000
23.000000 212.464437 0.779847 -2.921883 1.373259 0.000000 0.000000 0.000000 1.000000 0.000000 0.000000
23.000000 212.468456 2.734557 -2.699491 1.511062 0.000000 0.000000 0.000000 1.000000 0.000000 0.000000
23.000000 212.474326 0.729935 -2.939426 1.343431 0.000000 0.000000 0.000000 1.000000 0.000000 0.000000
23.000000 212.478492 2.717652 -2.712683 1.485815 0.000000 0.000000 0.000000 1.000000 0.000000 0.000000
23.000000 212.484408 0.720235 -2.941608 1.330068 0.000000 0.000000 0.000000 1.000000 0.000000 0.000000
23.000000 212.488422 2.656377 -2.712711 1.471891 0.000000 0.000000 0.000000 1.000000 0.000000 0.000000
23.000000 212.494400 0.637553 -2.949157 1.299252 0.000000 0.000000 0.000000 1.000000 0.000000 0.000000
23.000000 212.498656 2.628466 -2.718733 1.442335 0.000000 0.000000 0.000000 1.000000 0.000000 0.000000
23.000000 212.504502 0.641178 -2.944917 1.283131 0.000000 0.000000 0.000000 1.000000 0.000000 0.000000
23.000000 212.508548 2.562780 -2.716092 1.426501 0.000000 0.000000 0.000000 1.000000 0.000000 0.000000
23.000000 212.514364 0.519293 -2.962563 1.233575 0.000000 0.000000 0.000000 1.000000 0.000000 0.000000
23.000000 212.518615 2.547832 -2.727112 1.394880 0.000000 0.000000 0.000000 1.000000 0.000000 0.000000
23.000000 212.524513 0.422899 -2.957181 1.193591 0.000000 0.000000 0.000000 1.000000 0.000000 0.000000
23.000000 212.528366 2.499622 -2.724610 1.366918 0.000000 0.000000 0.000000 1.000000 0.000000 0.000000
23.000000 212.534249 0.480029 -2.960881 1.188509 0.000000 0.000000 0.000000 1.000000 0.000000 0.000000
23.000000 212.538537 2.443800 -2.728938 1.340863 0.000000 0.000000 0.000000 1.000000 0.000000 0.000000
23.000000 212.544308 0.383990 -2.977442 1.152458 0.000000 0.000000 0.000000 1.000000 0.000000 0.000000
23.000000 212.548287 2.428764 -2.741101 1.308230 0.000000 0.000000 0.000000 1.000000 0.000000 0.000000
23.000000 212.554267 0.334200 -2.982278 1.121908 0.000000 0.000000 0.000000 1.000000 0.000000 0.000000
23.000000 212.558375 2.394614 -2.744229 1.282369 0.000000 0.000000 0.000000 1.000000 0.000000 0.000000
23.000000 212.564360 0.265183 -2.982509 1.096687 0.000000 0.000000 0.000000 1.000000 0.000000 0.000000
23.000000 212.568374 2.347972 -2.742941 1.253499 0.000000 0.000000 0.000000 1.000000 0.000000 0.000000
23.000000 212.574538 0.197174 -2.984509 1.063267 0.000000 0.000000 0.000000 1.000000 0.000000 0.000000
23.000000 212.578450 2.301406 -2.744219 1.224360 0.000000 0.000000 0.000000 1.000000 0.000000 0.000000
23.000000 212.584561 0.175916 -2.993590 1.015877 0.000000 0.000000 0.000000 1.000000 0.000000 0.000000
23.000000 212.588372 2.266562 -2.751532 1.189099 0.000000 0.000000 0.000000 1.000000 0.000000 0.000000
23.000000 212.594377 0.122721 -2.998454 0.979968 0.000000 0.000000 0.000000 1.000000 0.000000 0.000000
23.000000 212.598400 2.224454 -2.755491 1.157684 0.000000 0.000000 0.000000 1.000000 0.000000 0.000000
23.000000 212.604558 0.071398 -3.005596 0.942658 0.000000 0.000000 0.000000 1.000000 0.000000 0.000000
23.000000 212.608346 2.184040 -2.759778 1.123786 0.000000 0.000000 0.000000 1.000000 0.000000 0.000000
23.000000 212.614536 -0.057962 -3.014069 0.882817 0.000000 0.000000 0.000000 1.000000 0.000000 0.000000
23.000000 212.618474 2.146190 -2.763001 1.090992 0.000000 0.000000 0.000000 1.000000 0.000000 0.000000
23.000000 212.624650 -0.117782 -3.020422 0.837065 0.000000 0.000000 0.000000 1.000000 0.000000 0.000000
23.000000 212.628369 2.105373 -2.768037 1.056721 0.000000 0.000000 0.000000 1.000000 0.000000 0.000000
23.000000 212.634404 -0.051584 -3.020496 0.819208 0.000000 0.000000 0.000000 1.000000 0.000000 0.000000
23.000000 212.638385 2.106531 -2.773242 1.025443 0.000000 0.000000 0.000000 1.000000 0.000000 0.000000
23.000000 212.644504 -0.158541 -3.026671 0.774543 0.000000 0.000000 0.000000 1.000000 0.000000 0.000000
23.000000 212.654483 -0.252342 -3.030647 0.724635 0.000000 0.000000 0.000000 1.000000 0.000000 0.000000
23.000000 212.664464 -0.364350 -3.039647 0.673331 0.000000 0.000000 0.000000 1.000000 0.000000 0.000000
23.000000 212.684150 -0.384978 -3.051849 0.613700 0.000000 0.000000 0.000000 1.000000 0.000000 0.000000
23.000000 212.684448 -0.373739 -3.048953 0.595298 0.000000 0.000000 0.000000 1.000000 0.000000 0.000000
23.000000 212.693861 -0.404975 -3.053302 0.565686 0.000000 0.000000 0.000000 1.000000 0.000000 0.000000
23.000000 212.694513 -0.415127 -3.057357 0.543652 0.000000 0.000000 0.000000 1.000000 0.000000 0.000000
23.000000 212.703942 -0.486637 -3.061397 0.517442 0.000000 0.000000 0.000000 1.000000 0.000000 0.000000
23.000000 212.704745 -0.477603 -3.059630 0.497487 0.000000 0.000000 0.000000 1.000000 0.000000 0.000000
23.000000 212.714080 -0.627922 -3.065203 0.460989 0.000000 0.000000 0.000000 1.000000 0.000000 0.000000
23.000000 212.714477 -0.645804 -3.072636 0.434729 0.000000 0.000000 0.000000 1.000000 0.000000 0.000000
23.000000 212.734107 -0.666618 -3.077789 0.359142 0.000000 0.000000 0.000000 1.000000 0.000000 0.000000
23.000000 212.734339 -0.672371 -3.081564 0.335012 0.000000 0.000000 0.000000 1.000000 0.000000 0.000000
23.000000 212.744107 -0.754009 -3.087907 0.298734 0.000000 0.000000 0.000000 1.000000 0.000000 0.000000
23.000000 212.744553 -0.739150 -3.085326 0.279038 0.000000 0.000000 0.000000 1.000000 0.000000 0.000000
23.000000 212.753893 -0.748854 -3.089292 0.258196 0.000000 0.000000 0.000000 1.000000 0.000000 0.000000
23.000000 212.754445 -0.732594 -3.086324 0.237899 0.000000 0.000000 0.000000 1.000000 0.000000 0.000000
23.000000 212.763996 -0.851096 -3.095281 0.188963 0.000000 0.000000 0.000000 1.000000 0.000000 0.000000
23.000000 212.764555 -0.835547 -3.093152 0.167651 0.000000 0.000000 0.000000 1.000000 0.000000 0.000000
23.000000 212.773908 -0.956766 -3.096072 0.147327 0.000000 0.000000 0.000000 1.000000 0.000000 0.000000
23.000000 212.774421 -0.984270 -3.106876 0.126236 0.000000 0.000000 0.000000 1.000000 0.000000 0.000000
23.000000 212.784111 -1.025278 -3.115647 0.084040 0.000000 0.000000 0.000000 1.000000 0.000000 0.000000
23.000000 212.784499 -0.988716 -3.107895 0.062435 0.000000 0.000000 0.000000 1.000000 0.000000 0.000000
23.000000 212.793907 -1.025615 -3.113560 0.034919 0.000000 0.000000 0.000000 1.000000 0.000000 0.000000
23.000000 212.794387 -1.019314 -3.115319 0.008848 0.000000 0.000000 0.000000 1.000000 0.000000 0.000000
23.000000 212.803935 -1.073468 -3.121284 -0.021829 0.000000 0.000000 0.000000 1.000000 0.000000 0.000000
23.000000 212.804484 -1.074618 -3.125303 -0.047651 0.000000 0.000000 0.000000 1.000000 0.000000 0.000000
23.000000 212.813910 -1.195542 -3.129958 -0.077512 0.000000 0.000000 0.000000 1.000000 0.000000 0.000000
23.000000 212.814595 -1.205617 -3.134302 -0.086673 0.000000 0.000000 0.000000 1.000000 0.000000 0.000000
23.000000 212.823994 -1.123198 -3.127645 -0.044940 0.000000 0.000000 0.000000 1.000000 0.000000 0.000000
23.000000 212.824594 -1.161675 -3.136748 -0.025587 0.000000 0.000000 0.000000 1.000000 0.000000 0.000000
23.000000 212.833907 -1.201503 -3.133943 -0.012250 0.000000 0.000000 0.000000 1.000000 0.000000 0.000000
23.000000 212.834410 -1.205757 -3.132621 0.007217 0.000000 0.000000 0.000000 1.000000 0.000000 0.000000
23.000000 212.844024 -1.216368 -3.128622 0.028531 0.000000 0.000000 0.000000 1.000000 0.000000 0.000000
23.000000 212.844727 -1.264406 -3.139610 0.052155 0.000000 0.000000 0.000000 1.000000 0.000000 0.000000
23.000000 212.853909 -1.278340 -3.134619 0.076402 0.000000 0.000000 0.000000 1.000000 0.000000 0.000000
23.000000 212.854645 -1.326012 -3.146599 0.091367 0.000000 0.000000 0.000000 1.000000 0.000000 0.000000
23.000000 212.873920 -1.470460 -3.147185 0.133647 0.000000 0.000000 0.000000 1.000000 0.000000 0.000000
23.000000 212.874475 -1.523978 -3.159869 0.152720 0.000000 0.000000 0.000000 1.000000 0.000000 0.000000
23.000000 212.883967 -1.426276 -3.154272 0.184066 0.000000 0.000000 0.000000 1.000000 0.000000 0.000000
23.000000 212.884497 -1.462560 -3.163271 0.194671 0.000000 0.000000 0.000000 1.000000 0.000000 0.000000
23.000000 212.893904 -1.420148 -3.159007 0.216909 0.000000 0.000000 0.000000 1.000000 0.000000 0.000000
23.000000 212.894490 -1.445033 -3.163971 0.232066 0.000000 0.000000 0.000000 1.000000 0.000000 0.000000
23.000000 212.903997 -1.484910 -3.159635 0.250242 0.000000 0.000000 0.000000 1.000000 0.000000 0.000000
23.000000 212.904476 -1.520490 -3.167578 0.266428 0.000000 0.000000 0.000000 1.000000 0.000000 0.000000
23.000000 212.913980 -1.558472 -3.166712 0.268002 0.000000 0.000000 0.000000 1.000000 0.000000 0.000000
23.000000 212.914485 -1.607041 -3.177414 0.286416 0.000000 0.000000 0.000000 1.000000 0.000000 0.000000
23.000000 212.924013 -1.640937 -3.169740 0.315773 0.000000 0.000000 0.000000 1.000000 0.000000 0.000000
23.000000 212.924535 -1.681212 -3.179564 0.327072 0.000000 0.000000 0.000000 1.000000 0.000000 0.000000
23.000000 212.944023 -1.671786 -3.188325 0.391613 0.000000 0.000000 0.000000 1.000000 0.000000 0.000000
23.000000 212.944544 -1.695379 -3.192669 0.405920 0.000000 0.000000 0.000000 1.000000 0.000000 0.000000
23.000000 212.953963 -1.720286 -3.188254 0.423041 0.000000 0.000000 0.000000 1.000000 0.000000 0.000000
23.000000 212.954492 -1.757938 -3.196760 0.436925 0.000000 0.000000 0.000000 1.000000 0.000000 0.000000
23.000000 212.964018 -1.807960 -3.192771 0.450957 0.000000 0.000000 0.000000 1.000000 0.000000 0.000000
23.000000 212.964612 -1.843970 -3.201442 0.461177 0.000000 0.000000 0.000000 1.000000 0.000000 0.000000
23.000000 212.974003 -1.848102 -3.201010 0.462686 0.000000 0.000000 0.000000 1.000000 0.000000 0.000000
23.000000 212.974590 -1.866780 -3.203347 0.478035 0.000000 0.000000 0.000000 1.000000 0.000000 0.000000
23.000000 212.994103 -1.865849 -3.205750 0.528734 0.000000 0.000000 0.000000 1.000000 0.000000 0.000000
23.000000 212.994484 -1.901109 -3.213694 0.541031 0.000000 0.000000 0.000000 1.000000 0.000000 0.000000
23.000000 213.004431 -1.926915 -3.209526 0.556571 0.000000 0.000000 0.000000 1.000000 0.000000 0.000000
23.000000 213.004620 -1.965271 -3.216988 0.575639 0.000000 0.000000 0.000000 1.000000 0.000000 0.000000
23.000000 213.014237 -2.036979 -3.214046 0.582865 0.000000 0.000000 0.000000 1.000000 0.000000 0.000000
23.000000 213.014593 -2.081355 -3.226528 0.584373 0.000000 0.000000 0.000000 1.000000 0.000000 0.000000
23.000000 213.024039 -2.124323 -3.224504 0.590180 0.000000 0.000000 0.000000 1.000000 0.000000 0.000000
23.000000 213.024654 -2.150753 -3.229776 0.601897 0.000000 0.000000 0.000000 1.000000 0.000000 0.000000
23.000000 213.034006 -2.082039 -3.225404 0.622277 0.000000 0.000000 0.000000 1.000000 0.000000 0.000000
23.000000 213.034565 -2.121812 -3.234841 0.632279 0.000000 0.000000 0.000000 1.000000 0.000000 0.000000
23.000000 213.044106 -2.137890 -3.231195 0.645282 0.000000 0.000000 0.000000 1.000000 0.000000 0.000000
23.000000 213.044619 -2.166560 -3.237263 0.656082 0.000000 0.000000 0.000000 1.000000 0.000000 0.000000
23.000000 213.054271 -2.166665 -3.233600 0.669951 0.000000 0.000000 0.000000 1.000000 0.000000 0.000000
23.000000 213.054595 -2.205888 -3.243234 0.678068 0.000000 0.000000 0.000000 1.000000 0.000000 0.000000
23.000000 213.064114 -2.191615 -3.238375 0.697609 0.000000 0.000000 0.000000 1.000000 0.000000 0.000000
23.000000 213.064683 -2.221671 -3.244940 0.708393 0.000000 0.000000 0.000000 1.000000 0.000000 0.000000
23.000000 213.074022 -2.247103 -3.244528 0.708682 0.000000 0.000000 0.000000 1.000000 0.000000 0.000000
23.000000 213.074709 -2.276950 -3.252491 0.711491 0.000000 0.000000 0.000000 1.000000 0.000000 0.000000
23.000000 213.084108 -2.311765 -3.249918 0.719510 0.000000 0.000000 0.000000 1.000000 0.000000 0.000000
23.000000 213.084660 -2.345333 -3.258214 0.726008 0.000000 0.000000 0.000000 1.000000 0.000000 0.000000
23.000000 213.094038 -2.343481 -3.254565 0.740124 0.000000 0.000000 0.000000 1.000000 0.000000 0.000000
23.000000 213.094640 -2.367237 -3.259785 0.748170 0.000000 0.000000 0.000000 1.000000 0.000000 0.000000
23.000000 213.104093 -2.403464 -3.258561 0.751184 0.000000 0.000000 0.000000 1.000000 0.000000 0.000000
23.000000 213.104824 -2.423616 -3.263274 0.756361 0.000000 0.000000 0.000000 1.000000 0.000000 0.000000
23.000000 213.114061 -2.489097 -3.262459 0.756435 0.000000 0.000000 0.000000 1.000000 0.000000 0.000000
23.000000 213.114755 -2.550363 -3.279187 0.760011 0.000000 0.000000 0.000000 1.000000 0.000000 0.000000
23.000000 213.124109 -2.553952 -3.277408 0.766393 0.000000 0.000000 0.000000 1.000000 0.000000 0.000000
23.000000 213.124669 -2.563167 -3.278572 0.773173 0.000000 0.000000 0.000000 1.000000 0.000000 0.000000
23.000000 213.134084 -2.532998 -3.274668 0.789157 0.000000 0.000000 0.000000 1.000000 0.000000 0.000000
23.000000 213.134730 -2.559642 -3.281206 0.794386 0.000000 0.000000 0.000000 1.000000 0.000000 0.000000
23.000000 213.144120 -2.581707 -3.279970 0.798077 0.000000 0.000000 0.000000 1.000000 0.000000 0.000000
23.000000 213.144704 -2.585675 -3.280215 0.802341 0.000000 0.000000 0.000000 1.000000 0.000000 0.000000
23.000000 213.154058 -2.631492 -3.280522 0.799140 0.000000 0.000000 0.000000 1.000000 0.000000 0.000000
23.000000 213.154601 -2.691958 -3.296778 0.803270 0.000000 0.000000 0.000000 1.000000 0.000000 0.000000
23.000000 213.164110 -2.824327 -3.295853 0.800518 0.000000 0.000000 0.000000 1.000000 0.000000 0.000000
23.000000 213.164686 -2.830659 -3.297148 0.802836 0.000000 0.000000 0.000000 1.000000 0.000000 0.000000
23.000000 213.174045 -2.788549 -3.301373 0.790331 0.000000 0.000000 0.000000 1.000000 0.000000 0.000000
23.000000 213.174633 -2.816932 -3.309020 0.791464 0.000000 0.000000 0.000000 1.000000 0.000000 0.000000
23.000000 213.184521 -2.764276 -3.302534 0.815812 0.000000 0.000000 0.000000 1.000000 0.000000 0.000000
23.000000 213.184751 -2.802735 -3.313301 0.816328 0.000000 0.000000 0.000000 1.000000 0.000000 0.000000
23.000000 213.194075 -2.805870 -3.312322 0.819628 0.000000 0.000000 0.000000 1.000000 0.000000 0.000000
23.000000 213.194679 -2.810699 -3.313026 0.822533 0.000000 0.000000 0.000000 1.000000 0.000000 0.000000
23.000000 213.204116 -2.839878 -3.310101 0.831973 0.000000 0.000000 0.000000 1.000000 0.000000 0.000000
23.000000 213.204914 -2.867803 -3.317672 0.833692 0.000000 0.000000 0.000000 1.000000 0.000000 0.000000
23.000000 213.214086 -2.918184 -3.317070 0.833964 0.000000 0.000000 0.000000 1.000000 0.000000 0.000000
23.000000 213.214940 -2.950045 -3.327024 0.829737 0.000000 0.000000 0.000000 1.000000 0.000000 0.000000
23.000000 213.224362 -2.971973 -3.328387 0.823650 0.000000 0.000000 0.000000 1.000000 0.000000 0.000000
23.000000 213.224688 -2.990274 -3.333354 0.824650 0.000000 0.000000 0.000000 1.000000 0.000000 0.000000
23.000000 213.234266 -3.053065 -3.334758 0.816901 0.000000 0.000000 0.000000 1.000000 0.000000 0.000000
23.000000 213.234591 -3.064376 -3.337087 0.820656 0.000000 0.000000 0.000000 1.000000 0.000000 0.000000
23.000000 213.244546 -3.113586 -3.337626 0.816594 0.000000 0.000000 0.000000 1.000000 0.000000 0.000000
23.000000 213.244665 -3.120332 -3.339570 0.816387 0.000000 0.000000 0.000000 1.000000 0.000000 0.000000
23.000000 213.254265 -3.117351 -3.338925 0.818821 0.000000 0.000000 0.000000 1.000000 0.000000 0.000000
23.000000 213.254682 -3.133327 -3.343396 0.818915 0.000000 0.000000 0.000000 1.000000 0.000000 0.000000
23.000000 213.264311 -3.237133 -3.347111 0.801359 0.000000 0.000000 0.000000 1.000000 0.000000 0.000000
23.000000 213.264759 -3.302140 -3.367417 0.792443 0.000000 0.000000 0.000000 1.000000 0.000000 0.000000
23.000000 213.274140 -3.362094 -3.369204 0.783658 0.000000 0.000000 0.000000 1.000000 0.000000 0.000000
23.000000 213.274700 -3.362464 -3.369666 0.782197 0.000000 0.000000 0.000000 1.000000 0.000000 0.000000
23.000000 213.284286 -3.272756 -3.365807 0.799606 0.000000 0.000000 0.000000 1.000000 0.000000 0.000000
23.000000 213.284822 -3.278240 -3.367983 0.796831 0.000000 0.000000 0.000000 1.000000 0.000000 0.000000
23.000000 213.294210 -3.349237 -3.370416 0.785140 0.000000 0.000000 0.000000 1.000000 0.000000 0.000000
23.000000 213.294672 -3.325467 -3.364006 0.784058 0.000000 0.000000 0.000000 1.000000 0.000000 0.000000
23.000000 213.304433 -3.357957 -3.367118 0.771583 0.000000 0.000000 0.000000 1.000000 0.000000 0.000000
23.000000 213.304774 -3.343773 -3.361853 0.776934 0.000000 0.000000 0.000000 1.000000 0.000000 0.000000
23.000000 213.314073 -3.383062 -3.361590 0.776000 0.000000 0.000000 0.000000 1.000000 0.000000 0.000000
23.000000 213.314665 -3.418184 -3.374008 0.764992 0.000000 0.000000 0.000000 1.000000 0.000000 0.000000
23.000000 213.324220 -3.561472 -3.382979 0.728156 0.000000 0.000000 0.000000 1.000000 0.000000 0.000000
23.000000 213.324734 -3.549165 -3.380240 0.725776 0.000000 0.000000 0.000000 1.000000 0.000000 0.000000
23.000000 213.334108 -3.500918 -3.376168 0.741646 0.000000 0.000000 0.000000 1.000000 0.000000 0.000000
23.000000 213.334701 -3.504627 -3.378432 0.736528 0.000000 0.000000 0.000000 1.000000 0.000000 0.000000
23.000000 213.344366 -3.531868 -3.381745 0.723830 0.000000 0.000000 0.000000 1.000000 0.000000 0.000000
23.000000 213.344790 -3.537110 -3.385267 0.715469 0.000000 0.000000 0.000000 1.000000 0.000000 0.000000
23.000000 213.354161 -3.547807 -3.385837 0.712993 0.000000 0.000000 0.000000 1.000000 0.000000 0.000000
23.000000 213.354652 -3.565950 -3.392235 0.707332 0.000000 0.000000 0.000000 1.000000 0.000000 0.000000
23.000000 213.364208 -3.690539 -3.400220 0.674590 0.000000 0.000000 0.000000 1.000000 0.000000 0.000000
23.000000 213.364835 -3.697287 -3.404394 0.665795 0.000000 0.000000 0.000000 1.000000 0.000000 0.000000
23.000000 213.374272 -3.762001 -3.408449 0.649424 0.000000 0.000000 0.000000 1.000000 0.000000 0.000000
23.000000 213.374686 -3.748498 -3.405912 0.645143 0.000000 0.000000 0.000000 1.000000 0.000000 0.000000
23.000000 213.384213 -3.735533 -3.403526 0.653798 0.000000 0.000000 0.000000 1.000000 0.000000 0.000000
23.000000 213.384751 -3.718453 -3.399605 0.650582 0.000000 0.000000 0.000000 1.000000 0.000000 0.000000
23.000000 213.394150 -3.740563 -3.403059 0.637612 0.000000 0.000000 0.000000 1.000000 0.000000 0.000000
23.000000 213.394779 -3.748218 -3.408015 0.626243 0.000000 0.000000 0.000000 1.000000 0.000000 0.000000
23.000000 213.404155 -3.833824 -3.411859 0.608901 0.000000 0.000000 0.000000 1.000000 0.000000 0.000000
23.000000 213.404864 -3.822517 -3.410263 0.602822 0.000000 0.000000 0.000000 1.000000 0.000000 0.000000
23.000000 213.414142 -3.913042 -3.416020 0.578736 0.000000 0.000000 0.000000 1.000000 0.000000 0.000000
23.000000 213.414761 -3.923751 -3.421547 0.568672 0.000000 0.000000 0.000000 1.000000 0.000000 0.000000
23.000000 213.424289 -3.892114 -3.425515 0.557097 0.000000 0.000000 0.000000 1.000000 0.000000 0.000000
23.000000 213.424810 -3.869937 -3.421935 0.547953 0.000000 0.000000 0.000000 1.000000 0.000000 0.000000
23.000000 213.434308 -3.955943 -3.422496 0.541982 0.000000 0.000000 0.000000 1.000000 0.000000 0.000000
23.000000 213.434783 -3.983523 -3.432869 0.530413 0.000000 0.000000 0.000000 1.000000 0.000000 0.000000
23.000000 213.444230 -4.035896 -3.439845 0.503616 0.000000 0.000000 0.000000 1.000000 0.000000 0.000000
23.000000 213.444804 -4.014389 -3.436474 0.494164 0.000000 0.000000 0.000000 1.000000 0.000000 0.000000
23.000000 213.454514 -4.081972 -3.441194 0.474799 0.000000 0.000000 0.000000 1.000000 0.000000 0.000000
23.000000 213.454766 -4.083615 -3.443287 0.468602 0.000000 0.000000 0.000000 1.000000 0.000000 0.000000
23.000000 213.464241 -4.086164 -3.445430 0.461322 0.000000 0.000000 0.000000 1.000000 0.000000 0.000000
23.000000 213.464830 -4.078486 -3.446443 0.449496 0.000000 0.000000 0.000000 1.000000 0.000000 0.000000
23.000000 213.474190 -4.242486 -3.454461 0.414174 0.000000 0.000000 0.000000 1.000000 0.000000 0.000000
23.000000 213.474796 -4.233213 -3.456067 0.398564 0.000000 0.000000 0.000000 1.000000 0.000000 0.000000
23.000000 213.524209 -4.479230 -3.484407 0.234150 0.000000 0.000000 0.000000 1.000000 0.000000 0.000000
23.000000 213.524807 -4.457091 -3.482856 0.219511 0.000000 0.000000 0.000000 1.000000 0.000000 0.000000
23.000000 213.534538 -4.446592 -3.483581 0.217723 0.000000 0.000000 0.000000 1.000000 0.000000 0.000000
23.000000 213.534760 -4.422106 -3.479624 0.208242 0.000000 0.000000 0.000000 1.000000 0.000000 0.000000
23.000000 213.544236 -4.493837 -3.485562 0.184357 0.000000 0.000000 0.000000 1.000000 0.000000 0.000000
23.000000 213.544794 -4.472922 -3.484520 0.167509 0.000000 0.000000 0.000000 1.000000 0.000000 0.000000
23.000000 213.574232 -4.859069 -3.509562 0.021741 0.000000 0.000000 0.000000 1.000000 0.000000 0.000000
23.000000 213.574816 -4.857591 -3.513835 0.004833 0.000000 0.000000 0.000000 1.000000 0.000000 0.000000
23.000000 213.584768 -4.712319 -3.513218 0.014731 0.000000 0.000000 0.000000 1.000000 0.000000 0.000000
23.000000 213.584825 -4.690594 -3.510434 0.003524 0.000000 0.000000 0.000000 1.000000 0.000000 0.000000
23.000000 213.594236 -4.721862 -3.515735 -0.016871 0.000000 0.000000 0.000000 1.000000 0.000000 0.000000
23.000000 213.594760 -4.694092 -3.512427 -0.032169 0.000000 0.000000 0.000000 1.000000 0.000000 0.000000
23.000000 213.604306 -4.780507 -3.519764 -0.063032 0.000000 0.000000 0.000000 1.000000 0.000000 0.000000
23.000000 213.604859 -4.740971 -3.511253 -0.070063 0.000000 0.000000 0.000000 1.000000 0.000000 0.000000
23.000000 213.614198 -4.870102 -3.524108 -0.120177 0.000000 0.000000 0.000000 1.000000 0.000000 0.000000
23.000000 213.614874 -4.855786 -3.529295 -0.151157 0.000000 0.000000 0.000000 1.000000 0.000000 0.000000
23.000000 213.644357 -4.884676 -3.523221 -0.065027 0.000000 0.000000 0.000000 1.000000 0.000000 0.000000
23.000000 213.644820 -4.921306 -3.529462 -0.049096 0.000000 0.000000 0.000000 1.000000 0.000000 0.000000
23.000000 213.654281 -4.918661 -3.525645 -0.033015 0.000000 0.000000 0.000000 1.000000 0.000000 0.000000
23.000000 213.654936 -4.919514 -3.519854 -0.007784 0.000000 0.000000 0.000000 1.000000 0.000000 0.000000
23.000000 213.684754 -5.063406 -3.545684 0.050573 0.000000 0.000000 0.000000 1.000000 0.000000 0.000000
23.000000 213.684895 -5.081587 -3.546651 0.067727 0.000000 0.000000 0.000000 1.000000 0.000000 0.000000
23.000000 213.694276 -5.073165 -3.542454 0.085391 0.000000 0.000000 0.000000 1.000000 0.000000 0.000000
23.000000 213.694809 -5.147337 -3.560807 0.092029 0.000000 0.000000 0.000000 1.000000 0.000000 0.000000
23.000000 213.704639 -5.138175 -3.556582 0.109901 0.000000 0.000000 0.000000 1.000000 0.000000 0.000000
23.000000 213.704933 -5.167484 -3.561286 0.123633 0.000000 0.000000 0.000000 1.000000 0.000000 0.000000
23.000000 213.724551 -5.302003 -3.563745 0.143168 0.000000 0.000000 0.000000 1.000000 0.000000 0.000000
23.000000 213.725003 -5.312982 -3.563026 0.158252 0.000000 0.000000 0.000000 1.000000 0.000000 0.000000
23.000000 213.734344 -5.230295 -3.556742 0.185660 0.000000 0.000000 0.000000 1.000000 0.000000 0.000000
23.000000 213.734894 -5.272441 -3.565759 0.194965 0.000000 0.000000 0.000000 1.000000 0.000000 0.000000
23.000000 213.744535 -5.281839 -3.562975 0.205564 0.000000 0.000000 0.000000 1.000000 0.000000 0.000000
23.000000 213.744991 -5.340857 -3.577076 0.212207 0.000000 0.000000 0.000000 1.000000 0.000000 0.000000
23.000000 213.754557 -5.375169 -3.574829 0.219815 0.000000 0.000000 0.000000 1.000000 0.000000 0.000000
23.000000 213.754869 -5.400391 -3.580374 0.224681 0.000000 0.000000 0.000000 1.000000 0.000000 0.000000
23.000000 213.764462 -5.386981 -3.573625 0.253487 0.000000 0.000000 0.000000 1.000000 0.000000 0.000000
23.000000 213.764977 -5.406629 -3.577117 0.262064 0.000000 0.000000 0.000000 1.000000 0.000000 0.000000
23.000000 213.774343 -5.486064 -3.579510 0.250292 0.000000 0.000000 0.000000 1.000000 0.000000 0.000000
23.000000 213.774812 -5.521492 -3.586782 0.259583 0.000000 0.000000 0.000000 1.000000 0.000000 0.000000
23.000000 213.784465 -5.488772 -3.583436 0.273779 0.000000 0.000000 0.000000 1.000000 0.000000 0.000000
23.000000 213.784934 -5.507973 -3.586698 0.281617 0.000000 0.000000 0.000000 1.000000 0.000000 0.000000
23.000000 213.794430 -5.491110 -3.582417 0.299419 0.000000 0.000000 0.000000 1.000000 0.000000 0.000000
23.000000 213.794928 -5.515950 -3.588045 0.303985 0.000000 0.000000 0.000000 1.000000 0.000000 0.000000
23.000000 213.804688 -5.519725 -3.586046 0.312348 0.000000 0.000000 0.000000 1.000000 0.000000 0.000000
23.000000 213.805043 -5.557981 -3.594029 0.322209 0.000000 0.000000 0.000000 1.000000 0.000000 0.000000
23.000000 213.824373 -5.714938 -3.601923 0.323811 0.000000 0.000000 0.000000 1.000000 0.000000 0.000000
23.000000 213.824926 -5.698189 -3.595666 0.331388 0.000000 0.000000 0.000000 1.000000 0.000000 0.000000
23.000000 213.834363 -5.643724 -3.592065 0.346971 0.000000 0.000000 0.000000 1.000000 0.000000 0.000000
23.000000 213.834895 -5.711422 -3.609783 0.348227 0.000000 0.000000 0.000000 1.000000 0.000000 0.000000
23.000000 213.844373 -5.744818 -3.608147 0.354065 0.000000 0.000000 0.000000 1.000000 0.000000 0.000000
23.000000 213.844933 -5.785760 -3.617691 0.359768 0.000000 0.000000 0.000000 1.000000 0.000000 0.000000
23.000000 213.854348 -5.787110 -3.616153 0.365784 0.000000 0.000000 0.000000 1.000000 0.000000 0.000000
23.000000 213.854911 -5.812334 -3.621918 0.369680 0.000000 0.000000 0.000000 1.000000 0.000000 0.000000
23.000000 213.874330 -6.035167 -3.635084 0.369997 0.000000 0.000000 0.000000 1.000000 0.000000 0.000000
23.000000 213.874900 -6.027135 -3.630530 0.381160 0.000000 0.000000 0.000000 1.000000 0.000000 0.000000
23.000000 213.884442 -5.890150 -3.629036 0.389335 0.000000 0.000000 0.000000 1.000000 0.000000 0.000000
23.000000 213.884942 -5.895539 -3.629949 0.391485 0.000000 0.000000 0.000000 1.000000 0.000000 0.000000
23.000000 213.894476 -5.940957 -3.630186 0.389679 0.000000 0.000000 0.000000 1.000000 0.000000 0.000000
23.000000 213.895008 -5.971102 -3.638203 0.389566 0.000000 0.000000 0.000000 1.000000 0.000000 0.000000
23.000000 213.904417 -6.040243 -3.639424 0.383506 0.000000 0.000000 0.000000 1.000000 0.000000 0.000000
23.000000 213.905022 -6.042049 -3.639279 0.386106 0.000000 0.000000 0.000000 1.000000 0.000000 0.000000
23.000000 213.914587 -6.026199 -3.638675 0.388759 0.000000 0.000000 0.000000 1.000000 0.000000 0.000000
23.000000 213.914996 -6.044450 -3.642357 0.393368 0.000000 0.000000 0.000000 1.000000 0.000000 0.000000
23.000000 213.924423 -6.134354 -3.642303 0.391797 0.000000 0.000000 0.000000 1.000000 0.000000 0.000000
23.000000 213.925015 -6.145961 -3.645162 0.392669 0.000000 0.000000 0.000000 1.000000 0.000000 0.000000
23.000000 213.934374 -6.131103 -3.644137 0.396973 0.000000 0.000000 0.000000 1.000000 0.000000 0.000000
23.000000 213.934981 -6.166413 -3.654203 0.393881 0.000000 0.000000 0.000000 1.000000 0.000000 0.000000
23.000000 213.944421 -6.156098 -3.653079 0.398546 0.000000 0.000000 0.000000 1.000000 0.000000 0.000000
23.000000 213.945060 -6.174870 -3.658353 0.397248 0.000000 0.000000 0.000000 1.000000 0.000000 0.000000
23.000000 213.954385 -6.218978 -3.660126 0.389536 0.000000 0.000000 0.000000 1.000000 0.000000 0.000000
23.000000 213.954928 -6.241395 -3.666016 0.389650 0.000000 0.000000 0.000000 1.000000 0.000000 0.000000
23.000000 213.964410 -6.342640 -3.666129 0.388062 0.000000 0.000000 0.000000 1.000000 0.000000 0.000000
23.000000 213.964970 -6.351107 -3.668915 0.385618 0.000000 0.000000 0.000000 1.000000 0.000000 0.000000
23.000000 213.974506 -6.420820 -3.677306 0.351618 0.000000 0.000000 0.000000 1.000000 0.000000 0.000000
23.000000 213.974987 -6.434815 -3.681251 0.350463 0.000000 0.000000 0.000000 1.000000 0.000000 0.000000
23.000000 213.984441 -6.350397 -3.674173 0.379014 0.000000 0.000000 0.000000 1.000000 0.000000 0.000000
23.000000 213.985103 -6.358960 -3.676599 0.378304 0.000000 0.000000 0.000000 1.000000 0.000000 0.000000
23.000000 213.994388 -6.441086 -3.681683 0.357193 0.000000 0.000000 0.000000 1.000000 0.000000 0.000000
23.000000 213.995013 -6.417760 -3.676250 0.354440 0.000000 0.000000 0.000000 1.000000 0.000000 0.000000
23.000000 214.004442 -6.436967 -3.676668 0.352502 0.000000 0.000000 0.000000 1.000000 0.000000 0.000000
23.000000 214.005044 -6.444784 -3.678816 0.352100 0.000000 0.000000 0.000000 1.000000 0.000000 0.000000
23.000000 214.014401 -6.422241 -3.678567 0.353429 0.000000 0.000000 0.000000 1.000000 0.000000 0.000000
23.000000 214.014988 -6.415424 -3.677423 0.350753 0.000000 0.000000 0.000000 1.000000 0.000000 0.000000
23.000000 214.024460 -6.569338 -3.682809 0.327277 0.000000 0.000000 0.000000 1.000000 0.000000 0.000000
23.000000 214.025173 -6.580413 -3.687947 0.317897 0.000000 0.000000 0.000000 1.000000 0.000000 0.000000
23.000000 214.034382 -6.550735 -3.686910 0.322444 0.000000 0.000000 0.000000 1.000000 0.000000 0.000000
23.000000 214.035092 -6.600996 -3.702356 0.312679 0.000000 0.000000 0.000000 1.000000 0.000000 0.000000
23.000000 214.044487 -6.616442 -3.704780 0.302579 0.000000 0.000000 0.000000 1.000000 0.000000 0.000000
23.000000 214.045208 -6.623436 -3.707023 0.300842 0.000000 0.000000 0.000000 1.000000 0.000000 0.000000
23.000000 214.054404 -6.678364 -3.710124 0.287888 0.000000 0.000000 0.000000 1.000000 0.000000 0.000000
23.000000 214.055030 -6.680064 -3.711868 0.282494 0.000000 0.000000 0.000000 1.000000 0.000000 0.000000
23.000000 214.064615 -6.825263 -3.719303 0.251562 0.000000 0.000000 0.000000 1.000000 0.000000 0.000000
23.000000 214.065030 -6.814649 -3.717923 0.246112 0.000000 0.000000 0.000000 1.000000 0.000000 0.000000
23.000000 214.074530 -6.795705 -3.717342 0.248652 0.000000 0.000000 0.000000 1.000000 0.000000 0.000000
23.000000 214.074991 -6.797658 -3.718903 0.244316 0.000000 0.000000 0.000000 1.000000 0.000000 0.000000
23.000000 214.084569 -6.801714 -3.719843 0.240558 0.000000 0.000000 0.000000 1.000000 0.000000 0.000000
23.000000 214.085068 -6.794974 -3.720804 0.228999 0.000000 0.000000 0.000000 1.000000 0.000000 0.000000
23.000000 214.104476 -6.858059 -3.722574 0.202468 0.000000 0.000000 0.000000 1.000000 0.000000 0.000000
23.000000 214.105071 -6.859037 -3.724207 0.196582 0.000000 0.000000 0.000000 1.000000 0.000000 0.000000
23.000000 214.114501 -6.909654 -3.731973 0.165804 0.000000 0.000000 0.000000 1.000000 0.000000 0.000000
23.000000 214.115059 -6.903655 -3.733464 0.153998 0.000000 0.000000 0.000000 1.000000 0.000000 0.000000
23.000000 214.124503 -7.018487 -3.734220 0.149542 0.000000 0.000000 0.000000 1.000000 0.000000 0.000000
23.000000 214.125084 -7.018612 -3.737200 0.136285 0.000000 0.000000 0.000000 1.000000 0.000000 0.000000
23.000000 214.134722 -6.991649 -3.739257 0.127376 0.000000 0.000000 0.000000 1.000000 0.000000 0.000000
23.000000 214.134982 -6.935289 -3.724954 0.125692 0.000000 0.000000 0.000000 1.000000 0.000000 0.000000
23.000000 214.144486 -6.996051 -3.729380 0.106459 0.000000 0.000000 0.000000 1.000000 0.000000 0.000000
23.000000 214.145105 -7.054452 -3.746960 0.095960 0.000000 0.000000 0.000000 1.000000 0.000000 0.000000
23.000000 214.164547 -7.164588 -3.750180 0.028372 0.000000 0.000000 0.000000 1.000000 0.000000 0.000000
23.000000 214.165080 -7.183534 -3.757368 0.018897 0.000000 0.000000 0.000000 1.000000 0.000000 0.000000
23.000000 214.174672 -7.263176 -3.763088 -0.004684 0.000000 0.000000 0.000000 1.000000 0.000000 0.000000
23.000000 214.175174 -7.238831 -3.759737 -0.016248 0.000000 0.000000 0.000000 1.000000 0.000000 0.000000
23.000000 214.184882 -7.167003 -3.758680 -0.011021 0.000000 0.000000 0.000000 1.000000 0.000000 0.000000
23.000000 214.185076 -7.119650 -3.748663 -0.020449 0.000000 0.000000 0.000000 1.000000 0.000000 0.000000
23.000000 214.194535 -7.191831 -3.752714 -0.038310 0.000000 0.000000 0.000000 1.000000 0.000000 0.000000
23.000000 214.195154 -7.184114 -3.753963 -0.052863 0.000000 0.000000 0.000000 1.000000 0.000000 0.000000
23.000000 214.205392 -7.246914 -3.756332 -0.082833 0.000000 0.000000 0.000000 1.000000 0.000000 0.000000
23.000000 214.244830 -7.182591 -3.756632 -0.084780 0.000000 0.000000 0.000000 1.000000 0.000000 0.000000
23.000000 214.245066 -7.230341 -3.767237 -0.076684 0.000000 0.000000 0.000000 1.000000 0.000000 0.000000
23.000000 214.254609 -7.396739 -3.767148 -0.075558 0.000000 0.000000 0.000000 1.000000 0.000000 0.000000
23.000000 214.255064 -7.423801 -3.771699 -0.063544 0.000000 0.000000 0.000000 1.000000 0.000000 0.000000
23.000000 214.274567 -7.600644 -3.788279 -0.048903 0.000000 0.000000 0.000000 1.000000 0.000000 0.000000
23.000000 214.275078 -7.637184 -3.795755 -0.040130 0.000000 0.000000 0.000000 1.000000 0.000000 0.000000
23.000000 214.284639 -7.509342 -3.787813 -0.004746 0.000000 0.000000 0.000000 1.000000 0.000000 0.000000
23.000000 214.285085 -7.489232 -3.779963 0.007843 0.000000 0.000000 0.000000 1.000000 0.000000 0.000000
23.000000 214.294774 -7.586015 -3.778060 0.018612 0.000000 0.000000 0.000000 1.000000 0.000000 0.000000
23.000000 214.295075 -7.620024 -3.783748 0.034519 0.000000 0.000000 0.000000 1.000000 0.000000 0.000000
23.000000 214.324603 -7.709506 -3.786620 0.069127 0.000000 0.000000 0.000000 1.000000 0.000000 0.000000
23.000000 214.325105 -7.827402 -3.819542 0.057236 0.000000 0.000000 0.000000 1.000000 0.000000 0.000000
23.000000 214.334845 -7.768976 -3.814873 0.078112 0.000000 0.000000 0.000000 1.000000 0.000000 0.000000
23.000000 214.335032 -7.707680 -3.794419 0.100004 0.000000 0.000000 0.000000 1.000000 0.000000 0.000000
23.000000 214.344617 -7.624215 -3.789326 0.122412 0.000000 0.000000 0.000000 1.000000 0.000000 0.000000
23.000000 214.345067 -7.637540 -3.791096 0.130363 0.000000 0.000000 0.000000 1.000000 0.000000 0.000000
23.000000 214.354974 -7.764519 -3.793574 0.120278 0.000000 0.000000 0.000000 1.000000 0.000000 0.000000
23.000000 214.355065 -7.846569 -3.816051 0.114125 0.000000 0.000000 0.000000 1.000000 0.000000 0.000000
23.000000 214.364861 -7.809293 -3.809888 0.143665 0.000000 0.000000 0.000000 1.000000 0.000000 0.000000
23.000000 214.365111 -7.916556 -3.838140 0.142324 0.000000 0.000000 0.000000 1.000000 0.000000 0.000000
23.000000 214.374568 -8.033803 -3.841725 0.127863 0.000000 0.000000 0.000000 1.000000 0.000000 0.000000
23.000000 214.375150 -7.996919 -3.828352 0.146728 0.000000 0.000000 0.000000 1.000000 0.000000 0.000000
23.000000 214.384702 -7.963574 -3.826668 0.153926 0.000000 0.000000 0.000000 1.000000 0.000000 0.000000
23.000000 214.385087 -7.933501 -3.817244 0.161802 0.000000 0.000000 0.000000 1.000000 0.000000 0.000000
23.000000 214.394590 -7.973159 -3.815410 0.171091 0.000000 0.000000 0.000000 1.000000 0.000000 0.000000
23.000000 214.395118 -8.043729 -3.815923 0.163997 0.000000 0.000000 0.000000 1.000000 0.000000 0.000000
23.000000 214.414597 -8.194825 -3.844759 0.145348 0.000000 0.000000 0.000000 1.000000 0.000000 0.000000
23.000000 214.415162 -8.240699 -3.854832 0.153304 0.000000 0.000000 0.000000 1.000000 0.000000 0.000000
23.000000 214.424644 -8.160058 -3.851538 0.166762 0.000000 0.000000 0.000000 1.000000 0.000000 0.000000
23.000000 214.425100 -8.097521 -3.832006 0.182555 0.000000 0.000000 0.000000 1.000000 0.000000 0.000000
23.000000 214.434669 -8.205269 -3.830678 0.189894 0.000000 0.000000 0.000000 1.000000 0.000000 0.000000
23.000000 214.435090 -8.201164 -3.828727 0.194279 0.000000 0.000000 0.000000 1.000000 0.000000 0.000000
23.000000 214.444722 -8.249287 -3.831215 0.183663 0.000000 0.000000 0.000000 1.000000 0.000000 0.000000
23.000000 214.445131 -8.254406 -3.832264 0.184881 0.000000 0.000000 0.000000 1.000000 0.000000 0.000000
23.000000 214.454601 -8.211030 -3.829565 0.196496 0.000000 0.000000 0.000000 1.000000 0.000000 0.000000
23.000000 214.455131 -8.233780 -3.834990 0.198462 0.000000 0.000000 0.000000 1.000000 0.000000 0.000000
23.000000 214.464686 -8.277195 -3.837879 0.186223 0.000000 0.000000 0.000000 1.000000 0.000000 0.000000
23.000000 214.465132 -8.298714 -3.843532 0.185475 0.000000 0.000000 0.000000 1.000000 0.000000 0.000000
23.000000 214.474611 -8.335820 -3.842989 0.188297 0.000000 0.000000 0.000000 1.000000 0.000000 0.000000
23.000000 214.475149 -8.328515 -3.841155 0.188139 0.000000 0.000000 0.000000 1.000000 0.000000 0.000000
23.000000 214.484635 -8.291123 -3.837637 0.203830 0.000000 0.000000 0.000000 1.000000 0.000000 0.000000
23.000000 214.485167 -8.309372 -3.842543 0.202795 0.000000 0.000000 0.000000 1.000000 0.000000 0.000000
23.000000 214.494598 -8.242416 -3.841952 0.204076 0.000000 0.000000 0.000000 1.000000 0.000000 0.000000
23.000000 214.495152 -8.264293 -3.848096 0.201570 0.000000 0.000000 0.000000 1.000000 0.000000 0.000000
23.000000 214.504610 -8.426397 -3.853303 0.180778 0.000000 0.000000 0.000000 1.000000 0.000000 0.000000
23.000000 214.505228 -8.490370 -3.869241 0.182571 0.000000 0.000000 0.000000 1.000000 0.000000 0.000000
23.000000 214.514578 -8.488569 -3.867989 0.188079 0.000000 0.000000 0.000000 1.000000 0.000000 0.000000
23.000000 214.515143 -8.541372 -3.884869 0.171849 0.000000 0.000000 0.000000 1.000000 0.000000 0.000000
23.000000 214.524720 -8.608658 -3.889505 0.151952 0.000000 0.000000 0.000000 1.000000 0.000000 0.000000
23.000000 214.525112 -8.589698 -3.885119 0.149834 0.000000 0.000000 0.000000 1.000000 0.000000 0.000000
23.000000 214.534626 -8.647089 -3.886069 0.146799 0.000000 0.000000 0.000000 1.000000 0.000000 0.000000
23.000000 214.535151 -8.627406 -3.879596 0.153788 0.000000 0.000000 0.000000 1.000000 0.000000 0.000000
23.000000 214.544925 -8.672093 -3.881601 0.145573 0.000000 0.000000 0.000000 1.000000 0.000000 0.000000
23.000000 214.545206 -8.734212 -3.898987 0.138122 0.000000 0.000000 0.000000 1.000000 0.000000 0.000000
23.000000 214.554611 -8.716906 -3.898605 0.139487 0.000000 0.000000 0.000000 1.000000 0.000000 0.000000
23.000000 214.555182 -8.672850 -3.887754 0.137706 0.000000 0.000000 0.000000 1.000000 0.000000 0.000000
23.000000 214.564722 -8.612744 -3.886331 0.142884 0.000000 0.000000 0.000000 1.000000 0.000000 0.000000
23.000000 214.565231 -8.661906 -3.900615 0.134544 0.000000 0.000000 0.000000 1.000000 0.000000 0.000000
23.000000 214.594644 -8.820755 -3.898433 0.081413 0.000000 0.000000 0.000000 1.000000 0.000000 0.000000
23.000000 214.595181 -8.802831 -3.894221 0.079632 0.000000 0.000000 0.000000 1.000000 0.000000 0.000000
23.000000 214.634665 -8.907252 -3.912138 0.019391 0.000000 0.000000 0.000000 1.000000 0.000000 0.000000
23.000000 214.635211 -8.908810 -3.913593 0.014303 0.000000 0.000000 0.000000 1.000000 0.000000 0.000000
23.000000 214.644951 -9.043210 -3.918193 -0.003942 0.000000 0.000000 0.000000 1.000000 0.000000 0.000000
23.000000 214.645306 -9.058184 -3.922669 -0.007298 0.000000 0.000000 0.000000 1.000000 0.000000 0.000000
23.000000 214.684738 -8.986928 -3.922782 -0.084487 0.000000 0.000000 0.000000 1.000000 0.000000 0.000000
23.000000 214.685420 -9.042057 -3.941594 -0.108223 0.000000 0.000000 0.000000 1.000000 0.000000 0.000000
23.000000 214.694807 -9.241604 -3.948527 -0.135882 0.000000 0.000000 0.000000 1.000000 0.000000 0.000000
23.000000 214.695320 -9.263200 -3.954996 -0.141058 0.000000 0.000000 0.000000 1.000000 0.000000 0.000000
23.000000 214.704901 -9.280141 -3.953543 -0.132625 0.000000 0.000000 0.000000 1.000000 0.000000 0.000000
23.000000 214.705262 -9.195233 -3.928042 -0.111440 0.000000 0.000000 0.000000 1.000000 0.000000 0.000000
23.000000 214.724726 -9.290723 -3.948335 -0.087446 0.000000 0.000000 0.000000 1.000000 0.000000 0.000000
23.000000 214.725306 -9.306831 -3.950275 -0.074738 0.000000 0.000000 0.000000 1.000000 0.000000 0.000000
23.000000 214.735251 -9.266077 -3.950177 -0.076162 0.000000 0.000000 0.000000 1.000000 0.000000 0.000000
23.000000 214.735278 -9.189945 -3.926322 -0.052775 0.000000 0.000000 0.000000 1.000000 0.000000 0.000000
23.000000 214.744763 -9.131685 -3.922694 -0.036899 0.000000 0.000000 0.000000 1.000000 0.000000 0.000000
23.000000 214.745418 -9.162249 -3.928943 -0.029633 0.000000 0.000000 0.000000 1.000000 0.000000 0.000000
23.000000 214.764992 -9.363272 -3.951436 -0.026212 0.000000 0.000000 0.000000 1.000000 0.000000 0.000000
23.000000 214.765299 -9.307187 -3.933462 -0.006887 0.000000 0.000000 0.000000 1.000000 0.000000 0.000000
23.000000 214.774802 -9.528769 -3.937275 -0.017940 0.000000 0.000000 0.000000 1.000000 0.000000 0.000000
23.000000 214.775328 -9.545416 -3.941052 -0.015702 0.000000 0.000000 0.000000 1.000000 0.000000 0.000000
23.000000 214.784906 -9.524794 -3.939934 -0.010805 0.000000 0.000000 0.000000 1.000000 0.000000 0.000000
23.000000 214.785402 -9.602975 -3.959685 -0.011160 0.000000 0.000000 0.000000 1.000000 0.000000 0.000000
23.000000 214.795011 -9.471532 -3.953059 0.017054 0.000000 0.000000 0.000000 1.000000 0.000000 0.000000
23.000000 214.805254 -9.554791 -3.941220 0.035428 0.000000 0.000000 0.000000 1.000000 0.000000 0.000000
23.000000 214.824721 -9.540042 -3.944526 0.062590 0.000000 0.000000 0.000000 1.000000 0.000000 0.000000
