-3.637788891792297363e-01
3.548903018236160278e-02
1.369090568914543837e-06
6.682528328383341432e-05
-1.499641984701156616e-01
1.880988478660583496e-02
-2.218859642744064331e-02
7.883160561323165894e-02
2.264821529388427734e-01
-1.415650397539138794e-01
7.684291899204254150e-02
-1.639508642256259918e-02
4.524385184049606323e-02
2.100010760841541924e-06
-3.508973168209195137e-05
3.164912462234497070e-01
-2.355919629335403442e-01
-2.349742135265842080e-05
2.275169208587612957e-06
-1.083043869584798813e-02
1.238449737429618835e-01
2.539179623126983643e-01
1.900807433230511378e-06
7.580706551379989833e-06
-8.974588662385940552e-02
2.903865650296211243e-02
2.124831917171832174e-05
-2.205234915018081665e-01
7.029412779957056046e-03
2.793527841567993164e-01
1.197025850415229797e-01
1.553164869546890259e-01
