-1.056708693504333496e-01
6.221909448504447937e-02
-6.271739304065704346e-02
-2.144891023635864258e-02
-3.914154693484306335e-02
-3.781124204397201538e-02
-1.438366919755935669e-01
4.332506284117698669e-02
-4.650000482797622681e-02
1.351697444915771484e-01
2.950603887438774109e-02
-1.445717215538024902e-01
-1.344836205244064331e-01
-9.212957322597503662e-02
8.465432375669479370e-02
-1.141350939869880676e-01
-8.087054640054702759e-02
3.209372982382774353e-02
-1.225589066743850708e-01
-8.704932034015655518e-02
1.602984815835952759e-01
-9.346071630716323853e-02
-5.889699608087539673e-02
1.264307796955108643e-01
3.961285203695297241e-02
1.387519538402557373e-01
-1.557384878396987915e-01
8.836103230714797974e-02
-2.703939378261566162e-02
-1.132513433694839478e-01
-7.571282982826232910e-02
-1.709915250539779663e-01
